1 1.0
2 1.0
3 1.0
4 0.9987999999999999
5 0.9919999999999998
6 0.9863999999999997
7 0.9811999999999997
8 0.9775999999999996
9 0.9759999999999996
10 0.9723999999999998
11 0.9671999999999998
12 0.9639999999999997
13 0.9595999999999999
14 0.9555999999999998
15 0.9507999999999996
16 0.9471999999999997
17 0.9431999999999996
18 0.9399999999999996
19 0.9371999999999996
20 0.9335999999999998
21 0.9323999999999997
22 0.9299999999999997
23 0.9283999999999998
24 0.9268
25 0.9203999999999999
26 0.9184
27 0.9148000000000001
28 0.912
29 0.9079999999999998
30 0.9031999999999999
31 0.8972
32 0.8944
33 0.8931999999999999
34 0.8904
35 0.8883999999999999
36 0.8867999999999999
37 0.8832
38 0.8799999999999999
39 0.8779999999999998
40 0.8764
41 0.8736
42 0.8708
43 0.8672000000000001
44 0.8640000000000003
45 0.8608000000000005
46 0.8588000000000003
47 0.8540000000000002
48 0.8512000000000002
49 0.8496000000000002
50 0.8460000000000002
51 0.8420000000000002
52 0.8376
53 0.8324000000000003
54 0.8288000000000002
55 0.8248000000000003
56 0.8220000000000001
57 0.8192000000000002
58 0.8176000000000001
59 0.8156
60 0.8124000000000001
61 0.8072
62 0.8064
63 0.8036000000000001
64 0.8012
65 0.8
66 0.7968000000000001
67 0.7928000000000001
68 0.7912
69 0.7891999999999999
70 0.7872
71 0.7856000000000001
72 0.7824
73 0.7807999999999999
74 0.7776
75 0.7755999999999997
76 0.7735999999999997
77 0.7715999999999997
78 0.7707999999999997
79 0.7667999999999996
80 0.7607999999999998
81 0.7591999999999999
82 0.7564
83 0.7552
84 0.7511999999999999
85 0.748
86 0.7436000000000001
87 0.7420000000000002
88 0.7396
89 0.738
90 0.7368000000000001
91 0.7343999999999999
92 0.7323999999999999
93 0.73
94 0.7267999999999999
95 0.7243999999999998
96 0.7219999999999999
97 0.7203999999999998
98 0.7179999999999999
99 0.7132000000000001
100 0.7112
101 0.7096000000000001
102 0.7064
103 0.7028
104 0.7008
105 0.7
106 0.6984
107 0.6976
108 0.696
109 0.694
110 0.6920000000000001
111 0.6903999999999999
112 0.6868
113 0.6851999999999999
114 0.6823999999999999
115 0.6808
116 0.6788000000000001
117 0.6752000000000001
118 0.6724000000000001
119 0.6716000000000001
120 0.6704000000000002
121 0.6684000000000002
122 0.6644000000000001
123 0.662
124 0.6592
125 0.6584
126 0.6568
127 0.6551999999999998
128 0.6531999999999999
129 0.6507999999999999
130 0.6496
131 0.6487999999999999
132 0.6476
133 0.6459999999999999
134 0.6452
135 0.6427999999999998
136 0.6423999999999999
137 0.6391999999999999
138 0.6371999999999999
139 0.6363999999999999
140 0.6339999999999999
141 0.6327999999999999
142 0.632
143 0.6307999999999998
144 0.6295999999999998
145 0.6283999999999998
146 0.6279999999999999
147 0.6271999999999999
148 0.6264
149 0.6252
150 0.6235999999999999
151 0.6223999999999998
152 0.6207999999999999
153 0.6199999999999999
154 0.6187999999999999
155 0.6183999999999998
156 0.6163999999999998
157 0.6151999999999997
158 0.6139999999999998
159 0.6123999999999998
160 0.6103999999999998
161 0.6095999999999998
162 0.6091999999999999
163 0.6083999999999998
164 0.6071999999999999
165 0.6047999999999998
166 0.6039999999999999
167 0.6015999999999998
168 0.5999999999999999
169 0.5995999999999999
170 0.5987999999999999
171 0.5975999999999999
172 0.596
173 0.594
174 0.5936
175 0.5928
176 0.5920000000000001
177 0.5888000000000001
178 0.5876000000000001
179 0.5864
180 0.5860000000000001
181 0.5856000000000001
182 0.5852
183 0.5836000000000001
184 0.5824000000000001
185 0.5820000000000001
186 0.5796
187 0.5788
188 0.5776
189 0.5752000000000002
190 0.5740000000000002
191 0.5732
192 0.5720000000000001
193 0.5712
194 0.5704
195 0.57
196 0.5692
197 0.5668000000000001
198 0.5656000000000001
199 0.5652000000000001
200 0.5648000000000001
201 0.5636000000000001
202 0.5636000000000001
203 0.5619999999999999
204 0.5608
205 0.5584
206 0.5572
207 0.5572
208 0.5564000000000001
209 0.5564000000000001
210 0.5564000000000001
211 0.5564000000000001
212 0.5544000000000001
213 0.5540000000000002
214 0.5532
215 0.5528000000000001
216 0.5528000000000001
217 0.552
218 0.5512
219 0.5508000000000001
220 0.5492000000000001
221 0.5492000000000001
222 0.5476000000000001
223 0.5472
224 0.5464000000000001
225 0.5456000000000001
226 0.5456000000000001
227 0.5444000000000001
228 0.5420000000000001
229 0.5404000000000001
230 0.5392000000000001
231 0.5384000000000001
232 0.538
233 0.536
234 0.5347999999999999
235 0.5327999999999999
236 0.5312
237 0.5304
238 0.5292
239 0.5288
240 0.5276
241 0.5276
242 0.5268
243 0.5264
244 0.5256
245 0.5252
246 0.5247999999999999
247 0.524
248 0.5228
249 0.5219999999999999
250 0.5215999999999998
251 0.5211999999999999
252 0.5211999999999999
253 0.5207999999999998
254 0.5195999999999998
255 0.5187999999999999
256 0.5176
257 0.5171999999999999
258 0.5167999999999999
259 0.5159999999999999
260 0.5143999999999999
261 0.5139999999999999
262 0.5127999999999999
263 0.5104
264 0.5092
265 0.5087999999999999
266 0.5084
267 0.5075999999999999
268 0.5056
269 0.5052
270 0.5044
271 0.504
272 0.5024
273 0.5015999999999999
274 0.5004
275 0.4991999999999999
276 0.4991999999999999
277 0.49879999999999997
278 0.4968
279 0.49639999999999995
280 0.49479999999999996
281 0.4928
282 0.49200000000000005
283 0.4904
284 0.48960000000000004
285 0.4892
286 0.48840000000000006
287 0.48840000000000006
288 0.48719999999999997
289 0.48719999999999997
290 0.48560000000000003
291 0.4852
292 0.4852
293 0.48400000000000004
294 0.48280000000000006
295 0.4824
296 0.48200000000000004
297 0.48160000000000003
298 0.48080000000000006
299 0.48080000000000006
300 0.48080000000000006
301 0.48040000000000005
302 0.4796000000000001
303 0.4792
304 0.4792
305 0.4788
306 0.47800000000000004
307 0.4776
308 0.47720000000000007
309 0.4764000000000001
310 0.4760000000000001
311 0.4752000000000001
312 0.47320000000000007
313 0.4728000000000001
314 0.47159999999999996
315 0.47039999999999993
316 0.46959999999999996
317 0.46919999999999995
318 0.4684
319 0.4664
320 0.4656
321 0.46520000000000006
322 0.46440000000000003
323 0.46320000000000006
324 0.462
325 0.4616
326 0.4616
327 0.46120000000000005
328 0.46120000000000005
329 0.46
330 0.4596
331 0.4592
332 0.45840000000000003
333 0.45840000000000003
334 0.458
335 0.458
336 0.45760000000000006
337 0.45720000000000005
338 0.45720000000000005
339 0.4568000000000001
340 0.45600000000000007
341 0.4556000000000001
342 0.4548000000000001
343 0.4548000000000001
344 0.4540000000000001
345 0.4540000000000001
346 0.45320000000000016
347 0.4528000000000001
348 0.4524000000000001
349 0.45160000000000006
350 0.4504000000000001
351 0.45000000000000007
352 0.44920000000000004
353 0.44880000000000003
354 0.4484
355 0.44800000000000006
356 0.44800000000000006
357 0.44760000000000005
358 0.44720000000000004
359 0.44720000000000004
360 0.44720000000000004
361 0.44720000000000004
362 0.4468
363 0.4464
364 0.4464
365 0.4456
366 0.44480000000000003
367 0.4444000000000001
368 0.4428000000000001
369 0.4420000000000001
370 0.44120000000000004
371 0.44120000000000004
372 0.44040000000000007
373 0.44040000000000007
374 0.44000000000000006
375 0.4384000000000001
376 0.4376000000000001
377 0.4376000000000001
378 0.4376000000000001
379 0.43720000000000003
380 0.4368
381 0.4364
382 0.43440000000000006
383 0.4324
384 0.43200000000000005
385 0.4312
386 0.43040000000000006
387 0.4296000000000001
388 0.42880000000000007
389 0.42880000000000007
390 0.42760000000000015
391 0.4268000000000001
392 0.4268000000000001
393 0.42640000000000017
394 0.4252000000000002
395 0.4244000000000001
396 0.42360000000000014
397 0.42280000000000006
398 0.4224000000000001
399 0.4220000000000001
400 0.4220000000000001
401 0.4220000000000001
402 0.4216000000000001
403 0.4216000000000001
404 0.42120000000000013
405 0.4208000000000001
406 0.4200000000000001
407 0.4200000000000001
408 0.4200000000000001
409 0.4196000000000001
410 0.4196000000000001
411 0.4192000000000001
412 0.4188000000000001
413 0.4180000000000001
414 0.4180000000000001
415 0.4180000000000001
416 0.4172000000000001
417 0.4172000000000001
418 0.41640000000000016
419 0.41640000000000016
420 0.4160000000000001
421 0.4156000000000001
422 0.41480000000000006
423 0.41440000000000005
424 0.41400000000000003
425 0.41400000000000003
426 0.41400000000000003
427 0.41320000000000007
428 0.41280000000000006
429 0.4124000000000001
430 0.4124000000000001
431 0.4116
432 0.4116
433 0.4116
434 0.41120000000000007
435 0.41040000000000004
436 0.4096000000000001
437 0.40920000000000006
438 0.40800000000000003
439 0.4076000000000001
440 0.40720000000000006
441 0.40680000000000005
442 0.4060000000000001
443 0.4052
444 0.40480000000000005
445 0.40360000000000007
446 0.4028
447 0.4023999999999999
448 0.4008
449 0.4004
450 0.4
451 0.3992
452 0.39840000000000003
453 0.39759999999999995
454 0.39759999999999995
455 0.3972
456 0.3972
457 0.39679999999999993
458 0.39599999999999996
459 0.39599999999999996
460 0.3948
461 0.3944
462 0.39399999999999996
463 0.3932
464 0.39280000000000004
465 0.39280000000000004
466 0.39199999999999996
467 0.39159999999999995
468 0.39159999999999995
469 0.3912
470 0.39039999999999997
471 0.39
472 0.3896
473 0.3892
474 0.38799999999999996
475 0.38799999999999996
476 0.3868
477 0.3856
478 0.3856
479 0.38520000000000004
480 0.38480000000000003
481 0.3844000000000001
482 0.38400000000000006
483 0.38400000000000006
484 0.38400000000000006
485 0.3832
486 0.3827999999999999
487 0.38239999999999996
488 0.38079999999999997
489 0.38079999999999997
490 0.38079999999999997
491 0.3804
492 0.37959999999999994
493 0.3791999999999999
494 0.3791999999999999
495 0.3791999999999999
496 0.37839999999999996
497 0.37839999999999996
498 0.37799999999999995
499 0.3768
500 0.3752
501 0.3752
502 0.37479999999999997
503 0.37479999999999997
504 0.37439999999999996
505 0.3732
506 0.3728
507 0.3724
508 0.3724
509 0.3724
510 0.37200000000000005
511 0.37160000000000004
512 0.3712
513 0.37079999999999996
514 0.37079999999999996
515 0.3704
516 0.3704
517 0.3704
518 0.37
519 0.37
520 0.37
521 0.37
522 0.37
523 0.3696
524 0.3688
525 0.3688
526 0.3688
527 0.36840000000000006
528 0.36840000000000006
529 0.368
530 0.368
531 0.3676
532 0.3676
533 0.3676
534 0.36719999999999997
535 0.36719999999999997
536 0.3664
537 0.366
538 0.36560000000000004
539 0.3648
540 0.3648
541 0.3648
542 0.3648
543 0.36440000000000006
544 0.36440000000000006
545 0.36440000000000006
546 0.36440000000000006
547 0.36440000000000006
548 0.36440000000000006
549 0.36440000000000006
550 0.36280000000000007
551 0.36200000000000004
552 0.36200000000000004
553 0.36160000000000003
554 0.36160000000000003
555 0.36160000000000003
556 0.36119999999999997
557 0.36119999999999997
558 0.36119999999999997
559 0.36119999999999997
560 0.36119999999999997
561 0.3608
562 0.3604
563 0.3604
564 0.36
565 0.35960000000000003
566 0.3592
567 0.35840000000000005
568 0.35800000000000004
569 0.35719999999999996
570 0.3568
571 0.35600000000000004
572 0.3556
573 0.3556
574 0.35440000000000005
575 0.35440000000000005
576 0.35440000000000005
577 0.35440000000000005
578 0.35440000000000005
579 0.35400000000000004
580 0.35400000000000004
581 0.3536000000000001
582 0.3536000000000001
583 0.35320000000000007
584 0.35320000000000007
585 0.35320000000000007
586 0.35240000000000005
587 0.3516
588 0.3516
589 0.35120000000000007
590 0.35120000000000007
591 0.35080000000000006
592 0.35080000000000006
593 0.35040000000000004
594 0.3500000000000001
595 0.3496000000000001
596 0.34920000000000007
597 0.3488000000000001
598 0.3484000000000001
599 0.3484000000000001
600 0.3484000000000001
601 0.3484000000000001
602 0.3484000000000001
603 0.3480000000000001
604 0.3480000000000001
605 0.3480000000000001
606 0.3480000000000001
607 0.34760000000000013
608 0.34760000000000013
609 0.34680000000000016
610 0.34640000000000015
611 0.34640000000000015
612 0.34600000000000014
613 0.34600000000000014
614 0.3456000000000001
615 0.34480000000000005
616 0.3436
617 0.3436
618 0.3432
619 0.3432
620 0.3428
621 0.3428
622 0.3428
623 0.3428
624 0.34240000000000004
625 0.34240000000000004
626 0.342
627 0.34080000000000005
628 0.34080000000000005
629 0.3404
630 0.3404
631 0.3404
632 0.3404
633 0.3404
634 0.34
635 0.3396
636 0.33879999999999993
637 0.3384
638 0.33799999999999997
639 0.3372
640 0.3372
641 0.33640000000000003
642 0.336
643 0.3356
644 0.3356
645 0.33480000000000004
646 0.33480000000000004
647 0.33440000000000003
648 0.3340000000000001
649 0.3340000000000001
650 0.33320000000000005
651 0.3328000000000001
652 0.3328000000000001
653 0.3328000000000001
654 0.3324000000000001
655 0.3324000000000001
656 0.3324000000000001
657 0.3320000000000001
658 0.3316000000000001
659 0.3316000000000001
660 0.3312000000000001
661 0.33080000000000015
662 0.33080000000000015
663 0.33080000000000015
664 0.33040000000000014
665 0.33040000000000014
666 0.32960000000000017
667 0.3292000000000001
668 0.3292000000000001
669 0.3292000000000001
670 0.3292000000000001
671 0.3288000000000001
672 0.3284000000000001
673 0.3280000000000001
674 0.32640000000000013
675 0.3244
676 0.32360000000000005
677 0.3228000000000001
678 0.3228000000000001
679 0.3228000000000001
680 0.3224000000000001
681 0.3220000000000001
682 0.3220000000000001
683 0.3220000000000001
684 0.3220000000000001
685 0.3216000000000001
686 0.3216000000000001
687 0.32120000000000004
688 0.32120000000000004
689 0.32120000000000004
690 0.32120000000000004
691 0.3204000000000001
692 0.3204000000000001
693 0.3204000000000001
694 0.32000000000000006
695 0.3188000000000001
696 0.3184000000000001
697 0.3184000000000001
698 0.3184000000000001
699 0.3184000000000001
700 0.3184000000000001
701 0.3184000000000001
702 0.3184000000000001
703 0.3176000000000001
704 0.3176000000000001
705 0.3176000000000001
706 0.3176000000000001
707 0.3176000000000001
708 0.3176000000000001
709 0.3176000000000001
710 0.3176000000000001
711 0.3172000000000001
712 0.3168000000000001
713 0.3164000000000001
714 0.3156000000000001
715 0.3156000000000001
716 0.31520000000000015
717 0.31520000000000015
718 0.31520000000000015
719 0.3144000000000002
720 0.31400000000000017
721 0.31400000000000017
722 0.31400000000000017
723 0.31400000000000017
724 0.31360000000000016
725 0.31360000000000016
726 0.3128000000000001
727 0.3128000000000001
728 0.3128000000000001
729 0.3128000000000001
730 0.3128000000000001
731 0.3128000000000001
732 0.3128000000000001
733 0.3128000000000001
734 0.3128000000000001
735 0.3128000000000001
736 0.3128000000000001
737 0.3128000000000001
738 0.31240000000000007
739 0.31240000000000007
740 0.31240000000000007
741 0.31240000000000007
742 0.31240000000000007
743 0.31240000000000007
744 0.31240000000000007
745 0.31200000000000006
746 0.31120000000000003
747 0.31120000000000003
748 0.3108000000000001
749 0.3096
750 0.3096
751 0.30920000000000003
752 0.30920000000000003
753 0.3088
754 0.308
755 0.3072
756 0.3072
757 0.30639999999999995
758 0.30639999999999995
759 0.30639999999999995
760 0.30639999999999995
761 0.30639999999999995
762 0.30639999999999995
763 0.30639999999999995
764 0.306
765 0.3056
766 0.3048
767 0.3044
768 0.3044
769 0.3044
770 0.30400000000000005
771 0.30400000000000005
772 0.3032
773 0.3032
774 0.3032
775 0.30280000000000007
776 0.3024
777 0.3024
778 0.3024
779 0.3024
780 0.3024
781 0.3016
782 0.3016
783 0.3016
784 0.3016
785 0.3012
786 0.3012
787 0.3012
788 0.3012
789 0.3012
790 0.3012
791 0.3008
792 0.3008
793 0.3008
794 0.3008
795 0.3004
796 0.3004
797 0.3004
798 0.3004
799 0.3004
800 0.3004
801 0.3004
802 0.3004
803 0.30000000000000004
804 0.30000000000000004
805 0.29960000000000003
806 0.29960000000000003
807 0.2992000000000001
808 0.2992000000000001
809 0.29880000000000007
810 0.29840000000000005
811 0.29840000000000005
812 0.29840000000000005
813 0.29840000000000005
814 0.29840000000000005
815 0.29840000000000005
816 0.29840000000000005
817 0.298
818 0.29760000000000003
819 0.29760000000000003
820 0.29760000000000003
821 0.29760000000000003
822 0.29760000000000003
823 0.2972
824 0.2972
825 0.2968
826 0.2968
827 0.29640000000000005
828 0.29640000000000005
829 0.29640000000000005
830 0.29640000000000005
831 0.29560000000000003
832 0.29560000000000003
833 0.29560000000000003
834 0.2952
835 0.2952
836 0.2952
837 0.2952
838 0.2952
839 0.2952
840 0.2944
841 0.2944
842 0.2944
843 0.29400000000000004
844 0.29400000000000004
845 0.29400000000000004
846 0.29400000000000004
847 0.29400000000000004
848 0.29359999999999997
849 0.29359999999999997
850 0.29359999999999997
851 0.2924
852 0.2924
853 0.2924
854 0.2924
855 0.2924
856 0.2924
857 0.2924
858 0.2924
859 0.2924
860 0.2924
861 0.292
862 0.2916
863 0.2916
864 0.2916
865 0.2916
866 0.2916
867 0.2916
868 0.2916
869 0.2912
870 0.2912
871 0.2912
872 0.2912
873 0.2908
874 0.2908
875 0.29000000000000004
876 0.2896
877 0.2896
878 0.2896
879 0.2896
880 0.2896
881 0.28880000000000006
882 0.28840000000000005
883 0.28840000000000005
884 0.28840000000000005
885 0.28840000000000005
886 0.28840000000000005
887 0.28840000000000005
888 0.28840000000000005
889 0.28840000000000005
890 0.28840000000000005
891 0.28800000000000003
892 0.2876000000000001
893 0.2876000000000001
894 0.2876000000000001
895 0.2876000000000001
896 0.28720000000000007
897 0.28720000000000007
898 0.28680000000000005
899 0.28680000000000005
900 0.2864000000000001
901 0.2864000000000001
902 0.2860000000000001
903 0.2856000000000001
904 0.2856000000000001
905 0.2856000000000001
906 0.2856000000000001
907 0.2856000000000001
908 0.28480000000000005
909 0.28480000000000005
910 0.28440000000000004
911 0.28440000000000004
912 0.28440000000000004
913 0.28440000000000004
914 0.28440000000000004
915 0.28400000000000003
916 0.28320000000000006
917 0.28320000000000006
918 0.2828
919 0.2828
920 0.2828
921 0.2828
922 0.28240000000000004
923 0.28240000000000004
924 0.28240000000000004
925 0.28200000000000003
926 0.28200000000000003
927 0.28200000000000003
928 0.28200000000000003
929 0.28200000000000003
930 0.28200000000000003
931 0.28200000000000003
932 0.28200000000000003
933 0.28200000000000003
934 0.2816
935 0.2816
936 0.2816
937 0.2816
938 0.2816
939 0.2816
940 0.2816
941 0.2816
942 0.28120000000000006
943 0.28080000000000005
944 0.28080000000000005
945 0.28040000000000004
946 0.28040000000000004
947 0.28040000000000004
948 0.28040000000000004
949 0.28040000000000004
950 0.28040000000000004
951 0.28040000000000004
952 0.28
953 0.28
954 0.28
955 0.27960000000000007
956 0.27960000000000007
957 0.2792
958 0.27880000000000005
959 0.27840000000000004
960 0.27840000000000004
961 0.27760000000000007
962 0.27720000000000006
963 0.27720000000000006
964 0.27720000000000006
965 0.27720000000000006
966 0.27720000000000006
967 0.27720000000000006
968 0.27680000000000005
969 0.27640000000000003
970 0.27640000000000003
971 0.27640000000000003
972 0.27640000000000003
973 0.27640000000000003
974 0.27640000000000003
975 0.276
976 0.276
977 0.276
978 0.276
979 0.2756
980 0.2756
981 0.2752
982 0.2752
983 0.2752
984 0.2748
985 0.2748
986 0.27440000000000003
987 0.27440000000000003
988 0.27440000000000003
989 0.27440000000000003
990 0.27440000000000003
991 0.27440000000000003
992 0.27440000000000003
993 0.27440000000000003
994 0.27440000000000003
995 0.27440000000000003
996 0.27440000000000003
997 0.27440000000000003
998 0.27440000000000003
999 0.27440000000000003
1000 0.27440000000000003
1001 0.27440000000000003
1002 0.27440000000000003
1003 0.27440000000000003
1004 0.27440000000000003
1005 0.27440000000000003
1006 0.27440000000000003
1007 0.27440000000000003
1008 0.27440000000000003
1009 0.27440000000000003
1010 0.27440000000000003
1011 0.27440000000000003
1012 0.27440000000000003
1013 0.274
1014 0.274
1015 0.2732
1016 0.2732
1017 0.2732
1018 0.2732
1019 0.2732
1020 0.2732
1021 0.2732
1022 0.2732
1023 0.2732
1024 0.2732
1025 0.2732
1026 0.2732
1027 0.2732
1028 0.2732
1029 0.27240000000000003
1030 0.272
1031 0.272
1032 0.272
1033 0.272
1034 0.272
1035 0.272
1036 0.272
1037 0.272
1038 0.272
1039 0.272
1040 0.272
1041 0.27159999999999995
1042 0.27159999999999995
1043 0.2712
1044 0.2712
1045 0.2712
1046 0.2712
1047 0.2712
1048 0.2712
1049 0.2712
1050 0.2712
1051 0.2712
1052 0.2712
1053 0.2712
1054 0.2712
1055 0.2712
1056 0.2712
1057 0.2708
1058 0.26999999999999996
1059 0.26999999999999996
1060 0.26999999999999996
1061 0.26999999999999996
1062 0.26999999999999996
1063 0.26999999999999996
1064 0.26959999999999995
1065 0.26959999999999995
1066 0.26959999999999995
1067 0.2692
1068 0.2692
1069 0.2692
1070 0.2692
1071 0.2692
1072 0.2692
1073 0.2688
1074 0.26839999999999997
1075 0.26839999999999997
1076 0.26839999999999997
1077 0.26839999999999997
1078 0.26839999999999997
1079 0.26839999999999997
1080 0.26839999999999997
1081 0.26839999999999997
1082 0.26839999999999997
1083 0.26839999999999997
1084 0.26799999999999996
1085 0.26799999999999996
1086 0.26799999999999996
1087 0.26799999999999996
1088 0.26799999999999996
1089 0.26799999999999996
1090 0.26799999999999996
1091 0.26799999999999996
1092 0.26799999999999996
1093 0.26799999999999996
1094 0.26799999999999996
1095 0.26799999999999996
1096 0.26799999999999996
1097 0.26799999999999996
1098 0.26799999999999996
1099 0.2676
1100 0.2676
1101 0.2676
1102 0.2676
1103 0.26719999999999994
1104 0.2668
1105 0.2668
1106 0.2668
1107 0.2668
1108 0.26599999999999996
1109 0.26599999999999996
1110 0.26599999999999996
1111 0.26559999999999995
1112 0.26559999999999995
1113 0.26559999999999995
1114 0.26559999999999995
1115 0.26519999999999994
1116 0.26519999999999994
1117 0.2647999999999999
1118 0.26439999999999997
1119 0.26439999999999997
1120 0.26439999999999997
1121 0.26439999999999997
1122 0.26439999999999997
1123 0.26439999999999997
1124 0.26439999999999997
1125 0.26399999999999996
1126 0.26399999999999996
1127 0.26399999999999996
1128 0.26399999999999996
1129 0.26399999999999996
1130 0.26399999999999996
1131 0.26359999999999995
1132 0.26359999999999995
1133 0.26359999999999995
1134 0.26359999999999995
1135 0.26359999999999995
1136 0.26359999999999995
1137 0.26359999999999995
1138 0.2632
1139 0.2632
1140 0.2632
1141 0.2632
1142 0.2632
1143 0.2632
1144 0.2632
1145 0.2628
1146 0.2628
1147 0.2628
1148 0.2628
1149 0.2628
1150 0.2628
1151 0.2628
1152 0.26239999999999997
1153 0.26239999999999997
1154 0.26239999999999997
1155 0.26239999999999997
1156 0.26239999999999997
1157 0.26239999999999997
1158 0.26239999999999997
1159 0.26239999999999997
1160 0.26239999999999997
1161 0.26239999999999997
1162 0.26239999999999997
1163 0.26239999999999997
1164 0.26239999999999997
1165 0.26239999999999997
1166 0.26239999999999997
1167 0.26239999999999997
1168 0.26239999999999997
1169 0.262
1170 0.262
1171 0.262
1172 0.26159999999999994
1173 0.26159999999999994
1174 0.26159999999999994
1175 0.26159999999999994
1176 0.2612
1177 0.2612
1178 0.2612
1179 0.2612
1180 0.2612
1181 0.2608
1182 0.2608
1183 0.2608
1184 0.2608
1185 0.2608
1186 0.2608
1187 0.26039999999999996
1188 0.26039999999999996
1189 0.26039999999999996
1190 0.26039999999999996
1191 0.26039999999999996
1192 0.26039999999999996
1193 0.26039999999999996
1194 0.26039999999999996
1195 0.26039999999999996
1196 0.25999999999999995
1197 0.25999999999999995
1198 0.25999999999999995
1199 0.25999999999999995
1200 0.25999999999999995
1201 0.25999999999999995
1202 0.25999999999999995
1203 0.25999999999999995
1204 0.2596
1205 0.2596
1206 0.2592
1207 0.2592
1208 0.2592
1209 0.2592
1210 0.2592
1211 0.2592
1212 0.2592
1213 0.2592
1214 0.2592
1215 0.2592
1216 0.2592
1217 0.2592
1218 0.2592
1219 0.2588
1220 0.25839999999999996
1221 0.25799999999999995
1222 0.25799999999999995
1223 0.25759999999999994
1224 0.25759999999999994
1225 0.25759999999999994
1226 0.25759999999999994
1227 0.25759999999999994
1228 0.25759999999999994
1229 0.25759999999999994
1230 0.25719999999999993
1231 0.25719999999999993
1232 0.25719999999999993
1233 0.2568
1234 0.2568
1235 0.25639999999999996
1236 0.25639999999999996
1237 0.25639999999999996
1238 0.25639999999999996
1239 0.25639999999999996
1240 0.25639999999999996
1241 0.25639999999999996
1242 0.25639999999999996
1243 0.25639999999999996
1244 0.25639999999999996
1245 0.256
1246 0.256
1247 0.256
1248 0.2556
1249 0.2556
1250 0.2552
1251 0.2544
1252 0.2544
1253 0.2544
1254 0.2544
1255 0.2544
1256 0.2544
1257 0.2544
1258 0.2544
1259 0.2544
1260 0.2544
1261 0.2544
1262 0.2544
1263 0.2544
1264 0.254
1265 0.254
1266 0.25360000000000005
1267 0.25360000000000005
1268 0.25360000000000005
1269 0.25360000000000005
1270 0.25360000000000005
1271 0.25360000000000005
1272 0.25360000000000005
1273 0.25360000000000005
1274 0.25360000000000005
1275 0.25360000000000005
1276 0.25360000000000005
1277 0.25360000000000005
1278 0.25360000000000005
1279 0.25360000000000005
1280 0.2532
1281 0.2532
1282 0.2532
1283 0.2532
1284 0.2532
1285 0.2528
1286 0.2528
1287 0.2528
1288 0.2528
1289 0.2528
1290 0.2528
1291 0.2528
1292 0.2528
1293 0.2528
1294 0.2528
1295 0.2528
1296 0.2528
1297 0.2524
1298 0.2524
1299 0.2524
1300 0.2524
1301 0.2524
1302 0.2524
1303 0.2524
1304 0.2524
1305 0.2524
1306 0.2524
1307 0.2524
1308 0.2524
1309 0.2524
1310 0.252
1311 0.252
1312 0.252
1313 0.25160000000000005
1314 0.25160000000000005
1315 0.25160000000000005
1316 0.25120000000000003
1317 0.25120000000000003
1318 0.25120000000000003
1319 0.25120000000000003
1320 0.25120000000000003
1321 0.25120000000000003
1322 0.25120000000000003
1323 0.25120000000000003
1324 0.25120000000000003
1325 0.25120000000000003
1326 0.25120000000000003
1327 0.25120000000000003
1328 0.25120000000000003
1329 0.25120000000000003
1330 0.25120000000000003
1331 0.25120000000000003
1332 0.2508
1333 0.2508
1334 0.2504
1335 0.2504
1336 0.2504
1337 0.2504
1338 0.2504
1339 0.2504
1340 0.2504
1341 0.2504
1342 0.2504
1343 0.25000000000000006
1344 0.25000000000000006
1345 0.25000000000000006
1346 0.25000000000000006
1347 0.24960000000000004
1348 0.24960000000000004
1349 0.24960000000000004
1350 0.24960000000000004
1351 0.24960000000000004
1352 0.24960000000000004
1353 0.24960000000000004
1354 0.24960000000000004
1355 0.24960000000000004
1356 0.24960000000000004
1357 0.24920000000000006
1358 0.24880000000000005
1359 0.24840000000000007
1360 0.24800000000000005
1361 0.24800000000000005
1362 0.24800000000000005
1363 0.24800000000000005
1364 0.24800000000000005
1365 0.24800000000000005
1366 0.24760000000000004
1367 0.24720000000000006
1368 0.24720000000000006
1369 0.24720000000000006
1370 0.24720000000000006
1371 0.24720000000000006
1372 0.24680000000000007
1373 0.24680000000000007
1374 0.24680000000000007
1375 0.24680000000000007
1376 0.24640000000000006
1377 0.24640000000000006
1378 0.24640000000000006
1379 0.24640000000000006
1380 0.24640000000000006
1381 0.24600000000000008
1382 0.24600000000000008
1383 0.24600000000000008
1384 0.2456000000000001
1385 0.2456000000000001
1386 0.2456000000000001
1387 0.2456000000000001
1388 0.2456000000000001
1389 0.2456000000000001
1390 0.2456000000000001
1391 0.2456000000000001
1392 0.2456000000000001
1393 0.2456000000000001
1394 0.24520000000000006
1395 0.2444000000000001
1396 0.2444000000000001
1397 0.2444000000000001
1398 0.2444000000000001
1399 0.2444000000000001
1400 0.2444000000000001
1401 0.2444000000000001
1402 0.2444000000000001
1403 0.2444000000000001
1404 0.2444000000000001
1405 0.2444000000000001
1406 0.2444000000000001
1407 0.2440000000000001
1408 0.24360000000000007
1409 0.24360000000000007
1410 0.24360000000000007
1411 0.24360000000000007
1412 0.24360000000000007
1413 0.24360000000000007
1414 0.24360000000000007
1415 0.24360000000000007
1416 0.24360000000000007
1417 0.24360000000000007
1418 0.24360000000000007
1419 0.24320000000000008
1420 0.24320000000000008
1421 0.24320000000000008
1422 0.24320000000000008
1423 0.24320000000000008
1424 0.24280000000000007
1425 0.24240000000000006
1426 0.24240000000000006
1427 0.24240000000000006
1428 0.24240000000000006
1429 0.24240000000000006
1430 0.24240000000000006
1431 0.24240000000000006
1432 0.24240000000000006
1433 0.24240000000000006
1434 0.24240000000000006
1435 0.24240000000000006
1436 0.24240000000000006
1437 0.24240000000000006
1438 0.24200000000000008
1439 0.24160000000000004
1440 0.24160000000000004
1441 0.24160000000000004
1442 0.24160000000000004
1443 0.24160000000000004
1444 0.24160000000000004
1445 0.24080000000000004
1446 0.24040000000000003
1447 0.24040000000000003
1448 0.24040000000000003
1449 0.24040000000000003
1450 0.24040000000000003
1451 0.24000000000000005
1452 0.24000000000000005
1453 0.24000000000000005
1454 0.24000000000000005
1455 0.24000000000000005
1456 0.24000000000000005
1457 0.24000000000000005
1458 0.24000000000000005
1459 0.24000000000000005
1460 0.24000000000000005
1461 0.24000000000000005
1462 0.24000000000000005
1463 0.24000000000000005
1464 0.24000000000000005
1465 0.24000000000000005
1466 0.24000000000000005
1467 0.24000000000000005
1468 0.24000000000000005
1469 0.24000000000000005
1470 0.23960000000000004
1471 0.23960000000000004
1472 0.23960000000000004
1473 0.23960000000000004
1474 0.23960000000000004
1475 0.23960000000000004
1476 0.23960000000000004
1477 0.23960000000000004
1478 0.23960000000000004
1479 0.23920000000000002
1480 0.23920000000000002
1481 0.23920000000000002
1482 0.23920000000000002
1483 0.23920000000000002
1484 0.23920000000000002
1485 0.23920000000000002
1486 0.23920000000000002
1487 0.23920000000000002
1488 0.23920000000000002
1489 0.2388
1490 0.23840000000000003
1491 0.23840000000000003
1492 0.23800000000000002
1493 0.23800000000000002
1494 0.23800000000000002
1495 0.23800000000000002
1496 0.2376
1497 0.2376
1498 0.2376
1499 0.2376
1500 0.23720000000000002
1501 0.23680000000000004
1502 0.23680000000000004
1503 0.23640000000000005
1504 0.23600000000000004
1505 0.23600000000000004
1506 0.23600000000000004
1507 0.23560000000000003
1508 0.23560000000000003
1509 0.23560000000000003
1510 0.23560000000000003
1511 0.23560000000000003
1512 0.23560000000000003
1513 0.23560000000000003
1514 0.23560000000000003
1515 0.23560000000000003
1516 0.23560000000000003
1517 0.23520000000000002
1518 0.23520000000000002
1519 0.23520000000000002
1520 0.23520000000000002
1521 0.23520000000000002
1522 0.23520000000000002
1523 0.23520000000000002
1524 0.23520000000000002
1525 0.23520000000000002
1526 0.23520000000000002
1527 0.23520000000000002
1528 0.23520000000000002
1529 0.23520000000000002
1530 0.23520000000000002
1531 0.23520000000000002
1532 0.23520000000000002
1533 0.23520000000000002
1534 0.23480000000000004
1535 0.23440000000000005
1536 0.23440000000000005
1537 0.23440000000000005
1538 0.23440000000000005
1539 0.23440000000000005
1540 0.23440000000000005
1541 0.23440000000000005
1542 0.23440000000000005
1543 0.23440000000000005
1544 0.23440000000000005
1545 0.23440000000000005
1546 0.23440000000000005
1547 0.23440000000000005
1548 0.23440000000000005
1549 0.23440000000000005
1550 0.23440000000000005
1551 0.23440000000000005
1552 0.23440000000000005
1553 0.23440000000000005
1554 0.23440000000000005
1555 0.23440000000000005
1556 0.23440000000000005
1557 0.23440000000000005
1558 0.23440000000000005
1559 0.23440000000000005
1560 0.23440000000000005
1561 0.23440000000000005
1562 0.23440000000000005
1563 0.23440000000000005
1564 0.23440000000000005
1565 0.23440000000000005
1566 0.23440000000000005
1567 0.23440000000000005
1568 0.23440000000000005
1569 0.23440000000000005
1570 0.23440000000000005
1571 0.23440000000000005
1572 0.23440000000000005
1573 0.234
1574 0.234
1575 0.234
1576 0.234
1577 0.234
1578 0.234
1579 0.234
1580 0.234
1581 0.234
1582 0.234
1583 0.234
1584 0.234
1585 0.234
1586 0.234
1587 0.234
1588 0.2336
1589 0.2336
1590 0.2332
1591 0.2328
1592 0.2328
1593 0.2328
1594 0.2328
1595 0.2324
1596 0.2324
1597 0.2324
1598 0.2324
1599 0.2324
1600 0.2324
1601 0.2324
1602 0.2324
1603 0.2324
1604 0.2324
1605 0.2324
1606 0.2324
1607 0.2324
1608 0.2324
1609 0.23199999999999998
1610 0.23199999999999998
1611 0.23159999999999997
1612 0.23119999999999996
1613 0.23119999999999996
1614 0.23119999999999996
1615 0.23119999999999996
1616 0.23119999999999996
1617 0.23119999999999996
1618 0.23119999999999996
1619 0.23079999999999998
1620 0.23079999999999998
1621 0.2304
1622 0.2304
1623 0.2304
1624 0.2304
1625 0.22999999999999995
1626 0.22999999999999995
1627 0.22999999999999995
1628 0.22999999999999995
1629 0.22999999999999995
1630 0.22999999999999995
1631 0.22999999999999995
1632 0.22999999999999995
1633 0.22999999999999995
1634 0.22999999999999995
1635 0.22999999999999995
1636 0.22999999999999995
1637 0.22999999999999995
1638 0.22999999999999995
1639 0.22999999999999995
1640 0.22999999999999995
1641 0.22999999999999995
1642 0.22999999999999995
1643 0.22999999999999995
1644 0.22999999999999995
1645 0.22999999999999995
1646 0.22999999999999995
1647 0.22999999999999995
1648 0.22999999999999995
1649 0.22999999999999995
1650 0.22999999999999995
1651 0.22999999999999995
1652 0.22999999999999995
1653 0.22999999999999995
1654 0.22999999999999995
1655 0.22999999999999995
1656 0.22959999999999997
1657 0.22959999999999997
1658 0.22959999999999997
1659 0.22959999999999997
1660 0.22959999999999997
1661 0.22959999999999997
1662 0.22959999999999997
1663 0.22959999999999997
1664 0.22959999999999997
1665 0.22959999999999997
1666 0.22959999999999997
1667 0.2292
1668 0.2292
1669 0.2292
1670 0.2292
1671 0.2292
1672 0.2292
1673 0.2292
1674 0.2292
1675 0.2292
1676 0.2292
1677 0.2292
1678 0.2292
1679 0.2292
1680 0.2292
1681 0.2292
1682 0.2292
1683 0.2288
1684 0.2288
1685 0.2288
1686 0.2288
1687 0.2288
1688 0.2288
1689 0.22839999999999996
1690 0.22799999999999998
1691 0.22799999999999998
1692 0.22799999999999998
1693 0.22719999999999996
1694 0.22719999999999996
1695 0.22719999999999996
1696 0.22719999999999996
1697 0.22719999999999996
1698 0.22719999999999996
1699 0.22719999999999996
1700 0.22719999999999996
1701 0.22719999999999996
1702 0.22719999999999996
1703 0.22719999999999996
1704 0.22719999999999996
1705 0.22719999999999996
1706 0.22719999999999996
1707 0.22679999999999997
1708 0.22679999999999997
1709 0.22679999999999997
1710 0.22639999999999996
1711 0.22639999999999996
1712 0.22639999999999996
1713 0.22639999999999996
1714 0.22639999999999996
1715 0.22639999999999996
1716 0.22639999999999996
1717 0.22639999999999996
1718 0.22639999999999996
1719 0.22639999999999996
1720 0.22639999999999996
1721 0.22639999999999996
1722 0.22639999999999996
1723 0.22599999999999998
1724 0.22599999999999998
1725 0.22599999999999998
1726 0.22599999999999998
1727 0.22599999999999998
1728 0.22599999999999998
1729 0.22599999999999998
1730 0.22599999999999998
1731 0.2256
1732 0.2256
1733 0.2256
1734 0.2256
1735 0.2256
1736 0.2256
1737 0.2256
1738 0.2256
1739 0.2256
1740 0.2256
1741 0.2256
1742 0.2256
1743 0.2256
1744 0.2256
1745 0.2256
1746 0.2256
1747 0.2256
1748 0.2256
1749 0.2256
1750 0.2256
1751 0.2256
1752 0.2256
1753 0.2256
1754 0.2256
1755 0.2256
1756 0.2256
1757 0.22519999999999996
1758 0.22519999999999996
1759 0.22519999999999996
1760 0.22519999999999996
1761 0.22519999999999996
1762 0.22519999999999996
1763 0.22519999999999996
1764 0.22519999999999996
1765 0.22519999999999996
1766 0.22519999999999996
1767 0.22519999999999996
1768 0.2248
1769 0.2248
1770 0.2248
1771 0.2248
1772 0.2248
1773 0.2248
1774 0.2248
1775 0.2248
1776 0.2248
1777 0.2248
1778 0.2248
1779 0.2248
1780 0.2248
1781 0.2248
1782 0.2248
1783 0.2248
1784 0.2248
1785 0.2248
1786 0.2248
1787 0.2248
1788 0.2248
1789 0.2248
1790 0.2248
1791 0.2248
1792 0.2248
1793 0.2248
1794 0.2248
1795 0.2244
1796 0.2244
1797 0.2244
1798 0.22399999999999995
1799 0.22399999999999995
1800 0.22359999999999997
1801 0.22359999999999997
1802 0.22359999999999997
1803 0.22359999999999997
1804 0.22359999999999997
1805 0.22359999999999997
1806 0.22359999999999997
1807 0.22359999999999997
1808 0.22359999999999997
1809 0.22359999999999997
1810 0.22359999999999997
1811 0.22359999999999997
1812 0.22359999999999997
1813 0.22359999999999997
1814 0.22319999999999995
1815 0.22319999999999995
1816 0.22319999999999995
1817 0.22319999999999995
1818 0.22319999999999995
1819 0.22319999999999995
1820 0.22319999999999995
1821 0.22279999999999997
1822 0.22279999999999997
1823 0.22279999999999997
1824 0.22279999999999997
1825 0.22279999999999997
1826 0.22279999999999997
1827 0.22279999999999997
1828 0.22279999999999997
1829 0.22279999999999997
1830 0.22279999999999997
1831 0.22279999999999997
1832 0.22279999999999997
1833 0.22279999999999997
1834 0.22279999999999997
1835 0.22279999999999997
1836 0.22279999999999997
1837 0.22279999999999997
1838 0.22279999999999997
1839 0.22279999999999997
1840 0.22279999999999997
1841 0.22279999999999997
1842 0.22279999999999997
1843 0.22279999999999997
1844 0.22279999999999997
1845 0.22279999999999997
1846 0.22279999999999997
1847 0.22199999999999995
1848 0.22199999999999995
1849 0.22199999999999995
1850 0.22199999999999995
1851 0.22159999999999996
1852 0.2212
1853 0.2212
1854 0.2212
1855 0.2212
1856 0.22039999999999998
1857 0.22039999999999998
1858 0.22039999999999998
1859 0.22039999999999998
1860 0.22039999999999998
1861 0.22039999999999998
1862 0.22039999999999998
1863 0.22039999999999998
1864 0.22039999999999998
1865 0.22039999999999998
1866 0.22
1867 0.21960000000000002
1868 0.21960000000000002
1869 0.21960000000000002
1870 0.21960000000000002
1871 0.21960000000000002
1872 0.21960000000000002
1873 0.21960000000000002
1874 0.21960000000000002
1875 0.21960000000000002
1876 0.21960000000000002
1877 0.21960000000000002
1878 0.21960000000000002
1879 0.21960000000000002
1880 0.21960000000000002
1881 0.21960000000000002
1882 0.21960000000000002
1883 0.21960000000000002
1884 0.21960000000000002
1885 0.21960000000000002
1886 0.21960000000000002
1887 0.21960000000000002
1888 0.21960000000000002
1889 0.21960000000000002
1890 0.21960000000000002
1891 0.21960000000000002
1892 0.21960000000000002
1893 0.21960000000000002
1894 0.21960000000000002
1895 0.21960000000000002
1896 0.21960000000000002
1897 0.21960000000000002
1898 0.21960000000000002
1899 0.21960000000000002
1900 0.21919999999999998
1901 0.21919999999999998
1902 0.2184
1903 0.2184
1904 0.2184
1905 0.2184
1906 0.2184
1907 0.218
1908 0.218
1909 0.218
1910 0.218
1911 0.218
1912 0.218
1913 0.218
1914 0.218
1915 0.218
1916 0.218
1917 0.218
1918 0.218
1919 0.218
1920 0.218
1921 0.218
1922 0.218
1923 0.218
1924 0.218
1925 0.218
1926 0.218
1927 0.218
1928 0.2176
1929 0.2176
1930 0.21719999999999998
1931 0.21719999999999998
1932 0.21719999999999998
1933 0.21719999999999998
1934 0.2168
1935 0.2168
1936 0.2168
1937 0.2168
1938 0.2168
1939 0.2168
1940 0.2168
1941 0.2168
1942 0.2168
1943 0.2164
1944 0.2164
1945 0.2164
1946 0.2164
1947 0.2164
1948 0.2164
1949 0.2164
1950 0.2164
1951 0.2164
1952 0.2164
1953 0.2164
1954 0.2164
1955 0.2164
1956 0.2164
1957 0.2164
1958 0.2164
1959 0.2164
1960 0.2164
1961 0.2164
1962 0.2164
1963 0.2164
1964 0.2164
1965 0.2164
1966 0.2164
1967 0.2164
1968 0.2164
1969 0.2164
1970 0.2164
1971 0.2164
1972 0.2164
1973 0.2164
1974 0.2164
1975 0.21600000000000003
1976 0.21600000000000003
1977 0.21600000000000003
1978 0.2156
1979 0.2156
1980 0.2156
1981 0.2156
1982 0.2156
1983 0.2156
1984 0.2156
1985 0.2156
1986 0.2156
1987 0.2156
1988 0.2156
1989 0.2156
1990 0.2156
1991 0.2156
1992 0.2156
1993 0.2156
1994 0.2156
1995 0.2156
1996 0.2156
1997 0.2156
1998 0.2156
1999 0.2156
