1 1.0
2 1.0
3 1.0
4 0.998
5 0.998
6 0.998
7 0.9960000000000001
8 0.986
9 0.984
10 0.984
11 0.9739999999999999
12 0.9719999999999999
13 0.97
14 0.97
15 0.9620000000000001
16 0.952
17 0.9440000000000002
18 0.9420000000000002
19 0.938
20 0.9359999999999999
21 0.93
22 0.9240000000000002
23 0.9240000000000002
24 0.9179999999999999
25 0.9100000000000001
26 0.9
27 0.8939999999999999
28 0.8859999999999999
29 0.884
30 0.8779999999999999
31 0.8699999999999999
32 0.8699999999999999
33 0.8620000000000001
34 0.8520000000000001
35 0.85
36 0.8480000000000001
37 0.844
38 0.842
39 0.842
40 0.8379999999999999
41 0.8299999999999998
42 0.828
43 0.8200000000000001
44 0.8119999999999999
45 0.8039999999999999
46 0.8
47 0.796
48 0.796
49 0.792
50 0.792
51 0.79
52 0.776
53 0.7700000000000001
54 0.7660000000000001
55 0.7660000000000001
56 0.7600000000000001
57 0.7600000000000001
58 0.7600000000000001
59 0.7580000000000001
60 0.756
61 0.7500000000000001
62 0.746
63 0.7419999999999999
64 0.7399999999999999
65 0.7339999999999999
66 0.732
67 0.7219999999999999
68 0.7159999999999999
69 0.712
70 0.71
71 0.706
72 0.704
73 0.7020000000000001
74 0.696
75 0.6859999999999999
76 0.682
77 0.678
78 0.6719999999999999
79 0.666
80 0.6599999999999999
81 0.656
82 0.65
83 0.6419999999999999
84 0.6359999999999999
85 0.6279999999999999
86 0.626
87 0.622
88 0.622
89 0.62
90 0.618
91 0.6140000000000001
92 0.6140000000000001
93 0.612
94 0.6100000000000001
95 0.6060000000000001
96 0.6020000000000001
97 0.6020000000000001
98 0.6020000000000001
99 0.5980000000000001
100 0.5940000000000001
101 0.5880000000000001
102 0.584
103 0.5820000000000001
104 0.5800000000000001
105 0.5800000000000001
106 0.5780000000000001
107 0.5780000000000001
108 0.5780000000000001
109 0.5740000000000001
110 0.5740000000000001
111 0.5740000000000001
112 0.5720000000000002
113 0.5700000000000002
114 0.5640000000000002
115 0.56
116 0.56
117 0.558
118 0.558
119 0.556
120 0.55
121 0.548
122 0.546
123 0.5439999999999999
124 0.54
125 0.538
126 0.5359999999999999
127 0.5359999999999999
128 0.534
129 0.532
130 0.526
131 0.524
132 0.5200000000000001
133 0.518
134 0.516
135 0.516
136 0.51
137 0.504
138 0.5000000000000001
139 0.5000000000000001
140 0.49799999999999994
141 0.49400000000000005
142 0.49400000000000005
143 0.49400000000000005
144 0.49400000000000005
145 0.49000000000000005
146 0.48600000000000004
147 0.48600000000000004
148 0.48600000000000004
149 0.48200000000000004
150 0.48200000000000004
151 0.48
152 0.47800000000000004
153 0.47800000000000004
154 0.47800000000000004
155 0.4760000000000001
156 0.47400000000000003
157 0.47400000000000003
158 0.47400000000000003
159 0.47400000000000003
160 0.47400000000000003
161 0.47400000000000003
162 0.47400000000000003
163 0.47400000000000003
164 0.472
165 0.472
166 0.472
167 0.472
168 0.472
169 0.472
170 0.47000000000000003
171 0.47000000000000003
172 0.47000000000000003
173 0.466
174 0.46399999999999997
175 0.46399999999999997
176 0.46399999999999997
177 0.46399999999999997
178 0.46399999999999997
179 0.4600000000000001
180 0.458
181 0.45599999999999996
182 0.45599999999999996
183 0.45200000000000007
184 0.45
185 0.44399999999999995
186 0.44399999999999995
187 0.44399999999999995
188 0.442
189 0.43599999999999994
190 0.434
191 0.434
192 0.43199999999999994
193 0.43
194 0.43
195 0.426
196 0.42400000000000004
197 0.418
198 0.41600000000000004
199 0.41600000000000004
200 0.41600000000000004
201 0.41600000000000004
202 0.414
203 0.414
204 0.414
205 0.414
206 0.4119999999999999
207 0.4119999999999999
208 0.4119999999999999
209 0.4119999999999999
210 0.4119999999999999
211 0.41
212 0.41
213 0.40800000000000003
214 0.40599999999999997
215 0.404
216 0.404
217 0.404
218 0.404
219 0.404
220 0.404
221 0.404
222 0.404
223 0.404
224 0.40199999999999997
225 0.40199999999999997
226 0.40199999999999997
227 0.40199999999999997
228 0.39999999999999997
229 0.396
230 0.39399999999999996
231 0.39399999999999996
232 0.39399999999999996
233 0.39399999999999996
234 0.39399999999999996
235 0.39199999999999996
236 0.39
237 0.388
238 0.388
239 0.388
240 0.388
241 0.388
242 0.388
243 0.388
244 0.388
245 0.388
246 0.386
247 0.384
248 0.384
249 0.38
250 0.38
251 0.38
252 0.38
253 0.38
254 0.38
255 0.38
256 0.38
257 0.38
258 0.378
259 0.378
260 0.378
261 0.376
262 0.376
263 0.376
264 0.376
265 0.376
266 0.376
267 0.376
268 0.374
269 0.374
270 0.374
271 0.372
272 0.37
273 0.37
274 0.37
275 0.37
276 0.366
277 0.364
278 0.364
279 0.364
280 0.364
281 0.362
282 0.362
283 0.362
284 0.36
285 0.358
286 0.358
287 0.358
288 0.358
289 0.356
290 0.356
291 0.356
292 0.356
293 0.354
294 0.354
295 0.354
296 0.354
297 0.354
298 0.354
299 0.354
300 0.354
301 0.354
302 0.354
303 0.35
304 0.35
305 0.348
306 0.34199999999999997
307 0.34199999999999997
308 0.34199999999999997
309 0.34199999999999997
310 0.34199999999999997
311 0.34199999999999997
312 0.34199999999999997
313 0.34199999999999997
314 0.34199999999999997
315 0.34199999999999997
316 0.34199999999999997
317 0.34199999999999997
318 0.34199999999999997
319 0.34199999999999997
320 0.34199999999999997
321 0.34199999999999997
322 0.34199999999999997
323 0.34199999999999997
324 0.34199999999999997
325 0.34199999999999997
326 0.34199999999999997
327 0.33999999999999997
328 0.33799999999999997
329 0.33599999999999997
330 0.33599999999999997
331 0.33599999999999997
332 0.33599999999999997
333 0.33599999999999997
334 0.33599999999999997
335 0.33599999999999997
336 0.33599999999999997
337 0.33599999999999997
338 0.33399999999999996
339 0.33399999999999996
340 0.33399999999999996
341 0.33399999999999996
342 0.33399999999999996
343 0.33399999999999996
344 0.33399999999999996
345 0.33399999999999996
346 0.33399999999999996
347 0.33399999999999996
348 0.33399999999999996
349 0.33399999999999996
350 0.33399999999999996
351 0.33199999999999996
352 0.33199999999999996
353 0.33199999999999996
354 0.33199999999999996
355 0.33199999999999996
356 0.33199999999999996
357 0.33199999999999996
358 0.33199999999999996
359 0.33199999999999996
360 0.33199999999999996
361 0.33199999999999996
362 0.33199999999999996
363 0.33199999999999996
364 0.33199999999999996
365 0.33199999999999996
366 0.33199999999999996
367 0.33199999999999996
368 0.33199999999999996
369 0.33199999999999996
370 0.33199999999999996
371 0.33199999999999996
372 0.33199999999999996
373 0.33199999999999996
374 0.33199999999999996
375 0.33199999999999996
376 0.33199999999999996
377 0.33199999999999996
378 0.33199999999999996
379 0.33199999999999996
380 0.33199999999999996
381 0.33199999999999996
382 0.33199999999999996
383 0.33199999999999996
384 0.33199999999999996
385 0.33199999999999996
386 0.33199999999999996
387 0.33199999999999996
388 0.33199999999999996
389 0.33199999999999996
390 0.33199999999999996
391 0.33199999999999996
392 0.33199999999999996
393 0.33199999999999996
394 0.33199999999999996
395 0.32999999999999996
396 0.32999999999999996
397 0.32999999999999996
398 0.32999999999999996
399 0.32799999999999996
400 0.32599999999999996
401 0.32599999999999996
402 0.32599999999999996
403 0.32599999999999996
404 0.32599999999999996
405 0.32599999999999996
406 0.32599999999999996
407 0.32599999999999996
408 0.32599999999999996
409 0.32599999999999996
410 0.32599999999999996
411 0.32599999999999996
412 0.32599999999999996
413 0.32599999999999996
414 0.324
415 0.324
416 0.324
417 0.324
418 0.324
419 0.324
420 0.324
421 0.324
422 0.324
423 0.324
424 0.324
425 0.324
426 0.324
427 0.324
428 0.324
429 0.324
430 0.324
431 0.32199999999999995
432 0.32
433 0.31799999999999995
434 0.31799999999999995
435 0.31799999999999995
436 0.31799999999999995
437 0.31799999999999995
438 0.31799999999999995
439 0.31799999999999995
440 0.31799999999999995
441 0.316
442 0.316
443 0.314
444 0.314
445 0.314
446 0.314
447 0.314
448 0.314
449 0.314
450 0.314
451 0.314
452 0.314
453 0.314
454 0.314
455 0.31
456 0.31
457 0.31
458 0.31
459 0.31
460 0.31
461 0.31
462 0.31
463 0.31
464 0.31
465 0.31
466 0.31
467 0.31
468 0.31
469 0.31
470 0.31
471 0.31
472 0.31
473 0.31
474 0.31
475 0.31
476 0.31
477 0.30599999999999994
478 0.30599999999999994
479 0.30599999999999994
480 0.30599999999999994
481 0.30599999999999994
482 0.304
483 0.304
484 0.304
485 0.304
486 0.30199999999999994
487 0.30199999999999994
488 0.30199999999999994
489 0.30199999999999994
490 0.30199999999999994
491 0.30199999999999994
492 0.30199999999999994
493 0.30199999999999994
494 0.30199999999999994
495 0.30199999999999994
496 0.30199999999999994
497 0.30199999999999994
498 0.30199999999999994
499 0.30199999999999994
500 0.30199999999999994
501 0.30199999999999994
502 0.30199999999999994
503 0.30199999999999994
504 0.30199999999999994
505 0.30199999999999994
506 0.30199999999999994
507 0.3
508 0.3
509 0.3
510 0.3
511 0.3
512 0.29799999999999993
513 0.29799999999999993
514 0.29799999999999993
515 0.296
516 0.296
517 0.296
518 0.296
519 0.296
520 0.296
521 0.296
522 0.296
523 0.296
524 0.296
525 0.296
526 0.296
527 0.296
528 0.296
529 0.296
530 0.296
531 0.296
532 0.296
533 0.296
534 0.296
535 0.296
536 0.296
537 0.294
538 0.294
539 0.294
540 0.29200000000000004
541 0.29200000000000004
542 0.29200000000000004
543 0.29200000000000004
544 0.29200000000000004
545 0.29200000000000004
546 0.29200000000000004
547 0.29
548 0.29
549 0.29
550 0.29
551 0.29
552 0.29
553 0.29
554 0.29
555 0.29
556 0.29
557 0.29
558 0.29
559 0.28800000000000003
560 0.28800000000000003
561 0.28800000000000003
562 0.28800000000000003
563 0.28800000000000003
564 0.28800000000000003
565 0.28800000000000003
566 0.28800000000000003
567 0.28800000000000003
568 0.28800000000000003
569 0.28800000000000003
570 0.28800000000000003
571 0.28800000000000003
572 0.28800000000000003
573 0.28800000000000003
574 0.286
575 0.286
576 0.282
577 0.282
578 0.27999999999999997
579 0.27999999999999997
580 0.27999999999999997
581 0.27999999999999997
582 0.27999999999999997
583 0.27999999999999997
584 0.27999999999999997
585 0.27799999999999997
586 0.27799999999999997
587 0.27799999999999997
588 0.27799999999999997
589 0.27799999999999997
590 0.27799999999999997
591 0.27799999999999997
592 0.27799999999999997
593 0.27799999999999997
594 0.27799999999999997
595 0.27799999999999997
596 0.27799999999999997
597 0.27799999999999997
598 0.27799999999999997
599 0.27799999999999997
600 0.27799999999999997
601 0.27799999999999997
602 0.27799999999999997
603 0.27799999999999997
604 0.27799999999999997
605 0.27799999999999997
606 0.27799999999999997
607 0.27799999999999997
608 0.27799999999999997
609 0.27799999999999997
610 0.27799999999999997
611 0.27799999999999997
612 0.27799999999999997
613 0.27799999999999997
614 0.27799999999999997
615 0.27799999999999997
616 0.27799999999999997
617 0.27799999999999997
618 0.27799999999999997
619 0.27799999999999997
620 0.27799999999999997
621 0.27799999999999997
622 0.27799999999999997
623 0.27799999999999997
624 0.27799999999999997
625 0.27799999999999997
626 0.27799999999999997
627 0.27799999999999997
628 0.27799999999999997
629 0.27799999999999997
630 0.27799999999999997
631 0.27799999999999997
632 0.276
633 0.276
634 0.276
635 0.276
636 0.276
637 0.276
638 0.276
639 0.276
640 0.276
641 0.276
642 0.27399999999999997
643 0.27399999999999997
644 0.27399999999999997
645 0.27399999999999997
646 0.27399999999999997
647 0.27399999999999997
648 0.27399999999999997
649 0.27399999999999997
650 0.27399999999999997
651 0.27399999999999997
652 0.272
653 0.272
654 0.272
655 0.272
656 0.272
657 0.272
658 0.272
659 0.272
660 0.272
661 0.272
662 0.272
663 0.272
664 0.272
665 0.272
666 0.272
667 0.272
668 0.272
669 0.272
670 0.272
671 0.272
672 0.272
673 0.272
674 0.272
675 0.272
676 0.272
677 0.272
678 0.272
679 0.272
680 0.272
681 0.272
682 0.272
683 0.272
684 0.272
685 0.272
686 0.272
687 0.272
688 0.272
689 0.272
690 0.272
691 0.272
692 0.272
693 0.272
694 0.272
695 0.272
696 0.272
697 0.272
698 0.272
699 0.272
700 0.272
701 0.272
702 0.272
703 0.272
704 0.272
705 0.272
706 0.272
707 0.26999999999999996
708 0.26999999999999996
709 0.26999999999999996
710 0.26999999999999996
711 0.26999999999999996
712 0.26999999999999996
713 0.268
714 0.268
715 0.268
716 0.268
717 0.268
718 0.268
719 0.268
720 0.268
721 0.268
722 0.268
723 0.268
724 0.268
725 0.26599999999999996
726 0.264
727 0.264
728 0.264
729 0.264
730 0.264
731 0.264
732 0.264
733 0.264
734 0.264
735 0.264
736 0.264
737 0.264
738 0.264
739 0.264
740 0.264
741 0.264
742 0.264
743 0.264
744 0.264
745 0.264
746 0.264
747 0.264
748 0.26199999999999996
749 0.26199999999999996
750 0.26199999999999996
751 0.26199999999999996
752 0.26199999999999996
753 0.26199999999999996
754 0.26199999999999996
755 0.26199999999999996
756 0.26199999999999996
757 0.26199999999999996
758 0.26199999999999996
759 0.26199999999999996
760 0.26199999999999996
761 0.26199999999999996
762 0.26
763 0.26
764 0.26
765 0.26
766 0.26
767 0.26
768 0.26
769 0.26
770 0.26
771 0.26
772 0.26
773 0.26
774 0.26
775 0.25799999999999995
776 0.25799999999999995
777 0.25799999999999995
778 0.25799999999999995
779 0.25799999999999995
780 0.25799999999999995
781 0.25799999999999995
782 0.25799999999999995
783 0.25799999999999995
784 0.25799999999999995
785 0.25799999999999995
786 0.25799999999999995
787 0.25799999999999995
788 0.25799999999999995
789 0.25799999999999995
790 0.25799999999999995
791 0.25799999999999995
792 0.25799999999999995
793 0.25799999999999995
794 0.25799999999999995
795 0.25799999999999995
796 0.256
797 0.256
798 0.256
799 0.256
800 0.256
801 0.256
802 0.256
803 0.256
804 0.256
805 0.256
806 0.256
807 0.256
808 0.256
809 0.256
810 0.256
811 0.25400000000000006
812 0.25400000000000006
813 0.25400000000000006
814 0.25400000000000006
815 0.25400000000000006
816 0.25400000000000006
817 0.25400000000000006
818 0.25400000000000006
819 0.25400000000000006
820 0.25400000000000006
821 0.25400000000000006
822 0.25400000000000006
823 0.25400000000000006
824 0.25400000000000006
825 0.25400000000000006
826 0.25400000000000006
827 0.25400000000000006
828 0.25400000000000006
829 0.25400000000000006
830 0.25400000000000006
831 0.25400000000000006
832 0.25400000000000006
833 0.25400000000000006
834 0.25400000000000006
835 0.25400000000000006
836 0.252
837 0.252
838 0.252
839 0.252
840 0.252
841 0.252
842 0.252
843 0.252
844 0.252
845 0.252
846 0.252
847 0.252
848 0.252
849 0.252
850 0.252
851 0.252
852 0.252
853 0.252
854 0.252
855 0.252
856 0.252
857 0.252
858 0.25
859 0.25
860 0.25
861 0.25
862 0.25
863 0.25
864 0.25
865 0.25
866 0.25
867 0.25
868 0.25
869 0.25
870 0.25
871 0.25
872 0.25
873 0.25
874 0.25
875 0.25
876 0.25
877 0.25
878 0.25
879 0.25
880 0.25
881 0.25
882 0.25
883 0.25
884 0.25
885 0.25
886 0.25
887 0.25
888 0.25
889 0.25
890 0.25
891 0.24800000000000005
892 0.24800000000000005
893 0.24800000000000005
894 0.24800000000000005
895 0.24800000000000005
896 0.24800000000000005
897 0.24800000000000005
898 0.24800000000000005
899 0.24800000000000005
900 0.24800000000000005
901 0.24800000000000005
902 0.24800000000000005
903 0.24800000000000005
904 0.24800000000000005
905 0.24800000000000005
906 0.24800000000000005
907 0.24600000000000005
908 0.24600000000000005
909 0.24600000000000005
910 0.24600000000000005
911 0.24600000000000005
912 0.24600000000000005
913 0.24600000000000005
914 0.24600000000000005
915 0.24600000000000005
916 0.24600000000000005
917 0.24600000000000005
918 0.24600000000000005
919 0.24600000000000005
920 0.24600000000000005
921 0.24600000000000005
922 0.24600000000000005
923 0.24600000000000005
924 0.24600000000000005
925 0.24600000000000005
926 0.24600000000000005
927 0.24600000000000005
928 0.24600000000000005
929 0.24600000000000005
930 0.24600000000000005
931 0.24600000000000005
932 0.24600000000000005
933 0.24600000000000005
934 0.24600000000000005
935 0.24600000000000005
936 0.24600000000000005
937 0.24600000000000005
938 0.24600000000000005
939 0.24600000000000005
940 0.24600000000000005
941 0.24600000000000005
942 0.24600000000000005
943 0.24600000000000005
944 0.24600000000000005
945 0.24600000000000005
946 0.24600000000000005
947 0.24600000000000005
948 0.24600000000000005
949 0.24600000000000005
950 0.24600000000000005
951 0.24600000000000005
952 0.24600000000000005
953 0.24600000000000005
954 0.24600000000000005
955 0.24600000000000005
956 0.24600000000000005
957 0.24600000000000005
958 0.24600000000000005
959 0.24600000000000005
960 0.24600000000000005
961 0.24600000000000005
962 0.24600000000000005
963 0.24600000000000005
964 0.24600000000000005
965 0.24600000000000005
966 0.24600000000000005
967 0.24600000000000005
968 0.24600000000000005
969 0.24600000000000005
970 0.24600000000000005
971 0.24600000000000005
972 0.24600000000000005
973 0.24600000000000005
974 0.24600000000000005
975 0.24600000000000005
976 0.24600000000000005
977 0.24600000000000005
978 0.24600000000000005
979 0.24600000000000005
980 0.24600000000000005
981 0.24600000000000005
982 0.24600000000000005
983 0.24600000000000005
984 0.24600000000000005
985 0.24600000000000005
986 0.24600000000000005
987 0.24600000000000005
988 0.24600000000000005
989 0.24600000000000005
990 0.24600000000000005
991 0.24600000000000005
992 0.24600000000000005
993 0.24600000000000005
994 0.24600000000000005
995 0.24600000000000005
996 0.24600000000000005
997 0.24600000000000005
998 0.24600000000000005
999 0.24600000000000005
