1 1.0
2 1.0
3 1.0
4 1.0
5 0.9940000000000001
6 0.99
7 0.986
8 0.9760000000000002
9 0.97
10 0.968
11 0.9600000000000002
12 0.954
13 0.952
14 0.9280000000000002
15 0.9260000000000002
16 0.9260000000000002
17 0.9179999999999999
18 0.9100000000000001
19 0.9059999999999999
20 0.9
21 0.8880000000000001
22 0.8820000000000002
23 0.874
24 0.86
25 0.8520000000000001
26 0.842
27 0.8360000000000001
28 0.8360000000000001
29 0.8260000000000002
30 0.8220000000000001
31 0.8160000000000001
32 0.812
33 0.806
34 0.796
35 0.796
36 0.794
37 0.79
38 0.7820000000000001
39 0.7780000000000001
40 0.7720000000000001
41 0.7680000000000001
42 0.7560000000000001
43 0.7500000000000001
44 0.742
45 0.738
46 0.7300000000000001
47 0.7200000000000001
48 0.7160000000000001
49 0.7140000000000001
50 0.7060000000000001
51 0.7
52 0.686
53 0.6819999999999999
54 0.6799999999999999
55 0.6759999999999999
56 0.674
57 0.6719999999999999
58 0.67
59 0.668
60 0.666
61 0.666
62 0.662
63 0.654
64 0.654
65 0.6519999999999999
66 0.65
67 0.6479999999999999
68 0.638
69 0.638
70 0.636
71 0.632
72 0.624
73 0.622
74 0.6199999999999999
75 0.6199999999999999
76 0.6159999999999999
77 0.6159999999999999
78 0.6119999999999999
79 0.61
80 0.61
81 0.61
82 0.606
83 0.6
84 0.596
85 0.594
86 0.5900000000000001
87 0.588
88 0.584
89 0.584
90 0.5820000000000001
91 0.5800000000000001
92 0.5760000000000001
93 0.5740000000000001
94 0.5720000000000001
95 0.5680000000000001
96 0.564
97 0.564
98 0.5619999999999999
99 0.5619999999999999
100 0.5599999999999999
101 0.554
102 0.5479999999999999
103 0.544
104 0.5399999999999999
105 0.538
106 0.532
107 0.532
108 0.53
109 0.524
110 0.522
111 0.522
112 0.522
113 0.5200000000000001
114 0.5200000000000001
115 0.5200000000000001
116 0.516
117 0.514
118 0.51
119 0.5
120 0.49399999999999994
121 0.492
122 0.492
123 0.49000000000000005
124 0.48599999999999993
125 0.48200000000000004
126 0.476
127 0.47400000000000003
128 0.4700000000000001
129 0.46799999999999997
130 0.466
131 0.466
132 0.4640000000000001
133 0.4640000000000001
134 0.45999999999999996
135 0.45999999999999996
136 0.45999999999999996
137 0.45999999999999996
138 0.45999999999999996
139 0.458
140 0.458
141 0.458
142 0.45600000000000007
143 0.45600000000000007
144 0.45600000000000007
145 0.45
146 0.446
147 0.44399999999999995
148 0.44399999999999995
149 0.44399999999999995
150 0.44399999999999995
151 0.442
152 0.44000000000000006
153 0.44000000000000006
154 0.438
155 0.438
156 0.438
157 0.43600000000000005
158 0.434
159 0.42800000000000005
160 0.42800000000000005
161 0.426
162 0.426
163 0.42400000000000004
164 0.42400000000000004
165 0.42400000000000004
166 0.422
167 0.42000000000000004
168 0.418
169 0.418
170 0.414
171 0.41
172 0.41
173 0.41
174 0.41
175 0.40800000000000003
176 0.40800000000000003
177 0.40599999999999997
178 0.40599999999999997
179 0.40199999999999997
180 0.4
181 0.4
182 0.4
183 0.4
184 0.4
185 0.396
186 0.396
187 0.396
188 0.396
189 0.396
190 0.396
191 0.394
192 0.392
193 0.392
194 0.392
195 0.392
196 0.392
197 0.392
198 0.392
199 0.392
200 0.392
201 0.392
202 0.39
203 0.388
204 0.388
205 0.388
206 0.386
207 0.386
208 0.386
209 0.386
210 0.386
211 0.382
212 0.382
213 0.382
214 0.382
215 0.382
216 0.382
217 0.38
218 0.378
219 0.378
220 0.378
221 0.378
222 0.378
223 0.378
224 0.376
225 0.374
226 0.374
227 0.374
228 0.374
229 0.374
230 0.372
231 0.372
232 0.37
233 0.37
234 0.368
235 0.368
236 0.366
237 0.366
238 0.362
239 0.362
240 0.362
241 0.362
242 0.362
243 0.362
244 0.358
245 0.356
246 0.356
247 0.352
248 0.352
249 0.352
250 0.352
251 0.352
252 0.352
253 0.352
254 0.352
255 0.352
256 0.352
257 0.352
258 0.352
259 0.352
260 0.352
261 0.352
262 0.352
263 0.35
264 0.35
265 0.35
266 0.35
267 0.346
268 0.346
269 0.344
270 0.344
271 0.34199999999999997
272 0.34199999999999997
273 0.34199999999999997
274 0.34199999999999997
275 0.34199999999999997
276 0.34199999999999997
277 0.34199999999999997
278 0.33999999999999997
279 0.33999999999999997
280 0.33999999999999997
281 0.33999999999999997
282 0.33999999999999997
283 0.33999999999999997
284 0.33999999999999997
285 0.33999999999999997
286 0.33999999999999997
287 0.33799999999999997
288 0.33399999999999996
289 0.33399999999999996
290 0.33399999999999996
291 0.33199999999999996
292 0.33199999999999996
293 0.33199999999999996
294 0.33199999999999996
295 0.33199999999999996
296 0.33199999999999996
297 0.33199999999999996
298 0.32799999999999996
299 0.32599999999999996
300 0.32599999999999996
301 0.32599999999999996
302 0.32599999999999996
303 0.32599999999999996
304 0.32599999999999996
305 0.32599999999999996
306 0.32599999999999996
307 0.32599999999999996
308 0.32599999999999996
309 0.32399999999999995
310 0.32399999999999995
311 0.32199999999999995
312 0.31999999999999995
313 0.318
314 0.316
315 0.316
316 0.314
317 0.314
318 0.314
319 0.312
320 0.312
321 0.312
322 0.312
323 0.31
324 0.308
325 0.306
326 0.306
327 0.306
328 0.306
329 0.306
330 0.306
331 0.306
332 0.306
333 0.306
334 0.306
335 0.306
336 0.306
337 0.306
338 0.306
339 0.306
340 0.306
341 0.306
342 0.306
343 0.306
344 0.304
345 0.304
346 0.304
347 0.304
348 0.304
349 0.302
350 0.302
351 0.302
352 0.302
353 0.302
354 0.302
355 0.302
356 0.302
357 0.302
358 0.302
359 0.302
360 0.302
361 0.302
362 0.3
363 0.3
364 0.3
365 0.298
366 0.298
367 0.298
368 0.298
369 0.298
370 0.298
371 0.298
372 0.298
373 0.298
374 0.298
375 0.298
376 0.298
377 0.298
378 0.298
379 0.298
380 0.296
381 0.296
382 0.296
383 0.296
384 0.296
385 0.296
386 0.296
387 0.296
388 0.296
389 0.296
390 0.296
391 0.29400000000000004
392 0.29400000000000004
393 0.29400000000000004
394 0.29400000000000004
395 0.292
396 0.29000000000000004
397 0.29000000000000004
398 0.29000000000000004
399 0.29000000000000004
400 0.29000000000000004
401 0.29000000000000004
402 0.29000000000000004
403 0.29000000000000004
404 0.29000000000000004
405 0.29000000000000004
406 0.29000000000000004
407 0.29000000000000004
408 0.29000000000000004
409 0.29000000000000004
410 0.288
411 0.288
412 0.28600000000000003
413 0.28600000000000003
414 0.28600000000000003
415 0.284
416 0.28200000000000003
417 0.28200000000000003
418 0.28200000000000003
419 0.28200000000000003
420 0.28200000000000003
421 0.28200000000000003
422 0.28200000000000003
423 0.28200000000000003
424 0.28200000000000003
425 0.28200000000000003
426 0.28200000000000003
427 0.28200000000000003
428 0.28200000000000003
429 0.28200000000000003
430 0.28200000000000003
431 0.27999999999999997
432 0.27999999999999997
433 0.27999999999999997
434 0.278
435 0.278
436 0.278
437 0.278
438 0.278
439 0.278
440 0.278
441 0.278
442 0.278
443 0.278
444 0.278
445 0.278
446 0.278
447 0.278
448 0.27599999999999997
449 0.27599999999999997
450 0.27599999999999997
451 0.27599999999999997
452 0.27599999999999997
453 0.27599999999999997
454 0.27599999999999997
455 0.27599999999999997
456 0.274
457 0.274
458 0.274
459 0.274
460 0.274
461 0.274
462 0.274
463 0.274
464 0.274
465 0.274
466 0.274
467 0.27199999999999996
468 0.27
469 0.27
470 0.26799999999999996
471 0.26400000000000007
472 0.26400000000000007
473 0.26400000000000007
474 0.26400000000000007
475 0.26400000000000007
476 0.26400000000000007
477 0.26400000000000007
478 0.26400000000000007
479 0.26400000000000007
480 0.26400000000000007
481 0.26400000000000007
482 0.26400000000000007
483 0.26400000000000007
484 0.26400000000000007
485 0.26400000000000007
486 0.26400000000000007
487 0.26400000000000007
488 0.26400000000000007
489 0.26400000000000007
490 0.26400000000000007
491 0.26400000000000007
492 0.26400000000000007
493 0.26400000000000007
494 0.26400000000000007
495 0.26400000000000007
496 0.26400000000000007
497 0.26400000000000007
498 0.26400000000000007
499 0.26400000000000007
500 0.26400000000000007
501 0.26400000000000007
502 0.26400000000000007
503 0.26400000000000007
504 0.26400000000000007
505 0.262
506 0.262
507 0.26000000000000006
508 0.26000000000000006
509 0.26000000000000006
510 0.26000000000000006
511 0.26000000000000006
512 0.26000000000000006
513 0.26000000000000006
514 0.26000000000000006
515 0.26000000000000006
516 0.26000000000000006
517 0.26000000000000006
518 0.26000000000000006
519 0.26000000000000006
520 0.26000000000000006
521 0.26000000000000006
522 0.26000000000000006
523 0.26000000000000006
524 0.26000000000000006
525 0.26000000000000006
526 0.26000000000000006
527 0.26000000000000006
528 0.26000000000000006
529 0.26000000000000006
530 0.26000000000000006
531 0.26000000000000006
532 0.26000000000000006
533 0.26000000000000006
534 0.26000000000000006
535 0.26000000000000006
536 0.26000000000000006
537 0.26000000000000006
538 0.26000000000000006
539 0.26000000000000006
540 0.258
541 0.258
542 0.25600000000000006
543 0.25600000000000006
544 0.25600000000000006
545 0.25600000000000006
546 0.25600000000000006
547 0.25600000000000006
548 0.25600000000000006
549 0.25600000000000006
550 0.25600000000000006
551 0.25600000000000006
552 0.25600000000000006
553 0.25600000000000006
554 0.25600000000000006
555 0.25600000000000006
556 0.25600000000000006
557 0.25600000000000006
558 0.25600000000000006
559 0.25600000000000006
560 0.25600000000000006
561 0.25600000000000006
562 0.25600000000000006
563 0.25600000000000006
564 0.25600000000000006
565 0.25600000000000006
566 0.25600000000000006
567 0.25600000000000006
568 0.25600000000000006
569 0.25600000000000006
570 0.254
571 0.254
572 0.254
573 0.25200000000000006
574 0.25
575 0.25
576 0.25
577 0.25
578 0.25
579 0.25
580 0.25
581 0.25
582 0.25
583 0.24800000000000005
584 0.24800000000000005
585 0.24800000000000005
586 0.24800000000000005
587 0.24800000000000005
588 0.24800000000000005
589 0.24800000000000005
590 0.24800000000000005
591 0.24800000000000005
592 0.246
593 0.246
594 0.246
595 0.246
596 0.246
597 0.246
598 0.246
599 0.246
600 0.246
601 0.246
602 0.246
603 0.246
604 0.24400000000000005
605 0.24400000000000005
606 0.24400000000000005
607 0.24400000000000005
608 0.24400000000000005
609 0.24400000000000005
610 0.24400000000000005
611 0.24400000000000005
612 0.24400000000000005
613 0.24400000000000005
614 0.242
615 0.242
616 0.242
617 0.242
618 0.242
619 0.242
620 0.242
621 0.242
622 0.24000000000000005
623 0.24000000000000005
624 0.238
625 0.238
626 0.238
627 0.238
628 0.238
629 0.238
630 0.238
631 0.238
632 0.238
633 0.238
634 0.238
635 0.238
636 0.238
637 0.238
638 0.238
639 0.238
640 0.238
641 0.238
642 0.238
643 0.238
644 0.23600000000000004
645 0.23600000000000004
646 0.23600000000000004
647 0.23600000000000004
648 0.23600000000000004
649 0.23600000000000004
650 0.23600000000000004
651 0.23600000000000004
652 0.23600000000000004
653 0.23399999999999999
654 0.23399999999999999
655 0.23399999999999999
656 0.23399999999999999
657 0.23399999999999999
658 0.23399999999999999
659 0.23399999999999999
660 0.23399999999999999
661 0.23399999999999999
662 0.23399999999999999
663 0.23399999999999999
664 0.23399999999999999
665 0.23399999999999999
666 0.23399999999999999
667 0.23399999999999999
668 0.23399999999999999
669 0.23399999999999999
670 0.23200000000000004
671 0.23200000000000004
672 0.23200000000000004
673 0.23200000000000004
674 0.23200000000000004
675 0.23200000000000004
676 0.23200000000000004
677 0.23200000000000004
678 0.23200000000000004
679 0.23200000000000004
680 0.23200000000000004
681 0.23000000000000004
682 0.23000000000000004
683 0.23000000000000004
684 0.23000000000000004
685 0.23000000000000004
686 0.23000000000000004
687 0.23000000000000004
688 0.23000000000000004
689 0.23000000000000004
690 0.23000000000000004
691 0.23000000000000004
692 0.23000000000000004
693 0.22600000000000003
694 0.22600000000000003
695 0.22600000000000003
696 0.22600000000000003
697 0.22600000000000003
698 0.22600000000000003
699 0.22600000000000003
700 0.22600000000000003
701 0.22600000000000003
702 0.22600000000000003
703 0.22600000000000003
704 0.22600000000000003
705 0.22600000000000003
706 0.22600000000000003
707 0.22600000000000003
708 0.22600000000000003
709 0.22600000000000003
710 0.22600000000000003
711 0.22600000000000003
712 0.22600000000000003
713 0.22600000000000003
714 0.22600000000000003
715 0.22600000000000003
716 0.22600000000000003
717 0.22600000000000003
718 0.22400000000000003
719 0.22400000000000003
720 0.22400000000000003
721 0.22400000000000003
722 0.22400000000000003
723 0.22400000000000003
724 0.22400000000000003
725 0.22400000000000003
726 0.22400000000000003
727 0.22400000000000003
728 0.22400000000000003
729 0.22400000000000003
730 0.22200000000000003
731 0.22200000000000003
732 0.22200000000000003
733 0.22200000000000003
734 0.22200000000000003
735 0.22200000000000003
736 0.22200000000000003
737 0.22200000000000003
738 0.22200000000000003
739 0.22200000000000003
740 0.22200000000000003
741 0.22200000000000003
742 0.22200000000000003
743 0.22200000000000003
744 0.22200000000000003
745 0.22200000000000003
746 0.22200000000000003
747 0.22200000000000003
748 0.22200000000000003
749 0.22200000000000003
750 0.22200000000000003
751 0.22200000000000003
752 0.22200000000000003
753 0.22200000000000003
754 0.22200000000000003
755 0.22200000000000003
756 0.22200000000000003
757 0.22200000000000003
758 0.22200000000000003
759 0.22200000000000003
760 0.22200000000000003
761 0.22200000000000003
762 0.22200000000000003
763 0.22200000000000003
764 0.22200000000000003
765 0.22200000000000003
766 0.22200000000000003
767 0.22200000000000003
768 0.22200000000000003
769 0.22200000000000003
770 0.22200000000000003
771 0.22200000000000003
772 0.22200000000000003
773 0.22200000000000003
774 0.22200000000000003
775 0.22200000000000003
776 0.22200000000000003
777 0.22200000000000003
778 0.22000000000000003
779 0.22000000000000003
780 0.22000000000000003
781 0.22000000000000003
782 0.22000000000000003
783 0.22000000000000003
784 0.22000000000000003
785 0.22000000000000003
786 0.22000000000000003
787 0.22000000000000003
788 0.22000000000000003
789 0.22000000000000003
790 0.22000000000000003
791 0.22000000000000003
792 0.22000000000000003
793 0.22000000000000003
794 0.22000000000000003
795 0.22000000000000003
796 0.22000000000000003
797 0.22000000000000003
798 0.22000000000000003
799 0.22000000000000003
800 0.22000000000000003
801 0.22000000000000003
802 0.22000000000000003
803 0.22000000000000003
804 0.22000000000000003
805 0.22000000000000003
806 0.22000000000000003
807 0.22000000000000003
808 0.22000000000000003
809 0.22000000000000003
810 0.22000000000000003
811 0.22000000000000003
812 0.22000000000000003
813 0.22000000000000003
814 0.22000000000000003
815 0.22000000000000003
816 0.22000000000000003
817 0.22000000000000003
818 0.21800000000000003
819 0.21800000000000003
820 0.21800000000000003
821 0.21800000000000003
822 0.21800000000000003
823 0.21800000000000003
824 0.21800000000000003
825 0.21800000000000003
826 0.21800000000000003
827 0.21800000000000003
828 0.21800000000000003
829 0.21800000000000003
830 0.21800000000000003
831 0.21800000000000003
832 0.21800000000000003
833 0.21800000000000003
834 0.21800000000000003
835 0.21800000000000003
836 0.21800000000000003
837 0.21800000000000003
838 0.21800000000000003
839 0.21800000000000003
840 0.21800000000000003
841 0.21800000000000003
842 0.21800000000000003
843 0.21800000000000003
844 0.21800000000000003
845 0.21800000000000003
846 0.21800000000000003
847 0.21800000000000003
848 0.21800000000000003
849 0.21800000000000003
850 0.21800000000000003
851 0.21800000000000003
852 0.21800000000000003
853 0.21800000000000003
854 0.21800000000000003
855 0.21800000000000003
856 0.21800000000000003
857 0.21800000000000003
858 0.21599999999999997
859 0.21599999999999997
860 0.21599999999999997
861 0.21599999999999997
862 0.21599999999999997
863 0.21599999999999997
864 0.21599999999999997
865 0.21599999999999997
866 0.21599999999999997
867 0.21599999999999997
868 0.21599999999999997
869 0.21599999999999997
870 0.21599999999999997
871 0.21599999999999997
872 0.21599999999999997
873 0.21599999999999997
874 0.21599999999999997
875 0.21599999999999997
876 0.21599999999999997
877 0.21599999999999997
878 0.21599999999999997
879 0.21599999999999997
880 0.21599999999999997
881 0.21599999999999997
882 0.21399999999999997
883 0.21399999999999997
884 0.21399999999999997
885 0.21399999999999997
886 0.21399999999999997
887 0.21399999999999997
888 0.21399999999999997
889 0.21399999999999997
890 0.21399999999999997
891 0.21399999999999997
892 0.21399999999999997
893 0.21399999999999997
894 0.21399999999999997
895 0.21399999999999997
896 0.21399999999999997
897 0.21399999999999997
898 0.21399999999999997
899 0.21399999999999997
900 0.21399999999999997
901 0.21399999999999997
902 0.21399999999999997
903 0.21399999999999997
904 0.21399999999999997
905 0.21399999999999997
906 0.21399999999999997
907 0.21399999999999997
908 0.21399999999999997
909 0.21399999999999997
910 0.21399999999999997
911 0.21399999999999997
912 0.21399999999999997
913 0.21399999999999997
914 0.21399999999999997
915 0.21399999999999997
916 0.21399999999999997
917 0.21399999999999997
918 0.21399999999999997
919 0.21399999999999997
920 0.21399999999999997
921 0.21399999999999997
922 0.21399999999999997
923 0.21399999999999997
924 0.21399999999999997
925 0.21399999999999997
926 0.21399999999999997
927 0.21399999999999997
928 0.21399999999999997
929 0.21399999999999997
930 0.21199999999999997
931 0.21199999999999997
932 0.21199999999999997
933 0.21199999999999997
934 0.21199999999999997
935 0.21199999999999997
936 0.21199999999999997
937 0.21199999999999997
938 0.21199999999999997
939 0.21199999999999997
940 0.21199999999999997
941 0.21199999999999997
942 0.21199999999999997
943 0.21199999999999997
944 0.21199999999999997
945 0.21199999999999997
946 0.21199999999999997
947 0.21199999999999997
948 0.21199999999999997
949 0.21199999999999997
950 0.21199999999999997
951 0.21199999999999997
952 0.21199999999999997
953 0.21199999999999997
954 0.21199999999999997
955 0.21199999999999997
956 0.21199999999999997
957 0.21199999999999997
958 0.21199999999999997
959 0.21199999999999997
960 0.21199999999999997
961 0.21199999999999997
962 0.21199999999999997
963 0.20999999999999996
964 0.20999999999999996
965 0.20999999999999996
966 0.20999999999999996
967 0.20999999999999996
968 0.20999999999999996
969 0.20999999999999996
970 0.20999999999999996
971 0.20999999999999996
972 0.20999999999999996
973 0.20999999999999996
974 0.20999999999999996
975 0.20999999999999996
976 0.20999999999999996
977 0.20799999999999996
978 0.20799999999999996
979 0.20799999999999996
980 0.20799999999999996
981 0.20799999999999996
982 0.20799999999999996
983 0.20799999999999996
984 0.20799999999999996
985 0.20799999999999996
986 0.20799999999999996
987 0.20799999999999996
988 0.20799999999999996
989 0.20799999999999996
990 0.20799999999999996
991 0.20799999999999996
992 0.20799999999999996
993 0.20799999999999996
994 0.20599999999999996
995 0.20599999999999996
996 0.20599999999999996
997 0.20599999999999996
998 0.20599999999999996
999 0.20599999999999996
