1 1.0
2 1.0
3 1.0
4 1.0
5 1.0
6 1.0
7 1.0
8 0.998
9 0.998
10 0.9960000000000001
11 0.9960000000000001
12 0.9960000000000001
13 0.9940000000000001
14 0.9940000000000001
15 0.9940000000000001
16 0.99
17 0.99
18 0.99
19 0.99
20 0.99
21 0.99
22 0.99
23 0.99
24 0.99
25 0.986
26 0.986
27 0.986
28 0.986
29 0.984
30 0.982
31 0.982
32 0.982
33 0.978
34 0.978
35 0.978
36 0.976
37 0.9719999999999999
38 0.9719999999999999
39 0.97
40 0.97
41 0.97
42 0.97
43 0.968
44 0.968
45 0.966
46 0.966
47 0.966
48 0.966
49 0.966
50 0.966
51 0.966
52 0.9640000000000001
53 0.96
54 0.96
55 0.96
56 0.958
57 0.9560000000000001
58 0.9560000000000001
59 0.9540000000000001
60 0.9480000000000001
61 0.9480000000000001
62 0.9480000000000001
63 0.9460000000000001
64 0.9460000000000001
65 0.9460000000000001
66 0.942
67 0.9400000000000001
68 0.9400000000000001
69 0.9400000000000001
70 0.9400000000000001
71 0.9400000000000001
72 0.9380000000000001
73 0.9360000000000002
74 0.9360000000000002
75 0.9360000000000002
76 0.932
77 0.932
78 0.932
79 0.932
80 0.93
81 0.9280000000000002
82 0.9280000000000002
83 0.9280000000000002
84 0.9280000000000002
85 0.9260000000000002
86 0.9260000000000002
87 0.924
88 0.924
89 0.922
90 0.9179999999999999
91 0.916
92 0.916
93 0.914
94 0.9120000000000001
95 0.9120000000000001
96 0.908
97 0.908
98 0.908
99 0.908
100 0.908
101 0.9040000000000001
102 0.9040000000000001
103 0.9040000000000001
104 0.9040000000000001
105 0.9040000000000001
106 0.9040000000000001
107 0.9019999999999999
108 0.9019999999999999
109 0.9019999999999999
110 0.9019999999999999
111 0.9019999999999999
112 0.898
113 0.8960000000000001
114 0.8939999999999999
115 0.8939999999999999
116 0.8939999999999999
117 0.8939999999999999
118 0.8939999999999999
119 0.8939999999999999
120 0.8880000000000001
121 0.8880000000000001
122 0.8880000000000001
123 0.8880000000000001
124 0.8880000000000001
125 0.8880000000000001
126 0.8880000000000001
127 0.8880000000000001
128 0.8880000000000001
129 0.8880000000000001
130 0.8860000000000001
131 0.8860000000000001
132 0.884
133 0.884
134 0.882
135 0.882
136 0.882
137 0.882
138 0.882
139 0.882
140 0.882
141 0.8799999999999999
142 0.8799999999999999
143 0.8799999999999999
144 0.8799999999999999
145 0.8799999999999999
146 0.8799999999999999
147 0.8779999999999999
148 0.876
149 0.876
150 0.8720000000000001
151 0.8700000000000001
152 0.8700000000000001
153 0.8700000000000001
154 0.8700000000000001
155 0.8680000000000001
156 0.8680000000000001
157 0.866
158 0.8619999999999999
159 0.8619999999999999
160 0.8619999999999999
161 0.86
162 0.86
163 0.86
164 0.86
165 0.86
166 0.858
167 0.858
168 0.8559999999999999
169 0.8559999999999999
170 0.8559999999999999
171 0.8559999999999999
172 0.8559999999999999
173 0.8539999999999999
174 0.852
175 0.852
176 0.852
177 0.852
178 0.852
179 0.852
180 0.852
181 0.852
182 0.852
183 0.85
184 0.85
185 0.85
186 0.85
187 0.8479999999999999
188 0.844
189 0.842
190 0.8400000000000001
191 0.8380000000000001
192 0.836
193 0.836
194 0.834
195 0.834
196 0.834
197 0.8320000000000001
198 0.8300000000000001
199 0.8300000000000001
200 0.8300000000000001
201 0.8300000000000001
202 0.8280000000000001
203 0.8280000000000001
204 0.8280000000000001
205 0.8280000000000001
206 0.8280000000000001
207 0.8280000000000001
208 0.8240000000000001
209 0.8240000000000001
210 0.8240000000000001
211 0.8200000000000001
212 0.8200000000000001
213 0.8180000000000002
214 0.8180000000000002
215 0.8160000000000001
216 0.8160000000000001
217 0.8160000000000001
218 0.8160000000000001
219 0.8160000000000001
220 0.8160000000000001
221 0.812
222 0.812
223 0.812
224 0.812
225 0.812
226 0.8100000000000002
227 0.8100000000000002
228 0.8100000000000002
229 0.8100000000000002
230 0.8080000000000002
231 0.8080000000000002
232 0.806
233 0.806
234 0.804
235 0.8
236 0.798
237 0.798
238 0.7939999999999999
239 0.7939999999999999
240 0.792
241 0.792
242 0.792
243 0.788
244 0.786
245 0.786
246 0.784
247 0.78
248 0.778
249 0.778
250 0.778
251 0.776
252 0.776
253 0.776
254 0.77
255 0.77
256 0.768
257 0.768
258 0.768
259 0.768
260 0.7659999999999999
261 0.7659999999999999
262 0.7659999999999999
263 0.7659999999999999
264 0.764
265 0.764
266 0.764
267 0.762
268 0.762
269 0.762
270 0.762
271 0.762
272 0.76
273 0.76
274 0.76
275 0.76
276 0.758
277 0.758
278 0.758
279 0.758
280 0.758
281 0.756
282 0.756
283 0.756
284 0.7540000000000001
285 0.7540000000000001
286 0.7540000000000001
287 0.7520000000000001
288 0.748
289 0.7460000000000001
290 0.744
291 0.744
292 0.744
293 0.744
294 0.7420000000000001
295 0.7420000000000001
296 0.7420000000000001
297 0.7380000000000001
298 0.736
299 0.736
300 0.732
301 0.732
302 0.73
303 0.73
304 0.728
305 0.728
306 0.728
307 0.7260000000000001
308 0.72
309 0.718
310 0.718
311 0.716
312 0.716
313 0.716
314 0.716
315 0.7140000000000001
316 0.7140000000000001
317 0.7140000000000001
318 0.7100000000000001
319 0.708
320 0.708
321 0.7060000000000001
322 0.7060000000000001
323 0.7020000000000001
324 0.7020000000000001
325 0.698
326 0.696
327 0.696
328 0.696
329 0.694
330 0.694
331 0.6900000000000001
332 0.6859999999999999
333 0.6859999999999999
334 0.6859999999999999
335 0.6859999999999999
336 0.6859999999999999
337 0.6859999999999999
338 0.6859999999999999
339 0.6859999999999999
340 0.6859999999999999
341 0.6859999999999999
342 0.6859999999999999
343 0.6859999999999999
344 0.6839999999999999
345 0.6839999999999999
346 0.6839999999999999
347 0.6839999999999999
348 0.6839999999999999
349 0.682
350 0.682
351 0.682
352 0.682
353 0.6799999999999999
354 0.6779999999999999
355 0.6779999999999999
356 0.6779999999999999
357 0.6739999999999999
358 0.6739999999999999
359 0.6739999999999999
360 0.6739999999999999
361 0.6719999999999999
362 0.6719999999999999
363 0.6719999999999999
364 0.6719999999999999
365 0.67
366 0.6679999999999999
367 0.6679999999999999
368 0.6679999999999999
369 0.6639999999999999
370 0.6639999999999999
371 0.6639999999999999
372 0.6599999999999999
373 0.6599999999999999
374 0.6599999999999999
375 0.6579999999999999
376 0.6579999999999999
377 0.6579999999999999
378 0.6559999999999999
379 0.6559999999999999
380 0.6559999999999999
381 0.6539999999999999
382 0.65
383 0.65
384 0.6479999999999999
385 0.6479999999999999
386 0.6479999999999999
387 0.6479999999999999
388 0.6479999999999999
389 0.6479999999999999
390 0.6479999999999999
391 0.6479999999999999
392 0.6479999999999999
393 0.6459999999999999
394 0.6439999999999999
395 0.6439999999999999
396 0.6439999999999999
397 0.6439999999999999
398 0.642
399 0.642
400 0.642
401 0.642
402 0.642
403 0.638
404 0.638
405 0.638
406 0.636
407 0.636
408 0.634
409 0.634
410 0.632
411 0.632
412 0.632
413 0.632
414 0.632
415 0.632
416 0.628
417 0.628
418 0.626
419 0.6239999999999999
420 0.6239999999999999
421 0.6239999999999999
422 0.6199999999999999
423 0.6199999999999999
424 0.618
425 0.6159999999999999
426 0.6159999999999999
427 0.6159999999999999
428 0.6159999999999999
429 0.6159999999999999
430 0.614
431 0.614
432 0.6119999999999999
433 0.6119999999999999
434 0.6119999999999999
435 0.6119999999999999
436 0.6119999999999999
437 0.61
438 0.61
439 0.61
440 0.61
441 0.61
442 0.61
443 0.61
444 0.61
445 0.61
446 0.61
447 0.61
448 0.61
449 0.61
450 0.61
451 0.61
452 0.61
453 0.61
454 0.61
455 0.61
456 0.608
457 0.608
458 0.6059999999999999
459 0.6059999999999999
460 0.6059999999999999
461 0.6059999999999999
462 0.6059999999999999
463 0.6059999999999999
464 0.6059999999999999
465 0.6059999999999999
466 0.6059999999999999
467 0.6059999999999999
468 0.6059999999999999
469 0.6039999999999999
470 0.602
471 0.602
472 0.602
473 0.602
474 0.6
475 0.6
476 0.5980000000000001
477 0.5959999999999999
478 0.5959999999999999
479 0.5959999999999999
480 0.594
481 0.594
482 0.594
483 0.592
484 0.592
485 0.592
486 0.592
487 0.592
488 0.592
489 0.592
490 0.592
491 0.592
492 0.592
493 0.592
494 0.592
495 0.592
496 0.592
497 0.5899999999999999
498 0.5899999999999999
499 0.586
500 0.584
501 0.5799999999999998
502 0.578
503 0.578
504 0.576
505 0.576
506 0.568
507 0.568
508 0.568
509 0.5660000000000001
510 0.5660000000000001
511 0.5660000000000001
512 0.564
513 0.5619999999999999
514 0.5619999999999999
515 0.5619999999999999
516 0.5619999999999999
517 0.5599999999999999
518 0.5599999999999999
519 0.5599999999999999
520 0.5599999999999999
521 0.5579999999999999
522 0.5579999999999999
523 0.5539999999999999
524 0.5539999999999999
525 0.5539999999999999
526 0.5539999999999999
527 0.5539999999999999
528 0.5539999999999999
529 0.5539999999999999
530 0.5539999999999999
531 0.5519999999999999
532 0.5519999999999999
533 0.5519999999999999
534 0.5499999999999999
535 0.5499999999999999
536 0.5499999999999999
537 0.5499999999999999
538 0.5499999999999999
539 0.5499999999999999
540 0.5499999999999999
541 0.5499999999999999
542 0.5499999999999999
543 0.5479999999999999
544 0.5479999999999999
545 0.5459999999999999
546 0.5459999999999999
547 0.5459999999999999
548 0.5459999999999999
549 0.5439999999999998
550 0.5439999999999998
551 0.5439999999999998
552 0.5439999999999998
553 0.5439999999999998
554 0.5439999999999998
555 0.5439999999999998
556 0.5419999999999999
557 0.5419999999999999
558 0.5399999999999999
559 0.5399999999999999
560 0.5379999999999999
561 0.5379999999999999
562 0.5379999999999999
563 0.5379999999999999
564 0.5359999999999999
565 0.534
566 0.534
567 0.534
568 0.534
569 0.534
570 0.534
571 0.532
572 0.532
573 0.532
574 0.53
575 0.53
576 0.53
577 0.53
578 0.53
579 0.5279999999999999
580 0.5279999999999999
581 0.5279999999999999
582 0.526
583 0.526
584 0.526
585 0.526
586 0.524
587 0.522
588 0.522
589 0.52
590 0.52
591 0.518
592 0.516
593 0.516
594 0.516
595 0.516
596 0.516
597 0.516
598 0.516
599 0.516
600 0.516
601 0.516
602 0.514
603 0.514
604 0.512
605 0.512
606 0.512
607 0.512
608 0.512
609 0.512
610 0.512
611 0.512
612 0.506
613 0.506
614 0.506
615 0.506
616 0.506
617 0.506
618 0.5039999999999999
619 0.5039999999999999
620 0.5039999999999999
621 0.5039999999999999
622 0.5039999999999999
623 0.502
624 0.5
625 0.49800000000000005
626 0.49800000000000005
627 0.49800000000000005
628 0.4959999999999999
629 0.4959999999999999
630 0.4959999999999999
631 0.4959999999999999
632 0.4959999999999999
633 0.4959999999999999
634 0.4959999999999999
635 0.49399999999999994
636 0.49399999999999994
637 0.49399999999999994
638 0.492
639 0.492
640 0.492
641 0.492
642 0.492
643 0.49000000000000005
644 0.49000000000000005
645 0.4860000000000001
646 0.48400000000000015
647 0.48400000000000015
648 0.48400000000000015
649 0.48200000000000004
650 0.48200000000000004
651 0.48200000000000004
652 0.48200000000000004
653 0.4800000000000001
654 0.4800000000000001
655 0.4780000000000001
656 0.4780000000000001
657 0.4780000000000001
658 0.4780000000000001
659 0.4780000000000001
660 0.476
661 0.47400000000000003
662 0.47400000000000003
663 0.47400000000000003
664 0.4720000000000001
665 0.4720000000000001
666 0.4720000000000001
667 0.4720000000000001
668 0.4700000000000001
669 0.4700000000000001
670 0.4700000000000001
671 0.4700000000000001
672 0.4700000000000001
673 0.4700000000000001
674 0.4700000000000001
675 0.46799999999999997
676 0.466
677 0.466
678 0.466
679 0.466
680 0.4640000000000001
681 0.4640000000000001
682 0.462
683 0.462
684 0.462
685 0.462
686 0.4600000000000001
687 0.4600000000000001
688 0.4600000000000001
689 0.4600000000000001
690 0.4600000000000001
691 0.4600000000000001
692 0.4580000000000001
693 0.4580000000000001
694 0.4580000000000001
695 0.45599999999999996
696 0.45599999999999996
697 0.45599999999999996
698 0.45599999999999996
699 0.45599999999999996
700 0.45599999999999996
701 0.45599999999999996
702 0.45599999999999996
703 0.45599999999999996
704 0.45599999999999996
705 0.45599999999999996
706 0.45599999999999996
707 0.45599999999999996
708 0.45599999999999996
709 0.45599999999999996
710 0.45599999999999996
711 0.45599999999999996
712 0.45599999999999996
713 0.45599999999999996
714 0.45599999999999996
715 0.45000000000000007
716 0.45000000000000007
717 0.45000000000000007
718 0.45000000000000007
719 0.45000000000000007
720 0.45000000000000007
721 0.45000000000000007
722 0.446
723 0.446
724 0.446
725 0.446
726 0.446
727 0.446
728 0.446
729 0.446
730 0.446
731 0.44400000000000006
732 0.442
733 0.442
734 0.442
735 0.442
736 0.442
737 0.442
738 0.44000000000000006
739 0.44000000000000006
740 0.44000000000000006
741 0.43800000000000006
742 0.43800000000000006
743 0.43600000000000005
744 0.43600000000000005
745 0.43600000000000005
746 0.43600000000000005
747 0.43600000000000005
748 0.43200000000000005
749 0.43200000000000005
750 0.43200000000000005
751 0.43200000000000005
752 0.43200000000000005
753 0.43200000000000005
754 0.43200000000000005
755 0.43200000000000005
756 0.43200000000000005
757 0.43000000000000005
758 0.43000000000000005
759 0.43000000000000005
760 0.43000000000000005
761 0.43000000000000005
762 0.42800000000000005
763 0.42800000000000005
764 0.42800000000000005
765 0.42800000000000005
766 0.42800000000000005
767 0.426
768 0.426
769 0.426
770 0.42400000000000004
771 0.42400000000000004
772 0.42400000000000004
773 0.42400000000000004
774 0.42400000000000004
775 0.422
776 0.422
777 0.422
778 0.422
779 0.422
780 0.422
781 0.422
782 0.422
783 0.422
784 0.422
785 0.42000000000000004
786 0.42000000000000004
787 0.42000000000000004
788 0.42000000000000004
789 0.42000000000000004
790 0.42000000000000004
791 0.42000000000000004
792 0.42000000000000004
793 0.42000000000000004
794 0.42000000000000004
795 0.42000000000000004
796 0.42000000000000004
797 0.42000000000000004
798 0.42000000000000004
799 0.42000000000000004
800 0.42000000000000004
801 0.42000000000000004
802 0.42000000000000004
803 0.42000000000000004
804 0.42000000000000004
805 0.42000000000000004
806 0.42000000000000004
807 0.42000000000000004
808 0.42000000000000004
809 0.42000000000000004
810 0.42000000000000004
811 0.42000000000000004
812 0.42000000000000004
813 0.418
814 0.418
815 0.418
816 0.418
817 0.418
818 0.418
819 0.418
820 0.418
821 0.418
822 0.418
823 0.418
824 0.418
825 0.418
826 0.418
827 0.418
828 0.418
829 0.418
830 0.418
831 0.418
832 0.41600000000000004
833 0.41600000000000004
834 0.41600000000000004
835 0.41600000000000004
836 0.41600000000000004
837 0.41600000000000004
838 0.41600000000000004
839 0.41600000000000004
840 0.41600000000000004
841 0.41600000000000004
842 0.41600000000000004
843 0.41600000000000004
844 0.41600000000000004
845 0.41600000000000004
846 0.41600000000000004
847 0.41600000000000004
848 0.41
849 0.41
850 0.41
851 0.41
852 0.41
853 0.41
854 0.40800000000000003
855 0.40800000000000003
856 0.40800000000000003
857 0.40800000000000003
858 0.40800000000000003
859 0.40800000000000003
860 0.40800000000000003
861 0.40800000000000003
862 0.40800000000000003
863 0.40800000000000003
864 0.40800000000000003
865 0.40800000000000003
866 0.40800000000000003
867 0.40800000000000003
868 0.40800000000000003
869 0.40800000000000003
870 0.40800000000000003
871 0.40800000000000003
872 0.406
873 0.404
874 0.404
875 0.404
876 0.404
877 0.404
878 0.404
879 0.404
880 0.40199999999999997
881 0.40199999999999997
882 0.40199999999999997
883 0.40199999999999997
884 0.40199999999999997
885 0.40199999999999997
886 0.40199999999999997
887 0.40199999999999997
888 0.40199999999999997
889 0.40199999999999997
890 0.40199999999999997
891 0.40199999999999997
892 0.40199999999999997
893 0.40199999999999997
894 0.40199999999999997
895 0.40199999999999997
896 0.40199999999999997
897 0.40199999999999997
898 0.39999999999999997
899 0.39799999999999996
900 0.39799999999999996
901 0.39799999999999996
902 0.396
903 0.396
904 0.396
905 0.396
906 0.396
907 0.396
908 0.396
909 0.396
910 0.396
911 0.394
912 0.394
913 0.394
914 0.394
915 0.394
916 0.394
917 0.394
918 0.394
919 0.394
920 0.394
921 0.39199999999999996
922 0.39199999999999996
923 0.39199999999999996
924 0.39199999999999996
925 0.39199999999999996
926 0.39199999999999996
927 0.39199999999999996
928 0.39199999999999996
929 0.39199999999999996
930 0.39199999999999996
931 0.39199999999999996
932 0.39199999999999996
933 0.39199999999999996
934 0.39199999999999996
935 0.39199999999999996
936 0.39199999999999996
937 0.39199999999999996
938 0.39199999999999996
939 0.39199999999999996
940 0.39199999999999996
941 0.39199999999999996
942 0.39199999999999996
943 0.39199999999999996
944 0.39199999999999996
945 0.39199999999999996
946 0.39199999999999996
947 0.39199999999999996
948 0.39199999999999996
949 0.39199999999999996
950 0.39199999999999996
951 0.39199999999999996
952 0.39199999999999996
953 0.39
954 0.39
955 0.39
956 0.39
957 0.39
958 0.39
959 0.39
960 0.39
961 0.39
962 0.39
963 0.39
964 0.39
965 0.39
966 0.39
967 0.39
968 0.39
969 0.39
970 0.39
971 0.39
972 0.39
973 0.39
974 0.39
975 0.39
976 0.39
977 0.39
978 0.39
979 0.39
980 0.39
981 0.39
982 0.39
983 0.39
984 0.39
985 0.39
986 0.39
987 0.39
988 0.39
989 0.39
990 0.39
991 0.39
992 0.39
993 0.39
994 0.39
995 0.39
996 0.39
997 0.39
998 0.388
999 0.388
