1 1.0
2 1.0
3 1.0
4 1.0
5 1.0
6 1.0
7 1.0
8 1.0
9 1.0
10 1.0
11 1.0
12 1.0
13 1.0
14 1.0
15 1.0
16 1.0
17 1.0
18 1.0
19 1.0
20 1.0
21 1.0
22 1.0
23 1.0
24 1.0
25 1.0
26 1.0
27 1.0
28 1.0
29 1.0
30 1.0
31 1.0
32 1.0
33 1.0
34 1.0
35 1.0
36 1.0
37 1.0
38 1.0
39 1.0
40 1.0
41 1.0
42 1.0
43 1.0
44 1.0
45 1.0
46 1.0
47 1.0
48 1.0
49 1.0
50 1.0
51 1.0
52 1.0
53 1.0
54 1.0
55 1.0
56 1.0
57 1.0
58 1.0
59 1.0
60 1.0
61 1.0
62 1.0
63 1.0
64 1.0
65 1.0
66 1.0
67 1.0
68 1.0
69 1.0
70 1.0
71 1.0
72 1.0
73 1.0
74 1.0
75 1.0
76 1.0
77 1.0
78 1.0
79 1.0
80 1.0
81 1.0
82 1.0
83 1.0
84 1.0
85 1.0
86 1.0
87 1.0
88 1.0
89 1.0
90 1.0
91 1.0
92 1.0
93 1.0
94 1.0
95 1.0
96 1.0
97 1.0
98 1.0
99 1.0
100 1.0
101 1.0
102 1.0
103 1.0
104 1.0
105 1.0
106 1.0
107 1.0
108 1.0
109 1.0
110 1.0
111 1.0
112 1.0
113 1.0
114 1.0
115 1.0
116 1.0
117 1.0
118 1.0
119 1.0
120 1.0
121 1.0
122 1.0
123 1.0
124 1.0
125 1.0
126 1.0
127 1.0
128 1.0
129 1.0
130 1.0
131 1.0
132 1.0
133 1.0
134 1.0
135 1.0
136 1.0
137 1.0
138 1.0
139 1.0
140 1.0
141 1.0
142 1.0
143 1.0
144 1.0
145 1.0
146 1.0
147 1.0
148 1.0
149 1.0
150 1.0
151 1.0
152 1.0
153 0.998
154 0.998
155 0.998
156 0.998
157 0.998
158 0.998
159 0.998
160 0.998
161 0.998
162 0.998
163 0.998
164 0.998
165 0.998
166 0.998
167 0.998
168 0.998
169 0.998
170 0.998
171 0.998
172 0.998
173 0.998
174 0.998
175 0.998
176 0.998
177 0.998
178 0.998
179 0.998
180 0.998
181 0.998
182 0.998
183 0.998
184 0.998
185 0.998
186 0.998
187 0.998
188 0.998
189 0.998
190 0.998
191 0.998
192 0.998
193 0.998
194 0.998
195 0.998
196 0.998
197 0.998
198 0.998
199 0.998
200 0.998
201 0.998
202 0.998
203 0.998
204 0.998
205 0.998
206 0.998
207 0.998
208 0.998
209 0.998
210 0.998
211 0.998
212 0.998
213 0.998
214 0.998
215 0.998
216 0.998
217 0.998
218 0.998
219 0.998
220 0.998
221 0.998
222 0.998
223 0.998
224 0.998
225 0.998
226 0.998
227 0.998
228 0.998
229 0.998
230 0.998
231 0.998
232 0.998
233 0.998
234 0.998
235 0.998
236 0.998
237 0.998
238 0.998
239 0.998
240 0.998
241 0.998
242 0.998
243 0.998
244 0.998
245 0.998
246 0.998
247 0.998
248 0.998
249 0.998
250 0.998
251 0.998
252 0.998
253 0.998
254 0.998
255 0.998
256 0.998
257 0.998
258 0.998
259 0.998
260 0.998
261 0.998
262 0.998
263 0.998
264 0.998
265 0.998
266 0.998
267 0.998
268 0.998
269 0.998
270 0.998
271 0.998
272 0.998
273 0.998
274 0.998
275 0.998
276 0.998
277 0.998
278 0.998
279 0.998
280 0.998
281 0.998
282 0.998
283 0.998
284 0.998
285 0.998
286 0.998
287 0.998
288 0.998
289 0.998
290 0.998
291 0.998
292 0.998
293 0.998
294 0.998
295 0.998
296 0.998
297 0.998
298 0.998
299 0.998
300 0.998
301 0.998
302 0.998
303 0.998
304 0.998
305 0.998
306 0.998
307 0.998
308 0.998
309 0.998
310 0.998
311 0.998
312 0.998
313 0.998
314 0.998
315 0.998
316 0.998
317 0.998
318 0.998
319 0.998
320 0.998
321 0.998
322 0.998
323 0.998
324 0.998
325 0.998
326 0.998
327 0.998
328 0.998
329 0.998
330 0.998
331 0.998
332 0.998
333 0.998
334 0.998
335 0.998
336 0.998
337 0.998
338 0.998
339 0.998
340 0.998
341 0.998
342 0.998
343 0.998
344 0.998
345 0.998
346 0.998
347 0.998
348 0.998
349 0.998
350 0.998
351 0.998
352 0.998
353 0.998
354 0.998
355 0.998
356 0.998
357 0.998
358 0.998
359 0.998
360 0.998
361 0.998
362 0.998
363 0.998
364 0.998
365 0.998
366 0.998
367 0.998
368 0.998
369 0.998
370 0.998
371 0.998
372 0.998
373 0.998
374 0.998
375 0.998
376 0.998
377 0.998
378 0.998
379 0.998
380 0.998
381 0.998
382 0.998
383 0.998
384 0.998
385 0.998
386 0.998
387 0.998
388 0.9960000000000001
389 0.9960000000000001
390 0.9960000000000001
391 0.9960000000000001
392 0.9960000000000001
393 0.9960000000000001
394 0.9960000000000001
395 0.9960000000000001
396 0.9960000000000001
397 0.9960000000000001
398 0.9960000000000001
399 0.9960000000000001
400 0.9960000000000001
401 0.9960000000000001
402 0.9960000000000001
403 0.9960000000000001
404 0.9960000000000001
405 0.9960000000000001
406 0.9960000000000001
407 0.9960000000000001
408 0.9960000000000001
409 0.9960000000000001
410 0.9960000000000001
411 0.9960000000000001
412 0.9960000000000001
413 0.9960000000000001
414 0.9960000000000001
415 0.9960000000000001
416 0.9960000000000001
417 0.9960000000000001
418 0.9960000000000001
419 0.9960000000000001
420 0.9960000000000001
421 0.9960000000000001
422 0.9960000000000001
423 0.9960000000000001
424 0.9960000000000001
425 0.9960000000000001
426 0.9960000000000001
427 0.9960000000000001
428 0.9960000000000001
429 0.994
430 0.994
431 0.994
432 0.994
433 0.994
434 0.994
435 0.994
436 0.994
437 0.994
438 0.994
439 0.994
440 0.994
441 0.994
442 0.994
443 0.994
444 0.994
445 0.994
446 0.994
447 0.994
448 0.994
449 0.994
450 0.994
451 0.994
452 0.994
453 0.994
454 0.994
455 0.994
456 0.994
457 0.994
458 0.994
459 0.994
460 0.994
461 0.994
462 0.994
463 0.994
464 0.994
465 0.994
466 0.994
467 0.994
468 0.994
469 0.994
470 0.994
471 0.994
472 0.994
473 0.994
474 0.994
475 0.994
476 0.994
477 0.994
478 0.994
479 0.994
480 0.994
481 0.994
482 0.994
483 0.994
484 0.994
485 0.994
486 0.994
487 0.994
488 0.994
489 0.994
490 0.994
491 0.994
492 0.994
493 0.994
494 0.994
495 0.994
496 0.994
497 0.994
498 0.994
499 0.994
500 0.994
501 0.994
502 0.994
503 0.994
504 0.994
505 0.994
506 0.994
507 0.994
508 0.994
509 0.994
510 0.994
511 0.994
512 0.994
513 0.994
514 0.994
515 0.994
516 0.994
517 0.994
518 0.994
519 0.994
520 0.994
521 0.994
522 0.994
523 0.994
524 0.994
525 0.994
526 0.994
527 0.994
528 0.994
529 0.994
530 0.994
531 0.994
532 0.994
533 0.994
534 0.994
535 0.994
536 0.994
537 0.994
538 0.994
539 0.994
540 0.994
541 0.994
542 0.994
543 0.994
544 0.994
545 0.994
546 0.994
547 0.994
548 0.994
549 0.994
550 0.994
551 0.994
552 0.994
553 0.994
554 0.994
555 0.994
556 0.994
557 0.994
558 0.994
559 0.994
560 0.994
561 0.994
562 0.994
563 0.994
564 0.992
565 0.992
566 0.992
567 0.992
568 0.992
569 0.992
570 0.992
571 0.992
572 0.992
573 0.992
574 0.992
575 0.992
576 0.992
577 0.992
578 0.992
579 0.992
580 0.992
581 0.992
582 0.992
583 0.992
584 0.992
585 0.992
586 0.992
587 0.992
588 0.992
589 0.992
590 0.992
591 0.992
592 0.992
593 0.992
594 0.992
595 0.992
596 0.992
597 0.992
598 0.992
599 0.992
600 0.992
601 0.992
602 0.992
603 0.992
604 0.992
605 0.992
606 0.992
607 0.992
608 0.992
609 0.992
610 0.992
611 0.992
612 0.992
613 0.992
614 0.992
615 0.992
616 0.992
617 0.992
618 0.992
619 0.992
620 0.992
621 0.992
622 0.992
623 0.992
624 0.992
625 0.992
626 0.992
627 0.992
628 0.992
629 0.992
630 0.992
631 0.992
632 0.992
633 0.992
634 0.992
635 0.992
636 0.992
637 0.992
638 0.992
639 0.992
640 0.992
641 0.992
642 0.992
643 0.992
644 0.992
645 0.992
646 0.992
647 0.992
648 0.992
649 0.992
650 0.992
651 0.992
652 0.992
653 0.992
654 0.992
655 0.992
656 0.992
657 0.992
658 0.992
659 0.992
660 0.992
661 0.992
662 0.992
663 0.992
664 0.992
665 0.992
666 0.992
667 0.992
668 0.992
669 0.992
670 0.992
671 0.992
672 0.992
673 0.992
674 0.992
675 0.992
676 0.992
677 0.992
678 0.992
679 0.992
680 0.992
681 0.992
682 0.992
683 0.992
684 0.992
685 0.992
686 0.992
687 0.992
688 0.992
689 0.992
690 0.992
691 0.992
692 0.992
693 0.992
694 0.992
695 0.992
696 0.992
697 0.99
698 0.99
699 0.99
700 0.99
701 0.99
702 0.99
703 0.99
704 0.99
705 0.99
706 0.99
707 0.99
708 0.99
709 0.9880000000000001
710 0.9880000000000001
711 0.9880000000000001
712 0.9880000000000001
713 0.9880000000000001
714 0.9880000000000001
715 0.9880000000000001
716 0.9880000000000001
717 0.9880000000000001
718 0.9880000000000001
719 0.9880000000000001
720 0.9880000000000001
721 0.9880000000000001
722 0.9880000000000001
723 0.9880000000000001
724 0.9880000000000001
725 0.9880000000000001
726 0.9880000000000001
727 0.9880000000000001
728 0.9880000000000001
729 0.9880000000000001
730 0.9880000000000001
731 0.9880000000000001
732 0.9880000000000001
733 0.9880000000000001
734 0.9880000000000001
735 0.9880000000000001
736 0.9880000000000001
737 0.9880000000000001
738 0.9880000000000001
739 0.9880000000000001
740 0.9880000000000001
741 0.9880000000000001
742 0.9880000000000001
743 0.9880000000000001
744 0.9880000000000001
745 0.9880000000000001
746 0.9880000000000001
747 0.9880000000000001
748 0.9880000000000001
749 0.9880000000000001
750 0.9880000000000001
751 0.9880000000000001
752 0.9880000000000001
753 0.9880000000000001
754 0.9880000000000001
755 0.9880000000000001
756 0.9880000000000001
757 0.9880000000000001
758 0.9880000000000001
759 0.9880000000000001
760 0.9880000000000001
761 0.9880000000000001
762 0.9880000000000001
763 0.9880000000000001
764 0.9880000000000001
765 0.9880000000000001
766 0.9880000000000001
767 0.9880000000000001
768 0.9880000000000001
769 0.9880000000000001
770 0.9880000000000001
771 0.9880000000000001
772 0.9880000000000001
773 0.9880000000000001
774 0.9880000000000001
775 0.9880000000000001
776 0.9880000000000001
777 0.9880000000000001
778 0.9880000000000001
779 0.9880000000000001
780 0.9880000000000001
781 0.9880000000000001
782 0.9880000000000001
783 0.9880000000000001
784 0.9880000000000001
785 0.9880000000000001
786 0.9880000000000001
787 0.9880000000000001
788 0.9880000000000001
789 0.9880000000000001
790 0.9880000000000001
791 0.9880000000000001
792 0.9880000000000001
793 0.9880000000000001
794 0.9880000000000001
795 0.9880000000000001
796 0.9880000000000001
797 0.9880000000000001
798 0.9880000000000001
799 0.9880000000000001
800 0.9880000000000001
801 0.9880000000000001
802 0.9880000000000001
803 0.9880000000000001
804 0.9880000000000001
805 0.9880000000000001
806 0.9880000000000001
807 0.9880000000000001
808 0.9880000000000001
809 0.9880000000000001
810 0.9880000000000001
811 0.9880000000000001
812 0.986
813 0.986
814 0.986
815 0.986
816 0.986
817 0.986
818 0.986
819 0.986
820 0.986
821 0.986
822 0.986
823 0.986
824 0.986
825 0.986
826 0.986
827 0.986
828 0.986
829 0.986
830 0.986
831 0.986
832 0.986
833 0.986
834 0.986
835 0.986
836 0.986
837 0.986
838 0.986
839 0.986
840 0.986
841 0.986
842 0.986
843 0.986
844 0.986
845 0.986
846 0.986
847 0.986
848 0.986
849 0.986
850 0.986
851 0.986
852 0.986
853 0.986
854 0.986
855 0.986
856 0.986
857 0.986
858 0.986
859 0.986
860 0.986
861 0.986
862 0.986
863 0.986
864 0.986
865 0.986
866 0.984
867 0.984
868 0.984
869 0.984
870 0.984
871 0.984
872 0.984
873 0.984
874 0.984
875 0.984
876 0.984
877 0.984
878 0.984
879 0.984
880 0.984
881 0.984
882 0.984
883 0.984
884 0.984
885 0.984
886 0.984
887 0.984
888 0.982
889 0.982
890 0.982
891 0.982
892 0.982
893 0.982
894 0.982
895 0.982
896 0.982
897 0.982
898 0.982
899 0.982
900 0.982
901 0.982
902 0.982
903 0.982
904 0.982
905 0.982
906 0.982
907 0.982
908 0.982
909 0.982
910 0.982
911 0.982
912 0.982
913 0.982
914 0.982
915 0.982
916 0.982
917 0.982
918 0.982
919 0.982
920 0.982
921 0.982
922 0.982
923 0.982
924 0.982
925 0.982
926 0.982
927 0.982
928 0.9800000000000001
929 0.9800000000000001
930 0.9800000000000001
931 0.9800000000000001
932 0.9800000000000001
933 0.9800000000000001
934 0.9800000000000001
935 0.9800000000000001
936 0.9800000000000001
937 0.9800000000000001
938 0.9800000000000001
939 0.9800000000000001
940 0.9800000000000001
941 0.9800000000000001
942 0.9800000000000001
943 0.9800000000000001
944 0.9800000000000001
945 0.9800000000000001
946 0.9800000000000001
947 0.9800000000000001
948 0.9800000000000001
949 0.9800000000000001
950 0.9800000000000001
951 0.9800000000000001
952 0.9800000000000001
953 0.9800000000000001
954 0.9800000000000001
955 0.9800000000000001
956 0.9800000000000001
957 0.9800000000000001
958 0.9800000000000001
959 0.9800000000000001
960 0.9800000000000001
961 0.9800000000000001
962 0.9800000000000001
963 0.9800000000000001
964 0.9800000000000001
965 0.9800000000000001
966 0.9800000000000001
967 0.9800000000000001
968 0.9800000000000001
969 0.9800000000000001
970 0.9800000000000001
971 0.9800000000000001
972 0.9800000000000001
973 0.9800000000000001
974 0.9800000000000001
975 0.9800000000000001
976 0.9800000000000001
977 0.9800000000000001
978 0.9800000000000001
979 0.9800000000000001
980 0.9800000000000001
981 0.9800000000000001
982 0.9800000000000001
983 0.9800000000000001
984 0.9800000000000001
985 0.9800000000000001
986 0.9800000000000001
987 0.9800000000000001
988 0.9800000000000001
989 0.9800000000000001
990 0.9800000000000001
991 0.9800000000000001
992 0.9800000000000001
993 0.9800000000000001
994 0.9800000000000001
995 0.9800000000000001
996 0.9800000000000001
997 0.9800000000000001
998 0.9800000000000001
999 0.9800000000000001
