1 1.0
2 1.0
3 1.0
4 0.9987999999999999
5 0.9935999999999997
6 0.9915999999999996
7 0.9887999999999997
8 0.9851999999999996
9 0.9783999999999997
10 0.9755999999999997
11 0.9743999999999997
12 0.9687999999999996
13 0.9651999999999997
14 0.9579999999999995
15 0.9491999999999996
16 0.9459999999999998
17 0.9364
18 0.9308
19 0.9224
20 0.9148
21 0.9076
22 0.9039999999999999
23 0.8971999999999999
24 0.8871999999999999
25 0.8855999999999998
26 0.88
27 0.8759999999999999
28 0.8700000000000001
29 0.8608000000000002
30 0.8476
31 0.8420000000000001
32 0.836
33 0.8292000000000003
34 0.8208000000000003
35 0.8168000000000003
36 0.8120000000000003
37 0.804
38 0.7979999999999999
39 0.7924000000000001
40 0.7872000000000002
41 0.7808000000000003
42 0.7732000000000002
43 0.7664000000000003
44 0.7575999999999999
45 0.7524
46 0.7463999999999998
47 0.7399999999999999
48 0.7343999999999999
49 0.7276
50 0.7247999999999999
51 0.7207999999999999
52 0.7167999999999998
53 0.7123999999999999
54 0.7071999999999999
55 0.704
56 0.6988000000000001
57 0.6940000000000001
58 0.6888000000000002
59 0.6848000000000002
60 0.6808000000000003
61 0.676
62 0.6712
63 0.6624
64 0.6583999999999999
65 0.6524
66 0.6503999999999999
67 0.648
68 0.6428
69 0.6408
70 0.6372
71 0.6343999999999999
72 0.6295999999999998
73 0.6271999999999999
74 0.6231999999999999
75 0.6207999999999999
76 0.6164
77 0.6128
78 0.6096
79 0.6063999999999999
80 0.6024
81 0.5980000000000001
82 0.5956000000000001
83 0.5944
84 0.5888000000000001
85 0.5852
86 0.5824
87 0.5808
88 0.5788
89 0.576
90 0.572
91 0.5676000000000001
92 0.5660000000000001
93 0.5640000000000001
94 0.56
95 0.5556000000000001
96 0.5536
97 0.5504
98 0.5455999999999999
99 0.5427999999999998
100 0.5411999999999999
101 0.5388
102 0.5367999999999999
103 0.5343999999999999
104 0.5303999999999999
105 0.5287999999999999
106 0.5267999999999999
107 0.524
108 0.5216
109 0.5184
110 0.5152
111 0.512
112 0.5104
113 0.5076
114 0.5048000000000001
115 0.5000000000000001
116 0.49760000000000004
117 0.49520000000000003
118 0.49360000000000004
119 0.4916000000000001
120 0.48960000000000015
121 0.48680000000000007
122 0.4836000000000001
123 0.4788000000000001
124 0.47640000000000016
125 0.47400000000000003
126 0.4720000000000001
127 0.47040000000000015
128 0.4676000000000002
129 0.4664000000000002
130 0.46440000000000026
131 0.4616000000000002
132 0.4600000000000002
133 0.4592000000000002
134 0.4576000000000002
135 0.45600000000000024
136 0.4548000000000001
137 0.45240000000000014
138 0.4508000000000002
139 0.45000000000000023
140 0.4496000000000002
141 0.4472000000000002
142 0.44640000000000013
143 0.44440000000000013
144 0.44280000000000014
145 0.44040000000000007
146 0.4392000000000001
147 0.4384000000000001
148 0.43720000000000014
149 0.4360000000000001
150 0.43360000000000004
151 0.4320000000000001
152 0.43120000000000014
153 0.43000000000000016
154 0.43000000000000016
155 0.4284000000000001
156 0.4272000000000001
157 0.4252000000000001
158 0.42320000000000013
159 0.42240000000000016
160 0.4208000000000001
161 0.4196000000000001
162 0.4168000000000001
163 0.41640000000000016
164 0.4156000000000001
165 0.41400000000000015
166 0.4120000000000001
167 0.41040000000000015
168 0.40960000000000013
169 0.40840000000000015
170 0.4080000000000002
171 0.40680000000000016
172 0.4056000000000002
173 0.4048000000000001
174 0.4028
175 0.40080000000000005
176 0.4
177 0.4
178 0.39880000000000004
179 0.39760000000000006
180 0.39720000000000005
181 0.3960000000000001
182 0.3956
183 0.39520000000000005
184 0.3940000000000001
185 0.39280000000000004
186 0.3924
187 0.3908
188 0.39039999999999997
189 0.3896
190 0.3892
191 0.38800000000000007
192 0.386
193 0.38480000000000003
194 0.384
195 0.3832
196 0.38280000000000003
197 0.3812
198 0.3804
199 0.37959999999999994
200 0.37879999999999997
201 0.37799999999999995
202 0.37599999999999995
203 0.3752
204 0.37479999999999997
205 0.37439999999999996
206 0.37439999999999996
207 0.3736
208 0.3724
209 0.37200000000000005
210 0.37040000000000006
211 0.37040000000000006
212 0.37000000000000005
213 0.37000000000000005
214 0.3688
215 0.36840000000000006
216 0.36800000000000005
217 0.36800000000000005
218 0.36760000000000004
219 0.36680000000000007
220 0.36640000000000006
221 0.36640000000000006
222 0.36560000000000004
223 0.3648
224 0.36440000000000006
225 0.36280000000000007
226 0.36200000000000004
227 0.36160000000000003
228 0.36080000000000007
229 0.3600000000000001
230 0.3592000000000001
231 0.3588000000000001
232 0.3588000000000001
233 0.3588000000000001
234 0.35760000000000003
235 0.35719999999999996
236 0.3568
237 0.3556
238 0.35440000000000005
239 0.3536000000000001
240 0.35280000000000006
241 0.3524000000000001
242 0.3508000000000001
243 0.35040000000000016
244 0.35040000000000016
245 0.34920000000000007
246 0.3484000000000001
247 0.34760000000000013
248 0.34760000000000013
249 0.34680000000000016
250 0.3452000000000002
251 0.34400000000000014
252 0.34400000000000014
253 0.34400000000000014
254 0.3436000000000001
255 0.34320000000000006
256 0.34320000000000006
257 0.3428000000000001
258 0.3428000000000001
259 0.3424000000000001
260 0.3420000000000001
261 0.3416000000000001
262 0.34080000000000005
263 0.34040000000000004
264 0.3400000000000001
265 0.3400000000000001
266 0.3400000000000001
267 0.3376000000000001
268 0.3376000000000001
269 0.3348000000000001
270 0.33440000000000014
271 0.3336000000000001
272 0.33320000000000016
273 0.33320000000000016
274 0.33280000000000015
275 0.3324000000000001
276 0.3316000000000001
277 0.3316000000000001
278 0.3312000000000001
279 0.3312000000000001
280 0.33040000000000014
281 0.33040000000000014
282 0.3292000000000001
283 0.3280000000000001
284 0.3280000000000001
285 0.3280000000000001
286 0.3276000000000001
287 0.3268000000000002
288 0.32560000000000017
289 0.3248000000000001
290 0.32440000000000013
291 0.32440000000000013
292 0.3240000000000001
293 0.32320000000000015
294 0.32320000000000015
295 0.3224000000000001
296 0.3224000000000001
297 0.3224000000000001
298 0.3216000000000001
299 0.3216000000000001
300 0.3212000000000001
301 0.32080000000000003
302 0.3204000000000001
303 0.3204000000000001
304 0.3204000000000001
305 0.32000000000000006
306 0.3192000000000001
307 0.3188000000000001
308 0.31720000000000004
309 0.31679999999999997
310 0.3164
311 0.3164
312 0.3164
313 0.3156
314 0.3156
315 0.31439999999999996
316 0.31439999999999996
317 0.314
318 0.314
319 0.314
320 0.314
321 0.314
322 0.314
323 0.3128
324 0.3128
325 0.3124
326 0.3124
327 0.3124
328 0.3116
329 0.3116
330 0.3116
331 0.3108
332 0.3108
333 0.3104
334 0.3096
335 0.3096
336 0.3096
337 0.3096
338 0.3084
339 0.308
340 0.30720000000000003
341 0.3068
342 0.3068
343 0.3068
344 0.3064
345 0.3064
346 0.3064
347 0.306
348 0.306
349 0.3052
350 0.3052
351 0.30400000000000005
352 0.30400000000000005
353 0.30400000000000005
354 0.30400000000000005
355 0.30400000000000005
356 0.30400000000000005
357 0.30400000000000005
358 0.3032
359 0.3032
360 0.3032
361 0.3028
362 0.3024
363 0.30200000000000005
364 0.30200000000000005
365 0.30160000000000003
366 0.3012
367 0.30080000000000007
368 0.3004
369 0.3004
370 0.3004
371 0.30000000000000004
372 0.29960000000000003
373 0.2988
374 0.29840000000000005
375 0.2972000000000001
376 0.29680000000000006
377 0.29680000000000006
378 0.2960000000000001
379 0.2960000000000001
380 0.2952000000000001
381 0.2952000000000001
382 0.29480000000000006
383 0.29480000000000006
384 0.29480000000000006
385 0.29480000000000006
386 0.2944000000000001
387 0.2940000000000001
388 0.2936000000000001
389 0.29280000000000006
390 0.2924000000000001
391 0.29200000000000004
392 0.29120000000000007
393 0.29080000000000006
394 0.29000000000000004
395 0.29000000000000004
396 0.2896
397 0.28920000000000007
398 0.28840000000000005
399 0.2880000000000001
400 0.2872000000000001
401 0.2872000000000001
402 0.2868000000000001
403 0.2868000000000001
404 0.2868000000000001
405 0.2864000000000001
406 0.2856000000000001
407 0.2844000000000001
408 0.2840000000000001
409 0.2840000000000001
410 0.2840000000000001
411 0.2840000000000001
412 0.2836000000000001
413 0.2836000000000001
414 0.2832000000000001
415 0.2828000000000001
416 0.2828000000000001
417 0.2828000000000001
418 0.2828000000000001
419 0.2828000000000001
420 0.2828000000000001
421 0.28240000000000004
422 0.28240000000000004
423 0.2820000000000001
424 0.2816000000000001
425 0.2816000000000001
426 0.28120000000000006
427 0.28120000000000006
428 0.28120000000000006
429 0.28120000000000006
430 0.28120000000000006
431 0.28120000000000006
432 0.28120000000000006
433 0.28120000000000006
434 0.28120000000000006
435 0.28120000000000006
436 0.28120000000000006
437 0.28120000000000006
438 0.28120000000000006
439 0.28120000000000006
440 0.28120000000000006
441 0.2800000000000001
442 0.2800000000000001
443 0.27960000000000007
444 0.2792000000000001
445 0.2788000000000001
446 0.2788000000000001
447 0.2780000000000001
448 0.27760000000000007
449 0.27760000000000007
450 0.27680000000000005
451 0.27680000000000005
452 0.27680000000000005
453 0.27680000000000005
454 0.27680000000000005
455 0.27640000000000003
456 0.27640000000000003
457 0.27640000000000003
458 0.27640000000000003
459 0.276
460 0.2756
461 0.2756
462 0.27480000000000004
463 0.27480000000000004
464 0.27480000000000004
465 0.27440000000000003
466 0.27440000000000003
467 0.27440000000000003
468 0.2740000000000001
469 0.2740000000000001
470 0.2740000000000001
471 0.2740000000000001
472 0.27360000000000007
473 0.27360000000000007
474 0.27320000000000005
475 0.2728000000000001
476 0.2728000000000001
477 0.2720000000000001
478 0.27160000000000006
479 0.27120000000000005
480 0.27080000000000004
481 0.27080000000000004
482 0.27080000000000004
483 0.2704000000000001
484 0.26960000000000006
485 0.26960000000000006
486 0.26960000000000006
487 0.26960000000000006
488 0.26960000000000006
489 0.26960000000000006
490 0.26960000000000006
491 0.26920000000000005
492 0.26920000000000005
493 0.26920000000000005
494 0.26920000000000005
495 0.2684
496 0.2684
497 0.2684
498 0.268
499 0.268
500 0.2676
501 0.2672
502 0.2672
503 0.2672
504 0.2672
505 0.2672
506 0.2668
507 0.2664
508 0.266
509 0.266
510 0.266
511 0.266
512 0.2656
513 0.2656
514 0.2656
515 0.2656
516 0.2652
517 0.2652
518 0.2652
519 0.2648
520 0.264
521 0.2636
522 0.26239999999999997
523 0.26239999999999997
524 0.26199999999999996
525 0.26199999999999996
526 0.26199999999999996
527 0.26199999999999996
528 0.26199999999999996
529 0.26159999999999994
530 0.26119999999999993
531 0.2607999999999999
532 0.2607999999999999
533 0.2603999999999999
534 0.2603999999999999
535 0.2603999999999999
536 0.2603999999999999
537 0.2603999999999999
538 0.2603999999999999
539 0.2603999999999999
540 0.25999999999999995
541 0.25999999999999995
542 0.25919999999999993
543 0.2588
544 0.2588
545 0.2588
546 0.25839999999999996
547 0.25799999999999995
548 0.25799999999999995
549 0.25719999999999993
550 0.25719999999999993
551 0.2568
552 0.25639999999999996
553 0.25639999999999996
554 0.25639999999999996
555 0.256
556 0.256
557 0.256
558 0.2552
559 0.2552
560 0.25479999999999997
561 0.25479999999999997
562 0.25479999999999997
563 0.25439999999999996
564 0.25439999999999996
565 0.25439999999999996
566 0.25439999999999996
567 0.254
568 0.254
569 0.254
570 0.2536
571 0.2532
572 0.2532
573 0.2532
574 0.2532
575 0.2528
576 0.25239999999999996
577 0.252
578 0.252
579 0.2516
580 0.2516
581 0.2516
582 0.2516
583 0.2516
584 0.2516
585 0.25120000000000003
586 0.25120000000000003
587 0.25120000000000003
588 0.25120000000000003
589 0.25120000000000003
590 0.25120000000000003
591 0.2508
592 0.2504
593 0.2504
594 0.2504
595 0.2504
596 0.24960000000000002
597 0.24960000000000002
598 0.24960000000000002
599 0.24960000000000002
600 0.24960000000000002
601 0.2492
602 0.2492
603 0.2492
604 0.2492
605 0.2492
606 0.2492
607 0.2492
608 0.2492
609 0.2492
610 0.2492
611 0.2492
612 0.2492
613 0.2492
614 0.2492
615 0.2492
616 0.24840000000000004
617 0.24840000000000004
618 0.248
619 0.248
620 0.248
621 0.248
622 0.248
623 0.24760000000000001
624 0.24760000000000001
625 0.24720000000000003
626 0.24720000000000003
627 0.2468
628 0.2468
629 0.2468
630 0.2468
631 0.2468
632 0.2468
633 0.2468
634 0.2464
635 0.2464
636 0.2464
637 0.2464
638 0.2464
639 0.2464
640 0.2464
641 0.2464
642 0.2464
643 0.2464
644 0.2464
645 0.2464
646 0.2464
647 0.2464
648 0.2464
649 0.2464
650 0.2464
651 0.2464
652 0.2464
653 0.24599999999999997
654 0.24599999999999997
655 0.24559999999999998
656 0.24559999999999998
657 0.24559999999999998
658 0.24559999999999998
659 0.24559999999999998
660 0.24519999999999997
661 0.24479999999999996
662 0.24479999999999996
663 0.24479999999999996
664 0.24439999999999998
665 0.24439999999999998
666 0.24439999999999998
667 0.24439999999999998
668 0.24439999999999998
669 0.24439999999999998
670 0.24439999999999998
671 0.24439999999999998
672 0.24439999999999998
673 0.24439999999999998
674 0.24439999999999998
675 0.24439999999999998
676 0.244
677 0.24359999999999996
678 0.24359999999999996
679 0.24359999999999996
680 0.24359999999999996
681 0.24319999999999997
682 0.24319999999999997
683 0.2428
684 0.2428
685 0.2428
686 0.2428
687 0.2428
688 0.24239999999999998
689 0.24239999999999998
690 0.24239999999999998
691 0.24239999999999998
692 0.24239999999999998
693 0.24239999999999998
694 0.24239999999999998
695 0.24239999999999998
696 0.24239999999999998
697 0.24199999999999997
698 0.24199999999999997
699 0.24199999999999997
700 0.24199999999999997
701 0.24199999999999997
702 0.24119999999999997
703 0.24079999999999996
704 0.24079999999999996
705 0.24039999999999995
706 0.24039999999999995
707 0.23959999999999992
708 0.23919999999999994
709 0.23919999999999994
710 0.23919999999999994
711 0.23919999999999994
712 0.23919999999999994
713 0.23919999999999994
714 0.23919999999999994
715 0.23919999999999994
716 0.23879999999999996
717 0.23879999999999996
718 0.23879999999999996
719 0.23839999999999997
720 0.23839999999999997
721 0.23799999999999996
722 0.23799999999999996
723 0.23799999999999996
724 0.23799999999999996
725 0.23799999999999996
726 0.23799999999999996
727 0.23799999999999996
728 0.23799999999999996
729 0.23799999999999996
730 0.23799999999999996
731 0.23799999999999996
732 0.23799999999999996
733 0.23799999999999996
734 0.23799999999999996
735 0.23759999999999998
736 0.23759999999999998
737 0.23759999999999998
738 0.2368
739 0.2368
740 0.2368
741 0.2368
742 0.2368
743 0.23639999999999997
744 0.23639999999999997
745 0.23639999999999997
746 0.23639999999999997
747 0.23639999999999997
748 0.23639999999999997
749 0.23639999999999997
750 0.23639999999999997
751 0.23639999999999997
752 0.23639999999999997
753 0.23639999999999997
754 0.236
755 0.236
756 0.236
757 0.236
758 0.236
759 0.236
760 0.236
761 0.236
762 0.236
763 0.236
764 0.236
765 0.23559999999999998
766 0.23559999999999998
767 0.23559999999999998
768 0.23559999999999998
769 0.23559999999999998
770 0.23559999999999998
771 0.23559999999999998
772 0.23559999999999998
773 0.23559999999999998
774 0.2352
775 0.2352
776 0.2352
777 0.2352
778 0.2352
779 0.2352
780 0.2352
781 0.2352
782 0.2352
783 0.2352
784 0.23439999999999997
785 0.23439999999999997
786 0.23399999999999999
787 0.23399999999999999
788 0.23359999999999995
789 0.23359999999999995
790 0.23359999999999995
791 0.23359999999999995
792 0.23359999999999995
793 0.23319999999999994
794 0.23319999999999994
795 0.23319999999999994
796 0.23279999999999995
797 0.23279999999999995
798 0.23279999999999995
799 0.23279999999999995
800 0.23239999999999994
801 0.23239999999999994
802 0.23239999999999994
803 0.23239999999999994
804 0.23239999999999994
805 0.23239999999999994
806 0.23239999999999994
807 0.23159999999999997
808 0.23159999999999997
809 0.23159999999999997
810 0.23159999999999997
811 0.23119999999999993
812 0.23119999999999993
813 0.23119999999999993
814 0.23119999999999993
815 0.23119999999999993
816 0.23119999999999993
817 0.23119999999999993
818 0.23119999999999993
819 0.23119999999999993
820 0.23119999999999993
821 0.23119999999999993
822 0.23079999999999995
823 0.23079999999999995
824 0.23079999999999995
825 0.23039999999999997
826 0.23039999999999997
827 0.23039999999999997
828 0.23039999999999997
829 0.23039999999999997
830 0.23039999999999997
831 0.23039999999999997
832 0.22999999999999995
833 0.22959999999999997
834 0.2292
835 0.2292
836 0.2292
837 0.2292
838 0.2292
839 0.2292
840 0.2292
841 0.2288
842 0.2288
843 0.2288
844 0.2288
845 0.22839999999999996
846 0.22839999999999996
847 0.22839999999999996
848 0.22839999999999996
849 0.22839999999999996
850 0.22839999999999996
851 0.22839999999999996
852 0.22839999999999996
853 0.22839999999999996
854 0.22799999999999998
855 0.22799999999999998
856 0.22799999999999998
857 0.22799999999999998
858 0.22799999999999998
859 0.22799999999999998
860 0.22799999999999998
861 0.22799999999999998
862 0.22759999999999997
863 0.22759999999999997
864 0.2268
865 0.2268
866 0.2268
867 0.22639999999999996
868 0.22639999999999996
869 0.22639999999999996
870 0.22639999999999996
871 0.22639999999999996
872 0.22639999999999996
873 0.22639999999999996
874 0.22639999999999996
875 0.22639999999999996
876 0.22639999999999996
877 0.22599999999999998
878 0.22599999999999998
879 0.22599999999999998
880 0.22599999999999998
881 0.2256
882 0.2256
883 0.2256
884 0.2256
885 0.2256
886 0.22519999999999998
887 0.22519999999999998
888 0.22519999999999998
889 0.22519999999999998
890 0.22519999999999998
891 0.22519999999999998
892 0.22519999999999998
893 0.22519999999999998
894 0.22479999999999997
895 0.22479999999999997
896 0.22479999999999997
897 0.22479999999999997
898 0.22479999999999997
899 0.2244
900 0.2244
901 0.2244
902 0.2244
903 0.2244
904 0.2244
905 0.2244
906 0.2244
907 0.2244
908 0.2244
909 0.2244
910 0.2244
911 0.22359999999999997
912 0.22359999999999997
913 0.22359999999999997
914 0.22359999999999997
915 0.22319999999999995
916 0.22279999999999997
917 0.22279999999999997
918 0.22279999999999997
919 0.22279999999999997
920 0.2224
921 0.2224
922 0.2224
923 0.2224
924 0.2224
925 0.2224
926 0.2224
927 0.2224
928 0.2224
929 0.2224
930 0.2224
931 0.2224
932 0.2224
933 0.2224
934 0.2224
935 0.2224
936 0.2224
937 0.2224
938 0.222
939 0.222
940 0.222
941 0.222
942 0.222
943 0.222
944 0.222
945 0.222
946 0.222
947 0.222
948 0.222
949 0.2216
950 0.2216
951 0.2216
952 0.2212
953 0.2212
954 0.2212
955 0.2212
956 0.22080000000000002
957 0.22080000000000002
958 0.22040000000000004
959 0.22040000000000004
960 0.22040000000000004
961 0.22040000000000004
962 0.22040000000000004
963 0.22040000000000004
964 0.22040000000000004
965 0.22040000000000004
966 0.22040000000000004
967 0.22040000000000004
968 0.22
969 0.21960000000000002
970 0.21960000000000002
971 0.21960000000000002
972 0.21960000000000002
973 0.21960000000000002
974 0.21960000000000002
975 0.21960000000000002
976 0.2192
977 0.2192
978 0.2192
979 0.2192
980 0.2192
981 0.2192
982 0.2192
983 0.2192
984 0.2188
985 0.2188
986 0.2188
987 0.2188
988 0.2188
989 0.2184
990 0.2184
991 0.2184
992 0.2184
993 0.2184
994 0.2184
995 0.2184
996 0.2184
997 0.2184
998 0.2184
999 0.218
1000 0.218
1001 0.218
1002 0.2176
1003 0.2176
1004 0.2176
1005 0.2176
1006 0.2176
1007 0.21719999999999998
1008 0.21719999999999998
1009 0.21719999999999998
1010 0.2168
1011 0.2164
1012 0.2164
1013 0.2164
1014 0.2164
1015 0.21600000000000003
1016 0.21600000000000003
1017 0.21600000000000003
1018 0.21600000000000003
1019 0.21600000000000003
1020 0.21600000000000003
1021 0.21600000000000003
1022 0.21600000000000003
1023 0.21600000000000003
1024 0.21600000000000003
1025 0.21600000000000003
1026 0.21600000000000003
1027 0.21600000000000003
1028 0.21600000000000003
1029 0.21600000000000003
1030 0.21600000000000003
1031 0.21600000000000003
1032 0.21600000000000003
1033 0.21600000000000003
1034 0.21600000000000003
1035 0.21600000000000003
1036 0.21600000000000003
1037 0.21600000000000003
1038 0.21600000000000003
1039 0.21600000000000003
1040 0.21600000000000003
1041 0.21600000000000003
1042 0.21600000000000003
1043 0.21600000000000003
1044 0.21600000000000003
1045 0.21600000000000003
1046 0.21559999999999999
1047 0.21559999999999999
1048 0.21559999999999999
1049 0.21559999999999999
1050 0.21559999999999999
1051 0.21559999999999999
1052 0.21559999999999999
1053 0.21559999999999999
1054 0.21559999999999999
1055 0.21559999999999999
1056 0.2152
1057 0.2152
1058 0.2152
1059 0.2152
1060 0.2152
1061 0.2152
1062 0.2152
1063 0.2152
1064 0.2152
1065 0.2152
1066 0.2152
1067 0.21479999999999996
1068 0.21479999999999996
1069 0.21479999999999996
1070 0.21479999999999996
1071 0.21479999999999996
1072 0.21479999999999996
1073 0.21439999999999998
1074 0.21399999999999994
1075 0.21399999999999994
1076 0.21399999999999994
1077 0.21359999999999996
1078 0.21359999999999996
1079 0.21359999999999996
1080 0.21359999999999996
1081 0.21359999999999996
1082 0.21319999999999997
1083 0.21319999999999997
1084 0.21319999999999997
1085 0.21319999999999997
1086 0.21319999999999997
1087 0.21319999999999997
1088 0.21319999999999997
1089 0.21319999999999997
1090 0.21319999999999997
1091 0.21319999999999997
1092 0.21319999999999997
1093 0.21319999999999997
1094 0.21319999999999997
1095 0.21319999999999997
1096 0.21319999999999997
1097 0.21319999999999997
1098 0.21279999999999993
1099 0.21239999999999995
1100 0.21239999999999995
1101 0.21239999999999995
1102 0.21239999999999995
1103 0.21239999999999995
1104 0.21239999999999995
1105 0.21239999999999995
1106 0.21239999999999995
1107 0.21239999999999995
1108 0.21239999999999995
1109 0.21239999999999995
1110 0.21239999999999995
1111 0.21239999999999995
1112 0.21239999999999995
1113 0.21239999999999995
1114 0.21199999999999997
1115 0.21199999999999997
1116 0.21199999999999997
1117 0.21199999999999997
1118 0.21199999999999997
1119 0.21199999999999997
1120 0.21159999999999993
1121 0.21159999999999993
1122 0.21159999999999993
1123 0.21079999999999996
1124 0.21079999999999996
1125 0.21079999999999996
1126 0.21079999999999996
1127 0.21039999999999992
1128 0.21039999999999992
1129 0.21039999999999992
1130 0.21039999999999992
1131 0.21039999999999992
1132 0.21039999999999992
1133 0.21039999999999992
1134 0.21039999999999992
1135 0.20959999999999993
1136 0.20919999999999994
1137 0.20919999999999994
1138 0.20919999999999994
1139 0.20919999999999994
1140 0.20919999999999994
1141 0.20919999999999994
1142 0.20919999999999994
1143 0.20919999999999994
1144 0.20879999999999996
1145 0.20839999999999997
1146 0.20839999999999997
1147 0.20839999999999997
1148 0.20839999999999997
1149 0.20839999999999997
1150 0.20839999999999997
1151 0.20839999999999997
1152 0.20839999999999997
1153 0.20839999999999997
1154 0.20839999999999997
1155 0.20839999999999997
1156 0.20839999999999997
1157 0.20839999999999997
1158 0.20799999999999993
1159 0.20799999999999993
1160 0.20799999999999993
1161 0.20759999999999995
1162 0.20719999999999994
1163 0.20719999999999994
1164 0.20719999999999994
1165 0.20719999999999994
1166 0.20719999999999994
1167 0.20719999999999994
1168 0.20719999999999994
1169 0.20719999999999994
1170 0.20719999999999994
1171 0.20719999999999994
1172 0.20719999999999994
1173 0.20719999999999994
1174 0.20719999999999994
1175 0.20719999999999994
1176 0.20719999999999994
1177 0.20719999999999994
1178 0.20719999999999994
1179 0.20719999999999994
1180 0.20719999999999994
1181 0.20719999999999994
1182 0.20719999999999994
1183 0.20719999999999994
1184 0.20719999999999994
1185 0.20719999999999994
1186 0.20719999999999994
1187 0.20679999999999996
1188 0.20679999999999996
1189 0.20679999999999996
1190 0.20679999999999996
1191 0.20679999999999996
1192 0.20679999999999996
1193 0.20679999999999996
1194 0.20639999999999997
1195 0.20639999999999997
1196 0.20639999999999997
1197 0.20639999999999997
1198 0.20639999999999997
1199 0.20639999999999997
1200 0.20639999999999997
1201 0.20639999999999997
1202 0.20639999999999997
1203 0.20639999999999997
1204 0.20639999999999997
1205 0.20639999999999997
1206 0.206
1207 0.206
1208 0.206
1209 0.206
1210 0.206
1211 0.206
1212 0.206
1213 0.20559999999999998
1214 0.20559999999999998
1215 0.20559999999999998
1216 0.20559999999999998
1217 0.20559999999999998
1218 0.20559999999999998
1219 0.20559999999999998
1220 0.20559999999999998
1221 0.2052
1222 0.2052
1223 0.2052
1224 0.2052
1225 0.2052
1226 0.2052
1227 0.2052
1228 0.2052
1229 0.2052
1230 0.2052
1231 0.2052
1232 0.2052
1233 0.2052
1234 0.2052
1235 0.2052
1236 0.2052
1237 0.2052
1238 0.2052
1239 0.2048
1240 0.2048
1241 0.2048
1242 0.20440000000000003
1243 0.20440000000000003
1244 0.20440000000000003
1245 0.20440000000000003
1246 0.20440000000000003
1247 0.20440000000000003
1248 0.20440000000000003
1249 0.20440000000000003
1250 0.20440000000000003
1251 0.20440000000000003
1252 0.20440000000000003
1253 0.20440000000000003
1254 0.204
1255 0.204
1256 0.204
1257 0.204
1258 0.2036
1259 0.2036
1260 0.2036
1261 0.2036
1262 0.2036
1263 0.2036
1264 0.2036
1265 0.2032
1266 0.2032
1267 0.2032
1268 0.2028
1269 0.2028
1270 0.2028
1271 0.2028
1272 0.2028
1273 0.2028
1274 0.2028
1275 0.2028
1276 0.20240000000000002
1277 0.20240000000000002
1278 0.20240000000000002
1279 0.20240000000000002
1280 0.20200000000000004
1281 0.20200000000000004
1282 0.20200000000000004
1283 0.20200000000000004
1284 0.20200000000000004
1285 0.20200000000000004
1286 0.20200000000000004
1287 0.20200000000000004
1288 0.20200000000000004
1289 0.20200000000000004
1290 0.20200000000000004
1291 0.20200000000000004
1292 0.20200000000000004
1293 0.20200000000000004
1294 0.20200000000000004
1295 0.20200000000000004
1296 0.20200000000000004
1297 0.20200000000000004
1298 0.20200000000000004
1299 0.20200000000000004
1300 0.20200000000000004
1301 0.20200000000000004
1302 0.20200000000000004
1303 0.20200000000000004
1304 0.20200000000000004
1305 0.20200000000000004
1306 0.20200000000000004
1307 0.20200000000000004
1308 0.20200000000000004
1309 0.20120000000000002
1310 0.20120000000000002
1311 0.20120000000000002
1312 0.20120000000000002
1313 0.2008
1314 0.2008
1315 0.2008
1316 0.2008
1317 0.2008
1318 0.2008
1319 0.2008
1320 0.2008
1321 0.2008
1322 0.2008
1323 0.2008
1324 0.2008
1325 0.2008
1326 0.2008
1327 0.2008
1328 0.2008
1329 0.2008
1330 0.2008
1331 0.2008
1332 0.20040000000000002
1333 0.20040000000000002
1334 0.20040000000000002
1335 0.20040000000000002
1336 0.20000000000000004
1337 0.20000000000000004
1338 0.1996
1339 0.1996
1340 0.1996
1341 0.1996
1342 0.1996
1343 0.1996
1344 0.1992
1345 0.1992
1346 0.19879999999999995
1347 0.19879999999999995
1348 0.19879999999999995
1349 0.19879999999999995
1350 0.19879999999999995
1351 0.19879999999999995
1352 0.19879999999999995
1353 0.19879999999999995
1354 0.19879999999999995
1355 0.19879999999999995
1356 0.19879999999999995
1357 0.19839999999999997
1358 0.19839999999999997
1359 0.19839999999999997
1360 0.19839999999999997
1361 0.19839999999999997
1362 0.19839999999999997
1363 0.19839999999999997
1364 0.19839999999999997
1365 0.19839999999999997
1366 0.19839999999999997
1367 0.19839999999999997
1368 0.19839999999999997
1369 0.19799999999999998
1370 0.19799999999999998
1371 0.19799999999999998
1372 0.19799999999999998
1373 0.19799999999999998
1374 0.19799999999999998
1375 0.1972
1376 0.1972
1377 0.1972
1378 0.1972
1379 0.1972
1380 0.1972
1381 0.1972
1382 0.1972
1383 0.1972
1384 0.1972
1385 0.1972
1386 0.1972
1387 0.1972
1388 0.1972
1389 0.1972
1390 0.1972
1391 0.1972
1392 0.1972
1393 0.1972
1394 0.1972
1395 0.1972
1396 0.1972
1397 0.1972
1398 0.1972
1399 0.1972
1400 0.1972
1401 0.1972
1402 0.1972
1403 0.19679999999999997
1404 0.19679999999999997
1405 0.19679999999999997
1406 0.19679999999999997
1407 0.19679999999999997
1408 0.19679999999999997
1409 0.19679999999999997
1410 0.19679999999999997
1411 0.19639999999999996
1412 0.19639999999999996
1413 0.19639999999999996
1414 0.19639999999999996
1415 0.19639999999999996
1416 0.19639999999999996
1417 0.19639999999999996
1418 0.19639999999999996
1419 0.19639999999999996
1420 0.19639999999999996
1421 0.19639999999999996
1422 0.19639999999999996
1423 0.19639999999999996
1424 0.19639999999999996
1425 0.19639999999999996
1426 0.19639999999999996
1427 0.19639999999999996
1428 0.19639999999999996
1429 0.19639999999999996
1430 0.19639999999999996
1431 0.19639999999999996
1432 0.19639999999999996
1433 0.19639999999999996
1434 0.19639999999999996
1435 0.19639999999999996
1436 0.19639999999999996
1437 0.19639999999999996
1438 0.19599999999999998
1439 0.19599999999999998
1440 0.19599999999999998
1441 0.19599999999999998
1442 0.19599999999999998
1443 0.19599999999999998
1444 0.19599999999999998
1445 0.19599999999999998
1446 0.19599999999999998
1447 0.19599999999999998
1448 0.1956
1449 0.1956
1450 0.1956
1451 0.1956
1452 0.1956
1453 0.1956
1454 0.1956
1455 0.19519999999999998
1456 0.19519999999999998
1457 0.19519999999999998
1458 0.19519999999999998
1459 0.19519999999999998
1460 0.19519999999999998
1461 0.19519999999999998
1462 0.1948
1463 0.1948
1464 0.1948
1465 0.1948
1466 0.1948
1467 0.1944
1468 0.1944
1469 0.1944
1470 0.1944
1471 0.1944
1472 0.1944
1473 0.1944
1474 0.1944
1475 0.1944
1476 0.1944
1477 0.1944
1478 0.1944
1479 0.1944
1480 0.1944
1481 0.1944
1482 0.1944
1483 0.1944
1484 0.1944
1485 0.1944
1486 0.1944
1487 0.1944
1488 0.1944
1489 0.1944
1490 0.1944
1491 0.1944
1492 0.1944
1493 0.1944
1494 0.1944
1495 0.1944
1496 0.1944
1497 0.1944
1498 0.19399999999999998
1499 0.19399999999999998
1500 0.19399999999999998
1501 0.1936
1502 0.1936
1503 0.1936
1504 0.1936
1505 0.1936
1506 0.1936
1507 0.1936
1508 0.19319999999999996
1509 0.19319999999999996
1510 0.19319999999999996
1511 0.19319999999999996
1512 0.19319999999999996
1513 0.19319999999999996
1514 0.19319999999999996
1515 0.19319999999999996
1516 0.19319999999999996
1517 0.19319999999999996
1518 0.19319999999999996
1519 0.19319999999999996
1520 0.19319999999999996
1521 0.19319999999999996
1522 0.19319999999999996
1523 0.19319999999999996
1524 0.19319999999999996
1525 0.19319999999999996
1526 0.19319999999999996
1527 0.19319999999999996
1528 0.19319999999999996
1529 0.19279999999999997
1530 0.19279999999999997
1531 0.1924
1532 0.1924
1533 0.1924
1534 0.192
1535 0.192
1536 0.192
1537 0.1916
1538 0.1916
1539 0.1916
1540 0.1916
1541 0.1916
1542 0.1916
1543 0.1916
1544 0.1916
1545 0.1916
1546 0.19119999999999998
1547 0.19119999999999998
1548 0.19119999999999998
1549 0.19119999999999998
1550 0.19119999999999998
1551 0.19079999999999997
1552 0.19079999999999997
1553 0.19079999999999997
1554 0.19039999999999999
1555 0.19039999999999999
1556 0.19039999999999999
1557 0.19039999999999999
1558 0.19039999999999999
1559 0.19039999999999999
1560 0.19039999999999999
1561 0.19039999999999999
1562 0.19039999999999999
1563 0.19039999999999999
1564 0.19039999999999999
1565 0.19039999999999999
1566 0.19039999999999999
1567 0.19039999999999999
1568 0.19039999999999999
1569 0.19039999999999999
1570 0.19039999999999999
1571 0.19039999999999999
1572 0.19039999999999999
1573 0.19039999999999999
1574 0.19039999999999999
1575 0.19039999999999999
1576 0.19039999999999999
1577 0.19039999999999999
1578 0.18999999999999997
1579 0.18999999999999997
1580 0.18999999999999997
1581 0.18999999999999997
1582 0.18959999999999996
1583 0.18959999999999996
1584 0.18959999999999996
1585 0.18959999999999996
1586 0.18959999999999996
1587 0.18959999999999996
1588 0.18959999999999996
1589 0.18959999999999996
1590 0.18959999999999996
1591 0.18959999999999996
1592 0.18959999999999996
1593 0.18959999999999996
1594 0.18959999999999996
1595 0.18959999999999996
1596 0.18959999999999996
1597 0.18959999999999996
1598 0.18959999999999996
1599 0.18959999999999996
1600 0.18919999999999998
1601 0.18919999999999998
1602 0.18919999999999998
1603 0.18919999999999998
1604 0.18919999999999998
1605 0.18919999999999998
1606 0.18919999999999998
1607 0.18919999999999998
1608 0.1888
1609 0.1888
1610 0.1888
1611 0.1888
1612 0.1888
1613 0.1888
1614 0.1888
1615 0.1888
1616 0.1888
1617 0.1888
1618 0.1888
1619 0.1888
1620 0.1888
1621 0.1888
1622 0.1888
1623 0.1888
1624 0.1888
1625 0.1888
1626 0.1888
1627 0.1888
1628 0.1888
1629 0.1888
1630 0.1888
1631 0.1888
1632 0.1888
1633 0.1888
1634 0.1888
1635 0.1888
1636 0.1888
1637 0.1888
1638 0.1888
1639 0.1888
1640 0.1888
1641 0.1888
1642 0.1888
1643 0.1888
1644 0.1888
1645 0.1888
1646 0.1888
1647 0.1888
1648 0.1888
1649 0.1888
1650 0.1888
1651 0.1888
1652 0.1888
1653 0.1888
1654 0.1888
1655 0.1888
1656 0.1884
1657 0.1884
1658 0.1884
1659 0.1884
1660 0.1884
1661 0.1884
1662 0.1884
1663 0.1884
1664 0.1884
1665 0.1884
1666 0.1884
1667 0.1884
1668 0.1884
1669 0.1884
1670 0.1884
1671 0.1884
1672 0.1884
1673 0.1884
1674 0.1884
1675 0.1884
1676 0.188
1677 0.188
1678 0.188
1679 0.188
1680 0.188
1681 0.188
1682 0.188
1683 0.188
1684 0.188
1685 0.188
1686 0.188
1687 0.188
1688 0.188
1689 0.188
1690 0.188
1691 0.188
1692 0.188
1693 0.188
1694 0.188
1695 0.188
1696 0.188
1697 0.188
1698 0.18760000000000002
1699 0.18760000000000002
1700 0.18760000000000002
1701 0.18760000000000002
1702 0.18760000000000002
1703 0.18760000000000002
1704 0.18760000000000002
1705 0.18760000000000002
1706 0.18760000000000002
1707 0.18719999999999998
1708 0.18719999999999998
1709 0.18719999999999998
1710 0.1868
1711 0.1868
1712 0.1868
1713 0.1868
1714 0.1868
1715 0.1868
1716 0.1868
1717 0.1868
1718 0.1864
1719 0.1864
1720 0.1864
1721 0.1864
1722 0.1864
1723 0.1864
1724 0.1864
1725 0.1864
1726 0.1864
1727 0.1864
1728 0.1864
1729 0.1864
1730 0.1864
1731 0.1864
1732 0.18599999999999997
1733 0.18599999999999997
1734 0.18599999999999997
1735 0.18599999999999997
1736 0.18599999999999997
1737 0.18599999999999997
1738 0.18599999999999997
1739 0.18599999999999997
1740 0.18599999999999997
1741 0.18599999999999997
1742 0.18599999999999997
1743 0.18599999999999997
1744 0.18599999999999997
1745 0.18599999999999997
1746 0.18599999999999997
1747 0.18599999999999997
1748 0.18599999999999997
1749 0.1856
1750 0.1856
1751 0.1856
1752 0.1856
1753 0.1856
1754 0.1856
1755 0.1856
1756 0.1856
1757 0.1856
1758 0.1856
1759 0.1856
1760 0.1856
1761 0.1856
1762 0.1856
1763 0.1856
1764 0.1856
1765 0.1856
1766 0.1856
1767 0.1856
1768 0.1856
1769 0.1856
1770 0.1856
1771 0.1856
1772 0.1852
1773 0.18479999999999996
1774 0.18479999999999996
1775 0.18479999999999996
1776 0.18479999999999996
1777 0.18479999999999996
1778 0.18479999999999996
1779 0.18479999999999996
1780 0.18479999999999996
1781 0.18479999999999996
1782 0.18479999999999996
1783 0.18479999999999996
1784 0.18479999999999996
1785 0.18479999999999996
1786 0.18479999999999996
1787 0.18479999999999996
1788 0.18479999999999996
1789 0.18479999999999996
1790 0.18479999999999996
1791 0.18479999999999996
1792 0.18439999999999998
1793 0.18439999999999998
1794 0.18439999999999998
1795 0.18439999999999998
1796 0.18439999999999998
1797 0.18439999999999998
1798 0.18439999999999998
1799 0.18439999999999998
1800 0.18439999999999998
1801 0.18439999999999998
1802 0.18439999999999998
1803 0.18439999999999998
1804 0.18439999999999998
1805 0.18439999999999998
1806 0.18439999999999998
1807 0.18439999999999998
1808 0.18439999999999998
1809 0.18439999999999998
1810 0.18439999999999998
1811 0.18439999999999998
1812 0.18359999999999996
1813 0.18359999999999996
1814 0.18359999999999996
1815 0.18359999999999996
1816 0.18359999999999996
1817 0.18359999999999996
1818 0.18359999999999996
1819 0.18359999999999996
1820 0.18359999999999996
1821 0.18359999999999996
1822 0.18359999999999996
1823 0.18359999999999996
1824 0.18359999999999996
1825 0.18359999999999996
1826 0.18359999999999996
1827 0.18359999999999996
1828 0.18359999999999996
1829 0.18359999999999996
1830 0.18359999999999996
1831 0.18359999999999996
1832 0.18359999999999996
1833 0.18359999999999996
1834 0.18319999999999997
1835 0.18319999999999997
1836 0.18319999999999997
1837 0.18319999999999997
1838 0.18319999999999997
1839 0.18319999999999997
1840 0.18319999999999997
1841 0.18319999999999997
1842 0.18319999999999997
1843 0.18319999999999997
1844 0.18319999999999997
1845 0.18319999999999997
1846 0.18319999999999997
1847 0.18319999999999997
1848 0.18319999999999997
1849 0.18319999999999997
1850 0.18319999999999997
1851 0.18319999999999997
1852 0.18319999999999997
1853 0.18319999999999997
1854 0.18319999999999997
1855 0.18319999999999997
1856 0.18319999999999997
1857 0.18319999999999997
1858 0.18319999999999997
1859 0.18319999999999997
1860 0.18279999999999993
1861 0.18279999999999993
1862 0.18279999999999993
1863 0.18279999999999993
1864 0.18279999999999993
1865 0.18279999999999993
1866 0.18279999999999993
1867 0.18279999999999993
1868 0.18279999999999993
1869 0.18279999999999993
1870 0.18279999999999993
1871 0.18279999999999993
1872 0.18279999999999993
1873 0.18279999999999993
1874 0.18279999999999993
1875 0.18279999999999993
1876 0.18279999999999993
1877 0.18279999999999993
1878 0.18279999999999993
1879 0.18279999999999993
1880 0.18279999999999993
1881 0.18279999999999993
1882 0.18279999999999993
1883 0.18279999999999993
1884 0.18279999999999993
1885 0.18279999999999993
1886 0.18279999999999993
1887 0.18279999999999993
1888 0.18279999999999993
1889 0.18279999999999993
1890 0.18279999999999993
1891 0.18279999999999993
1892 0.18279999999999993
1893 0.18279999999999993
1894 0.18279999999999993
1895 0.18279999999999993
1896 0.18279999999999993
1897 0.18279999999999993
1898 0.18239999999999995
1899 0.18239999999999995
1900 0.18239999999999995
1901 0.18239999999999995
1902 0.18239999999999995
1903 0.18239999999999995
1904 0.18239999999999995
1905 0.18199999999999997
1906 0.18199999999999997
1907 0.18199999999999997
1908 0.18199999999999997
1909 0.18199999999999997
1910 0.18199999999999997
1911 0.18199999999999997
1912 0.18199999999999997
1913 0.18199999999999997
1914 0.18199999999999997
1915 0.18199999999999997
1916 0.18199999999999997
1917 0.18199999999999997
1918 0.18199999999999997
1919 0.18199999999999997
1920 0.18199999999999997
1921 0.18199999999999997
1922 0.18199999999999997
1923 0.18199999999999997
1924 0.18199999999999997
1925 0.18199999999999997
1926 0.18199999999999997
1927 0.18199999999999997
1928 0.18199999999999997
1929 0.18199999999999997
1930 0.18199999999999997
1931 0.18199999999999997
1932 0.18199999999999997
1933 0.18199999999999997
1934 0.18199999999999997
1935 0.18199999999999997
1936 0.18119999999999997
1937 0.18119999999999997
1938 0.18119999999999997
1939 0.18119999999999997
1940 0.18119999999999997
1941 0.18119999999999997
1942 0.18119999999999997
1943 0.18119999999999997
1944 0.18119999999999997
1945 0.18119999999999997
1946 0.18119999999999997
1947 0.18119999999999997
1948 0.18119999999999997
1949 0.18119999999999997
1950 0.18119999999999997
1951 0.18119999999999997
1952 0.18119999999999997
1953 0.18119999999999997
1954 0.18119999999999997
1955 0.18119999999999997
1956 0.18119999999999997
1957 0.18119999999999997
1958 0.18119999999999997
1959 0.18119999999999997
1960 0.18119999999999997
1961 0.18079999999999996
1962 0.18079999999999996
1963 0.18079999999999996
1964 0.18079999999999996
1965 0.18079999999999996
1966 0.18079999999999996
1967 0.18079999999999996
1968 0.18079999999999996
1969 0.18079999999999996
1970 0.18079999999999996
1971 0.18079999999999996
1972 0.18079999999999996
1973 0.18079999999999996
1974 0.18079999999999996
1975 0.18079999999999996
1976 0.18079999999999996
1977 0.18079999999999996
1978 0.18079999999999996
1979 0.18079999999999996
1980 0.18039999999999995
1981 0.18039999999999995
1982 0.18039999999999995
1983 0.18039999999999995
1984 0.18039999999999995
1985 0.18039999999999995
1986 0.18039999999999995
1987 0.18039999999999995
1988 0.17999999999999997
1989 0.17999999999999997
1990 0.17999999999999997
1991 0.17999999999999997
1992 0.17999999999999997
1993 0.17999999999999997
1994 0.17999999999999997
1995 0.17999999999999997
1996 0.17999999999999997
1997 0.17999999999999997
1998 0.17999999999999997
1999 0.17999999999999997
