1 1.0
2 1.0
3 1.0
4 0.9987999999999999
5 0.9976
6 0.9968
7 0.9952
8 0.9932
9 0.9932
10 0.9919999999999999
11 0.9907999999999998
12 0.9904
13 0.9895999999999999
14 0.9879999999999999
15 0.9864
16 0.9867999999999998
17 0.9859999999999998
18 0.9867999999999998
19 0.9859999999999998
20 0.9855999999999997
21 0.9851999999999999
22 0.9847999999999998
23 0.9855999999999997
24 0.9843999999999998
25 0.9839999999999998
26 0.9831999999999997
27 0.9819999999999998
28 0.9811999999999999
29 0.9807999999999999
30 0.9811999999999999
31 0.9791999999999998
32 0.9783999999999999
33 0.9763999999999997
34 0.9759999999999996
35 0.9767999999999997
36 0.9783999999999997
37 0.9787999999999997
38 0.9799999999999995
39 0.9815999999999998
40 0.9832
41 0.9839999999999999
42 0.9855999999999999
43 0.9859999999999997
44 0.9879999999999997
45 0.9879999999999999
46 0.9871999999999999
47 0.9851999999999999
48 0.9847999999999999
49 0.9843999999999998
50 0.9832
51 0.9823999999999998
52 0.9823999999999998
53 0.9811999999999999
54 0.9804
55 0.9788
56 0.9780000000000001
57 0.9776
58 0.9771999999999998
59 0.9772
60 0.978
61 0.9795999999999999
62 0.9803999999999999
63 0.982
64 0.9844000000000002
65 0.986
66 0.9899999999999998
67 0.9903999999999997
68 0.9907999999999998
69 0.9899999999999999
70 0.9884
71 0.9884
72 0.9879999999999999
73 0.9871999999999999
74 0.9871999999999999
75 0.9856
76 0.9839999999999999
77 0.9815999999999998
78 0.9803999999999999
79 0.9803999999999999
80 0.98
81 0.9788
82 0.9792000000000001
83 0.9783999999999999
84 0.9795999999999999
85 0.98
86 0.9787999999999998
87 0.9812000000000001
88 0.9840000000000001
89 0.9856
90 0.9884
91 0.9895999999999999
92 0.9899999999999999
93 0.9895999999999998
94 0.9899999999999999
95 0.9899999999999999
96 0.9875999999999998
97 0.9867999999999999
98 0.9867999999999999
99 0.9852
100 0.9847999999999999
101 0.9843999999999999
102 0.9832000000000001
103 0.9832
104 0.9815999999999999
105 0.9812000000000001
106 0.9816000000000001
107 0.982
108 0.9819999999999999
109 0.9836
110 0.9856
111 0.9868000000000001
112 0.9875999999999999
113 0.988
114 0.988
115 0.9888000000000001
116 0.9888000000000001
117 0.9892
118 0.9892
119 0.9892
120 0.9884
121 0.988
122 0.9872000000000001
123 0.9868000000000001
124 0.9852000000000001
125 0.9852000000000001
126 0.9840000000000001
127 0.9843999999999999
128 0.9827999999999999
129 0.9819999999999999
130 0.9823999999999999
131 0.9819999999999998
132 0.9859999999999997
133 0.9851999999999999
134 0.9851999999999996
135 0.9859999999999997
136 0.988
137 0.9907999999999998
138 0.9907999999999998
139 0.9907999999999998
140 0.9915999999999997
141 0.9911999999999997
142 0.9907999999999997
143 0.9899999999999998
144 0.9891999999999997
145 0.9887999999999998
146 0.9884
147 0.9879999999999999
148 0.9879999999999999
149 0.9871999999999997
150 0.9863999999999997
151 0.9855999999999997
152 0.9855999999999997
153 0.9851999999999996
154 0.9843999999999997
155 0.9867999999999997
156 0.9863999999999997
157 0.9875999999999998
158 0.9879999999999999
159 0.9875999999999998
160 0.9887999999999998
161 0.9887999999999998
162 0.9887999999999998
163 0.9884
164 0.9892
165 0.9887999999999998
166 0.988
167 0.9879999999999999
168 0.9875999999999998
169 0.9867999999999998
170 0.9859999999999998
171 0.9855999999999997
172 0.9847999999999998
173 0.9843999999999998
174 0.9827999999999997
175 0.9819999999999999
176 0.98
177 0.9791999999999998
178 0.9783999999999999
179 0.9787999999999998
180 0.9795999999999998
181 0.9795999999999998
182 0.9815999999999998
183 0.9843999999999999
184 0.9859999999999998
185 0.9875999999999998
186 0.9884
187 0.99
188 0.9887999999999998
189 0.9891999999999999
190 0.9875999999999998
191 0.9875999999999998
192 0.9871999999999999
193 0.9863999999999997
194 0.9859999999999998
195 0.9852
196 0.9839999999999999
197 0.9839999999999999
198 0.9839999999999999
199 0.98
200 0.9795999999999999
201 0.9799999999999999
202 0.9791999999999998
203 0.98
204 0.9808
205 0.9808
206 0.982
207 0.9828
208 0.9848000000000002
209 0.9864
210 0.988
211 0.9887999999999999
212 0.9895999999999999
213 0.9887999999999998
214 0.986
215 0.9855999999999999
216 0.9847999999999999
217 0.9843999999999998
218 0.9839999999999999
219 0.9811999999999999
220 0.9803999999999999
221 0.9791999999999998
222 0.9779999999999999
223 0.9764
224 0.9744000000000002
225 0.9728000000000001
226 0.9720000000000002
227 0.9720000000000002
228 0.9740000000000001
229 0.9752000000000001
230 0.9768000000000001
231 0.9775999999999999
232 0.9800000000000001
233 0.9832000000000001
234 0.9863999999999998
235 0.9851999999999996
236 0.9839999999999997
237 0.9831999999999997
238 0.9827999999999997
239 0.9831999999999997
240 0.9811999999999997
241 0.9803999999999998
242 0.9803999999999998
243 0.9799999999999998
244 0.9791999999999997
245 0.9783999999999999
246 0.9775999999999998
247 0.9771999999999998
248 0.9763999999999997
249 0.9767999999999998
250 0.9767999999999998
251 0.9783999999999997
252 0.9791999999999998
253 0.9808
254 0.9815999999999998
255 0.9819999999999998
256 0.9823999999999999
257 0.9851999999999999
258 0.9859999999999998
259 0.9863999999999998
260 0.9875999999999996
261 0.9859999999999997
262 0.9851999999999996
263 0.9847999999999998
264 0.9843999999999997
265 0.9843999999999997
266 0.9827999999999997
267 0.9827999999999997
268 0.9819999999999998
269 0.9815999999999997
270 0.9815999999999997
271 0.9795999999999997
272 0.9799999999999998
273 0.9787999999999997
274 0.9771999999999998
275 0.9771999999999997
276 0.9763999999999998
277 0.9775999999999999
278 0.9783999999999997
279 0.9807999999999999
280 0.9836
281 0.9852
282 0.9871999999999999
283 0.9875999999999999
284 0.9887999999999999
285 0.9891999999999999
286 0.9868000000000001
287 0.986
288 0.9855999999999999
289 0.9843999999999998
290 0.9836
291 0.9819999999999999
292 0.9807999999999999
293 0.9803999999999999
294 0.9792000000000001
295 0.9768000000000001
296 0.9767999999999999
297 0.9755999999999999
298 0.9755999999999999
299 0.9752
300 0.9759999999999998
301 0.9767999999999998
302 0.9783999999999997
303 0.9787999999999998
304 0.9823999999999997
305 0.9831999999999997
306 0.9851999999999996
307 0.9871999999999997
308 0.9859999999999997
309 0.9863999999999997
310 0.9867999999999997
311 0.9859999999999998
312 0.9843999999999997
313 0.9835999999999997
314 0.9819999999999999
315 0.9803999999999996
316 0.9783999999999999
317 0.9763999999999998
318 0.9743999999999998
319 0.9731999999999998
320 0.9719999999999999
321 0.9707999999999999
322 0.9703999999999999
323 0.9719999999999999
324 0.9727999999999999
325 0.9743999999999998
326 0.9763999999999998
327 0.978
328 0.978
329 0.9799999999999999
330 0.9819999999999999
331 0.9832
332 0.9855999999999999
333 0.9852
334 0.9852
335 0.9847999999999999
336 0.9835999999999998
337 0.9823999999999998
338 0.9815999999999999
339 0.9808
340 0.98
341 0.9792000000000001
342 0.9792000000000001
343 0.9792000000000001
344 0.978
345 0.9767999999999999
346 0.9759999999999998
347 0.9771999999999998
348 0.9776
349 0.9791999999999998
350 0.9807999999999999
351 0.9823999999999999
352 0.9843999999999998
353 0.986
354 0.9863999999999998
355 0.9879999999999997
356 0.9875999999999996
357 0.9875999999999998
358 0.9867999999999998
359 0.9851999999999999
360 0.9839999999999998
361 0.9831999999999997
362 0.9827999999999999
363 0.9811999999999997
364 0.9803999999999998
365 0.9787999999999998
366 0.9783999999999999
367 0.9763999999999998
368 0.9763999999999998
369 0.9755999999999997
370 0.9739999999999999
371 0.9747999999999999
372 0.9759999999999998
373 0.9756
374 0.9772
375 0.9788000000000001
376 0.9808000000000001
377 0.9832000000000002
378 0.9848
379 0.9860000000000002
380 0.9852000000000001
381 0.9840000000000002
382 0.9824
383 0.9816000000000001
384 0.9808000000000001
385 0.9800000000000001
386 0.9796
387 0.9792000000000002
388 0.9784
389 0.9768000000000002
390 0.9760000000000001
391 0.9740000000000001
392 0.9728
393 0.9716000000000001
394 0.972
395 0.9732000000000001
396 0.9743999999999999
397 0.9747999999999999
398 0.9743999999999999
399 0.978
400 0.9792000000000001
401 0.9815999999999999
402 0.9836
403 0.986
404 0.9867999999999999
405 0.9859999999999998
406 0.9847999999999999
407 0.9835999999999998
408 0.9831999999999997
409 0.9823999999999998
410 0.9815999999999997
411 0.9803999999999996
412 0.9799999999999998
413 0.9795999999999998
414 0.9775999999999998
415 0.9771999999999997
416 0.9771999999999997
417 0.9767999999999998
418 0.9771999999999998
419 0.9775999999999998
420 0.9803999999999996
421 0.9815999999999999
422 0.9811999999999999
423 0.9831999999999997
424 0.9839999999999998
425 0.9855999999999999
426 0.9867999999999998
427 0.9879999999999997
428 0.9879999999999997
429 0.9875999999999998
430 0.9867999999999997
431 0.9859999999999998
432 0.9851999999999999
433 0.9851999999999999
434 0.9835999999999998
435 0.9832
436 0.9819999999999999
437 0.9811999999999997
438 0.9803999999999999
439 0.9803999999999999
440 0.9803999999999999
441 0.9792000000000001
442 0.9804
443 0.98
444 0.9804000000000002
445 0.9820000000000002
446 0.9828000000000001
447 0.9843999999999999
448 0.9847999999999999
449 0.9867999999999999
450 0.986
451 0.986
452 0.9868000000000001
453 0.9867999999999999
454 0.9867999999999999
455 0.9867999999999999
456 0.9847999999999999
457 0.9839999999999998
458 0.9823999999999998
459 0.9808
460 0.98
461 0.9788
462 0.9788
463 0.9775999999999998
464 0.9771999999999997
465 0.9747999999999998
466 0.9743999999999998
467 0.9759999999999998
468 0.9771999999999998
469 0.9775999999999998
470 0.9775999999999998
471 0.9787999999999998
472 0.9815999999999999
473 0.9840000000000001
474 0.9843999999999999
475 0.9840000000000001
476 0.9843999999999999
477 0.9847999999999999
478 0.9847999999999999
479 0.9835999999999998
480 0.9808
481 0.9796
482 0.9784
483 0.9776
484 0.9760000000000001
485 0.9760000000000001
486 0.9740000000000001
487 0.9740000000000001
488 0.9740000000000001
489 0.9732000000000001
490 0.9743999999999999
491 0.9760000000000001
492 0.976
493 0.9775999999999999
494 0.9795999999999999
495 0.9823999999999999
496 0.9843999999999999
497 0.9884000000000001
498 0.9895999999999999
499 0.9904
500 0.9915999999999998
501 0.9919999999999999
502 0.9911999999999999
503 0.9887999999999998
504 0.9867999999999998
505 0.9859999999999998
506 0.9843999999999997
507 0.9823999999999997
508 0.9811999999999997
509 0.9807999999999999
510 0.9775999999999999
511 0.9771999999999998
512 0.9763999999999998
513 0.9752
514 0.9752000000000001
515 0.9744000000000002
516 0.9752000000000001
517 0.9748
518 0.9743999999999999
519 0.9760000000000001
520 0.9760000000000001
521 0.9796
522 0.9796
523 0.982
524 0.9823999999999999
525 0.982
526 0.9815999999999999
527 0.9819999999999999
528 0.9811999999999997
529 0.9807999999999997
530 0.9795999999999998
531 0.9771999999999998
532 0.9747999999999999
533 0.9736
534 0.9719999999999999
535 0.972
536 0.97
537 0.9695999999999999
538 0.9683999999999999
539 0.9691999999999998
540 0.9715999999999998
541 0.9736
542 0.976
543 0.9767999999999999
544 0.9795999999999998
545 0.9831999999999997
546 0.9847999999999999
547 0.9863999999999998
548 0.986
549 0.9851999999999996
550 0.9847999999999998
551 0.9839999999999998
552 0.9839999999999998
553 0.9823999999999997
554 0.9823999999999997
555 0.9819999999999998
556 0.9811999999999999
557 0.9803999999999998
558 0.9783999999999999
559 0.9775999999999999
560 0.9767999999999998
561 0.9759999999999998
562 0.9743999999999998
563 0.9755999999999997
564 0.9771999999999997
565 0.9783999999999999
566 0.9811999999999997
567 0.9815999999999998
568 0.9839999999999999
569 0.986
570 0.9875999999999999
571 0.9879999999999999
572 0.9871999999999999
573 0.9867999999999999
574 0.9855999999999997
575 0.9851999999999999
576 0.9843999999999998
577 0.9835999999999998
578 0.9823999999999999
579 0.9800000000000001
580 0.9792000000000001
581 0.978
582 0.978
583 0.9783999999999999
584 0.978
585 0.9764
586 0.9772
587 0.9764
588 0.9767999999999999
589 0.9783999999999999
590 0.9791999999999997
591 0.9803999999999998
592 0.9823999999999998
593 0.9848
594 0.9856
595 0.9852
596 0.9851999999999999
597 0.9839999999999999
598 0.9836
599 0.9823999999999999
600 0.9811999999999999
601 0.9807999999999999
602 0.9803999999999999
603 0.9796
604 0.9788
605 0.9775999999999999
606 0.9768000000000001
607 0.976
608 0.9747999999999999
609 0.9751999999999998
610 0.9748
611 0.9756
612 0.9756000000000001
613 0.9783999999999999
614 0.9783999999999999
615 0.9792000000000001
616 0.9812000000000001
617 0.9828
618 0.9847999999999999
619 0.9863999999999998
620 0.9859999999999998
621 0.9855999999999999
622 0.9863999999999998
623 0.9864
624 0.9843999999999999
625 0.9836000000000001
626 0.9820000000000002
627 0.9816000000000001
628 0.9808000000000001
629 0.9804
630 0.9792000000000001
631 0.9788
632 0.9783999999999999
633 0.9783999999999999
634 0.9760000000000001
635 0.9776
636 0.9772000000000002
637 0.9780000000000001
638 0.9800000000000001
639 0.9788000000000001
640 0.9795999999999999
641 0.9792000000000001
642 0.9804
643 0.9823999999999999
644 0.9836
645 0.9840000000000001
646 0.9828
647 0.9823999999999999
648 0.9808
649 0.9795999999999999
650 0.9792000000000001
651 0.9776
652 0.9772
653 0.9767999999999999
654 0.9736
655 0.9716
656 0.9715999999999998
657 0.9712
658 0.9723999999999999
659 0.9736
660 0.9727999999999999
661 0.9740000000000001
662 0.9764
663 0.9775999999999999
664 0.9808
665 0.9839999999999998
666 0.9851999999999996
667 0.9863999999999997
668 0.9859999999999998
669 0.9855999999999997
670 0.9859999999999998
671 0.9859999999999998
672 0.9839999999999998
673 0.9815999999999998
674 0.9807999999999997
675 0.9807999999999997
676 0.9799999999999998
677 0.9795999999999998
678 0.9791999999999997
679 0.9775999999999998
680 0.9755999999999999
681 0.9743999999999998
682 0.9751999999999998
683 0.9759999999999998
684 0.9775999999999999
685 0.9784
686 0.9796
687 0.98
688 0.9840000000000001
689 0.9859999999999998
690 0.988
691 0.9884
692 0.9891999999999999
693 0.9867999999999998
694 0.9852
695 0.9847999999999999
696 0.9843999999999999
697 0.9836000000000001
698 0.9832000000000001
699 0.9823999999999999
700 0.9812000000000001
701 0.9803999999999999
702 0.9791999999999998
703 0.9779999999999999
704 0.9783999999999999
705 0.9783999999999999
706 0.9771999999999998
707 0.9751999999999998
708 0.9767999999999999
709 0.9752
710 0.9763999999999998
711 0.9767999999999999
712 0.9799999999999999
713 0.9823999999999999
714 0.9839999999999999
715 0.9839999999999999
716 0.9852
717 0.9847999999999999
718 0.9839999999999999
719 0.9828
720 0.9819999999999998
721 0.9803999999999999
722 0.9795999999999998
723 0.9783999999999999
724 0.9775999999999999
725 0.9767999999999999
726 0.9767999999999999
727 0.9767999999999999
728 0.9764
729 0.976
730 0.9723999999999999
731 0.9735999999999998
732 0.9739999999999998
733 0.9751999999999998
734 0.9751999999999998
735 0.9783999999999999
736 0.9799999999999999
737 0.9823999999999998
738 0.9831999999999997
739 0.9843999999999999
740 0.9847999999999999
741 0.9836
742 0.9840000000000001
743 0.9832000000000001
744 0.9823999999999999
745 0.9812000000000001
746 0.9812000000000001
747 0.9804
748 0.9796000000000002
749 0.9788000000000002
750 0.9780000000000001
751 0.9760000000000002
752 0.9752000000000001
753 0.9748
754 0.9732
755 0.9735999999999998
756 0.9755999999999997
757 0.9763999999999998
758 0.9767999999999998
759 0.9767999999999997
760 0.9807999999999999
761 0.9839999999999998
762 0.9843999999999998
763 0.9847999999999999
764 0.986
765 0.9855999999999997
766 0.9843999999999998
767 0.9843999999999998
768 0.9839999999999999
769 0.9835999999999998
770 0.9812000000000001
771 0.9803999999999999
772 0.9796
773 0.9779999999999999
774 0.9775999999999999
775 0.9751999999999996
776 0.9747999999999998
777 0.9743999999999999
778 0.9736
779 0.9739999999999999
780 0.9740000000000001
781 0.9748
782 0.9767999999999999
783 0.9787999999999998
784 0.9811999999999997
785 0.9847999999999996
786 0.9859999999999998
787 0.9879999999999997
788 0.9859999999999997
789 0.9867999999999998
790 0.9867999999999998
791 0.9855999999999999
792 0.9855999999999999
793 0.9835999999999997
794 0.9831999999999997
795 0.9823999999999997
796 0.9811999999999996
797 0.9799999999999998
798 0.9779999999999996
799 0.9767999999999997
800 0.9755999999999997
801 0.9747999999999997
802 0.9747999999999998
803 0.9751999999999998
804 0.9763999999999998
805 0.9772
806 0.9775999999999999
807 0.9791999999999997
808 0.9819999999999999
809 0.9840000000000001
810 0.9852000000000001
811 0.9860000000000001
812 0.9864000000000002
813 0.9868000000000001
814 0.9864000000000002
815 0.9860000000000001
816 0.9847999999999999
817 0.9852
818 0.9852
819 0.9843999999999999
820 0.9823999999999999
821 0.982
822 0.9812000000000001
823 0.9803999999999999
824 0.9795999999999999
825 0.9791999999999998
826 0.9792000000000001
827 0.9804
828 0.98
829 0.9796
830 0.9803999999999998
831 0.9832
832 0.9847999999999998
833 0.9843999999999997
834 0.9855999999999997
835 0.9859999999999997
836 0.9859999999999997
837 0.9867999999999997
838 0.9863999999999997
839 0.9847999999999999
840 0.9847999999999999
841 0.9835999999999997
842 0.9831999999999996
843 0.9823999999999998
844 0.9787999999999997
845 0.9771999999999997
846 0.9771999999999997
847 0.9759999999999996
848 0.9751999999999996
849 0.9747999999999998
850 0.9735999999999997
851 0.9731999999999998
852 0.9735999999999998
853 0.9747999999999999
854 0.9760000000000001
855 0.9783999999999999
856 0.9796
857 0.9808
858 0.9836000000000001
859 0.9843999999999999
860 0.9824
861 0.982
862 0.9819999999999999
863 0.9807999999999999
864 0.98
865 0.9795999999999999
866 0.9795999999999999
867 0.9787999999999998
868 0.9787999999999998
869 0.9779999999999999
870 0.9764
871 0.9755999999999999
872 0.9751999999999998
873 0.9735999999999997
874 0.9743999999999998
875 0.9756
876 0.9759999999999998
877 0.9763999999999998
878 0.9767999999999999
879 0.9763999999999997
880 0.9803999999999998
881 0.9831999999999997
882 0.9839999999999997
883 0.9843999999999997
884 0.9839999999999998
885 0.9823999999999998
886 0.9815999999999997
887 0.9807999999999997
888 0.9807999999999997
889 0.9795999999999998
890 0.9783999999999999
891 0.9775999999999999
892 0.9767999999999999
893 0.9751999999999998
894 0.9743999999999998
895 0.9735999999999998
896 0.9711999999999997
897 0.9687999999999997
898 0.9679999999999996
899 0.9671999999999997
900 0.9675999999999996
901 0.9683999999999997
902 0.9679999999999996
903 0.9699999999999999
904 0.9727999999999999
905 0.9775999999999999
906 0.9807999999999999
907 0.9823999999999998
908 0.9835999999999998
909 0.982
910 0.982
911 0.9815999999999999
912 0.9804
913 0.9796
914 0.9780000000000001
915 0.9780000000000001
916 0.9772000000000002
917 0.9772000000000002
918 0.9756
919 0.9740000000000001
920 0.9736
921 0.9739999999999999
922 0.9736000000000001
923 0.9740000000000001
924 0.9752
925 0.9747999999999999
926 0.976
927 0.9784000000000002
928 0.9812000000000001
929 0.9843999999999999
930 0.9839999999999999
931 0.9852
932 0.986
933 0.982
934 0.9812000000000001
935 0.9804
936 0.98
937 0.9792000000000001
938 0.978
939 0.9775999999999999
940 0.976
941 0.9735999999999998
942 0.9712
943 0.9703999999999998
944 0.9707999999999999
945 0.9699999999999999
946 0.9675999999999996
947 0.9659999999999997
948 0.9671999999999998
949 0.9679999999999999
950 0.9691999999999997
951 0.9707999999999999
952 0.9747999999999999
953 0.9791999999999997
954 0.9811999999999999
955 0.9788
956 0.98
957 0.9796
958 0.9780000000000001
959 0.9772000000000002
960 0.9760000000000001
961 0.9740000000000001
962 0.9716
963 0.9712
964 0.9687999999999998
965 0.9675999999999999
966 0.9671999999999998
967 0.9667999999999999
968 0.9655999999999999
969 0.9655999999999998
970 0.9655999999999999
971 0.9659999999999997
972 0.9663999999999997
973 0.9663999999999997
974 0.9691999999999998
975 0.9703999999999998
976 0.9712
977 0.9739999999999999
978 0.9779999999999999
979 0.9800000000000001
980 0.9788
981 0.9768000000000001
982 0.9752
983 0.9736
984 0.9736
985 0.9732000000000001
986 0.9728
987 0.9719999999999999
988 0.9716
989 0.9696000000000001
990 0.9683999999999999
991 0.9679999999999999
992 0.966
993 0.9651999999999998
994 0.9659999999999997
995 0.9671999999999997
996 0.9687999999999998
997 0.9711999999999997
998 0.9723999999999999
999 0.9739999999999999
1000 0.9771999999999998
1001 0.9823999999999998
1002 0.9835999999999998
1003 0.9835999999999997
1004 0.9832
1005 0.9827999999999999
1006 0.9803999999999998
1007 0.9791999999999998
1008 0.978
1009 0.9756
1010 0.9748
1011 0.9743999999999999
1012 0.9723999999999999
1013 0.9712000000000001
1014 0.9708000000000001
1015 0.9692000000000001
1016 0.9679999999999999
1017 0.9667999999999999
1018 0.9675999999999999
1019 0.9667999999999999
1020 0.9668000000000001
1021 0.9667999999999999
1022 0.9675999999999999
1023 0.9695999999999999
1024 0.9719999999999999
1025 0.9743999999999998
1026 0.9772
1027 0.9803999999999999
1028 0.9828
1029 0.982
1030 0.982
1031 0.9812000000000001
1032 0.9812000000000001
1033 0.9803999999999999
1034 0.9788000000000001
1035 0.9784000000000002
1036 0.9784000000000002
1037 0.9776000000000002
1038 0.9768000000000001
1039 0.9756
1040 0.9756
1041 0.9752000000000001
1042 0.976
1043 0.9767999999999999
1044 0.9779999999999999
1045 0.9787999999999998
1046 0.9803999999999999
1047 0.9819999999999999
1048 0.9835999999999998
1049 0.9852000000000001
1050 0.9860000000000001
1051 0.9860000000000001
1052 0.9860000000000001
1053 0.9860000000000001
1054 0.9848000000000002
1055 0.9832000000000002
1056 0.9824000000000003
1057 0.9820000000000002
1058 0.9816000000000001
1059 0.9792000000000002
1060 0.9776
1061 0.9768000000000001
1062 0.9752
1063 0.9756
1064 0.9736
1065 0.9719999999999999
1066 0.9724
1067 0.9716
1068 0.9708
1069 0.9716
1070 0.9723999999999999
1071 0.9728
1072 0.9764
1073 0.9792000000000001
1074 0.9823999999999998
1075 0.9847999999999998
1076 0.9843999999999997
1077 0.9832
1078 0.9791999999999998
1079 0.9767999999999999
1080 0.9755999999999999
1081 0.9759999999999998
1082 0.9751999999999998
1083 0.9731999999999998
1084 0.9719999999999998
1085 0.9711999999999997
1086 0.9707999999999997
1087 0.9687999999999996
1088 0.9679999999999995
1089 0.9679999999999995
1090 0.9655999999999998
1091 0.9667999999999997
1092 0.9675999999999996
1093 0.9679999999999999
1094 0.9695999999999998
1095 0.9707999999999999
1096 0.9719999999999999
1097 0.9743999999999998
1098 0.9776
1099 0.98
1100 0.9812000000000001
1101 0.9816000000000001
1102 0.9816000000000001
1103 0.9808000000000001
1104 0.9808000000000001
1105 0.9788000000000001
1106 0.9772000000000002
1107 0.9768000000000001
1108 0.9752000000000001
1109 0.9743999999999999
1110 0.9739999999999999
1111 0.9744000000000002
1112 0.9740000000000001
1113 0.9731999999999998
1114 0.9723999999999999
1115 0.9728
1116 0.9747999999999999
1117 0.9783999999999999
1118 0.9787999999999998
1119 0.9803999999999998
1120 0.9831999999999997
1121 0.9840000000000001
1122 0.9852
1123 0.9863999999999998
1124 0.9863999999999998
1125 0.9863999999999998
1126 0.9855999999999999
1127 0.9851999999999999
1128 0.9847999999999998
1129 0.9831999999999997
1130 0.9827999999999997
1131 0.9815999999999997
1132 0.9811999999999997
1133 0.9799999999999999
1134 0.9799999999999999
1135 0.9792000000000001
1136 0.9792000000000001
1137 0.9783999999999999
1138 0.9760000000000001
1139 0.9756000000000001
1140 0.9776
1141 0.98
1142 0.98
1143 0.9792000000000001
1144 0.9800000000000001
1145 0.9815999999999999
1146 0.9835999999999998
1147 0.9839999999999999
1148 0.9852
1149 0.9843999999999999
1150 0.9836
1151 0.9823999999999999
1152 0.9812000000000001
1153 0.9808
1154 0.9804
1155 0.9780000000000001
1156 0.9760000000000001
1157 0.9760000000000001
1158 0.9764000000000002
1159 0.9752000000000001
1160 0.9743999999999999
1161 0.9736
1162 0.9724
1163 0.9728000000000001
1164 0.9739999999999999
1165 0.9748
1166 0.9768000000000001
1167 0.9767999999999999
1168 0.9783999999999999
1169 0.9819999999999999
1170 0.9811999999999999
1171 0.9808
1172 0.9811999999999999
1173 0.9807999999999999
1174 0.9807999999999999
1175 0.9807999999999997
1176 0.9803999999999999
1177 0.9787999999999998
1178 0.9775999999999998
1179 0.9759999999999998
1180 0.9751999999999998
1181 0.9735999999999998
1182 0.9715999999999998
1183 0.9707999999999997
1184 0.9687999999999998
1185 0.9683999999999999
1186 0.9688
1187 0.9691999999999998
1188 0.9708
1189 0.9728
1190 0.9736
1191 0.9743999999999999
1192 0.9779999999999999
1193 0.9795999999999998
1194 0.9823999999999998
1195 0.9827999999999997
1196 0.9823999999999998
1197 0.9819999999999999
1198 0.9807999999999999
1199 0.98
1200 0.9795999999999999
1201 0.9788
1202 0.9759999999999998
1203 0.9748
1204 0.9739999999999999
1205 0.9719999999999999
1206 0.9719999999999999
1207 0.9688000000000001
1208 0.9692000000000001
1209 0.968
1210 0.9676
1211 0.9676000000000002
1212 0.9680000000000003
1213 0.97
1214 0.9723999999999998
1215 0.9736
1216 0.9752000000000001
1217 0.9783999999999999
1218 0.9795999999999998
1219 0.9811999999999997
1220 0.9803999999999996
1221 0.9787999999999997
1222 0.9775999999999996
1223 0.9771999999999997
1224 0.9759999999999995
1225 0.9739999999999995
1226 0.9723999999999997
1227 0.9691999999999996
1228 0.9671999999999996
1229 0.9667999999999997
1230 0.9655999999999998
1231 0.9635999999999997
1232 0.9639999999999996
1233 0.9631999999999996
1234 0.9627999999999995
1235 0.9619999999999994
1236 0.9643999999999996
1237 0.9667999999999997
1238 0.9675999999999995
1239 0.9719999999999996
1240 0.9747999999999998
1241 0.9795999999999997
1242 0.9827999999999997
1243 0.9823999999999998
1244 0.9827999999999999
1245 0.9827999999999999
1246 0.9815999999999998
1247 0.9807999999999999
1248 0.9791999999999998
1249 0.978
1250 0.9771999999999998
1251 0.9764
1252 0.9755999999999999
1253 0.9752
1254 0.9736
1255 0.9695999999999999
1256 0.9695999999999999
1257 0.9699999999999999
1258 0.9695999999999998
1259 0.9683999999999999
1260 0.9707999999999997
1261 0.9715999999999998
1262 0.9739999999999998
1263 0.9755999999999999
1264 0.976
1265 0.9779999999999999
1266 0.9783999999999997
1267 0.9771999999999997
1268 0.9763999999999997
1269 0.9763999999999996
1270 0.9727999999999998
1271 0.9727999999999998
1272 0.9723999999999997
1273 0.9711999999999996
1274 0.9707999999999996
1275 0.9699999999999995
1276 0.9691999999999996
1277 0.9683999999999996
1278 0.9675999999999996
1279 0.9663999999999996
1280 0.9647999999999998
1281 0.9619999999999997
1282 0.9611999999999997
1283 0.9611999999999997
1284 0.9611999999999997
1285 0.9651999999999997
1286 0.9648
1287 0.9675999999999999
1288 0.9711999999999997
1289 0.9752
1290 0.9763999999999998
1291 0.9771999999999998
1292 0.9791999999999998
1293 0.9783999999999997
1294 0.9775999999999998
1295 0.9775999999999999
1296 0.9775999999999998
1297 0.9767999999999998
1298 0.9763999999999998
1299 0.976
1300 0.9752
1301 0.9747999999999999
1302 0.9735999999999998
1303 0.9735999999999998
1304 0.9727999999999999
1305 0.9716
1306 0.9695999999999998
1307 0.9683999999999997
1308 0.9699999999999999
1309 0.9736
1310 0.9751999999999998
1311 0.9755999999999997
1312 0.9779999999999996
1313 0.9803999999999998
1314 0.9823999999999997
1315 0.9811999999999997
1316 0.9815999999999998
1317 0.9799999999999999
1318 0.9799999999999999
1319 0.9787999999999997
1320 0.9771999999999997
1321 0.9767999999999997
1322 0.9763999999999997
1323 0.9759999999999996
1324 0.9759999999999996
1325 0.9747999999999997
1326 0.9719999999999996
1327 0.9707999999999996
1328 0.9691999999999996
1329 0.9667999999999998
1330 0.9659999999999997
1331 0.9664
1332 0.9663999999999997
1333 0.9667999999999995
1334 0.9687999999999997
1335 0.9699999999999999
1336 0.9723999999999997
1337 0.9755999999999999
1338 0.9791999999999998
1339 0.9823999999999999
1340 0.9811999999999997
1341 0.9803999999999998
1342 0.9799999999999999
1343 0.9787999999999998
1344 0.9763999999999998
1345 0.9747999999999999
1346 0.9747999999999999
1347 0.9731999999999998
1348 0.9723999999999998
1349 0.9695999999999999
1350 0.9675999999999999
1351 0.9672
1352 0.9655999999999999
1353 0.9643999999999998
1354 0.9635999999999999
1355 0.9639999999999997
1356 0.9656
1357 0.9679999999999996
1358 0.97
1359 0.9732
1360 0.9755999999999997
1361 0.9775999999999999
1362 0.98
1363 0.9815999999999999
1364 0.9827999999999999
1365 0.9819999999999999
1366 0.9819999999999999
1367 0.9808
1368 0.98
1369 0.9788
1370 0.9764
1371 0.9747999999999999
1372 0.9727999999999998
1373 0.9707999999999999
1374 0.9683999999999999
1375 0.9651999999999997
1376 0.9643999999999998
1377 0.9639999999999997
1378 0.9643999999999997
1379 0.9659999999999997
1380 0.9688
1381 0.9699999999999999
1382 0.9715999999999998
1383 0.9739999999999998
1384 0.9767999999999998
1385 0.9803999999999999
1386 0.9832
1387 0.9855999999999999
1388 0.9835999999999998
1389 0.9831999999999997
1390 0.9815999999999997
1391 0.9811999999999997
1392 0.9807999999999999
1393 0.9788
1394 0.9772
1395 0.9747999999999998
1396 0.9739999999999999
1397 0.9723999999999999
1398 0.9716000000000001
1399 0.9695999999999999
1400 0.9691999999999998
1401 0.968
1402 0.9675999999999999
1403 0.9691999999999998
1404 0.9711999999999997
1405 0.9735999999999998
1406 0.9739999999999999
1407 0.9764000000000002
1408 0.9780000000000001
1409 0.9827999999999999
1410 0.9832000000000001
1411 0.9847999999999999
1412 0.9855999999999999
1413 0.9860000000000001
1414 0.9852
1415 0.9836
1416 0.9811999999999999
1417 0.9792000000000001
1418 0.978
1419 0.9763999999999998
1420 0.9755999999999999
1421 0.9751999999999998
1422 0.9711999999999997
1423 0.9707999999999997
1424 0.9699999999999998
1425 0.9691999999999998
1426 0.9683999999999999
1427 0.9679999999999999
1428 0.9687999999999997
1429 0.9715999999999998
1430 0.9703999999999998
1431 0.9715999999999998
1432 0.9727999999999999
1433 0.9788
1434 0.9799999999999999
1435 0.9808
1436 0.9819999999999999
1437 0.9832
1438 0.9827999999999999
1439 0.9819999999999998
1440 0.9811999999999997
1441 0.9807999999999999
1442 0.9803999999999999
1443 0.9799999999999999
1444 0.9783999999999997
1445 0.9775999999999998
1446 0.9779999999999999
1447 0.9751999999999998
1448 0.9727999999999999
1449 0.9719999999999999
1450 0.9735999999999998
1451 0.9727999999999999
1452 0.9739999999999998
1453 0.9735999999999997
1454 0.9743999999999998
1455 0.9752000000000001
1456 0.9776
1457 0.9840000000000001
1458 0.9828
1459 0.9832
1460 0.9835999999999998
1461 0.9835999999999998
1462 0.9823999999999999
1463 0.982
1464 0.9812000000000001
1465 0.98
1466 0.9788
1467 0.9788
1468 0.9779999999999999
1469 0.976
1470 0.9740000000000001
1471 0.9723999999999998
1472 0.9712
1473 0.9699999999999999
1474 0.968
1475 0.9668000000000001
1476 0.9675999999999999
1477 0.9672
1478 0.9683999999999997
1479 0.9712
1480 0.9712
1481 0.9743999999999998
1482 0.9783999999999999
1483 0.9791999999999998
1484 0.9783999999999999
1485 0.9779999999999999
1486 0.9775999999999998
1487 0.9771999999999998
1488 0.9763999999999997
1489 0.9751999999999998
1490 0.9747999999999998
1491 0.9735999999999997
1492 0.9727999999999998
1493 0.9695999999999998
1494 0.9691999999999997
1495 0.9679999999999996
1496 0.9667999999999999
1497 0.9659999999999997
1498 0.9663999999999997
1499 0.9683999999999999
1500 0.9704
1501 0.9723999999999999
1502 0.9752000000000001
1503 0.9772000000000002
1504 0.9792000000000001
1505 0.982
1506 0.9840000000000002
1507 0.9848000000000002
1508 0.9864
1509 0.9864
1510 0.9852
1511 0.9852
1512 0.9836
1513 0.982
1514 0.9808000000000001
1515 0.9784
1516 0.9743999999999999
1517 0.9735999999999998
1518 0.9723999999999999
1519 0.9715999999999998
1520 0.9703999999999998
1521 0.9699999999999999
1522 0.9691999999999998
1523 0.9704
1524 0.9688000000000001
1525 0.9708
1526 0.9712
1527 0.9723999999999999
1528 0.9728
1529 0.9732000000000001
1530 0.9784
1531 0.9783999999999999
1532 0.9795999999999999
1533 0.9795999999999999
1534 0.9787999999999998
1535 0.9771999999999997
1536 0.9735999999999998
1537 0.9732
1538 0.9715999999999998
1539 0.9687999999999998
1540 0.9683999999999997
1541 0.9679999999999999
1542 0.9672
1543 0.9656
1544 0.966
1545 0.9643999999999999
1546 0.9652
1547 0.9651999999999998
1548 0.9667999999999999
1549 0.9688000000000001
1550 0.9720000000000002
1551 0.9756
1552 0.9776000000000002
1553 0.9819999999999999
1554 0.9835999999999998
1555 0.9819999999999999
1556 0.9831999999999997
1557 0.9827999999999997
1558 0.9823999999999997
1559 0.9827999999999997
1560 0.9815999999999997
1561 0.9811999999999997
1562 0.9795999999999998
1563 0.9783999999999997
1564 0.9759999999999998
1565 0.9735999999999998
1566 0.9707999999999996
1567 0.9687999999999997
1568 0.9667999999999998
1569 0.9663999999999997
1570 0.9655999999999999
1571 0.9663999999999998
1572 0.9655999999999999
1573 0.9667999999999998
1574 0.9675999999999996
1575 0.9687999999999997
1576 0.9719999999999998
1577 0.9751999999999995
1578 0.9787999999999997
1579 0.9795999999999998
1580 0.9811999999999997
1581 0.9827999999999997
1582 0.9823999999999997
1583 0.9811999999999997
1584 0.9807999999999997
1585 0.9807999999999999
1586 0.9799999999999999
1587 0.9799999999999999
1588 0.9791999999999998
1589 0.9767999999999999
1590 0.9767999999999999
1591 0.9747999999999999
1592 0.9719999999999999
1593 0.9716
1594 0.9723999999999999
1595 0.9711999999999997
1596 0.9739999999999999
1597 0.9767999999999998
1598 0.9783999999999997
1599 0.9791999999999998
1600 0.9783999999999997
1601 0.9803999999999999
1602 0.9803999999999999
1603 0.9815999999999999
1604 0.9796
1605 0.9784
1606 0.9788000000000001
1607 0.9767999999999999
1608 0.9743999999999997
1609 0.9719999999999996
1610 0.9679999999999996
1611 0.9667999999999998
1612 0.9651999999999997
1613 0.9643999999999997
1614 0.9635999999999996
1615 0.9631999999999996
1616 0.9631999999999998
1617 0.9627999999999998
1618 0.9632
1619 0.964
1620 0.9635999999999999
1621 0.9647999999999999
1622 0.9647999999999998
1623 0.9675999999999998
1624 0.9712
1625 0.9743999999999999
1626 0.9771999999999998
1627 0.9779999999999999
1628 0.9776
1629 0.978
1630 0.9772
1631 0.9763999999999998
1632 0.9763999999999998
1633 0.9736
1634 0.9712000000000001
1635 0.9692000000000002
1636 0.9660000000000002
1637 0.9628000000000003
1638 0.9624000000000004
1639 0.9600000000000002
1640 0.9596000000000001
1641 0.9575999999999999
1642 0.9588000000000001
1643 0.9616000000000001
1644 0.9628000000000001
1645 0.9648000000000002
1646 0.9664
1647 0.9687999999999998
1648 0.9731999999999998
1649 0.9788
1650 0.9803999999999996
1651 0.9811999999999999
1652 0.98
1653 0.9795999999999998
1654 0.9771999999999998
1655 0.9771999999999998
1656 0.9763999999999998
1657 0.9756
1658 0.9756
1659 0.9747999999999999
1660 0.9723999999999998
1661 0.9711999999999997
1662 0.9707999999999999
1663 0.9703999999999998
1664 0.9687999999999998
1665 0.9676000000000002
1666 0.9672000000000002
1667 0.9675999999999999
1668 0.9691999999999998
1669 0.9703999999999999
1670 0.9732
1671 0.9755999999999999
1672 0.9775999999999998
1673 0.9803999999999998
1674 0.9811999999999997
1675 0.9831999999999996
1676 0.9835999999999998
1677 0.9831999999999997
1678 0.9832
1679 0.9823999999999998
1680 0.9823999999999998
1681 0.9815999999999998
1682 0.9784
1683 0.9771999999999998
1684 0.9748
1685 0.9739999999999999
1686 0.9727999999999999
1687 0.9723999999999998
1688 0.9723999999999998
1689 0.9715999999999998
1690 0.9708
1691 0.9716
1692 0.9727999999999998
1693 0.9747999999999999
1694 0.9763999999999998
1695 0.9788
1696 0.9791999999999998
1697 0.9783999999999999
1698 0.9795999999999997
1699 0.9807999999999997
1700 0.9799999999999999
1701 0.9791999999999998
1702 0.9792000000000002
1703 0.978
1704 0.976
1705 0.9743999999999998
1706 0.9739999999999998
1707 0.9731999999999998
1708 0.9727999999999999
1709 0.9703999999999996
1710 0.9707999999999997
1711 0.9683999999999999
1712 0.9683999999999999
1713 0.9683999999999997
1714 0.9675999999999998
1715 0.9667999999999998
1716 0.9643999999999999
1717 0.9651999999999998
1718 0.9671999999999998
1719 0.9687999999999998
1720 0.9719999999999999
1721 0.9759999999999998
1722 0.9775999999999998
1723 0.9799999999999999
1724 0.9791999999999997
1725 0.9787999999999997
1726 0.9783999999999997
1727 0.9771999999999997
1728 0.9755999999999997
1729 0.9743999999999997
1730 0.9719999999999998
1731 0.9707999999999997
1732 0.9687999999999997
1733 0.9679999999999996
1734 0.9667999999999997
1735 0.9663999999999998
1736 0.9655999999999999
1737 0.9651999999999997
1738 0.9643999999999996
1739 0.9643999999999999
1740 0.9695999999999999
1741 0.9723999999999997
1742 0.9735999999999998
1743 0.9755999999999999
1744 0.9767999999999998
1745 0.9799999999999999
1746 0.9844000000000002
1747 0.9839999999999999
1748 0.9855999999999999
1749 0.9855999999999999
1750 0.9852
1751 0.9848
1752 0.9827999999999999
1753 0.9815999999999998
1754 0.9795999999999998
1755 0.9783999999999999
1756 0.9767999999999999
1757 0.9736
1758 0.9723999999999999
1759 0.9699999999999999
1760 0.9671999999999998
1761 0.9664
1762 0.9644000000000001
1763 0.9652
1764 0.9647999999999999
1765 0.9647999999999998
1766 0.9659999999999997
1767 0.9675999999999999
1768 0.9715999999999998
1769 0.9751999999999998
1770 0.9775999999999998
1771 0.9779999999999996
1772 0.9783999999999996
1773 0.9787999999999997
1774 0.9783999999999997
1775 0.9775999999999998
1776 0.9771999999999998
1777 0.9767999999999998
1778 0.9763999999999997
1779 0.9743999999999997
1780 0.9731999999999998
1781 0.9695999999999997
1782 0.9683999999999997
1783 0.9675999999999998
1784 0.9667999999999999
1785 0.9643999999999999
1786 0.9640000000000001
1787 0.9624000000000003
1788 0.9648
1789 0.9655999999999999
1790 0.966
1791 0.9687999999999998
1792 0.9728
1793 0.9776000000000002
1794 0.9788
1795 0.9819999999999998
1796 0.9836
1797 0.9843999999999998
1798 0.9839999999999999
1799 0.9819999999999998
1800 0.9807999999999999
1801 0.9788
1802 0.9775999999999999
1803 0.9755999999999999
1804 0.9724
1805 0.9708
1806 0.9688000000000001
1807 0.9684
1808 0.9684
1809 0.9656
1810 0.9659999999999997
1811 0.9652
1812 0.966
1813 0.9663999999999998
1814 0.9679999999999999
1815 0.9691999999999998
1816 0.9727999999999999
1817 0.9732000000000001
1818 0.9752000000000001
1819 0.9756
1820 0.9756
1821 0.9752
1822 0.9739999999999998
1823 0.9727999999999998
1824 0.9719999999999999
1825 0.9711999999999997
1826 0.9707999999999997
1827 0.9699999999999999
1828 0.9683999999999999
1829 0.9671999999999998
1830 0.9647999999999999
1831 0.9643999999999998
1832 0.9635999999999999
1833 0.9628
1834 0.964
1835 0.9647999999999998
1836 0.9659999999999997
1837 0.9695999999999997
1838 0.9727999999999998
1839 0.9727999999999996
1840 0.9747999999999997
1841 0.9767999999999998
1842 0.978
1843 0.9788
1844 0.9795999999999998
1845 0.9783999999999999
1846 0.9772
1847 0.9763999999999998
1848 0.9755999999999999
1849 0.9739999999999999
1850 0.9723999999999999
1851 0.9712000000000001
1852 0.97
1853 0.9675999999999999
1854 0.9667999999999998
1855 0.9651999999999997
1856 0.9651999999999997
1857 0.9639999999999997
1858 0.9639999999999996
1859 0.9643999999999996
1860 0.9651999999999997
1861 0.9659999999999996
1862 0.9671999999999997
1863 0.9675999999999999
1864 0.9687999999999998
1865 0.9748
1866 0.9768000000000001
1867 0.976
1868 0.9755999999999999
1869 0.9751999999999998
1870 0.9747999999999998
1871 0.9723999999999998
1872 0.9719999999999998
1873 0.9707999999999997
1874 0.9703999999999998
1875 0.9691999999999998
1876 0.9671999999999998
1877 0.9655999999999998
1878 0.9647999999999999
1879 0.9623999999999998
1880 0.9619999999999999
1881 0.9615999999999998
1882 0.9616
1883 0.9623999999999999
1884 0.9651999999999997
1885 0.9671999999999998
1886 0.9687999999999998
1887 0.9703999999999999
1888 0.9735999999999998
1889 0.976
1890 0.9771999999999998
1891 0.9775999999999999
1892 0.978
1893 0.978
1894 0.9771999999999998
1895 0.9751999999999998
1896 0.9731999999999998
1897 0.9707999999999999
1898 0.9683999999999997
1899 0.9683999999999997
1900 0.9667999999999999
1901 0.9656000000000001
1902 0.9640000000000001
1903 0.9611999999999999
1904 0.9595999999999999
1905 0.9583999999999999
1906 0.9596000000000001
1907 0.9608000000000001
1908 0.9604
1909 0.9628
1910 0.9655999999999998
1911 0.9643999999999999
1912 0.9675999999999998
1913 0.9679999999999999
1914 0.9695999999999998
1915 0.9707999999999999
1916 0.9707999999999999
1917 0.9703999999999998
1918 0.968
1919 0.9675999999999999
1920 0.9663999999999997
1921 0.964
1922 0.9636
1923 0.9616000000000001
1924 0.9592
1925 0.9580000000000001
1926 0.9576000000000002
1927 0.9552
1928 0.9540000000000002
1929 0.9532000000000003
1930 0.9536
1931 0.9584
1932 0.9608000000000001
1933 0.9640000000000001
1934 0.9664
1935 0.9664000000000001
1936 0.9692000000000001
1937 0.9723999999999999
1938 0.9747999999999999
1939 0.9763999999999998
1940 0.9747999999999999
1941 0.9752
1942 0.9747999999999999
1943 0.9735999999999998
1944 0.9723999999999998
1945 0.9719999999999999
1946 0.9691999999999997
1947 0.9671999999999997
1948 0.9651999999999997
1949 0.9643999999999998
1950 0.9623999999999998
1951 0.9619999999999997
1952 0.9599999999999999
1953 0.9595999999999999
1954 0.9592
1955 0.9611999999999999
1956 0.9619999999999999
1957 0.9632
1958 0.9656
1959 0.9679999999999999
1960 0.9691999999999998
1961 0.9723999999999998
1962 0.9755999999999999
1963 0.978
1964 0.9767999999999999
1965 0.9755999999999999
1966 0.9763999999999998
1967 0.9763999999999998
1968 0.9743999999999998
1969 0.9719999999999998
1970 0.9715999999999998
1971 0.9695999999999998
1972 0.9675999999999998
1973 0.9663999999999998
1974 0.9663999999999998
1975 0.9655999999999998
1976 0.9647999999999999
1977 0.9639999999999997
1978 0.9632
1979 0.9639999999999997
1980 0.9659999999999997
1981 0.966
1982 0.968
1983 0.9707999999999999
1984 0.9744000000000002
1985 0.976
1986 0.9788000000000001
1987 0.9791999999999998
1988 0.9791999999999998
1989 0.9783999999999999
1990 0.9767999999999999
1991 0.9763999999999998
1992 0.9743999999999998
1993 0.9727999999999999
1994 0.9723999999999998
1995 0.9699999999999998
1996 0.9672
1997 0.9647999999999999
1998 0.964
1999 0.9627999999999999
