1 1.0
2 1.0
3 1.0
4 0.9984000000000001
5 0.9939999999999999
6 0.9907999999999997
7 0.9895999999999998
8 0.986
9 0.9815999999999998
10 0.98
11 0.9768000000000001
12 0.9719999999999999
13 0.968
14 0.9647999999999999
15 0.9592
16 0.9568000000000001
17 0.9511999999999997
18 0.9451999999999998
19 0.9415999999999997
20 0.9368000000000001
21 0.9352000000000001
22 0.9316000000000001
23 0.9299999999999998
24 0.9288
25 0.926
26 0.9212
27 0.9176000000000001
28 0.9176000000000001
29 0.9155999999999999
30 0.9123999999999998
31 0.9107999999999998
32 0.9095999999999997
33 0.9079999999999998
34 0.9059999999999999
35 0.9036
36 0.9032000000000001
37 0.9000000000000001
38 0.8992000000000001
39 0.8976000000000001
40 0.8960000000000001
41 0.8948000000000002
42 0.8904000000000002
43 0.8888000000000003
44 0.8884000000000003
45 0.8872000000000003
46 0.8840000000000002
47 0.8824000000000001
48 0.8811999999999999
49 0.8803999999999997
50 0.8787999999999998
51 0.8775999999999999
52 0.8751999999999999
53 0.8739999999999999
54 0.8707999999999998
55 0.8699999999999999
56 0.8699999999999999
57 0.8687999999999998
58 0.8675999999999999
59 0.8663999999999998
60 0.8663999999999998
61 0.8651999999999999
62 0.8647999999999999
63 0.8647999999999999
64 0.8644
65 0.8616000000000001
66 0.8604
67 0.8588000000000001
68 0.8584
69 0.8560000000000001
70 0.8552000000000001
71 0.8540000000000001
72 0.8528
73 0.8528
74 0.852
75 0.8512000000000002
76 0.8500000000000001
77 0.8484
78 0.8468000000000002
79 0.8460000000000001
80 0.8452000000000001
81 0.8436000000000002
82 0.8428000000000001
83 0.8412000000000002
84 0.8408000000000001
85 0.8396000000000002
86 0.8396000000000002
87 0.8396000000000002
88 0.8392000000000002
89 0.8372000000000002
90 0.8368000000000002
91 0.8364000000000001
92 0.8356000000000001
93 0.8340000000000003
94 0.8340000000000003
95 0.8336000000000002
96 0.8328000000000003
97 0.8328000000000003
98 0.8324000000000003
99 0.8308000000000003
100 0.8296000000000002
101 0.8292000000000003
102 0.8284000000000004
103 0.8280000000000003
104 0.8276000000000002
105 0.8272000000000003
106 0.8260000000000002
107 0.8248000000000002
108 0.8248000000000002
109 0.8248000000000002
110 0.8244000000000001
111 0.8240000000000001
112 0.8236000000000001
113 0.8236000000000001
114 0.8236000000000001
115 0.8232
116 0.8224000000000001
117 0.8216000000000001
118 0.8212
119 0.8212
120 0.8208000000000001
121 0.8204000000000002
122 0.8204000000000002
123 0.8200000000000002
124 0.8192000000000002
125 0.8188000000000001
126 0.8184000000000001
127 0.8176000000000002
128 0.8168000000000001
129 0.8164
130 0.8164
131 0.8160000000000001
132 0.8156
133 0.8156
134 0.8151999999999999
135 0.8151999999999999
136 0.8148000000000001
137 0.8148000000000001
138 0.814
139 0.8127999999999999
140 0.8123999999999999
141 0.8112
142 0.8112
143 0.8112
144 0.8108000000000001
145 0.8108000000000001
146 0.8108000000000001
147 0.8104
148 0.81
149 0.8096
150 0.8096
151 0.8096
152 0.8096
153 0.8096
154 0.8092
155 0.8092
156 0.8092
157 0.8092
158 0.8088000000000001
159 0.8088000000000001
160 0.8080000000000002
161 0.8072000000000001
162 0.8068000000000002
163 0.8064000000000001
164 0.8064000000000001
165 0.806
166 0.8052000000000001
167 0.8052000000000001
168 0.8048000000000001
169 0.8048000000000001
170 0.8044
171 0.8036
172 0.8028
173 0.802
174 0.8016
175 0.8003999999999999
176 0.8
177 0.7992
178 0.7988
179 0.7984
180 0.7972
181 0.7964
182 0.796
183 0.796
184 0.7956
185 0.7956
186 0.7956
187 0.7948000000000001
188 0.7948000000000001
189 0.794
190 0.794
191 0.794
192 0.7931999999999999
193 0.7928000000000001
194 0.792
195 0.7916
196 0.7912
197 0.7912
198 0.7908
199 0.7908
200 0.7908
201 0.7908
202 0.7908
203 0.7904000000000001
204 0.7896000000000001
205 0.7892
206 0.7892
207 0.7892
208 0.7888
209 0.7883999999999999
210 0.7883999999999999
211 0.7879999999999998
212 0.7875999999999997
213 0.7875999999999997
214 0.7871999999999997
215 0.7863999999999998
216 0.7863999999999998
217 0.7863999999999998
218 0.7855999999999997
219 0.7847999999999996
220 0.7843999999999997
221 0.7843999999999997
222 0.7843999999999997
223 0.7843999999999997
224 0.7827999999999997
225 0.7827999999999997
226 0.7823999999999997
227 0.7819999999999997
228 0.7815999999999999
229 0.7815999999999999
230 0.7811999999999998
231 0.7807999999999997
232 0.7807999999999997
233 0.7803999999999996
234 0.7803999999999996
235 0.7803999999999996
236 0.7795999999999998
237 0.7783999999999998
238 0.7771999999999997
239 0.7767999999999996
240 0.7759999999999997
241 0.7755999999999997
242 0.7743999999999996
243 0.7735999999999997
244 0.7731999999999998
245 0.7727999999999998
246 0.7727999999999998
247 0.7719999999999999
248 0.7711999999999999
249 0.7707999999999998
250 0.7707999999999998
251 0.7703999999999998
252 0.7699999999999999
253 0.7696
254 0.7691999999999999
255 0.7687999999999999
256 0.7683999999999999
257 0.7676
258 0.7672
259 0.7672
260 0.7672
261 0.7664
262 0.7660000000000001
263 0.7652
264 0.7648
265 0.7648
266 0.7648
267 0.7639999999999999
268 0.7636
269 0.7636
270 0.7636
271 0.7628
272 0.7624000000000001
273 0.7607999999999998
274 0.7604
275 0.7595999999999999
276 0.758
277 0.7576
278 0.7576
279 0.7576
280 0.7567999999999999
281 0.7556
282 0.7552
283 0.7552
284 0.7544
285 0.754
286 0.7536
287 0.7532000000000001
288 0.7528000000000001
289 0.752
290 0.7515999999999999
291 0.7515999999999999
292 0.7515999999999999
293 0.7512000000000001
294 0.7508000000000001
295 0.75
296 0.7492000000000002
297 0.7488000000000001
298 0.7475999999999999
299 0.7475999999999999
300 0.7472
301 0.7472
302 0.7464
303 0.7464
304 0.7455999999999999
305 0.7452
306 0.7447999999999999
307 0.7435999999999998
308 0.7432
309 0.7424
310 0.7419999999999999
311 0.7415999999999999
312 0.7415999999999999
313 0.7411999999999999
314 0.7407999999999998
315 0.7407999999999998
316 0.7407999999999998
317 0.7407999999999998
318 0.7407999999999998
319 0.7407999999999998
320 0.7407999999999998
321 0.7407999999999998
322 0.7399999999999999
323 0.7391999999999999
324 0.7391999999999999
325 0.7384
326 0.7384
327 0.7375999999999998
328 0.7375999999999998
329 0.7367999999999998
330 0.7367999999999998
331 0.7367999999999998
332 0.7355999999999999
333 0.7347999999999999
334 0.7347999999999999
335 0.7347999999999999
336 0.7343999999999998
337 0.7343999999999998
338 0.7343999999999998
339 0.7339999999999999
340 0.7339999999999999
341 0.7339999999999999
342 0.7339999999999999
343 0.7335999999999998
344 0.7335999999999998
345 0.7332
346 0.7332
347 0.7332
348 0.7332
349 0.7332
350 0.7327999999999999
351 0.7319999999999999
352 0.7315999999999999
353 0.7308
354 0.7308
355 0.73
356 0.7295999999999999
357 0.7292000000000001
358 0.7292000000000001
359 0.7288
360 0.728
361 0.7272
362 0.7272
363 0.7272
364 0.7267999999999999
365 0.7267999999999999
366 0.7267999999999999
367 0.7255999999999999
368 0.7255999999999999
369 0.7255999999999999
370 0.7251999999999998
371 0.7247999999999999
372 0.7243999999999998
373 0.7235999999999998
374 0.7232
375 0.7227999999999999
376 0.7227999999999999
377 0.7223999999999998
378 0.7223999999999998
379 0.7219999999999999
380 0.7212
381 0.7212
382 0.7207999999999999
383 0.7207999999999999
384 0.7199999999999999
385 0.7191999999999998
386 0.7191999999999998
387 0.7191999999999998
388 0.7183999999999999
389 0.7183999999999999
390 0.7183999999999999
391 0.718
392 0.718
393 0.7176
394 0.7176
395 0.7176
396 0.7172
397 0.7172
398 0.7167999999999999
399 0.7163999999999998
400 0.7163999999999998
401 0.7155999999999999
402 0.7155999999999999
403 0.7143999999999999
404 0.7136
405 0.7128
406 0.7128
407 0.7123999999999999
408 0.7119999999999999
409 0.7119999999999999
410 0.7112
411 0.7104
412 0.7104
413 0.7104
414 0.7104
415 0.7104
416 0.71
417 0.71
418 0.7092
419 0.7076
420 0.7072000000000002
421 0.7072000000000002
422 0.7072000000000002
423 0.7068000000000001
424 0.7064000000000001
425 0.7060000000000001
426 0.7056
427 0.7052
428 0.7052
429 0.7052
430 0.7048000000000001
431 0.7048000000000001
432 0.7044000000000001
433 0.7040000000000001
434 0.7032
435 0.7028
436 0.7020000000000001
437 0.7016000000000001
438 0.7016000000000001
439 0.7016000000000001
440 0.7012
441 0.7008000000000001
442 0.7004
443 0.6996000000000001
444 0.6980000000000001
445 0.6968000000000001
446 0.6964000000000001
447 0.6956000000000002
448 0.6952000000000002
449 0.6924000000000001
450 0.6920000000000002
451 0.6920000000000002
452 0.6916000000000001
453 0.6916000000000001
454 0.6912000000000001
455 0.6908000000000001
456 0.6904
457 0.6900000000000002
458 0.6896000000000001
459 0.6896000000000001
460 0.6880000000000002
461 0.6864
462 0.684
463 0.6828
464 0.6828
465 0.6824000000000001
466 0.6824000000000001
467 0.682
468 0.682
469 0.682
470 0.6812000000000001
471 0.6808000000000001
472 0.6808000000000001
473 0.6808000000000001
474 0.6804000000000001
475 0.6800000000000002
476 0.6796000000000001
477 0.6796000000000001
478 0.6788000000000001
479 0.6780000000000002
480 0.6772000000000001
481 0.6772000000000001
482 0.676
483 0.6756000000000002
484 0.6756000000000002
485 0.6756000000000002
486 0.6756000000000002
487 0.6748000000000002
488 0.6744000000000001
489 0.6740000000000002
490 0.6736000000000001
491 0.6732
492 0.6728000000000002
493 0.6728000000000002
494 0.6724000000000001
495 0.6724000000000001
496 0.6724000000000001
497 0.6724000000000001
498 0.6724000000000001
499 0.6724000000000001
500 0.672
501 0.672
502 0.6716000000000001
503 0.6708000000000002
504 0.6708000000000002
505 0.6700000000000002
506 0.6692
507 0.6680000000000001
508 0.6680000000000001
509 0.6676000000000001
510 0.6676000000000001
511 0.6664000000000001
512 0.6648000000000002
513 0.664
514 0.6636000000000002
515 0.6628000000000001
516 0.6624000000000001
517 0.6624000000000001
518 0.6620000000000001
519 0.6616
520 0.6612
521 0.6604000000000001
522 0.6604000000000001
523 0.66
524 0.6588
525 0.6584
526 0.6572000000000001
527 0.6568
528 0.6560000000000002
529 0.6552000000000001
530 0.6544
531 0.6536000000000002
532 0.6532000000000001
533 0.6524000000000001
534 0.6520000000000001
535 0.6520000000000001
536 0.6520000000000001
537 0.6516000000000001
538 0.6516000000000001
539 0.6516000000000001
540 0.6516000000000001
541 0.6508000000000002
542 0.6500000000000001
543 0.6500000000000001
544 0.6488
545 0.6488
546 0.6484000000000002
547 0.6476000000000002
548 0.6472000000000001
549 0.6464000000000002
550 0.6452000000000001
551 0.6452000000000001
552 0.644
553 0.6432000000000001
554 0.6424000000000001
555 0.642
556 0.6412
557 0.6408000000000001
558 0.6404000000000001
559 0.6404000000000001
560 0.6384000000000001
561 0.638
562 0.6376
563 0.6376
564 0.6372
565 0.636
566 0.636
567 0.636
568 0.6356
569 0.6348
570 0.6336
571 0.6328
572 0.6316
573 0.6308
574 0.6308
575 0.63
576 0.6296
577 0.6288
578 0.628
579 0.6272000000000001
580 0.6264
581 0.626
582 0.626
583 0.626
584 0.6248
585 0.6244000000000001
586 0.6244000000000001
587 0.6228
588 0.6224000000000001
589 0.6204000000000001
590 0.6200000000000001
591 0.6196
592 0.6172000000000001
593 0.6168000000000001
594 0.6168000000000001
595 0.6156000000000001
596 0.6152000000000001
597 0.6144000000000002
598 0.6144000000000002
599 0.6140000000000001
600 0.6132000000000002
601 0.6128000000000001
602 0.6124000000000002
603 0.6124000000000002
604 0.6120000000000001
605 0.6116000000000001
606 0.6108000000000001
607 0.6108000000000001
608 0.6104
609 0.6100000000000001
610 0.6100000000000001
611 0.6100000000000001
612 0.6092000000000001
613 0.6088000000000001
614 0.6076000000000001
615 0.6056000000000001
616 0.6056000000000001
617 0.6048000000000001
618 0.6048000000000001
619 0.6032000000000001
620 0.6028000000000001
621 0.6028000000000001
622 0.6016
623 0.6016
624 0.6016
625 0.6012000000000001
626 0.6008
627 0.6
628 0.6
629 0.5992000000000001
630 0.5992000000000001
631 0.5988
632 0.5988
633 0.5984
634 0.5980000000000001
635 0.5972
636 0.5968
637 0.5968
638 0.5968
639 0.596
640 0.5956
641 0.5956
642 0.5952000000000001
643 0.5952000000000001
644 0.5940000000000001
645 0.5940000000000001
646 0.5936
647 0.5928000000000001
648 0.5916
649 0.5912
650 0.5912
651 0.5912
652 0.5908
653 0.59
654 0.59
655 0.5896
656 0.5888
657 0.5884
658 0.5880000000000001
659 0.5880000000000001
660 0.5880000000000001
661 0.5872
662 0.5868000000000001
663 0.5868000000000001
664 0.5868000000000001
665 0.5868000000000001
666 0.5868000000000001
667 0.5868000000000001
668 0.5868000000000001
669 0.5868000000000001
670 0.5864
671 0.5860000000000001
672 0.5860000000000001
673 0.5856
674 0.5852
675 0.5844
676 0.5844
677 0.5844
678 0.5844
679 0.5844
680 0.5840000000000001
681 0.5840000000000001
682 0.5840000000000001
683 0.5836000000000001
684 0.5832
685 0.5832
686 0.5824
687 0.5824
688 0.5824
689 0.5824
690 0.5824
691 0.5824
692 0.5820000000000001
693 0.5820000000000001
694 0.5811999999999999
695 0.5811999999999999
696 0.5811999999999999
697 0.5811999999999999
698 0.5811999999999999
699 0.5808
700 0.58
701 0.5788
702 0.5788
703 0.5788
704 0.5780000000000001
705 0.5780000000000001
706 0.5772
707 0.5772
708 0.5768000000000001
709 0.5768000000000001
710 0.5760000000000001
711 0.5756000000000001
712 0.5752
713 0.5752
714 0.5748000000000001
715 0.5748000000000001
716 0.5748000000000001
717 0.5740000000000001
718 0.5732
719 0.5728000000000001
720 0.5716000000000001
721 0.5712
722 0.5708000000000001
723 0.5696000000000001
724 0.5688000000000001
725 0.5688000000000001
726 0.5680000000000001
727 0.5672000000000001
728 0.5668000000000002
729 0.5664000000000001
730 0.5660000000000002
731 0.5644000000000001
732 0.5640000000000002
733 0.5636000000000001
734 0.5632000000000001
735 0.5632000000000001
736 0.5628000000000002
737 0.562
738 0.5616000000000001
739 0.5612000000000001
740 0.5600000000000002
741 0.5600000000000002
742 0.5596000000000001
743 0.5596000000000001
744 0.5596000000000001
745 0.5588000000000001
746 0.5580000000000002
747 0.5568000000000002
748 0.5564000000000001
749 0.5564000000000001
750 0.5556000000000002
751 0.5552000000000001
752 0.5548000000000002
753 0.5548000000000002
754 0.5548000000000002
755 0.5536000000000002
756 0.5532000000000002
757 0.5528000000000002
758 0.5528000000000002
759 0.5520000000000003
760 0.5520000000000003
761 0.5512000000000001
762 0.5508000000000002
763 0.5504000000000002
764 0.5500000000000003
765 0.5492000000000002
766 0.5488000000000002
767 0.5472000000000002
768 0.5468000000000002
769 0.5468000000000002
770 0.5464000000000001
771 0.5464000000000001
772 0.5460000000000002
773 0.5456000000000002
774 0.5452000000000001
775 0.5448000000000002
776 0.5436000000000001
777 0.5436000000000001
778 0.5436000000000001
779 0.5436000000000001
780 0.5432000000000001
781 0.5424000000000002
782 0.5412000000000002
783 0.5404000000000002
784 0.5400000000000003
785 0.5392000000000002
786 0.5388000000000002
787 0.5384000000000002
788 0.5380000000000001
789 0.5372000000000002
790 0.5372000000000002
791 0.5372000000000002
792 0.5360000000000003
793 0.5356000000000002
794 0.5340000000000001
795 0.5328000000000002
796 0.5320000000000001
797 0.5320000000000001
798 0.5316000000000002
799 0.5308000000000002
800 0.5300000000000001
801 0.5296000000000001
802 0.5292000000000001
803 0.5280000000000001
804 0.5272
805 0.5264
806 0.5248
807 0.5248
808 0.5244000000000001
809 0.5236000000000001
810 0.5236000000000001
811 0.5236000000000001
812 0.5236000000000001
813 0.5232000000000001
814 0.5232000000000001
815 0.5232000000000001
816 0.5232000000000001
817 0.5228
818 0.5228
819 0.5224000000000001
820 0.5220000000000001
821 0.5212000000000001
822 0.5208000000000002
823 0.5204000000000001
824 0.52
825 0.5196000000000001
826 0.5196000000000001
827 0.5192000000000001
828 0.5188000000000001
829 0.5188000000000001
830 0.5188000000000001
831 0.5184000000000001
832 0.5176000000000002
833 0.5176000000000002
834 0.5172000000000001
835 0.5164000000000002
836 0.5160000000000001
837 0.5160000000000001
838 0.5144000000000001
839 0.5136000000000001
840 0.5132000000000001
841 0.5132000000000001
842 0.5128
843 0.5124000000000001
844 0.5124000000000001
845 0.5112000000000001
846 0.5112000000000001
847 0.5108
848 0.5108
849 0.5108
850 0.5108
851 0.5108
852 0.5108
853 0.5108
854 0.5100000000000001
855 0.5092000000000001
856 0.5092000000000001
857 0.5084000000000001
858 0.5080000000000001
859 0.5076000000000002
860 0.5076000000000002
861 0.5068000000000001
862 0.5068000000000001
863 0.5060000000000001
864 0.5044000000000001
865 0.5024000000000002
866 0.5012000000000001
867 0.5008000000000001
868 0.5004000000000002
869 0.5000000000000001
870 0.5000000000000001
871 0.4988000000000001
872 0.4984000000000001
873 0.4976000000000001
874 0.4976000000000001
875 0.49720000000000014
876 0.49720000000000014
877 0.49680000000000013
878 0.49560000000000015
879 0.49480000000000013
880 0.49480000000000013
881 0.49480000000000013
882 0.4944000000000001
883 0.4940000000000001
884 0.49360000000000015
885 0.49320000000000014
886 0.49320000000000014
887 0.49320000000000014
888 0.49320000000000014
889 0.49320000000000014
890 0.49320000000000014
891 0.49320000000000014
892 0.49240000000000017
893 0.4920000000000001
894 0.4916000000000001
895 0.49120000000000014
896 0.4904000000000001
897 0.4896000000000001
898 0.4896000000000001
899 0.4896000000000001
900 0.4888000000000001
901 0.4888000000000001
902 0.48760000000000014
903 0.48640000000000017
904 0.48640000000000017
905 0.48640000000000017
906 0.48600000000000015
907 0.48600000000000015
908 0.48560000000000014
909 0.48560000000000014
910 0.48560000000000014
911 0.48560000000000014
912 0.4852000000000002
913 0.48400000000000004
914 0.48400000000000004
915 0.4836000000000001
916 0.4832000000000001
917 0.4832000000000001
918 0.48280000000000006
919 0.48280000000000006
920 0.4824000000000001
921 0.4820000000000001
922 0.4820000000000001
923 0.4820000000000001
924 0.4820000000000001
925 0.4816000000000001
926 0.48040000000000005
927 0.48040000000000005
928 0.48040000000000005
929 0.48040000000000005
930 0.4800000000000001
931 0.4800000000000001
932 0.4800000000000001
933 0.4800000000000001
934 0.4796000000000001
935 0.4796000000000001
936 0.4788000000000001
937 0.47840000000000005
938 0.47840000000000005
939 0.47759999999999997
940 0.4772
941 0.4772
942 0.4768
943 0.4764
944 0.4764
945 0.47559999999999997
946 0.47559999999999997
947 0.47519999999999996
948 0.47519999999999996
949 0.47519999999999996
950 0.47439999999999993
951 0.4739999999999999
952 0.47319999999999995
953 0.47279999999999994
954 0.47279999999999994
955 0.47239999999999993
956 0.472
957 0.4715999999999999
958 0.4711999999999999
959 0.47039999999999993
960 0.46959999999999985
961 0.46959999999999985
962 0.46959999999999985
963 0.46959999999999985
964 0.46839999999999987
965 0.46839999999999987
966 0.46839999999999987
967 0.4679999999999999
968 0.4679999999999999
969 0.4679999999999999
970 0.4679999999999999
971 0.4675999999999999
972 0.4675999999999999
973 0.4675999999999999
974 0.4675999999999999
975 0.4675999999999999
976 0.4675999999999999
977 0.4671999999999999
978 0.46679999999999994
979 0.46679999999999994
980 0.46639999999999987
981 0.4659999999999998
982 0.4655999999999998
983 0.4647999999999998
984 0.46399999999999986
985 0.46359999999999985
986 0.4627999999999999
987 0.46239999999999987
988 0.46239999999999987
989 0.46239999999999987
990 0.46239999999999987
991 0.4619999999999999
992 0.4619999999999999
993 0.4615999999999999
994 0.4611999999999999
995 0.4611999999999999
996 0.4607999999999998
997 0.46039999999999986
998 0.46039999999999986
999 0.46039999999999986
1000 0.46039999999999986
1001 0.46039999999999986
1002 0.45959999999999984
1003 0.4591999999999999
1004 0.4587999999999999
1005 0.4583999999999999
1006 0.4583999999999999
1007 0.45799999999999985
1008 0.45759999999999984
1009 0.45719999999999983
1010 0.4567999999999999
1011 0.4567999999999999
1012 0.45599999999999985
1013 0.45599999999999985
1014 0.45599999999999985
1015 0.45599999999999985
1016 0.45599999999999985
1017 0.4551999999999999
1018 0.45479999999999987
1019 0.45479999999999987
1020 0.4543999999999999
1021 0.4539999999999999
1022 0.45359999999999995
1023 0.45319999999999994
1024 0.4527999999999999
1025 0.4527999999999999
1026 0.45239999999999997
1027 0.4519999999999999
1028 0.4515999999999999
1029 0.4515999999999999
1030 0.4507999999999999
1031 0.4507999999999999
1032 0.4507999999999999
1033 0.4503999999999999
1034 0.4503999999999999
1035 0.4503999999999999
1036 0.44999999999999996
1037 0.44959999999999994
1038 0.44959999999999994
1039 0.44959999999999994
1040 0.44959999999999994
1041 0.44919999999999993
1042 0.44919999999999993
1043 0.4483999999999999
1044 0.4475999999999999
1045 0.4463999999999999
1046 0.4463999999999999
1047 0.4463999999999999
1048 0.4463999999999999
1049 0.44599999999999995
1050 0.4451999999999999
1051 0.4447999999999999
1052 0.4447999999999999
1053 0.44359999999999994
1054 0.4431999999999999
1055 0.44239999999999996
1056 0.44239999999999996
1057 0.44239999999999996
1058 0.4416
1059 0.4412
1060 0.4407999999999999
1061 0.4407999999999999
1062 0.43999999999999995
1063 0.43959999999999994
1064 0.4391999999999999
1065 0.43879999999999997
1066 0.43839999999999996
1067 0.43799999999999994
1068 0.4372
1069 0.4372
1070 0.4372
1071 0.4372
1072 0.4372
1073 0.4368
1074 0.43439999999999995
1075 0.43439999999999995
1076 0.43439999999999995
1077 0.434
1078 0.4336
1079 0.4336
1080 0.4336
1081 0.43320000000000003
1082 0.43320000000000003
1083 0.4328
1084 0.4328
1085 0.4328
1086 0.43160000000000004
1087 0.43160000000000004
1088 0.4312
1089 0.4304
1090 0.4304
1091 0.4304
1092 0.43
1093 0.43
1094 0.42919999999999997
1095 0.42919999999999997
1096 0.42879999999999996
1097 0.42839999999999995
1098 0.4279999999999999
1099 0.4279999999999999
1100 0.4279999999999999
1101 0.4279999999999999
1102 0.4275999999999999
1103 0.4275999999999999
1104 0.4271999999999999
1105 0.4271999999999999
1106 0.4271999999999999
1107 0.42639999999999995
1108 0.42639999999999995
1109 0.42639999999999995
1110 0.42639999999999995
1111 0.42639999999999995
1112 0.42599999999999993
1113 0.4256
1114 0.4256
1115 0.4256
1116 0.4256
1117 0.42519999999999997
1118 0.42519999999999997
1119 0.42519999999999997
1120 0.42479999999999996
1121 0.4243999999999999
1122 0.4243999999999999
1123 0.42399999999999993
1124 0.42399999999999993
1125 0.4235999999999999
1126 0.4231999999999999
1127 0.4231999999999999
1128 0.4231999999999999
1129 0.4231999999999999
1130 0.4231999999999999
1131 0.4231999999999999
1132 0.4231999999999999
1133 0.42279999999999995
1134 0.42199999999999993
1135 0.4216
1136 0.42119999999999996
1137 0.4208
1138 0.4208
1139 0.4204
1140 0.4204
1141 0.42
1142 0.42
1143 0.42
1144 0.41960000000000003
1145 0.41960000000000003
1146 0.4192
1147 0.4192
1148 0.41879999999999995
1149 0.41879999999999995
1150 0.41879999999999995
1151 0.41839999999999994
1152 0.41839999999999994
1153 0.41839999999999994
1154 0.41759999999999997
1155 0.41759999999999997
1156 0.4172
1157 0.4172
1158 0.4168
1159 0.4168
1160 0.4164
1161 0.41559999999999997
1162 0.41559999999999997
1163 0.4152
1164 0.4152
1165 0.4144
1166 0.4144
1167 0.4135999999999999
1168 0.4132
1169 0.4132
1170 0.41159999999999997
1171 0.41159999999999997
1172 0.4104
1173 0.4104
1174 0.4099999999999999
1175 0.40959999999999996
1176 0.40959999999999996
1177 0.4087999999999999
1178 0.4083999999999999
1179 0.4079999999999999
1180 0.4079999999999999
1181 0.4079999999999999
1182 0.4079999999999999
1183 0.4075999999999999
1184 0.4075999999999999
1185 0.4075999999999999
1186 0.4071999999999999
1187 0.4071999999999999
1188 0.4071999999999999
1189 0.40679999999999994
1190 0.40679999999999994
1191 0.40679999999999994
1192 0.40679999999999994
1193 0.40679999999999994
1194 0.40679999999999994
1195 0.40639999999999993
1196 0.4059999999999999
1197 0.4059999999999999
1198 0.4059999999999999
1199 0.40559999999999996
1200 0.40559999999999996
1201 0.40519999999999995
1202 0.4048
1203 0.4048
1204 0.4044
1205 0.4044
1206 0.4044
1207 0.4035999999999999
1208 0.4035999999999999
1209 0.4035999999999999
1210 0.4035999999999999
1211 0.4035999999999999
1212 0.4035999999999999
1213 0.4035999999999999
1214 0.4035999999999999
1215 0.40319999999999995
1216 0.40319999999999995
1217 0.40279999999999994
1218 0.40199999999999997
1219 0.40159999999999996
1220 0.40159999999999996
1221 0.40159999999999996
1222 0.40159999999999996
1223 0.40159999999999996
1224 0.40159999999999996
1225 0.4012
1226 0.4012
1227 0.4012
1228 0.4012
1229 0.4012
1230 0.4012
1231 0.4012
1232 0.4012
1233 0.4008
1234 0.4008
1235 0.4008
1236 0.4008
1237 0.4008
1238 0.4
1239 0.4
1240 0.4
1241 0.3996
1242 0.3996
1243 0.3996
1244 0.39919999999999994
1245 0.39919999999999994
1246 0.3979999999999999
1247 0.3975999999999999
1248 0.3975999999999999
1249 0.3975999999999999
1250 0.3975999999999999
1251 0.3975999999999999
1252 0.39719999999999994
1253 0.39719999999999994
1254 0.39719999999999994
1255 0.39719999999999994
1256 0.39719999999999994
1257 0.39679999999999993
1258 0.39679999999999993
1259 0.39679999999999993
1260 0.39639999999999986
1261 0.39639999999999986
1262 0.39599999999999985
1263 0.39599999999999985
1264 0.39599999999999985
1265 0.39599999999999985
1266 0.39599999999999985
1267 0.39599999999999985
1268 0.39599999999999985
1269 0.39599999999999985
1270 0.39599999999999985
1271 0.39599999999999985
1272 0.39599999999999985
1273 0.39599999999999985
1274 0.39599999999999985
1275 0.39599999999999985
1276 0.39599999999999985
1277 0.39599999999999985
1278 0.39599999999999985
1279 0.39599999999999985
1280 0.39599999999999985
1281 0.39599999999999985
1282 0.39599999999999985
1283 0.39599999999999985
1284 0.39559999999999995
1285 0.39559999999999995
1286 0.39519999999999994
1287 0.39519999999999994
1288 0.39519999999999994
1289 0.39519999999999994
1290 0.39519999999999994
1291 0.39519999999999994
1292 0.39519999999999994
1293 0.39519999999999994
1294 0.3944
1295 0.3944
1296 0.3944
1297 0.3944
1298 0.3944
1299 0.39359999999999995
1300 0.39359999999999995
1301 0.3927999999999999
1302 0.3927999999999999
1303 0.39239999999999997
1304 0.39239999999999997
1305 0.39199999999999996
1306 0.39199999999999996
1307 0.39199999999999996
1308 0.39159999999999995
1309 0.3911999999999999
1310 0.3911999999999999
1311 0.3911999999999999
1312 0.3911999999999999
1313 0.3911999999999999
1314 0.3907999999999999
1315 0.3899999999999999
1316 0.3899999999999999
1317 0.3899999999999999
1318 0.38959999999999995
1319 0.38959999999999995
1320 0.38919999999999993
1321 0.38799999999999996
1322 0.38799999999999996
1323 0.3876
1324 0.3876
1325 0.3876
1326 0.3876
1327 0.3876
1328 0.3876
1329 0.3872
1330 0.3867999999999999
1331 0.3867999999999999
1332 0.3867999999999999
1333 0.3867999999999999
1334 0.3863999999999999
1335 0.3859999999999999
1336 0.3855999999999999
1337 0.3855999999999999
1338 0.3847999999999999
1339 0.3843999999999999
1340 0.3843999999999999
1341 0.38359999999999994
1342 0.38359999999999994
1343 0.38319999999999993
1344 0.38319999999999993
1345 0.38319999999999993
1346 0.3827999999999999
1347 0.3827999999999999
1348 0.3827999999999999
1349 0.3827999999999999
1350 0.38239999999999996
1351 0.38199999999999995
1352 0.38159999999999994
1353 0.38159999999999994
1354 0.38159999999999994
1355 0.38159999999999994
1356 0.38159999999999994
1357 0.38159999999999994
1358 0.38159999999999994
1359 0.38159999999999994
1360 0.38159999999999994
1361 0.38159999999999994
1362 0.38159999999999994
1363 0.3812
1364 0.38079999999999997
1365 0.38079999999999997
1366 0.38079999999999997
1367 0.38079999999999997
1368 0.3804
1369 0.3804
1370 0.38
1371 0.37920000000000004
1372 0.37879999999999997
1373 0.37879999999999997
1374 0.37839999999999996
1375 0.37799999999999995
1376 0.37799999999999995
1377 0.37799999999999995
1378 0.37799999999999995
1379 0.37799999999999995
1380 0.3768
1381 0.3768
1382 0.37599999999999995
1383 0.37599999999999995
1384 0.37559999999999993
1385 0.37559999999999993
1386 0.37559999999999993
1387 0.37559999999999993
1388 0.37559999999999993
1389 0.37559999999999993
1390 0.3752
1391 0.37479999999999997
1392 0.37479999999999997
1393 0.37479999999999997
1394 0.37479999999999997
1395 0.37479999999999997
1396 0.37479999999999997
1397 0.37439999999999996
1398 0.3736
1399 0.3736
1400 0.3736
1401 0.3736
1402 0.3736
1403 0.3732
1404 0.3728
1405 0.3728
1406 0.3728
1407 0.3728
1408 0.3728
1409 0.3728
1410 0.3728
1411 0.3728
1412 0.37239999999999995
1413 0.37239999999999995
1414 0.37239999999999995
1415 0.37239999999999995
1416 0.37239999999999995
1417 0.37239999999999995
1418 0.37239999999999995
1419 0.37199999999999994
1420 0.37199999999999994
1421 0.37199999999999994
1422 0.37199999999999994
1423 0.37199999999999994
1424 0.37199999999999994
1425 0.3716
1426 0.3716
1427 0.37079999999999996
1428 0.3696
1429 0.3696
1430 0.36920000000000003
1431 0.36839999999999995
1432 0.368
1433 0.368
1434 0.36719999999999997
1435 0.3668
1436 0.3664
1437 0.36599999999999994
1438 0.3655999999999999
1439 0.36519999999999997
1440 0.36479999999999996
1441 0.36479999999999996
1442 0.364
1443 0.3636
1444 0.3632
1445 0.3632
1446 0.3628
1447 0.3628
1448 0.3628
1449 0.3624
1450 0.3624
1451 0.3624
1452 0.3624
1453 0.3624
1454 0.3624
1455 0.3624
1456 0.3624
1457 0.3624
1458 0.3624
1459 0.36200000000000004
1460 0.3616
1461 0.3616
1462 0.3616
1463 0.3616
1464 0.36119999999999997
1465 0.36119999999999997
1466 0.36119999999999997
1467 0.36119999999999997
1468 0.36119999999999997
1469 0.36039999999999994
1470 0.36039999999999994
1471 0.36039999999999994
1472 0.36039999999999994
1473 0.36039999999999994
1474 0.36039999999999994
1475 0.35999999999999993
1476 0.35919999999999996
1477 0.35919999999999996
1478 0.35919999999999996
1479 0.35919999999999996
1480 0.35919999999999996
1481 0.35879999999999995
1482 0.35879999999999995
1483 0.35839999999999994
1484 0.358
1485 0.358
1486 0.3576
1487 0.35719999999999996
1488 0.35719999999999996
1489 0.35719999999999996
1490 0.35719999999999996
1491 0.35719999999999996
1492 0.35719999999999996
1493 0.35719999999999996
1494 0.3568
1495 0.3564
1496 0.3564
1497 0.3564
1498 0.35600000000000004
1499 0.35559999999999997
1500 0.35519999999999996
1501 0.35519999999999996
1502 0.35519999999999996
1503 0.35519999999999996
1504 0.35519999999999996
1505 0.35479999999999995
1506 0.35479999999999995
1507 0.35479999999999995
1508 0.35479999999999995
1509 0.3544
1510 0.3544
1511 0.3544
1512 0.3544
1513 0.354
1514 0.354
1515 0.354
1516 0.354
1517 0.354
1518 0.354
1519 0.35359999999999997
1520 0.35359999999999997
1521 0.35359999999999997
1522 0.35359999999999997
1523 0.35359999999999997
1524 0.35359999999999997
1525 0.3532
1526 0.3532
1527 0.3532
1528 0.3532
1529 0.3532
1530 0.3528
1531 0.35240000000000005
1532 0.35240000000000005
1533 0.35240000000000005
1534 0.35240000000000005
1535 0.35240000000000005
1536 0.35200000000000004
1537 0.35200000000000004
1538 0.35200000000000004
1539 0.3516
1540 0.35120000000000007
1541 0.35080000000000006
1542 0.3504
1543 0.35
1544 0.35
1545 0.35
1546 0.35
1547 0.35
1548 0.35
1549 0.3496
1550 0.3496
1551 0.3496
1552 0.3496
1553 0.3492
1554 0.3492
1555 0.3492
1556 0.3492
1557 0.3492
1558 0.3488
1559 0.34800000000000003
1560 0.3476000000000001
1561 0.34720000000000006
1562 0.3468
1563 0.3468
1564 0.3468
1565 0.3468
1566 0.34639999999999993
1567 0.34639999999999993
1568 0.34639999999999993
1569 0.3459999999999999
1570 0.34559999999999996
1571 0.34519999999999995
1572 0.3448
1573 0.3448
1574 0.3448
1575 0.344
1576 0.3436
1577 0.3436
1578 0.3436
1579 0.3436
1580 0.3436
1581 0.3436
1582 0.3436
1583 0.3436
1584 0.3436
1585 0.3436
1586 0.34319999999999995
1587 0.3423999999999999
1588 0.3423999999999999
1589 0.3423999999999999
1590 0.3423999999999999
1591 0.3415999999999999
1592 0.3415999999999999
1593 0.3415999999999999
1594 0.3415999999999999
1595 0.3415999999999999
1596 0.3415999999999999
1597 0.3415999999999999
1598 0.3411999999999999
1599 0.3411999999999999
1600 0.34079999999999994
1601 0.34079999999999994
1602 0.3403999999999999
1603 0.3403999999999999
1604 0.3403999999999999
1605 0.3399999999999999
1606 0.3399999999999999
1607 0.3399999999999999
1608 0.3399999999999999
1609 0.33959999999999996
1610 0.33919999999999995
1611 0.33879999999999993
1612 0.33879999999999993
1613 0.33879999999999993
1614 0.33839999999999987
1615 0.33839999999999987
1616 0.33839999999999987
1617 0.33839999999999987
1618 0.33839999999999987
1619 0.3375999999999999
1620 0.3375999999999999
1621 0.33719999999999994
1622 0.33679999999999993
1623 0.33679999999999993
1624 0.33679999999999993
1625 0.33679999999999993
1626 0.33679999999999993
1627 0.33679999999999993
1628 0.3363999999999999
1629 0.33599999999999997
1630 0.33599999999999997
1631 0.33599999999999997
1632 0.33599999999999997
1633 0.33559999999999995
1634 0.33519999999999994
1635 0.33519999999999994
1636 0.33519999999999994
1637 0.3348
1638 0.3344
1639 0.3344
1640 0.3344
1641 0.3344
1642 0.3344
1643 0.3344
1644 0.33399999999999996
1645 0.33399999999999996
1646 0.33399999999999996
1647 0.3332
1648 0.3332
1649 0.3332
1650 0.3332
1651 0.3332
1652 0.3332
1653 0.3332
1654 0.3328
1655 0.33240000000000003
1656 0.33240000000000003
1657 0.33240000000000003
1658 0.33240000000000003
1659 0.332
1660 0.33160000000000006
1661 0.3312
1662 0.3312
1663 0.3312
1664 0.3312
1665 0.3312
1666 0.3312
1667 0.33039999999999997
1668 0.33
1669 0.33
1670 0.33
1671 0.33
1672 0.33
1673 0.33
1674 0.33
1675 0.32919999999999994
1676 0.32919999999999994
1677 0.32919999999999994
1678 0.32919999999999994
1679 0.32919999999999994
1680 0.32919999999999994
1681 0.32919999999999994
1682 0.32919999999999994
1683 0.32919999999999994
1684 0.32919999999999994
1685 0.32839999999999997
1686 0.32799999999999996
1687 0.3276
1688 0.3272
1689 0.3268
1690 0.326
1691 0.326
1692 0.326
1693 0.32520000000000004
1694 0.32520000000000004
1695 0.32520000000000004
1696 0.32520000000000004
1697 0.32520000000000004
1698 0.32520000000000004
1699 0.32400000000000007
1700 0.32400000000000007
1701 0.3236
1702 0.3236
1703 0.3236
1704 0.32280000000000003
1705 0.3224
1706 0.3224
1707 0.3224
1708 0.3224
1709 0.32160000000000005
1710 0.32120000000000004
1711 0.32120000000000004
1712 0.32120000000000004
1713 0.32120000000000004
1714 0.32120000000000004
1715 0.32120000000000004
1716 0.3204000000000001
1717 0.3204000000000001
1718 0.3204000000000001
1719 0.32000000000000006
1720 0.32000000000000006
1721 0.32000000000000006
1722 0.32000000000000006
1723 0.32000000000000006
1724 0.31920000000000004
1725 0.31880000000000003
1726 0.31880000000000003
1727 0.3184
1728 0.3184
1729 0.3184
1730 0.318
1731 0.318
1732 0.318
1733 0.3176
1734 0.3176
1735 0.31720000000000004
1736 0.31720000000000004
1737 0.31720000000000004
1738 0.31720000000000004
1739 0.3164
1740 0.3164
1741 0.31560000000000005
1742 0.31560000000000005
1743 0.31560000000000005
1744 0.31520000000000004
1745 0.31520000000000004
1746 0.31520000000000004
1747 0.31520000000000004
1748 0.31520000000000004
1749 0.3148
1750 0.3148
1751 0.31440000000000007
1752 0.31400000000000006
1753 0.31400000000000006
1754 0.31400000000000006
1755 0.31400000000000006
1756 0.31400000000000006
1757 0.31400000000000006
1758 0.31400000000000006
1759 0.31400000000000006
1760 0.31400000000000006
1761 0.31360000000000005
1762 0.31360000000000005
1763 0.31360000000000005
1764 0.31360000000000005
1765 0.31360000000000005
1766 0.31360000000000005
1767 0.31360000000000005
1768 0.3132000000000001
1769 0.3132000000000001
1770 0.3132000000000001
1771 0.3132000000000001
1772 0.3132000000000001
1773 0.3132000000000001
1774 0.3132000000000001
1775 0.3128000000000001
1776 0.31240000000000007
1777 0.31200000000000006
1778 0.3116000000000001
1779 0.3116000000000001
1780 0.3108000000000001
1781 0.3108000000000001
1782 0.3108000000000001
1783 0.3108000000000001
1784 0.3104000000000001
1785 0.3104000000000001
1786 0.3104000000000001
1787 0.31000000000000005
1788 0.31000000000000005
1789 0.3096000000000001
1790 0.3096000000000001
1791 0.3096000000000001
1792 0.3096000000000001
1793 0.3096000000000001
1794 0.3096000000000001
1795 0.3096000000000001
1796 0.3096000000000001
1797 0.3092000000000001
1798 0.3088000000000001
1799 0.30840000000000006
1800 0.30800000000000005
1801 0.30800000000000005
1802 0.30800000000000005
1803 0.30800000000000005
1804 0.3076000000000001
1805 0.3076000000000001
1806 0.3076000000000001
1807 0.3076000000000001
1808 0.3072000000000001
1809 0.3072000000000001
1810 0.3072000000000001
1811 0.30680000000000013
1812 0.30680000000000013
1813 0.3064000000000001
1814 0.3064000000000001
1815 0.3064000000000001
1816 0.30600000000000005
1817 0.30600000000000005
1818 0.30600000000000005
1819 0.30600000000000005
1820 0.3052000000000001
1821 0.3052000000000001
1822 0.3052000000000001
1823 0.3052000000000001
1824 0.3052000000000001
1825 0.3052000000000001
1826 0.3052000000000001
1827 0.3052000000000001
1828 0.3052000000000001
1829 0.3052000000000001
1830 0.3052000000000001
1831 0.3052000000000001
1832 0.30400000000000005
1833 0.30360000000000004
1834 0.30360000000000004
1835 0.30360000000000004
1836 0.30360000000000004
1837 0.30360000000000004
1838 0.30280000000000007
1839 0.3024
1840 0.3024
1841 0.3024
1842 0.30200000000000005
1843 0.30200000000000005
1844 0.30200000000000005
1845 0.3016
1846 0.3012
1847 0.3012
1848 0.3012
1849 0.3012
1850 0.3012
1851 0.3012
1852 0.3008
1853 0.3008
1854 0.3008
1855 0.3008
1856 0.3008
1857 0.29960000000000003
1858 0.2992
1859 0.2992
1860 0.2992
1861 0.2992
1862 0.2984
1863 0.2984
1864 0.2984
1865 0.2984
1866 0.298
1867 0.2972
1868 0.2972
1869 0.2972
1870 0.2972
1871 0.2968
1872 0.2968
1873 0.2968
1874 0.29640000000000005
1875 0.29640000000000005
1876 0.29640000000000005
1877 0.29640000000000005
1878 0.29600000000000004
1879 0.29560000000000003
1880 0.29560000000000003
1881 0.29560000000000003
1882 0.29560000000000003
1883 0.29560000000000003
1884 0.29560000000000003
1885 0.29560000000000003
1886 0.2952
1887 0.2952
1888 0.2948
1889 0.2948
1890 0.2948
1891 0.2948
1892 0.2948
1893 0.2948
1894 0.2948
1895 0.2948
1896 0.2944
1897 0.29400000000000004
1898 0.29400000000000004
1899 0.29400000000000004
1900 0.2936
1901 0.2932
1902 0.2932
1903 0.2932
1904 0.2932
1905 0.2932
1906 0.2932
1907 0.2932
1908 0.2932
1909 0.29279999999999995
1910 0.29239999999999994
1911 0.29239999999999994
1912 0.29239999999999994
1913 0.292
1914 0.292
1915 0.292
1916 0.292
1917 0.292
1918 0.292
1919 0.292
1920 0.29159999999999997
1921 0.29159999999999997
1922 0.29159999999999997
1923 0.29159999999999997
1924 0.29159999999999997
1925 0.29159999999999997
1926 0.29159999999999997
1927 0.29119999999999996
1928 0.29119999999999996
1929 0.29119999999999996
1930 0.29119999999999996
1931 0.29119999999999996
1932 0.29119999999999996
1933 0.29119999999999996
1934 0.29119999999999996
1935 0.29119999999999996
1936 0.2908
1937 0.2908
1938 0.2908
1939 0.2904
1940 0.2904
1941 0.2904
1942 0.29
1943 0.2896
1944 0.2896
1945 0.2896
1946 0.2896
1947 0.2896
1948 0.2896
1949 0.2892
1950 0.2892
1951 0.2892
1952 0.2892
1953 0.28879999999999995
1954 0.2884
1955 0.2884
1956 0.2884
1957 0.2884
1958 0.2884
1959 0.2884
1960 0.2884
1961 0.2884
1962 0.288
1963 0.288
1964 0.288
1965 0.288
1966 0.288
1967 0.288
1968 0.288
1969 0.288
1970 0.288
1971 0.288
1972 0.288
1973 0.288
1974 0.288
1975 0.288
1976 0.288
1977 0.288
1978 0.288
1979 0.28759999999999997
1980 0.28759999999999997
1981 0.28759999999999997
1982 0.2872
1983 0.2872
1984 0.2872
1985 0.2872
1986 0.2872
1987 0.2872
1988 0.2872
1989 0.2872
1990 0.2872
1991 0.2872
1992 0.2872
1993 0.2872
1994 0.2872
1995 0.2872
1996 0.2872
1997 0.2872
1998 0.2872
1999 0.2872
