1 1.0
2 1.0
3 1.0
4 1.0
5 0.9996
6 0.9984000000000001
7 0.9976
8 0.9968
9 0.996
10 0.9947999999999999
11 0.9939999999999999
12 0.9932
13 0.9932
14 0.9932
15 0.9932
16 0.9927999999999999
17 0.9927999999999999
18 0.9927999999999999
19 0.9927999999999999
20 0.9927999999999999
21 0.9927999999999999
22 0.9927999999999999
23 0.9927999999999999
24 0.9927999999999999
25 0.9927999999999999
26 0.9927999999999999
27 0.9927999999999999
28 0.9927999999999999
29 0.9927999999999999
30 0.9927999999999999
31 0.9927999999999999
32 0.9927999999999999
33 0.9927999999999999
34 0.9927999999999999
35 0.9927999999999999
36 0.9927999999999999
37 0.9927999999999999
38 0.9927999999999999
39 0.9927999999999999
40 0.9927999999999999
41 0.9927999999999999
42 0.9927999999999999
43 0.9927999999999999
44 0.9927999999999999
45 0.9927999999999999
46 0.9927999999999999
47 0.9927999999999999
48 0.9927999999999999
49 0.9927999999999999
50 0.9927999999999999
51 0.9927999999999999
52 0.9927999999999999
53 0.9927999999999999
54 0.9927999999999999
55 0.9927999999999999
56 0.9927999999999999
57 0.9927999999999999
58 0.9927999999999999
59 0.9927999999999999
60 0.9927999999999999
61 0.9927999999999999
62 0.9927999999999999
63 0.9927999999999999
64 0.9927999999999999
65 0.9927999999999999
66 0.9927999999999999
67 0.9927999999999999
68 0.9927999999999999
69 0.9927999999999999
70 0.9927999999999999
71 0.9927999999999999
72 0.9927999999999999
73 0.9927999999999999
74 0.9927999999999999
75 0.9927999999999999
76 0.9927999999999999
77 0.9927999999999999
78 0.9927999999999999
79 0.9927999999999999
80 0.9927999999999999
81 0.9927999999999999
82 0.9927999999999999
83 0.9927999999999999
84 0.9927999999999999
85 0.9927999999999999
86 0.9927999999999999
87 0.9927999999999999
88 0.9927999999999999
89 0.9927999999999999
90 0.9927999999999999
91 0.9927999999999999
92 0.9927999999999999
93 0.9927999999999999
94 0.9927999999999999
95 0.9927999999999999
96 0.9927999999999999
97 0.9927999999999999
98 0.9927999999999999
99 0.9927999999999999
100 0.9927999999999999
101 0.9927999999999999
102 0.9927999999999999
103 0.9927999999999999
104 0.9927999999999999
105 0.9927999999999999
106 0.9927999999999999
107 0.9927999999999999
108 0.9927999999999999
109 0.9927999999999999
110 0.9927999999999999
111 0.9927999999999999
112 0.9927999999999999
113 0.9927999999999999
114 0.9927999999999999
115 0.9927999999999999
116 0.9927999999999999
117 0.9927999999999999
118 0.9927999999999999
119 0.9927999999999999
120 0.9927999999999999
121 0.9927999999999999
122 0.9927999999999999
123 0.9927999999999999
124 0.9927999999999999
125 0.9927999999999999
126 0.9927999999999999
127 0.9927999999999999
128 0.9927999999999999
129 0.9927999999999999
130 0.9927999999999999
131 0.9927999999999999
132 0.9927999999999999
133 0.9927999999999999
134 0.9927999999999999
135 0.9927999999999999
136 0.9927999999999999
137 0.9927999999999999
138 0.9927999999999999
139 0.9927999999999999
140 0.9927999999999999
141 0.9927999999999999
142 0.9927999999999999
143 0.9927999999999999
144 0.9927999999999999
145 0.9927999999999999
146 0.9927999999999999
147 0.9927999999999999
148 0.9927999999999999
149 0.9927999999999999
150 0.9927999999999999
151 0.9927999999999999
152 0.9927999999999999
153 0.9927999999999999
154 0.9927999999999999
155 0.9927999999999999
156 0.9927999999999999
157 0.9927999999999999
158 0.9927999999999999
159 0.9927999999999999
160 0.9927999999999999
161 0.9927999999999999
162 0.9924
163 0.9924
164 0.9924
165 0.9924
166 0.9924
167 0.9924
168 0.9924
169 0.9924
170 0.9924
171 0.9924
172 0.9924
173 0.9924
174 0.9924
175 0.9924
176 0.9924
177 0.9924
178 0.9924
179 0.9924
180 0.9924
181 0.9924
182 0.9924
183 0.9924
184 0.9924
185 0.9924
186 0.9924
187 0.9924
188 0.9924
189 0.9924
190 0.9924
191 0.9924
192 0.9924
193 0.9924
194 0.9924
195 0.9924
196 0.9924
197 0.9924
198 0.9924
199 0.9924
200 0.9924
201 0.9924
202 0.9924
203 0.9924
204 0.9924
205 0.9924
206 0.9924
207 0.9924
208 0.9924
209 0.9924
210 0.9924
211 0.9924
212 0.9924
213 0.9924
214 0.9924
215 0.9924
216 0.9924
217 0.9924
218 0.9924
219 0.9924
220 0.9924
221 0.9924
222 0.9924
223 0.9924
224 0.9924
225 0.9924
226 0.9924
227 0.9924
228 0.9924
229 0.9924
230 0.9924
231 0.9924
232 0.9924
233 0.9924
234 0.9924
235 0.9924
236 0.9924
237 0.9924
238 0.9924
239 0.9924
240 0.9924
241 0.9924
242 0.9924
243 0.9924
244 0.9924
245 0.9924
246 0.9924
247 0.9924
248 0.9924
249 0.9924
250 0.9924
251 0.9924
252 0.9924
253 0.9924
254 0.9924
255 0.9924
256 0.9924
257 0.9924
258 0.9924
259 0.9924
260 0.9924
261 0.9924
262 0.9924
263 0.9924
264 0.9924
265 0.9924
266 0.9924
267 0.9924
268 0.9924
269 0.9924
270 0.9924
271 0.9924
272 0.9924
273 0.9924
274 0.9924
275 0.9924
276 0.9924
277 0.9924
278 0.9924
279 0.9924
280 0.9924
281 0.9924
282 0.9924
283 0.9924
284 0.9924
285 0.9924
286 0.9924
287 0.9924
288 0.9924
289 0.9924
290 0.9924
291 0.9924
292 0.9924
293 0.9924
294 0.9924
295 0.9924
296 0.9924
297 0.9924
298 0.9924
299 0.9924
300 0.9924
301 0.9924
302 0.9924
303 0.9924
304 0.9924
305 0.9924
306 0.9924
307 0.9924
308 0.9924
309 0.9924
310 0.9924
311 0.9924
312 0.9924
313 0.9924
314 0.9924
315 0.9924
316 0.9924
317 0.9924
318 0.9924
319 0.9924
320 0.9924
321 0.9924
322 0.9924
323 0.9924
324 0.9924
325 0.9924
326 0.9924
327 0.9924
328 0.9924
329 0.9924
330 0.9924
331 0.9924
332 0.9924
333 0.9924
334 0.9924
335 0.9924
336 0.9924
337 0.9924
338 0.9924
339 0.9924
340 0.9924
341 0.9924
342 0.9924
343 0.9924
344 0.9924
345 0.9924
346 0.9924
347 0.9924
348 0.9924
349 0.9924
350 0.9924
351 0.9924
352 0.9924
353 0.9924
354 0.9924
355 0.9924
356 0.9924
357 0.9924
358 0.9924
359 0.9924
360 0.9924
361 0.9924
362 0.9924
363 0.9924
364 0.9924
365 0.9924
366 0.9924
367 0.9924
368 0.9924
369 0.9924
370 0.9924
371 0.9924
372 0.9924
373 0.9924
374 0.9924
375 0.9924
376 0.9924
377 0.9924
378 0.9924
379 0.9924
380 0.9924
381 0.9924
382 0.9924
383 0.9924
384 0.9924
385 0.9924
386 0.9924
387 0.9924
388 0.9924
389 0.9924
390 0.9924
391 0.9924
392 0.9924
393 0.9924
394 0.9924
395 0.9924
396 0.9924
397 0.9924
398 0.9924
399 0.9924
400 0.9924
401 0.9924
402 0.9924
403 0.9924
404 0.9924
405 0.9924
406 0.9924
407 0.9924
408 0.9924
409 0.9924
410 0.9924
411 0.9924
412 0.9924
413 0.9924
414 0.9924
415 0.9924
416 0.9924
417 0.9924
418 0.9924
419 0.9924
420 0.9924
421 0.9924
422 0.9924
423 0.9924
424 0.9924
425 0.9924
426 0.9924
427 0.9924
428 0.9924
429 0.9924
430 0.9924
431 0.9924
432 0.9924
433 0.9924
434 0.9924
435 0.9924
436 0.9924
437 0.9924
438 0.9924
439 0.9924
440 0.9924
441 0.9924
442 0.9924
443 0.9924
444 0.9924
445 0.9924
446 0.9924
447 0.9924
448 0.9924
449 0.9924
450 0.9924
451 0.9924
452 0.9924
453 0.9924
454 0.9924
455 0.9924
456 0.9924
457 0.9924
458 0.9924
459 0.9924
460 0.9924
461 0.9924
462 0.9924
463 0.9924
464 0.9924
465 0.9924
466 0.9924
467 0.9924
468 0.9924
469 0.9924
470 0.9924
471 0.9924
472 0.9924
473 0.9924
474 0.9924
475 0.9924
476 0.9924
477 0.9924
478 0.9924
479 0.9924
480 0.9924
481 0.9924
482 0.9924
483 0.9924
484 0.9924
485 0.9924
486 0.9924
487 0.9924
488 0.9924
489 0.9924
490 0.9924
491 0.9924
492 0.9924
493 0.9924
494 0.9924
495 0.9924
496 0.9924
497 0.9924
498 0.9924
499 0.9924
500 0.9924
501 0.9924
502 0.9924
503 0.9924
504 0.9924
505 0.9924
506 0.9924
507 0.9924
508 0.9924
509 0.9924
510 0.9924
511 0.9924
512 0.9924
513 0.9924
514 0.9924
515 0.9924
516 0.9924
517 0.9924
518 0.9924
519 0.9924
520 0.9924
521 0.9924
522 0.9924
523 0.9924
524 0.9924
525 0.9924
526 0.9924
527 0.9924
528 0.9924
529 0.9924
530 0.9924
531 0.9924
532 0.9924
533 0.9924
534 0.9924
535 0.9924
536 0.9924
537 0.9924
538 0.9924
539 0.9924
540 0.9924
541 0.9924
542 0.9924
543 0.9924
544 0.9924
545 0.9924
546 0.9924
547 0.9924
548 0.9924
549 0.9924
550 0.9924
551 0.9924
552 0.9924
553 0.9924
554 0.9924
555 0.9924
556 0.9924
557 0.9924
558 0.9924
559 0.9924
560 0.9924
561 0.9924
562 0.9924
563 0.9924
564 0.9924
565 0.9924
566 0.9924
567 0.9924
568 0.9924
569 0.9924
570 0.9924
571 0.9924
572 0.9924
573 0.9924
574 0.9924
575 0.9924
576 0.9924
577 0.9924
578 0.9924
579 0.9924
580 0.9924
581 0.9924
582 0.9924
583 0.9924
584 0.9924
585 0.9924
586 0.9924
587 0.9924
588 0.9924
589 0.9924
590 0.9924
591 0.9924
592 0.9924
593 0.9924
594 0.9924
595 0.9924
596 0.9924
597 0.9924
598 0.9924
599 0.9919999999999999
600 0.9919999999999999
601 0.9919999999999999
602 0.9919999999999999
603 0.9919999999999999
604 0.9919999999999999
605 0.9919999999999999
606 0.9919999999999999
607 0.9919999999999999
608 0.9919999999999999
609 0.9919999999999999
610 0.9919999999999999
611 0.9919999999999999
612 0.9919999999999999
613 0.9919999999999999
614 0.9919999999999999
615 0.9919999999999999
616 0.9919999999999999
617 0.9919999999999999
618 0.9919999999999999
619 0.9919999999999999
620 0.9919999999999999
621 0.9919999999999999
622 0.9919999999999999
623 0.9919999999999999
624 0.9919999999999999
625 0.9919999999999999
626 0.9919999999999999
627 0.9919999999999999
628 0.9919999999999999
629 0.9919999999999999
630 0.9919999999999999
631 0.9919999999999999
632 0.9919999999999999
633 0.9919999999999999
634 0.9919999999999999
635 0.9919999999999999
636 0.9919999999999999
637 0.9919999999999999
638 0.9919999999999999
639 0.9919999999999999
640 0.9919999999999999
641 0.9919999999999999
642 0.9919999999999999
643 0.9919999999999999
644 0.9919999999999999
645 0.9919999999999999
646 0.9919999999999999
647 0.9919999999999999
648 0.9919999999999999
649 0.9919999999999999
650 0.9915999999999999
651 0.9915999999999999
652 0.9915999999999999
653 0.9915999999999999
654 0.9915999999999999
655 0.9915999999999999
656 0.9915999999999999
657 0.9915999999999999
658 0.9915999999999999
659 0.9915999999999999
660 0.9915999999999999
661 0.9915999999999999
662 0.9915999999999999
663 0.9915999999999999
664 0.9915999999999999
665 0.9915999999999999
666 0.9915999999999999
667 0.9915999999999999
668 0.9915999999999999
669 0.9915999999999999
670 0.9915999999999999
671 0.9915999999999999
672 0.9911999999999999
673 0.9911999999999999
674 0.9911999999999999
675 0.9911999999999999
676 0.9911999999999999
677 0.9911999999999999
678 0.9911999999999999
679 0.9911999999999999
680 0.9911999999999999
681 0.9911999999999999
682 0.9911999999999999
683 0.9911999999999999
684 0.9911999999999999
685 0.9911999999999999
686 0.9911999999999999
687 0.9911999999999999
688 0.9911999999999999
689 0.9911999999999999
690 0.9911999999999999
691 0.9911999999999999
692 0.9911999999999999
693 0.9911999999999999
694 0.9911999999999999
695 0.9911999999999999
696 0.9911999999999999
697 0.9911999999999999
698 0.9911999999999999
699 0.9911999999999999
700 0.9911999999999999
701 0.9911999999999999
702 0.9911999999999999
703 0.9911999999999999
704 0.9911999999999999
705 0.9911999999999999
706 0.9911999999999999
707 0.9911999999999999
708 0.9911999999999999
709 0.9911999999999999
710 0.9911999999999999
711 0.9911999999999999
712 0.9911999999999999
713 0.9911999999999999
714 0.9911999999999999
715 0.9911999999999999
716 0.9911999999999999
717 0.9911999999999999
718 0.9911999999999999
719 0.9911999999999999
720 0.9911999999999999
721 0.9911999999999999
722 0.9911999999999999
723 0.9911999999999999
724 0.9911999999999999
725 0.9911999999999999
726 0.9911999999999999
727 0.9911999999999999
728 0.9911999999999999
729 0.9911999999999999
730 0.9911999999999999
731 0.9911999999999999
732 0.9911999999999999
733 0.9911999999999999
734 0.9911999999999999
735 0.9908
736 0.9908
737 0.9908
738 0.9908
739 0.9908
740 0.9908
741 0.9908
742 0.9908
743 0.9908
744 0.9908
745 0.9908
746 0.9908
747 0.9908
748 0.9908
749 0.9908
750 0.9908
751 0.9908
752 0.9908
753 0.9908
754 0.9908
755 0.9908
756 0.9908
757 0.9908
758 0.9908
759 0.9908
760 0.9908
761 0.9908
762 0.9908
763 0.9908
764 0.9908
765 0.9908
766 0.9908
767 0.9908
768 0.9908
769 0.9908
770 0.9908
771 0.9908
772 0.9908
773 0.9908
774 0.9908
775 0.9908
776 0.9908
777 0.9908
778 0.9908
779 0.9908
780 0.9908
781 0.9908
782 0.9908
783 0.9908
784 0.9908
785 0.9908
786 0.9908
787 0.9908
788 0.9908
789 0.9908
790 0.9908
791 0.9908
792 0.9908
793 0.9908
794 0.9908
795 0.9908
796 0.9908
797 0.9908
798 0.9908
799 0.9908
800 0.9908
801 0.9908
802 0.9908
803 0.9908
804 0.9908
805 0.9908
806 0.9908
807 0.9908
808 0.9908
809 0.9908
810 0.9908
811 0.9908
812 0.9908
813 0.9908
814 0.9908
815 0.9908
816 0.9908
817 0.9908
818 0.9908
819 0.9908
820 0.9908
821 0.9908
822 0.9908
823 0.9908
824 0.9908
825 0.9908
826 0.9908
827 0.9908
828 0.9908
829 0.9908
830 0.9908
831 0.9908
832 0.9908
833 0.9908
834 0.9908
835 0.9908
836 0.9908
837 0.9908
838 0.9908
839 0.9908
840 0.9908
841 0.9908
842 0.9908
843 0.9908
844 0.9908
845 0.9908
846 0.9908
847 0.9908
848 0.9908
849 0.9908
850 0.9908
851 0.9908
852 0.9908
853 0.9908
854 0.9908
855 0.9908
856 0.9908
857 0.9908
858 0.9908
859 0.9908
860 0.9908
861 0.9908
862 0.9908
863 0.9908
864 0.9908
865 0.9908
866 0.9908
867 0.9908
868 0.9908
869 0.9908
870 0.9908
871 0.9908
872 0.9908
873 0.9908
874 0.9908
875 0.9908
876 0.9908
877 0.9908
878 0.9908
879 0.9908
880 0.9908
881 0.9908
882 0.9908
883 0.9908
884 0.9908
885 0.9908
886 0.9908
887 0.9908
888 0.9908
889 0.9908
890 0.9908
891 0.9908
892 0.9908
893 0.9908
894 0.9908
895 0.9908
896 0.9908
897 0.9908
898 0.9908
899 0.9908
900 0.9908
901 0.9908
902 0.9908
903 0.9908
904 0.9908
905 0.9908
906 0.9908
907 0.9908
908 0.9908
909 0.9908
910 0.9908
911 0.9908
912 0.9908
913 0.9908
914 0.9908
915 0.9908
916 0.9908
917 0.9908
918 0.9908
919 0.9908
920 0.9908
921 0.9908
922 0.9908
923 0.9908
924 0.9904000000000001
925 0.9904000000000001
926 0.9904000000000001
927 0.9904000000000001
928 0.9904000000000001
929 0.9904000000000001
930 0.9904000000000001
931 0.9904000000000001
932 0.9904000000000001
933 0.9904000000000001
934 0.9904000000000001
935 0.9904000000000001
936 0.9904000000000001
937 0.9904000000000001
938 0.9904000000000001
939 0.9904000000000001
940 0.9904000000000001
941 0.9904000000000001
942 0.9904000000000001
943 0.9904000000000001
944 0.9904000000000001
945 0.9904000000000001
946 0.9904000000000001
947 0.9904000000000001
948 0.9904000000000001
949 0.9904000000000001
950 0.9904000000000001
951 0.9904000000000001
952 0.9904000000000001
953 0.9904000000000001
954 0.9904000000000001
955 0.9904000000000001
956 0.9904000000000001
957 0.9904000000000001
958 0.9904000000000001
959 0.9904000000000001
960 0.9904000000000001
961 0.9904000000000001
962 0.9904000000000001
963 0.9904000000000001
964 0.9904000000000001
965 0.9904000000000001
966 0.9904000000000001
967 0.9904000000000001
968 0.9904000000000001
969 0.9904000000000001
970 0.9904000000000001
971 0.9904000000000001
972 0.9904000000000001
973 0.9904000000000001
974 0.9904000000000001
975 0.9904000000000001
976 0.9904000000000001
977 0.9904000000000001
978 0.9904000000000001
979 0.9904000000000001
980 0.9904000000000001
981 0.9904000000000001
982 0.9904000000000001
983 0.9904000000000001
984 0.9904000000000001
985 0.9904000000000001
986 0.9904000000000001
987 0.9904000000000001
988 0.9904000000000001
989 0.9904000000000001
990 0.9904000000000001
991 0.9904000000000001
992 0.9904000000000001
993 0.9904000000000001
994 0.9904000000000001
995 0.9904000000000001
996 0.9904000000000001
997 0.9904000000000001
998 0.9904000000000001
999 0.9904000000000001
1000 0.9904000000000001
1001 0.9904000000000001
1002 0.9904000000000001
1003 0.9904000000000001
1004 0.9904000000000001
1005 0.9904000000000001
1006 0.9904000000000001
1007 0.9904000000000001
1008 0.9904000000000001
1009 0.9904000000000001
1010 0.9904000000000001
1011 0.9904000000000001
1012 0.9904000000000001
1013 0.9904000000000001
1014 0.9904000000000001
1015 0.9904000000000001
1016 0.9904000000000001
1017 0.9904000000000001
1018 0.9904000000000001
1019 0.9904000000000001
1020 0.9904000000000001
1021 0.9904000000000001
1022 0.9904000000000001
1023 0.9904000000000001
1024 0.9904000000000001
1025 0.9904000000000001
1026 0.9904000000000001
1027 0.9904000000000001
1028 0.9904000000000001
1029 0.9904000000000001
1030 0.9904000000000001
1031 0.9904000000000001
1032 0.9904000000000001
1033 0.9904000000000001
1034 0.9904000000000001
1035 0.9904000000000001
1036 0.9904000000000001
1037 0.9904000000000001
1038 0.9904000000000001
1039 0.9904000000000001
1040 0.9904000000000001
1041 0.9904000000000001
1042 0.9904000000000001
1043 0.9904000000000001
1044 0.9904000000000001
1045 0.9904000000000001
1046 0.9904000000000001
1047 0.9904000000000001
1048 0.9904000000000001
1049 0.9904000000000001
1050 0.9904000000000001
1051 0.9904000000000001
1052 0.9904000000000001
1053 0.9904000000000001
1054 0.9904000000000001
1055 0.9904000000000001
1056 0.9904000000000001
1057 0.9904000000000001
1058 0.9904000000000001
1059 0.9904000000000001
1060 0.9904000000000001
1061 0.9904000000000001
1062 0.9904000000000001
1063 0.9904000000000001
1064 0.9904000000000001
1065 0.9904000000000001
1066 0.9904000000000001
1067 0.9904000000000001
1068 0.9904000000000001
1069 0.9904000000000001
1070 0.9904000000000001
1071 0.9904000000000001
1072 0.9904000000000001
1073 0.9904000000000001
1074 0.9904000000000001
1075 0.9904000000000001
1076 0.9904000000000001
1077 0.9904000000000001
1078 0.9904000000000001
1079 0.9904000000000001
1080 0.9904000000000001
1081 0.9904000000000001
1082 0.9904000000000001
1083 0.9904000000000001
1084 0.9904000000000001
1085 0.9904000000000001
1086 0.9904000000000001
1087 0.9904000000000001
1088 0.9904000000000001
1089 0.9904000000000001
1090 0.9904000000000001
1091 0.9904000000000001
1092 0.9904000000000001
1093 0.9904000000000001
1094 0.9904000000000001
1095 0.9904000000000001
1096 0.9904000000000001
1097 0.9904000000000001
1098 0.9904000000000001
1099 0.9904000000000001
1100 0.9904000000000001
1101 0.9904000000000001
1102 0.9904000000000001
1103 0.9904000000000001
1104 0.9904000000000001
1105 0.9904000000000001
1106 0.9904000000000001
1107 0.9904000000000001
1108 0.9904000000000001
1109 0.9904000000000001
1110 0.9904000000000001
1111 0.9904000000000001
1112 0.9904000000000001
1113 0.9904000000000001
1114 0.9904000000000001
1115 0.9904000000000001
1116 0.9904000000000001
1117 0.9904000000000001
1118 0.9904000000000001
1119 0.9904000000000001
1120 0.9904000000000001
1121 0.9904000000000001
1122 0.9904000000000001
1123 0.9904000000000001
1124 0.9904000000000001
1125 0.9904000000000001
1126 0.9904000000000001
1127 0.9904000000000001
1128 0.9904000000000001
1129 0.9904000000000001
1130 0.9904000000000001
1131 0.9904000000000001
1132 0.9904000000000001
1133 0.9904000000000001
1134 0.9904000000000001
1135 0.9904000000000001
1136 0.9904000000000001
1137 0.9904000000000001
1138 0.9904000000000001
1139 0.9904000000000001
1140 0.9904000000000001
1141 0.9904000000000001
1142 0.9904000000000001
1143 0.9904000000000001
1144 0.9904000000000001
1145 0.9904000000000001
1146 0.9904000000000001
1147 0.9904000000000001
1148 0.9904000000000001
1149 0.9904000000000001
1150 0.9904000000000001
1151 0.9904000000000001
1152 0.9904000000000001
1153 0.9904000000000001
1154 0.9904000000000001
1155 0.9904000000000001
1156 0.9904000000000001
1157 0.9904000000000001
1158 0.9904000000000001
1159 0.9904000000000001
1160 0.9904000000000001
1161 0.9904000000000001
1162 0.9904000000000001
1163 0.9904000000000001
1164 0.9904000000000001
1165 0.9904000000000001
1166 0.9904000000000001
1167 0.9904000000000001
1168 0.9904000000000001
1169 0.9904000000000001
1170 0.9904000000000001
1171 0.9904000000000001
1172 0.9904000000000001
1173 0.9904000000000001
1174 0.9904000000000001
1175 0.9904000000000001
1176 0.9904000000000001
1177 0.9904000000000001
1178 0.9904000000000001
1179 0.9904000000000001
1180 0.9904000000000001
1181 0.9904000000000001
1182 0.9904000000000001
1183 0.9904000000000001
1184 0.9904000000000001
1185 0.9904000000000001
1186 0.9904000000000001
1187 0.9904000000000001
1188 0.9904000000000001
1189 0.9904000000000001
1190 0.9904000000000001
1191 0.9904000000000001
1192 0.9904000000000001
1193 0.9904000000000001
1194 0.9904000000000001
1195 0.9904000000000001
1196 0.9904000000000001
1197 0.9904000000000001
1198 0.9904000000000001
1199 0.9904000000000001
1200 0.9904000000000001
1201 0.9904000000000001
1202 0.9904000000000001
1203 0.9904000000000001
1204 0.99
1205 0.99
1206 0.99
1207 0.99
1208 0.99
1209 0.99
1210 0.99
1211 0.99
1212 0.99
1213 0.99
1214 0.99
1215 0.99
1216 0.99
1217 0.99
1218 0.99
1219 0.99
1220 0.99
1221 0.99
1222 0.99
1223 0.99
1224 0.99
1225 0.99
1226 0.99
1227 0.99
1228 0.99
1229 0.99
1230 0.99
1231 0.99
1232 0.99
1233 0.99
1234 0.99
1235 0.99
1236 0.99
1237 0.99
1238 0.99
1239 0.99
1240 0.99
1241 0.99
1242 0.99
1243 0.99
1244 0.99
1245 0.99
1246 0.9895999999999999
1247 0.9895999999999999
1248 0.9895999999999999
1249 0.9895999999999999
1250 0.9895999999999999
1251 0.9895999999999999
1252 0.9892
1253 0.9892
1254 0.9892
1255 0.9892
1256 0.9892
1257 0.9892
1258 0.9892
1259 0.9892
1260 0.9892
1261 0.9892
1262 0.9892
1263 0.9887999999999999
1264 0.9887999999999999
1265 0.9887999999999999
1266 0.9887999999999999
1267 0.9887999999999999
1268 0.9887999999999999
1269 0.9887999999999999
1270 0.9887999999999999
1271 0.9887999999999999
1272 0.9887999999999999
1273 0.9887999999999999
1274 0.9887999999999999
1275 0.9884
1276 0.9884
1277 0.9884
1278 0.9884
1279 0.9884
1280 0.9884
1281 0.9884
1282 0.9884
1283 0.9884
1284 0.9884
1285 0.9884
1286 0.9884
1287 0.9884
1288 0.9884
1289 0.9884
1290 0.9884
1291 0.9884
1292 0.9884
1293 0.9884
1294 0.9884
1295 0.9884
1296 0.9884
1297 0.9884
1298 0.9884
1299 0.9884
1300 0.9884
1301 0.9884
1302 0.9884
1303 0.9884
1304 0.9884
1305 0.9884
1306 0.9884
1307 0.9884
1308 0.9884
1309 0.9884
1310 0.9884
1311 0.9884
1312 0.9884
1313 0.9884
1314 0.9884
1315 0.9884
1316 0.9884
1317 0.9884
1318 0.9884
1319 0.9884
1320 0.9884
1321 0.9884
1322 0.9884
1323 0.9884
1324 0.9884
1325 0.9884
1326 0.9884
1327 0.9884
1328 0.9884
1329 0.9884
1330 0.9884
1331 0.9884
1332 0.9884
1333 0.9884
1334 0.9884
1335 0.9884
1336 0.9884
1337 0.9884
1338 0.9884
1339 0.9884
1340 0.9884
1341 0.9884
1342 0.9884
1343 0.9884
1344 0.9884
1345 0.9884
1346 0.9884
1347 0.9884
1348 0.9884
1349 0.988
1350 0.988
1351 0.988
1352 0.988
1353 0.988
1354 0.988
1355 0.988
1356 0.988
1357 0.988
1358 0.988
1359 0.988
1360 0.988
1361 0.988
1362 0.988
1363 0.988
1364 0.988
1365 0.988
1366 0.988
1367 0.988
1368 0.988
1369 0.988
1370 0.988
1371 0.988
1372 0.988
1373 0.988
1374 0.988
1375 0.988
1376 0.988
1377 0.988
1378 0.988
1379 0.988
1380 0.988
1381 0.988
1382 0.988
1383 0.988
1384 0.988
1385 0.988
1386 0.988
1387 0.988
1388 0.988
1389 0.988
1390 0.988
1391 0.988
1392 0.988
1393 0.988
1394 0.988
1395 0.988
1396 0.988
1397 0.988
1398 0.988
1399 0.988
1400 0.988
1401 0.988
1402 0.988
1403 0.988
1404 0.988
1405 0.988
1406 0.988
1407 0.988
1408 0.988
1409 0.988
1410 0.988
1411 0.988
1412 0.988
1413 0.988
1414 0.988
1415 0.988
1416 0.988
1417 0.988
1418 0.988
1419 0.988
1420 0.988
1421 0.988
1422 0.988
1423 0.988
1424 0.988
1425 0.988
1426 0.988
1427 0.988
1428 0.988
1429 0.988
1430 0.988
1431 0.988
1432 0.988
1433 0.988
1434 0.988
1435 0.988
1436 0.988
1437 0.988
1438 0.988
1439 0.988
1440 0.988
1441 0.988
1442 0.988
1443 0.988
1444 0.988
1445 0.988
1446 0.988
1447 0.988
1448 0.988
1449 0.988
1450 0.988
1451 0.988
1452 0.988
1453 0.988
1454 0.988
1455 0.988
1456 0.988
1457 0.988
1458 0.988
1459 0.988
1460 0.988
1461 0.988
1462 0.988
1463 0.988
1464 0.988
1465 0.988
1466 0.988
1467 0.988
1468 0.988
1469 0.988
1470 0.988
1471 0.988
1472 0.988
1473 0.988
1474 0.988
1475 0.988
1476 0.9876
1477 0.9876
1478 0.9876
1479 0.9876
1480 0.9876
1481 0.9876
1482 0.9876
1483 0.9876
1484 0.9876
1485 0.9876
1486 0.9872000000000001
1487 0.9872000000000001
1488 0.9872000000000001
1489 0.9872000000000001
1490 0.9872000000000001
1491 0.9872000000000001
1492 0.9872000000000001
1493 0.9872000000000001
1494 0.9872000000000001
1495 0.9872000000000001
1496 0.9872000000000001
1497 0.9872000000000001
1498 0.9872000000000001
1499 0.9872000000000001
1500 0.9868000000000001
1501 0.9868000000000001
1502 0.9868000000000001
1503 0.9868000000000001
1504 0.9868000000000001
1505 0.9868000000000001
1506 0.9868000000000001
1507 0.9868000000000001
1508 0.9868000000000001
1509 0.9868000000000001
1510 0.9868000000000001
1511 0.9868000000000001
1512 0.9868000000000001
1513 0.9868000000000001
1514 0.9868000000000001
1515 0.9868000000000001
1516 0.9868000000000001
1517 0.9868000000000001
1518 0.9868000000000001
1519 0.9868000000000001
1520 0.9868000000000001
1521 0.9868000000000001
1522 0.9868000000000001
1523 0.9868000000000001
1524 0.9868000000000001
1525 0.9868000000000001
1526 0.9868000000000001
1527 0.9868000000000001
1528 0.9868000000000001
1529 0.9868000000000001
1530 0.9868000000000001
1531 0.9868000000000001
1532 0.9868000000000001
1533 0.9868000000000001
1534 0.9868000000000001
1535 0.9868000000000001
1536 0.9868000000000001
1537 0.9868000000000001
1538 0.9868000000000001
1539 0.9868000000000001
1540 0.9868000000000001
1541 0.9868000000000001
1542 0.9868000000000001
1543 0.9868000000000001
1544 0.9868000000000001
1545 0.9868000000000001
1546 0.9868000000000001
1547 0.9868000000000001
1548 0.9868000000000001
1549 0.9868000000000001
1550 0.9868000000000001
1551 0.9868000000000001
1552 0.9868000000000001
1553 0.9868000000000001
1554 0.9868000000000001
1555 0.9868000000000001
1556 0.9868000000000001
1557 0.9868000000000001
1558 0.9868000000000001
1559 0.9868000000000001
1560 0.9868000000000001
1561 0.9868000000000001
1562 0.9868000000000001
1563 0.9868000000000001
1564 0.9868000000000001
1565 0.9864
1566 0.9864
1567 0.9864
1568 0.9864
1569 0.9864
1570 0.9864
1571 0.9864
1572 0.9864
1573 0.9864
1574 0.9864
1575 0.9864
1576 0.9864
1577 0.9864
1578 0.9864
1579 0.9864
1580 0.9864
1581 0.9864
1582 0.9864
1583 0.9864
1584 0.9864
1585 0.9864
1586 0.9864
1587 0.9864
1588 0.9864
1589 0.9864
1590 0.9864
1591 0.9864
1592 0.9864
1593 0.986
1594 0.986
1595 0.986
1596 0.986
1597 0.986
1598 0.986
1599 0.986
1600 0.986
1601 0.986
1602 0.986
1603 0.986
1604 0.986
1605 0.986
1606 0.986
1607 0.986
1608 0.986
1609 0.986
1610 0.986
1611 0.986
1612 0.986
1613 0.986
1614 0.986
1615 0.986
1616 0.986
1617 0.986
1618 0.986
1619 0.986
1620 0.986
1621 0.986
1622 0.986
1623 0.986
1624 0.986
1625 0.986
1626 0.986
1627 0.986
1628 0.986
1629 0.986
1630 0.986
1631 0.986
1632 0.986
1633 0.986
1634 0.986
1635 0.986
1636 0.986
1637 0.986
1638 0.986
1639 0.986
1640 0.986
1641 0.986
1642 0.986
1643 0.986
1644 0.986
1645 0.986
1646 0.986
1647 0.986
1648 0.986
1649 0.9856
1650 0.9856
1651 0.9856
1652 0.9856
1653 0.9856
1654 0.9856
1655 0.9856
1656 0.9856
1657 0.9856
1658 0.9856
1659 0.9856
1660 0.9856
1661 0.9856
1662 0.9856
1663 0.9856
1664 0.9856
1665 0.9856
1666 0.9856
1667 0.9856
1668 0.9856
1669 0.9856
1670 0.9856
1671 0.9856
1672 0.9856
1673 0.9856
1674 0.9856
1675 0.9856
1676 0.9856
1677 0.9856
1678 0.9856
1679 0.9856
1680 0.9856
1681 0.9856
1682 0.9856
1683 0.9856
1684 0.9856
1685 0.9856
1686 0.9852
1687 0.9852
1688 0.9852
1689 0.9852
1690 0.9852
1691 0.9852
1692 0.9852
1693 0.9852
1694 0.9852
1695 0.9852
1696 0.9852
1697 0.9852
1698 0.9852
1699 0.9852
1700 0.9852
1701 0.9852
1702 0.9852
1703 0.9852
1704 0.9852
1705 0.9852
1706 0.9852
1707 0.9852
1708 0.9852
1709 0.9852
1710 0.9852
1711 0.9852
1712 0.9852
1713 0.9852
1714 0.9852
1715 0.9852
1716 0.9852
1717 0.9852
1718 0.9852
1719 0.9852
1720 0.9852
1721 0.9852
1722 0.9852
1723 0.9852
1724 0.9852
1725 0.9852
1726 0.9852
1727 0.9852
1728 0.9852
1729 0.9852
1730 0.9852
1731 0.9852
1732 0.9852
1733 0.9852
1734 0.9852
1735 0.9852
1736 0.9852
1737 0.9852
1738 0.9852
1739 0.9852
1740 0.9852
1741 0.9852
1742 0.9852
1743 0.9852
1744 0.9852
1745 0.9852
1746 0.9852
1747 0.9852
1748 0.9852
1749 0.9852
1750 0.9852
1751 0.9852
1752 0.9852
1753 0.9852
1754 0.9852
1755 0.9852
1756 0.9852
1757 0.9852
1758 0.9852
1759 0.9852
1760 0.9852
1761 0.9852
1762 0.9852
1763 0.9852
1764 0.9852
1765 0.9852
1766 0.9852
1767 0.9852
1768 0.9852
1769 0.9852
1770 0.9852
1771 0.9852
1772 0.9852
1773 0.9852
1774 0.9852
1775 0.9852
1776 0.9852
1777 0.9852
1778 0.9852
1779 0.9852
1780 0.9852
1781 0.9852
1782 0.9852
1783 0.9852
1784 0.9852
1785 0.9852
1786 0.9852
1787 0.9852
1788 0.9852
1789 0.9852
1790 0.9852
1791 0.9852
1792 0.9852
1793 0.9852
1794 0.9852
1795 0.9852
1796 0.9852
1797 0.9852
1798 0.9852
1799 0.9852
1800 0.9852
1801 0.9852
1802 0.9852
1803 0.9852
1804 0.9852
1805 0.9852
1806 0.9852
1807 0.9852
1808 0.9852
1809 0.9852
1810 0.9848
1811 0.9848
1812 0.9848
1813 0.9848
1814 0.9848
1815 0.9848
1816 0.9848
1817 0.9843999999999999
1818 0.9843999999999999
1819 0.9843999999999999
1820 0.9843999999999999
1821 0.9839999999999999
1822 0.9839999999999999
1823 0.9839999999999999
1824 0.9839999999999999
1825 0.9839999999999999
1826 0.9839999999999999
1827 0.9839999999999999
1828 0.9839999999999999
1829 0.9839999999999999
1830 0.9839999999999999
1831 0.9839999999999999
1832 0.9835999999999998
1833 0.9835999999999998
1834 0.9835999999999998
1835 0.9835999999999998
1836 0.9835999999999998
1837 0.9835999999999998
1838 0.9835999999999998
1839 0.9835999999999998
1840 0.9835999999999998
1841 0.9835999999999998
1842 0.9835999999999998
1843 0.9835999999999998
1844 0.9835999999999998
1845 0.9835999999999998
1846 0.9835999999999998
1847 0.9835999999999998
1848 0.9835999999999998
1849 0.9835999999999998
1850 0.9835999999999998
1851 0.9835999999999998
1852 0.9835999999999998
1853 0.9835999999999998
1854 0.9835999999999998
1855 0.9835999999999998
1856 0.9835999999999998
1857 0.9835999999999998
1858 0.9835999999999998
1859 0.9835999999999998
1860 0.9835999999999998
1861 0.9835999999999998
1862 0.9835999999999998
1863 0.9835999999999998
1864 0.9835999999999998
1865 0.9835999999999998
1866 0.9835999999999998
1867 0.9835999999999998
1868 0.9835999999999998
1869 0.9835999999999998
1870 0.9835999999999998
1871 0.9835999999999998
1872 0.9835999999999998
1873 0.9835999999999998
1874 0.9835999999999998
1875 0.9835999999999998
1876 0.9835999999999998
1877 0.9835999999999998
1878 0.9835999999999998
1879 0.9832
1880 0.9832
1881 0.9832
1882 0.9832
1883 0.9832
1884 0.9832
1885 0.9832
1886 0.9832
1887 0.9832
1888 0.9832
1889 0.9832
1890 0.9832
1891 0.9832
1892 0.9832
1893 0.9832
1894 0.9832
1895 0.9832
1896 0.9832
1897 0.9832
1898 0.9832
1899 0.9832
1900 0.9832
1901 0.9832
1902 0.9832
1903 0.9832
1904 0.9832
1905 0.9832
1906 0.9832
1907 0.9832
1908 0.9832
1909 0.9832
1910 0.9832
1911 0.9832
1912 0.9832
1913 0.9832
1914 0.9832
1915 0.9832
1916 0.9832
1917 0.9832
1918 0.9832
1919 0.9832
1920 0.9832
1921 0.9832
1922 0.9832
1923 0.9832
1924 0.9832
1925 0.9832
1926 0.9832
1927 0.9832
1928 0.9832
1929 0.9832
1930 0.9832
1931 0.9832
1932 0.9832
1933 0.9832
1934 0.9832
1935 0.9832
1936 0.9832
1937 0.9832
1938 0.9832
1939 0.9832
1940 0.9832
1941 0.9832
1942 0.9832
1943 0.9832
1944 0.9832
1945 0.9827999999999999
1946 0.9827999999999999
1947 0.9827999999999999
1948 0.9827999999999999
1949 0.9827999999999999
1950 0.9827999999999999
1951 0.9827999999999999
1952 0.9827999999999999
1953 0.9827999999999999
1954 0.9827999999999999
1955 0.9827999999999999
1956 0.9827999999999999
1957 0.9827999999999999
1958 0.9827999999999999
1959 0.9827999999999999
1960 0.9827999999999999
1961 0.9827999999999999
1962 0.9827999999999999
1963 0.9827999999999999
1964 0.9827999999999999
1965 0.9827999999999999
1966 0.9827999999999999
1967 0.9827999999999999
1968 0.9827999999999999
1969 0.9827999999999999
1970 0.9827999999999999
1971 0.9827999999999999
1972 0.9823999999999998
1973 0.9823999999999998
1974 0.9823999999999998
1975 0.9823999999999998
1976 0.9823999999999998
1977 0.9823999999999998
1978 0.9823999999999998
1979 0.9823999999999998
1980 0.9823999999999998
1981 0.9815999999999998
1982 0.9815999999999998
1983 0.9815999999999998
1984 0.9815999999999998
1985 0.9815999999999998
1986 0.9815999999999998
1987 0.9815999999999998
1988 0.9815999999999998
1989 0.9815999999999998
1990 0.9815999999999998
1991 0.9815999999999998
1992 0.9815999999999998
1993 0.9815999999999998
1994 0.9815999999999998
1995 0.9815999999999998
1996 0.9815999999999998
1997 0.9815999999999998
1998 0.9815999999999998
1999 0.9815999999999998
