1 1.0
2 1.0
3 1.0
4 1.0
5 1.0
6 1.0
7 1.0
8 1.0
9 1.0
10 1.0
11 1.0
12 1.0
13 0.998
14 0.998
15 0.998
16 0.998
17 0.998
18 0.998
19 0.998
20 0.9960000000000001
21 0.992
22 0.992
23 0.99
24 0.99
25 0.982
26 0.982
27 0.982
28 0.9800000000000001
29 0.9800000000000001
30 0.9800000000000001
31 0.9780000000000001
32 0.9760000000000002
33 0.9760000000000002
34 0.9760000000000002
35 0.9760000000000002
36 0.9760000000000002
37 0.9760000000000002
38 0.9760000000000002
39 0.9760000000000002
40 0.9760000000000002
41 0.974
42 0.97
43 0.97
44 0.97
45 0.968
46 0.968
47 0.968
48 0.968
49 0.968
50 0.966
51 0.966
52 0.966
53 0.966
54 0.9620000000000001
55 0.9620000000000001
56 0.9620000000000001
57 0.9600000000000002
58 0.9600000000000002
59 0.9600000000000002
60 0.9600000000000002
61 0.9600000000000002
62 0.9600000000000002
63 0.9580000000000002
64 0.9560000000000002
65 0.954
66 0.952
67 0.952
68 0.952
69 0.95
70 0.95
71 0.95
72 0.9480000000000001
73 0.9480000000000001
74 0.9480000000000001
75 0.9480000000000001
76 0.9480000000000001
77 0.9480000000000001
78 0.9440000000000002
79 0.9440000000000002
80 0.9440000000000002
81 0.9440000000000002
82 0.942
83 0.942
84 0.942
85 0.942
86 0.942
87 0.9400000000000001
88 0.9400000000000001
89 0.9380000000000001
90 0.93
91 0.93
92 0.93
93 0.9280000000000002
94 0.9280000000000002
95 0.9280000000000002
96 0.9260000000000002
97 0.9260000000000002
98 0.9260000000000002
99 0.922
100 0.922
101 0.9200000000000002
102 0.9200000000000002
103 0.9180000000000001
104 0.914
105 0.9100000000000001
106 0.9100000000000001
107 0.9100000000000001
108 0.9100000000000001
109 0.9100000000000001
110 0.9120000000000001
111 0.9099999999999999
112 0.9099999999999999
113 0.9120000000000001
114 0.916
115 0.9179999999999999
116 0.9179999999999999
117 0.9200000000000002
118 0.916
119 0.914
120 0.9120000000000001
121 0.9099999999999999
122 0.9099999999999999
123 0.906
124 0.906
125 0.906
126 0.9039999999999999
127 0.9039999999999999
128 0.9039999999999999
129 0.9039999999999999
130 0.9039999999999999
131 0.9039999999999999
132 0.9039999999999999
133 0.9039999999999999
134 0.9079999999999998
135 0.9059999999999999
136 0.9079999999999998
137 0.9039999999999999
138 0.9019999999999999
139 0.8999999999999998
140 0.8999999999999998
141 0.8979999999999999
142 0.8979999999999999
143 0.8939999999999998
144 0.8939999999999998
145 0.8919999999999998
146 0.8919999999999998
147 0.8899999999999999
148 0.8899999999999999
149 0.8879999999999999
150 0.8879999999999999
151 0.8879999999999999
152 0.8879999999999999
153 0.8859999999999999
154 0.884
155 0.884
156 0.8800000000000001
157 0.8800000000000001
158 0.8800000000000001
159 0.884
160 0.8859999999999999
161 0.8879999999999999
162 0.89
163 0.89
164 0.89
165 0.892
166 0.892
167 0.892
168 0.89
169 0.89
170 0.8880000000000001
171 0.8880000000000001
172 0.884
173 0.8800000000000001
174 0.8780000000000001
175 0.876
176 0.874
177 0.876
178 0.8780000000000001
179 0.8760000000000001
180 0.8800000000000001
181 0.8780000000000001
182 0.8800000000000001
183 0.8780000000000001
184 0.8840000000000001
185 0.8820000000000002
186 0.882
187 0.882
188 0.882
189 0.882
190 0.8779999999999999
191 0.8779999999999999
192 0.876
193 0.874
194 0.8700000000000001
195 0.8680000000000001
196 0.8680000000000001
197 0.8680000000000001
198 0.8640000000000001
199 0.8620000000000001
200 0.8620000000000001
201 0.8600000000000001
202 0.8540000000000001
203 0.8540000000000001
204 0.8460000000000001
205 0.8460000000000001
206 0.844
207 0.8459999999999999
208 0.8480000000000001
209 0.8539999999999999
210 0.85
211 0.85
212 0.85
213 0.8480000000000001
214 0.8480000000000001
215 0.8460000000000001
216 0.8440000000000001
217 0.8440000000000001
218 0.8440000000000001
219 0.8380000000000001
220 0.8300000000000001
221 0.826
222 0.8240000000000001
223 0.8240000000000001
224 0.8240000000000001
225 0.8240000000000001
226 0.82
227 0.8200000000000001
228 0.8220000000000001
229 0.826
230 0.8280000000000001
231 0.8240000000000001
232 0.826
233 0.826
234 0.8280000000000001
235 0.8280000000000001
236 0.8280000000000001
237 0.826
238 0.8240000000000001
239 0.8240000000000001
240 0.8240000000000001
241 0.8240000000000001
242 0.8240000000000001
243 0.8220000000000001
244 0.8220000000000001
245 0.8220000000000001
246 0.8220000000000001
247 0.8220000000000001
248 0.8220000000000001
249 0.82
250 0.82
251 0.8219999999999998
252 0.818
253 0.8200000000000001
254 0.8200000000000001
255 0.82
256 0.8219999999999998
257 0.8240000000000001
258 0.826
259 0.8300000000000001
260 0.8300000000000001
261 0.8280000000000001
262 0.826
263 0.826
264 0.8240000000000001
265 0.8240000000000001
266 0.8240000000000001
267 0.8240000000000001
268 0.8220000000000001
269 0.8200000000000001
270 0.8160000000000001
271 0.8160000000000001
272 0.8140000000000001
273 0.8140000000000001
274 0.8140000000000001
275 0.8160000000000001
276 0.8220000000000001
277 0.8240000000000001
278 0.826
279 0.828
280 0.836
281 0.8400000000000001
282 0.8440000000000001
283 0.844
284 0.842
285 0.842
286 0.842
287 0.8400000000000001
288 0.8400000000000001
289 0.8400000000000001
290 0.8400000000000001
291 0.8400000000000001
292 0.8380000000000001
293 0.8360000000000001
294 0.8300000000000001
295 0.8300000000000001
296 0.8300000000000001
297 0.8300000000000001
298 0.8300000000000001
299 0.8320000000000001
300 0.8380000000000001
301 0.8420000000000002
302 0.8440000000000001
303 0.8480000000000001
304 0.852
305 0.858
306 0.8560000000000001
307 0.8520000000000001
308 0.8520000000000001
309 0.8540000000000001
310 0.8520000000000001
311 0.8460000000000001
312 0.8440000000000001
313 0.8420000000000002
314 0.8420000000000002
315 0.8380000000000001
316 0.8380000000000001
317 0.834
318 0.834
319 0.834
320 0.836
321 0.834
322 0.8280000000000001
323 0.8280000000000001
324 0.8280000000000001
325 0.8300000000000001
326 0.8340000000000002
327 0.8360000000000001
328 0.8360000000000001
329 0.8320000000000001
330 0.8300000000000001
331 0.8360000000000001
332 0.8400000000000001
333 0.8400000000000001
334 0.8380000000000001
335 0.8380000000000001
336 0.8380000000000001
337 0.836
338 0.836
339 0.834
340 0.8320000000000001
341 0.8300000000000001
342 0.8280000000000001
343 0.82
344 0.818
345 0.8140000000000001
346 0.8140000000000001
347 0.8099999999999999
348 0.8099999999999999
349 0.8140000000000001
350 0.8160000000000001
351 0.82
352 0.8220000000000001
353 0.8320000000000001
354 0.8320000000000001
355 0.8320000000000001
356 0.8340000000000002
357 0.8300000000000001
358 0.8280000000000001
359 0.8280000000000001
360 0.8280000000000001
361 0.8280000000000001
362 0.8260000000000002
363 0.8240000000000001
364 0.8240000000000001
365 0.8180000000000002
366 0.8180000000000002
367 0.8140000000000001
368 0.8099999999999999
369 0.806
370 0.806
371 0.808
372 0.8119999999999999
373 0.8140000000000001
374 0.8140000000000001
375 0.818
376 0.818
377 0.818
378 0.8240000000000001
379 0.834
380 0.8320000000000001
381 0.8300000000000001
382 0.828
383 0.826
384 0.826
385 0.8219999999999998
386 0.8219999999999998
387 0.8179999999999998
388 0.8179999999999998
389 0.8179999999999998
390 0.8179999999999998
391 0.8159999999999998
392 0.8159999999999998
393 0.8139999999999998
394 0.8119999999999999
395 0.8039999999999999
396 0.8
397 0.7979999999999999
398 0.796
399 0.806
400 0.8100000000000002
401 0.8140000000000001
402 0.812
403 0.812
404 0.8100000000000002
405 0.812
406 0.8099999999999999
407 0.8099999999999999
408 0.806
409 0.804
410 0.804
411 0.8019999999999999
412 0.798
413 0.796
414 0.79
415 0.7819999999999999
416 0.7779999999999999
417 0.7779999999999999
418 0.774
419 0.774
420 0.772
421 0.774
422 0.776
423 0.78
424 0.78
425 0.784
426 0.7920000000000001
427 0.786
428 0.784
429 0.786
430 0.786
431 0.786
432 0.786
433 0.786
434 0.786
435 0.782
436 0.776
437 0.772
438 0.77
439 0.768
440 0.766
441 0.764
442 0.7579999999999999
443 0.758
444 0.76
445 0.762
446 0.76
447 0.7619999999999999
448 0.762
449 0.7659999999999999
450 0.766
451 0.774
452 0.776
453 0.776
454 0.772
455 0.77
456 0.768
457 0.76
458 0.758
459 0.754
460 0.754
461 0.754
462 0.752
463 0.748
464 0.748
465 0.744
466 0.7419999999999999
467 0.7459999999999999
468 0.748
469 0.75
470 0.748
471 0.752
472 0.754
473 0.764
474 0.772
475 0.774
476 0.7700000000000001
477 0.7700000000000001
478 0.7700000000000001
479 0.7700000000000001
480 0.7700000000000001
481 0.766
482 0.766
483 0.764
484 0.76
485 0.758
486 0.7540000000000001
487 0.7540000000000001
488 0.7540000000000001
489 0.7520000000000001
490 0.75
491 0.75
492 0.752
493 0.752
494 0.754
495 0.7620000000000001
496 0.7660000000000001
497 0.7680000000000001
498 0.768
499 0.766
500 0.768
501 0.768
502 0.7660000000000001
503 0.7660000000000001
504 0.7660000000000001
505 0.7660000000000001
506 0.764
507 0.764
508 0.764
509 0.764
510 0.7600000000000001
511 0.7580000000000002
512 0.7560000000000001
513 0.7560000000000001
514 0.7560000000000001
515 0.762
516 0.77
517 0.772
518 0.7780000000000001
519 0.7780000000000001
520 0.786
521 0.79
522 0.796
523 0.7979999999999999
524 0.796
525 0.796
526 0.796
527 0.792
528 0.792
529 0.79
530 0.788
531 0.7859999999999999
532 0.784
533 0.782
534 0.784
535 0.78
536 0.784
537 0.78
538 0.784
539 0.7820000000000001
540 0.786
541 0.7920000000000001
542 0.7980000000000002
543 0.806
544 0.812
545 0.818
546 0.8240000000000001
547 0.8240000000000001
548 0.818
549 0.8159999999999998
550 0.818
551 0.8160000000000001
552 0.8139999999999998
553 0.8119999999999999
554 0.808
555 0.808
556 0.8039999999999999
557 0.798
558 0.788
559 0.792
560 0.79
561 0.786
562 0.7859999999999999
563 0.786
564 0.792
565 0.796
566 0.796
567 0.798
568 0.798
569 0.8
570 0.8020000000000002
571 0.804
572 0.806
573 0.806
574 0.806
575 0.8019999999999999
576 0.8019999999999999
577 0.8
578 0.8
579 0.8
580 0.794
581 0.792
582 0.788
583 0.78
584 0.7780000000000001
585 0.78
586 0.7780000000000001
587 0.7780000000000001
588 0.786
589 0.794
590 0.798
591 0.8
592 0.798
593 0.7939999999999999
594 0.792
595 0.794
596 0.7900000000000001
597 0.7900000000000001
598 0.7900000000000001
599 0.7860000000000001
600 0.7860000000000001
601 0.784
602 0.78
603 0.7740000000000001
604 0.7720000000000001
605 0.768
606 0.76
607 0.7540000000000001
608 0.7520000000000001
609 0.7500000000000001
610 0.7480000000000001
611 0.7440000000000001
612 0.7480000000000001
613 0.7460000000000002
614 0.7440000000000001
615 0.7500000000000001
616 0.752
617 0.754
618 0.75
619 0.752
620 0.748
621 0.748
622 0.75
623 0.7479999999999999
624 0.7499999999999999
625 0.748
626 0.744
627 0.742
628 0.74
629 0.736
630 0.7340000000000001
631 0.732
632 0.726
633 0.7260000000000002
634 0.7240000000000001
635 0.7240000000000001
636 0.7260000000000001
637 0.724
638 0.728
639 0.7300000000000001
640 0.732
641 0.7380000000000001
642 0.746
643 0.746
644 0.744
645 0.748
646 0.74
647 0.74
648 0.74
649 0.74
650 0.7360000000000001
651 0.7300000000000001
652 0.7280000000000001
653 0.72
654 0.7180000000000001
655 0.7180000000000001
656 0.7180000000000001
657 0.7160000000000001
658 0.7180000000000001
659 0.718
660 0.72
661 0.726
662 0.7220000000000001
663 0.7260000000000001
664 0.7360000000000001
665 0.7420000000000002
666 0.7440000000000001
667 0.744
668 0.7460000000000001
669 0.748
670 0.748
671 0.7460000000000001
672 0.7440000000000001
673 0.74
674 0.738
675 0.7340000000000001
676 0.73
677 0.7260000000000001
678 0.724
679 0.724
680 0.724
681 0.7260000000000001
682 0.7260000000000001
683 0.732
684 0.7340000000000001
685 0.74
686 0.744
687 0.746
688 0.75
689 0.75
690 0.76
691 0.758
692 0.758
693 0.76
694 0.76
695 0.754
696 0.75
697 0.748
698 0.7460000000000001
699 0.7460000000000001
700 0.74
701 0.7380000000000001
702 0.7340000000000001
703 0.7340000000000001
704 0.7340000000000001
705 0.732
706 0.732
707 0.736
708 0.736
709 0.74
710 0.74
711 0.7460000000000001
712 0.7500000000000001
713 0.7460000000000001
714 0.7500000000000001
715 0.7540000000000001
716 0.758
717 0.756
718 0.758
719 0.756
720 0.758
721 0.756
722 0.756
723 0.754
724 0.748
725 0.748
726 0.748
727 0.75
728 0.75
729 0.746
730 0.744
731 0.746
732 0.752
733 0.75
734 0.7580000000000001
735 0.7660000000000001
736 0.772
737 0.784
738 0.786
739 0.788
740 0.782
741 0.784
742 0.784
743 0.784
744 0.784
745 0.782
746 0.776
747 0.774
748 0.774
749 0.774
750 0.772
751 0.772
752 0.77
753 0.766
754 0.768
755 0.774
756 0.776
757 0.78
758 0.78
759 0.79
760 0.7940000000000002
761 0.804
762 0.804
763 0.804
764 0.8019999999999999
765 0.8039999999999999
766 0.8019999999999999
767 0.7979999999999999
768 0.796
769 0.7899999999999999
770 0.7859999999999999
771 0.7859999999999999
772 0.784
773 0.78
774 0.78
775 0.778
776 0.774
777 0.774
778 0.776
779 0.78
780 0.784
781 0.786
782 0.79
783 0.804
784 0.806
785 0.8099999999999999
786 0.8100000000000002
787 0.8099999999999999
788 0.8099999999999999
789 0.8099999999999999
790 0.808
791 0.8039999999999999
792 0.8019999999999999
793 0.798
794 0.798
795 0.794
796 0.794
797 0.784
798 0.778
799 0.776
800 0.776
801 0.772
802 0.77
803 0.764
804 0.762
805 0.7660000000000001
806 0.7660000000000001
807 0.768
808 0.776
809 0.78
810 0.784
811 0.784
812 0.78
813 0.78
814 0.778
815 0.772
816 0.772
817 0.768
818 0.764
819 0.756
820 0.752
821 0.752
822 0.75
823 0.748
824 0.7500000000000001
825 0.7500000000000001
826 0.7500000000000001
827 0.752
828 0.748
829 0.75
830 0.752
831 0.752
832 0.764
833 0.77
834 0.7759999999999999
835 0.7779999999999999
836 0.776
837 0.778
838 0.7779999999999999
839 0.776
840 0.776
841 0.7700000000000001
842 0.768
843 0.766
844 0.764
845 0.764
846 0.76
847 0.758
848 0.752
849 0.748
850 0.748
851 0.752
852 0.764
853 0.764
854 0.768
855 0.7700000000000001
856 0.772
857 0.78
858 0.784
859 0.786
860 0.786
861 0.784
862 0.78
863 0.776
864 0.7779999999999999
865 0.776
866 0.7699999999999999
867 0.7699999999999999
868 0.7659999999999999
869 0.764
870 0.762
871 0.76
872 0.758
873 0.758
874 0.756
875 0.758
876 0.758
877 0.76
878 0.76
879 0.764
880 0.766
881 0.764
882 0.762
883 0.7540000000000001
884 0.76
885 0.76
886 0.76
887 0.752
888 0.75
889 0.746
890 0.744
891 0.7420000000000001
892 0.74
893 0.738
894 0.734
895 0.732
896 0.732
897 0.732
898 0.738
899 0.742
900 0.744
901 0.74
902 0.74
903 0.748
904 0.754
905 0.766
906 0.774
907 0.7740000000000001
908 0.7740000000000001
909 0.7740000000000001
910 0.7740000000000001
911 0.774
912 0.774
913 0.77
914 0.764
915 0.762
916 0.754
917 0.754
918 0.7499999999999999
919 0.748
920 0.748
921 0.7499999999999999
922 0.746
923 0.744
924 0.736
925 0.738
926 0.746
927 0.756
928 0.7660000000000001
929 0.768
930 0.768
931 0.762
932 0.76
933 0.762
934 0.76
935 0.756
936 0.754
937 0.75
938 0.746
939 0.738
940 0.732
941 0.73
942 0.73
943 0.728
944 0.722
945 0.722
946 0.724
947 0.7260000000000001
948 0.7260000000000001
949 0.726
950 0.7339999999999999
951 0.738
952 0.738
953 0.74
954 0.736
955 0.7380000000000001
956 0.744
957 0.744
958 0.744
959 0.744
960 0.74
961 0.74
962 0.736
963 0.736
964 0.732
965 0.7299999999999999
966 0.728
967 0.728
968 0.724
969 0.724
970 0.724
971 0.7219999999999999
972 0.726
973 0.726
974 0.73
975 0.7340000000000001
976 0.738
977 0.74
978 0.746
979 0.746
980 0.746
981 0.7459999999999999
982 0.746
983 0.744
984 0.744
985 0.734
986 0.732
987 0.7300000000000001
988 0.7280000000000001
989 0.7280000000000001
990 0.7280000000000001
991 0.7280000000000001
992 0.7240000000000001
993 0.7200000000000001
994 0.7180000000000001
995 0.72
996 0.722
997 0.72
998 0.718
999 0.72
