1 1.0
2 1.0
3 1.0
4 1.0
5 1.0
6 1.0
7 1.0
8 1.0
9 1.0
10 1.0
11 1.0
12 1.0
13 1.0
14 1.0
15 1.0
16 1.0
17 1.0
18 1.0
19 1.0
20 1.0
21 1.0
22 1.0
23 1.0
24 1.0
25 1.0
26 1.0
27 1.0
28 1.0
29 1.0
30 1.0
31 1.0
32 1.0
33 1.0
34 1.0
35 1.0
36 1.0
37 1.0
38 1.0
39 1.0
40 1.0
41 1.0
42 1.0
43 1.0
44 1.0
45 1.0
46 1.0
47 1.0
48 1.0
49 1.0
50 1.0
51 1.0
52 1.0
53 1.0
54 1.0
55 1.0
56 1.0
57 1.0
58 1.0
59 1.0
60 1.0
61 1.0
62 1.0
63 1.0
64 1.0
65 1.0
66 1.0
67 1.0
68 1.0
69 1.0
70 1.0
71 1.0
72 1.0
73 1.0
74 1.0
75 1.0
76 1.0
77 1.0
78 1.0
79 1.0
80 1.0
81 1.0
82 1.0
83 0.998
84 0.998
85 0.998
86 0.998
87 0.998
88 0.998
89 0.998
90 0.998
91 0.998
92 0.998
93 0.998
94 0.998
95 0.998
96 0.998
97 0.998
98 0.998
99 0.998
100 0.998
101 0.998
102 0.998
103 0.998
104 0.9960000000000001
105 0.9960000000000001
106 0.9960000000000001
107 0.9960000000000001
108 0.9960000000000001
109 0.9960000000000001
110 0.9960000000000001
111 0.9960000000000001
112 0.9960000000000001
113 0.9960000000000001
114 0.9960000000000001
115 0.9960000000000001
116 0.9960000000000001
117 0.9960000000000001
118 0.9960000000000001
119 0.9960000000000001
120 0.9960000000000001
121 0.9960000000000001
122 0.9960000000000001
123 0.9960000000000001
124 0.9960000000000001
125 0.9960000000000001
126 0.9960000000000001
127 0.9960000000000001
128 0.992
129 0.992
130 0.992
131 0.992
132 0.992
133 0.992
134 0.992
135 0.992
136 0.99
137 0.99
138 0.9879999999999999
139 0.9879999999999999
140 0.9879999999999999
141 0.986
142 0.986
143 0.986
144 0.986
145 0.986
146 0.986
147 0.984
148 0.984
149 0.984
150 0.984
151 0.984
152 0.984
153 0.984
154 0.984
155 0.984
156 0.984
157 0.984
158 0.984
159 0.984
160 0.984
161 0.984
162 0.984
163 0.984
164 0.984
165 0.984
166 0.984
167 0.984
168 0.984
169 0.984
170 0.984
171 0.984
172 0.984
173 0.984
174 0.984
175 0.984
176 0.984
177 0.984
178 0.984
179 0.984
180 0.984
181 0.982
182 0.982
183 0.982
184 0.982
185 0.982
186 0.982
187 0.982
188 0.982
189 0.982
190 0.982
191 0.982
192 0.982
193 0.982
194 0.982
195 0.982
196 0.982
197 0.982
198 0.982
199 0.982
200 0.982
201 0.982
202 0.982
203 0.982
204 0.982
205 0.982
206 0.982
207 0.982
208 0.982
209 0.982
210 0.982
211 0.984
212 0.984
213 0.984
214 0.984
215 0.984
216 0.984
217 0.984
218 0.984
219 0.984
220 0.984
221 0.984
222 0.984
223 0.984
224 0.984
225 0.984
226 0.984
227 0.984
228 0.984
229 0.984
230 0.984
231 0.984
232 0.984
233 0.9880000000000001
234 0.9880000000000001
235 0.9880000000000001
236 0.9880000000000001
237 0.9880000000000001
238 0.9880000000000001
239 0.986
240 0.986
241 0.986
242 0.986
243 0.984
244 0.984
245 0.984
246 0.984
247 0.984
248 0.984
249 0.984
250 0.984
251 0.984
252 0.984
253 0.984
254 0.986
255 0.9880000000000001
256 0.9880000000000001
257 0.9880000000000001
258 0.9880000000000001
259 0.9880000000000001
260 0.984
261 0.984
262 0.984
263 0.984
264 0.984
265 0.984
266 0.984
267 0.984
268 0.984
269 0.984
270 0.984
271 0.984
272 0.984
273 0.984
274 0.984
275 0.986
276 0.986
277 0.986
278 0.986
279 0.986
280 0.986
281 0.984
282 0.986
283 0.986
284 0.986
285 0.986
286 0.986
287 0.986
288 0.986
289 0.986
290 0.986
291 0.986
292 0.986
293 0.986
294 0.986
295 0.986
296 0.986
297 0.984
298 0.984
299 0.984
300 0.984
301 0.984
302 0.984
303 0.984
304 0.984
305 0.986
306 0.986
307 0.986
308 0.986
309 0.986
310 0.986
311 0.986
312 0.986
313 0.986
314 0.986
315 0.984
316 0.9800000000000001
317 0.9800000000000001
318 0.9800000000000001
319 0.9800000000000001
320 0.9800000000000001
321 0.9800000000000001
322 0.9800000000000001
323 0.982
324 0.982
325 0.982
326 0.984
327 0.986
328 0.986
329 0.986
330 0.986
331 0.986
332 0.986
333 0.986
334 0.986
335 0.986
336 0.986
337 0.986
338 0.986
339 0.984
340 0.984
341 0.984
342 0.984
343 0.984
344 0.984
345 0.984
346 0.984
347 0.984
348 0.984
349 0.984
350 0.984
351 0.984
352 0.984
353 0.984
354 0.984
355 0.984
356 0.984
357 0.984
358 0.984
359 0.984
360 0.984
361 0.984
362 0.984
363 0.984
364 0.984
365 0.984
366 0.984
367 0.984
368 0.982
369 0.982
370 0.982
371 0.982
372 0.982
373 0.982
374 0.982
375 0.982
376 0.982
377 0.982
378 0.982
379 0.984
380 0.984
381 0.984
382 0.984
383 0.984
384 0.984
385 0.984
386 0.984
387 0.984
388 0.984
389 0.984
390 0.984
391 0.984
392 0.984
393 0.984
394 0.984
395 0.984
396 0.984
397 0.986
398 0.986
399 0.986
400 0.986
401 0.9879999999999999
402 0.9879999999999999
403 0.9879999999999999
404 0.9879999999999999
405 0.9879999999999999
406 0.9879999999999999
407 0.9879999999999999
408 0.9879999999999999
409 0.9879999999999999
410 0.9879999999999999
411 0.9879999999999999
412 0.9879999999999999
413 0.9879999999999999
414 0.9879999999999999
415 0.9879999999999999
416 0.9879999999999999
417 0.9879999999999999
418 0.9879999999999999
419 0.99
420 0.99
421 0.99
422 0.99
423 0.99
424 0.99
425 0.99
426 0.99
427 0.99
428 0.99
429 0.99
430 0.99
431 0.99
432 0.992
433 0.992
434 0.992
435 0.992
436 0.992
437 0.992
438 0.992
439 0.992
440 0.992
441 0.992
442 0.992
443 0.992
444 0.992
445 0.994
446 0.994
447 0.994
448 0.994
449 0.994
450 0.9960000000000001
451 0.9960000000000001
452 0.9960000000000001
453 0.9960000000000001
454 0.9960000000000001
455 0.9960000000000001
456 0.9960000000000001
457 0.9960000000000001
458 0.9960000000000001
459 0.9960000000000001
460 0.9960000000000001
461 0.9960000000000001
462 0.9960000000000001
463 0.9960000000000001
464 0.9960000000000001
465 0.9960000000000001
466 0.9960000000000001
467 0.9960000000000001
468 0.998
469 0.998
470 1.0
471 1.0
472 1.0
473 1.0
474 1.0
475 1.0
476 1.0
477 0.9960000000000001
478 0.9960000000000001
479 0.9960000000000001
480 0.9960000000000001
481 0.9960000000000001
482 0.994
483 0.994
484 0.994
485 0.994
486 0.994
487 0.994
488 0.994
489 0.992
490 0.992
491 0.992
492 0.992
493 0.992
494 0.992
495 0.99
496 0.99
497 0.99
498 0.99
499 0.99
500 0.99
501 0.99
502 0.99
503 0.99
504 0.99
505 0.99
506 0.99
507 0.99
508 0.99
509 0.99
510 0.984
511 0.982
512 0.982
513 0.982
514 0.982
515 0.982
516 0.982
517 0.982
518 0.982
519 0.982
520 0.982
521 0.982
522 0.982
523 0.982
524 0.982
525 0.982
526 0.982
527 0.982
528 0.982
529 0.982
530 0.9800000000000001
531 0.9800000000000001
532 0.9780000000000001
533 0.976
534 0.976
535 0.976
536 0.976
537 0.976
538 0.976
539 0.976
540 0.976
541 0.976
542 0.976
543 0.974
544 0.974
545 0.974
546 0.974
547 0.974
548 0.974
549 0.974
550 0.974
551 0.9719999999999999
552 0.9719999999999999
553 0.9719999999999999
554 0.9719999999999999
555 0.9719999999999999
556 0.9719999999999999
557 0.9719999999999999
558 0.9719999999999999
559 0.9719999999999999
560 0.9719999999999999
561 0.9719999999999999
562 0.97
563 0.968
564 0.968
565 0.968
566 0.968
567 0.968
568 0.968
569 0.968
570 0.968
571 0.968
572 0.968
573 0.968
574 0.968
575 0.968
576 0.968
577 0.968
578 0.968
579 0.966
580 0.966
581 0.966
582 0.966
583 0.966
584 0.966
585 0.9640000000000001
586 0.9640000000000001
587 0.9640000000000001
588 0.9640000000000001
589 0.9640000000000001
590 0.966
591 0.966
592 0.97
593 0.97
594 0.97
595 0.97
596 0.97
597 0.97
598 0.97
599 0.97
600 0.97
601 0.968
602 0.968
603 0.968
604 0.968
605 0.968
606 0.968
607 0.968
608 0.968
609 0.968
610 0.968
611 0.968
612 0.968
613 0.97
614 0.9720000000000001
615 0.9720000000000001
616 0.9720000000000001
617 0.9720000000000001
618 0.976
619 0.976
620 0.976
621 0.976
622 0.974
623 0.974
624 0.974
625 0.974
626 0.974
627 0.974
628 0.974
629 0.974
630 0.974
631 0.974
632 0.974
633 0.974
634 0.974
635 0.974
636 0.974
637 0.976
638 0.976
639 0.978
640 0.978
641 0.978
642 0.978
643 0.978
644 0.978
645 0.978
646 0.978
647 0.978
648 0.978
649 0.978
650 0.978
651 0.978
652 0.978
653 0.978
654 0.978
655 0.978
656 0.978
657 0.978
658 0.978
659 0.978
660 0.978
661 0.978
662 0.9800000000000001
663 0.982
664 0.982
665 0.984
666 0.984
667 0.982
668 0.982
669 0.982
670 0.982
671 0.982
672 0.982
673 0.982
674 0.982
675 0.982
676 0.982
677 0.982
678 0.982
679 0.982
680 0.982
681 0.982
682 0.982
683 0.984
684 0.9860000000000001
685 0.9860000000000001
686 0.9860000000000001
687 0.9880000000000001
688 0.9880000000000001
689 0.9880000000000001
690 0.9880000000000001
691 0.9880000000000001
692 0.9880000000000001
693 0.9880000000000001
694 0.9880000000000001
695 0.9880000000000001
696 0.9860000000000001
697 0.9860000000000001
698 0.9860000000000001
699 0.9860000000000001
700 0.9860000000000001
701 0.9860000000000001
702 0.9860000000000001
703 0.9860000000000001
704 0.9860000000000001
705 0.9860000000000001
706 0.9860000000000001
707 0.9860000000000001
708 0.9860000000000001
709 0.9860000000000001
710 0.9860000000000001
711 0.9860000000000001
712 0.9860000000000001
713 0.9860000000000001
714 0.9860000000000001
715 0.9880000000000001
716 0.99
717 0.99
718 0.99
719 0.9880000000000001
720 0.9880000000000001
721 0.9880000000000001
722 0.986
723 0.986
724 0.986
725 0.986
726 0.986
727 0.986
728 0.986
729 0.986
730 0.986
731 0.986
732 0.986
733 0.9879999999999999
734 0.9879999999999999
735 0.9879999999999999
736 0.9879999999999999
737 0.9879999999999999
738 0.9879999999999999
739 0.9879999999999999
740 0.99
741 0.99
742 0.99
743 0.9879999999999999
744 0.9879999999999999
745 0.9879999999999999
746 0.9879999999999999
747 0.984
748 0.984
749 0.982
750 0.982
751 0.982
752 0.982
753 0.982
754 0.984
755 0.984
756 0.984
757 0.984
758 0.984
759 0.984
760 0.984
761 0.984
762 0.984
763 0.984
764 0.984
765 0.984
766 0.984
767 0.982
768 0.982
769 0.982
770 0.982
771 0.9800000000000001
772 0.9780000000000001
773 0.9780000000000001
774 0.976
775 0.976
776 0.976
777 0.976
778 0.976
779 0.976
780 0.976
781 0.976
782 0.976
783 0.976
784 0.976
785 0.976
786 0.976
787 0.976
788 0.974
789 0.9719999999999999
790 0.97
791 0.968
792 0.968
793 0.968
794 0.968
795 0.968
796 0.968
797 0.968
798 0.968
799 0.968
800 0.968
801 0.968
802 0.968
803 0.968
804 0.97
805 0.968
806 0.968
807 0.968
808 0.968
809 0.968
810 0.97
811 0.97
812 0.97
813 0.97
814 0.97
815 0.97
816 0.97
817 0.97
818 0.97
819 0.97
820 0.97
821 0.97
822 0.97
823 0.968
824 0.968
825 0.968
826 0.968
827 0.97
828 0.97
829 0.97
830 0.97
831 0.97
832 0.97
833 0.9719999999999999
834 0.9719999999999999
835 0.9719999999999999
836 0.9719999999999999
837 0.9719999999999999
838 0.9719999999999999
839 0.9719999999999999
840 0.97
841 0.97
842 0.97
843 0.97
844 0.97
845 0.97
846 0.97
847 0.97
848 0.97
849 0.97
850 0.97
851 0.97
852 0.97
853 0.9719999999999999
854 0.9719999999999999
855 0.974
856 0.974
857 0.974
858 0.974
859 0.976
860 0.976
861 0.976
862 0.976
863 0.976
864 0.976
865 0.976
866 0.976
867 0.976
868 0.976
869 0.976
870 0.976
871 0.9780000000000001
872 0.9780000000000001
873 0.976
874 0.976
875 0.976
876 0.9780000000000001
877 0.982
878 0.982
879 0.982
880 0.982
881 0.982
882 0.982
883 0.982
884 0.9800000000000001
885 0.9800000000000001
886 0.9800000000000001
887 0.9800000000000001
888 0.9800000000000001
889 0.9800000000000001
890 0.9800000000000001
891 0.9800000000000001
892 0.9800000000000001
893 0.9800000000000001
894 0.9800000000000001
895 0.9800000000000001
896 0.9800000000000001
897 0.9800000000000001
898 0.9780000000000001
899 0.9780000000000001
900 0.976
901 0.976
902 0.976
903 0.976
904 0.9780000000000001
905 0.9780000000000001
906 0.9780000000000001
907 0.9780000000000001
908 0.9780000000000001
909 0.9780000000000001
910 0.9780000000000001
911 0.9780000000000001
912 0.9780000000000001
913 0.9780000000000001
914 0.9780000000000001
915 0.9780000000000001
916 0.9780000000000001
917 0.9780000000000001
918 0.976
919 0.976
920 0.976
921 0.976
922 0.976
923 0.976
924 0.976
925 0.9780000000000001
926 0.9780000000000001
927 0.9780000000000001
928 0.9800000000000001
929 0.9800000000000001
930 0.9800000000000001
931 0.9800000000000001
932 0.9800000000000001
933 0.9800000000000001
934 0.9800000000000001
935 0.9800000000000001
936 0.9800000000000001
937 0.9800000000000001
938 0.9800000000000001
939 0.9800000000000001
940 0.9800000000000001
941 0.9800000000000001
942 0.9800000000000001
943 0.9800000000000001
944 0.9800000000000001
945 0.9800000000000001
946 0.9800000000000001
947 0.9800000000000001
948 0.9800000000000001
949 0.9800000000000001
950 0.982
951 0.984
952 0.984
953 0.984
954 0.984
955 0.984
956 0.984
957 0.984
958 0.984
959 0.984
960 0.984
961 0.984
962 0.984
963 0.984
964 0.984
965 0.982
966 0.982
967 0.982
968 0.982
969 0.982
970 0.982
971 0.984
972 0.986
973 0.986
974 0.986
975 0.986
976 0.986
977 0.986
978 0.986
979 0.986
980 0.986
981 0.986
982 0.984
983 0.982
984 0.982
985 0.982
986 0.982
987 0.982
988 0.982
989 0.982
990 0.9800000000000001
991 0.9800000000000001
992 0.9800000000000001
993 0.9800000000000001
994 0.9800000000000001
995 0.9800000000000001
996 0.9800000000000001
997 0.9800000000000001
998 0.978
999 0.978
