1 1.0
2 1.0
3 1.0
4 0.9983999999999998
5 0.9976
6 0.9936
7 0.9891999999999999
8 0.9851999999999996
9 0.9803999999999999
10 0.9771999999999998
11 0.9695999999999999
12 0.9643999999999999
13 0.9632000000000001
14 0.9568000000000002
15 0.9516000000000002
16 0.9516000000000002
17 0.9479999999999997
18 0.9479999999999998
19 0.9447999999999999
20 0.9403999999999998
21 0.9347999999999997
22 0.9299999999999997
23 0.9231999999999998
24 0.9144
25 0.9079999999999999
26 0.9003999999999999
27 0.8955999999999998
28 0.8883999999999999
29 0.8840000000000002
30 0.8787999999999998
31 0.8716000000000002
32 0.8664000000000002
33 0.8600000000000003
34 0.8572
35 0.8552000000000001
36 0.8564000000000003
37 0.8604000000000002
38 0.8620000000000003
39 0.8648000000000006
40 0.8788000000000002
41 0.8924
42 0.9019999999999999
43 0.9011999999999999
44 0.8960000000000001
45 0.8868
46 0.878
47 0.8688000000000001
48 0.8604000000000004
49 0.8508000000000002
50 0.8420000000000004
51 0.8340000000000003
52 0.8288000000000002
53 0.8204
54 0.8131999999999999
55 0.8075999999999998
56 0.8016
57 0.7984
58 0.7992
59 0.8048000000000001
60 0.8116000000000001
61 0.8204
62 0.8268
63 0.8420000000000002
64 0.8648
65 0.8835999999999996
66 0.8955999999999998
67 0.8996000000000002
68 0.8912000000000002
69 0.8844
70 0.8756
71 0.8688000000000001
72 0.8531999999999996
73 0.8411999999999997
74 0.8288
75 0.8204
76 0.8088000000000001
77 0.7984000000000002
78 0.7884000000000003
79 0.7824000000000002
80 0.7735999999999998
81 0.7684000000000001
82 0.7644
83 0.7732000000000001
84 0.7807999999999999
85 0.7880000000000001
86 0.7955999999999998
87 0.8036
88 0.8223999999999999
89 0.8432000000000001
90 0.8556000000000001
91 0.8607999999999998
92 0.8572
93 0.8528
94 0.8468000000000001
95 0.8308000000000003
96 0.8188000000000001
97 0.8096000000000002
98 0.8012000000000001
99 0.7900000000000003
100 0.7772000000000001
101 0.7656000000000001
102 0.7559999999999998
103 0.7480000000000001
104 0.7420000000000002
105 0.7384000000000001
106 0.7368000000000001
107 0.7452000000000001
108 0.7576000000000002
109 0.7728
110 0.7844000000000001
111 0.8032000000000002
112 0.8296000000000003
113 0.8531999999999997
114 0.8695999999999999
115 0.8768
116 0.8748
117 0.8656
118 0.8556
119 0.8464000000000002
120 0.8332
121 0.8212000000000002
122 0.806
123 0.7948000000000001
124 0.7848000000000002
125 0.7735999999999997
126 0.7604
127 0.7515999999999999
128 0.7456000000000003
129 0.7372000000000003
130 0.7340000000000003
131 0.7372000000000003
132 0.7444000000000003
133 0.7591999999999999
134 0.7727999999999998
135 0.7819999999999999
136 0.8059999999999999
137 0.8316000000000001
138 0.8472000000000003
139 0.8528
140 0.8484
141 0.8392000000000002
142 0.8288000000000001
143 0.8164000000000001
144 0.8024
145 0.7852000000000002
146 0.7744000000000003
147 0.7656000000000002
148 0.7548000000000001
149 0.7396000000000003
150 0.7348
151 0.7287999999999998
152 0.7228
153 0.72
154 0.7236
155 0.7380000000000001
156 0.75
157 0.7624000000000001
158 0.7792000000000003
159 0.7916000000000001
160 0.8172
161 0.8488
162 0.8619999999999999
163 0.8708
164 0.8723999999999998
165 0.8643999999999998
166 0.8560000000000001
167 0.8424
168 0.8244000000000001
169 0.8096000000000002
170 0.7928000000000002
171 0.7780000000000002
172 0.7664000000000003
173 0.752
174 0.7440000000000002
175 0.7304
176 0.726
177 0.7204
178 0.7192000000000001
179 0.7232000000000001
180 0.7340000000000002
181 0.7439999999999999
182 0.75
183 0.764
184 0.7844
185 0.8179999999999998
186 0.8320000000000004
187 0.8420000000000003
188 0.8372000000000002
189 0.8300000000000002
190 0.8204
191 0.8120000000000002
192 0.7992000000000001
193 0.7852
194 0.7744
195 0.7635999999999998
196 0.7520000000000002
197 0.7392000000000002
198 0.7300000000000001
199 0.7212000000000001
200 0.7112
201 0.7048000000000001
202 0.7072000000000003
203 0.7167999999999999
204 0.73
205 0.7452000000000001
206 0.7576
207 0.7719999999999999
208 0.7968000000000001
209 0.8239999999999996
210 0.8431999999999998
211 0.8547999999999999
212 0.8492000000000001
213 0.8384
214 0.8252000000000002
215 0.8124000000000002
216 0.7956
217 0.7824000000000001
218 0.7687999999999999
219 0.7547999999999999
220 0.7415999999999998
221 0.7264
222 0.7147999999999998
223 0.7095999999999998
224 0.7040000000000001
225 0.6956
226 0.6924000000000002
227 0.6999999999999998
228 0.7096000000000001
229 0.7183999999999999
230 0.7311999999999999
231 0.7467999999999999
232 0.7752
233 0.8072
234 0.8263999999999999
235 0.834
236 0.834
237 0.8260000000000001
238 0.8124000000000002
239 0.7980000000000003
240 0.7836000000000002
241 0.7656000000000002
242 0.754
243 0.7428
244 0.7300000000000001
245 0.7167999999999999
246 0.7039999999999997
247 0.6947999999999999
248 0.6876000000000001
249 0.6816000000000001
250 0.6792
251 0.6863999999999999
252 0.7007999999999999
253 0.7188
254 0.7327999999999999
255 0.7496
256 0.78
257 0.8032000000000004
258 0.8244000000000006
259 0.8240000000000001
260 0.8192
261 0.8076000000000001
262 0.7944000000000001
263 0.7763999999999999
264 0.7627999999999999
265 0.7551999999999999
266 0.7424
267 0.7256
268 0.7123999999999999
269 0.6976
270 0.6872
271 0.6811999999999999
272 0.6727999999999998
273 0.6664
274 0.6716
275 0.6820000000000002
276 0.6952000000000002
277 0.7148
278 0.7304000000000002
279 0.7447999999999999
280 0.7739999999999996
281 0.806
282 0.8271999999999998
283 0.8359999999999999
284 0.8339999999999997
285 0.8283999999999999
286 0.8179999999999998
287 0.8039999999999999
288 0.7924
289 0.7787999999999999
290 0.7647999999999997
291 0.7512000000000001
292 0.7352
293 0.718
294 0.7091999999999998
295 0.6971999999999997
296 0.6895999999999998
297 0.6844
298 0.6827999999999999
299 0.6879999999999998
300 0.7023999999999998
301 0.7148
302 0.7292000000000003
303 0.7435999999999998
304 0.7687999999999998
305 0.8028
306 0.8264
307 0.8312000000000002
308 0.8268000000000002
309 0.82
310 0.8048000000000001
311 0.7875999999999999
312 0.7719999999999999
313 0.7612000000000001
314 0.7500000000000004
315 0.7360000000000001
316 0.7216000000000001
317 0.7064000000000001
318 0.6984
319 0.6863999999999999
320 0.6807999999999998
321 0.6735999999999999
322 0.6768000000000001
323 0.6851999999999999
324 0.6984
325 0.7184
326 0.7292000000000001
327 0.7476000000000002
328 0.7668
329 0.8031999999999998
330 0.8232000000000004
331 0.8348000000000002
332 0.8356000000000001
333 0.8223999999999999
334 0.8036
335 0.7879999999999999
336 0.7724
337 0.7552
338 0.7368000000000002
339 0.7200000000000002
340 0.7084000000000001
341 0.6916
342 0.676
343 0.6696
344 0.6627999999999998
345 0.6627999999999998
346 0.6680000000000001
347 0.6796
348 0.6888000000000001
349 0.7052
350 0.7192000000000003
351 0.7303999999999999
352 0.7512000000000002
353 0.7812
354 0.8060000000000003
355 0.8104
356 0.8104000000000003
357 0.8048000000000002
358 0.7896000000000001
359 0.7784000000000002
360 0.7676000000000002
361 0.7544000000000001
362 0.7396000000000003
363 0.7264000000000002
364 0.7108000000000001
365 0.6936000000000001
366 0.6784000000000002
367 0.6676000000000002
368 0.6607999999999998
369 0.6544
370 0.6572
371 0.6668
372 0.6831999999999999
373 0.7048000000000002
374 0.7216000000000002
375 0.7428
376 0.7695999999999996
377 0.7940000000000004
378 0.8200000000000004
379 0.8332000000000002
380 0.8288000000000002
381 0.8164
382 0.8051999999999999
383 0.7908
384 0.7719999999999996
385 0.7535999999999998
386 0.7360000000000001
387 0.7180000000000001
388 0.704
389 0.6916
390 0.6788000000000001
391 0.6688000000000001
392 0.6624000000000001
393 0.6556000000000001
394 0.6531999999999999
395 0.6656
396 0.6736
397 0.684
398 0.7008000000000001
399 0.7216000000000002
400 0.7476
401 0.7811999999999998
402 0.7979999999999998
403 0.8084000000000003
404 0.8092000000000001
405 0.804
406 0.7916000000000003
407 0.7816000000000001
408 0.7684000000000003
409 0.746
410 0.732
411 0.7140000000000002
412 0.6976
413 0.688
414 0.6772
415 0.6700000000000002
416 0.6680000000000001
417 0.6600000000000001
418 0.6628000000000001
419 0.6704000000000001
420 0.6851999999999998
421 0.7059999999999996
422 0.7232
423 0.7384000000000002
424 0.7648000000000001
425 0.7972000000000005
426 0.8180000000000001
427 0.8307999999999999
428 0.83
429 0.8144
430 0.7984000000000002
431 0.7852000000000003
432 0.7720000000000001
433 0.7568
434 0.7435999999999998
435 0.7291999999999998
436 0.7148
437 0.7012000000000002
438 0.6919999999999998
439 0.6832
440 0.672
441 0.6648000000000001
442 0.6640000000000001
443 0.6732000000000002
444 0.6856000000000002
445 0.6992
446 0.7136
447 0.7319999999999999
448 0.7596
449 0.7864
450 0.8088000000000002
451 0.8168000000000002
452 0.8104000000000003
453 0.7984000000000002
454 0.7868
455 0.7711999999999999
456 0.7543999999999998
457 0.7340000000000002
458 0.7188000000000001
459 0.7020000000000001
460 0.6956
461 0.6836000000000001
462 0.6704000000000001
463 0.6624000000000002
464 0.6588000000000003
465 0.6484000000000001
466 0.6476000000000001
467 0.6564
468 0.6736
469 0.6908
470 0.7119999999999999
471 0.7360000000000001
472 0.7688000000000001
473 0.7956000000000002
474 0.8168
475 0.8275999999999997
476 0.8183999999999998
477 0.8103999999999998
478 0.7943999999999999
479 0.7780000000000001
480 0.7559999999999999
481 0.7379999999999999
482 0.7167999999999998
483 0.7048000000000001
484 0.6911999999999999
485 0.6808
486 0.6732
487 0.6668000000000002
488 0.6628000000000002
489 0.6588000000000003
490 0.6588000000000003
491 0.6652000000000002
492 0.6820000000000003
493 0.6932000000000003
494 0.7040000000000002
495 0.7175999999999999
496 0.7439999999999998
497 0.7696000000000001
498 0.7912
499 0.8032000000000002
500 0.8028000000000003
501 0.7888000000000001
502 0.7800000000000001
503 0.7636000000000003
504 0.7504000000000002
505 0.7384
506 0.7235999999999998
507 0.7048000000000001
508 0.6896
509 0.6751999999999999
510 0.6632000000000001
511 0.6540000000000002
512 0.6456000000000001
513 0.6444000000000001
514 0.6448000000000002
515 0.6592
516 0.6716000000000002
517 0.6891999999999999
518 0.7063999999999999
519 0.7247999999999999
520 0.7548
521 0.7847999999999999
522 0.8091999999999999
523 0.8179999999999998
524 0.8143999999999998
525 0.8024
526 0.7903999999999998
527 0.7799999999999997
528 0.7619999999999999
529 0.7452000000000001
530 0.7292000000000002
531 0.7128
532 0.6984000000000001
533 0.68
534 0.6696
535 0.6616
536 0.6508000000000003
537 0.6444000000000003
538 0.6436000000000003
539 0.6484000000000002
540 0.6688000000000001
541 0.6848000000000003
542 0.6992000000000002
543 0.7172
544 0.7463999999999997
545 0.7707999999999999
546 0.7896
547 0.7959999999999999
548 0.7992000000000001
549 0.7904000000000001
550 0.7792
551 0.7643999999999999
552 0.7463999999999998
553 0.7323999999999998
554 0.7208
555 0.7003999999999999
556 0.6868000000000001
557 0.6712000000000002
558 0.6644000000000001
559 0.6592
560 0.6544
561 0.6524000000000001
562 0.6536
563 0.6683999999999998
564 0.684
565 0.7096000000000001
566 0.7292000000000002
567 0.7468
568 0.7672000000000001
569 0.7880000000000001
570 0.8084000000000002
571 0.8148000000000004
572 0.8152000000000004
573 0.8048000000000002
574 0.7892
575 0.7692
576 0.7516000000000002
577 0.7264000000000002
578 0.7140000000000001
579 0.6992
580 0.6859999999999998
581 0.6711999999999999
582 0.6612
583 0.6544000000000001
584 0.6464
585 0.6400000000000001
586 0.6432000000000002
587 0.6492000000000001
588 0.6616000000000001
589 0.6748000000000001
590 0.688
591 0.7084
592 0.7311999999999999
593 0.7615999999999998
594 0.7816
595 0.7956
596 0.7940000000000002
597 0.7864000000000001
598 0.7728000000000002
599 0.7596
600 0.7440000000000001
601 0.7324000000000003
602 0.7184000000000001
603 0.7088000000000002
604 0.6920000000000001
605 0.6763999999999999
606 0.6683999999999999
607 0.6567999999999998
608 0.6476
609 0.6407999999999998
610 0.6384000000000001
611 0.6496000000000001
612 0.6691999999999999
613 0.6875999999999999
614 0.704
615 0.7280000000000001
616 0.7543999999999998
617 0.7868
618 0.8088
619 0.8176000000000001
620 0.8207999999999999
621 0.8108
622 0.7972
623 0.7779999999999998
624 0.76
625 0.7479999999999998
626 0.7315999999999999
627 0.7191999999999998
628 0.7028
629 0.6876000000000001
630 0.6816
631 0.6747999999999998
632 0.6636
633 0.6536
634 0.6543999999999999
635 0.6579999999999999
636 0.6712
637 0.6864
638 0.6983999999999999
639 0.7156
640 0.7432
641 0.7807999999999998
642 0.7968
643 0.8116
644 0.8108000000000001
645 0.7991999999999999
646 0.7875999999999999
647 0.7751999999999998
648 0.754
649 0.7399999999999999
650 0.7212
651 0.7063999999999999
652 0.6919999999999998
653 0.6775999999999999
654 0.6659999999999998
655 0.6576
656 0.6536
657 0.6436000000000002
658 0.6436
659 0.6508000000000002
660 0.6668000000000001
661 0.6788
662 0.6947999999999999
663 0.7132
664 0.7468000000000002
665 0.7799999999999998
666 0.7960000000000003
667 0.8064000000000003
668 0.8012000000000001
669 0.7912000000000002
670 0.7752
671 0.7652000000000002
672 0.7448
673 0.7304
674 0.7147999999999999
675 0.7008000000000001
676 0.6868000000000002
677 0.6732
678 0.6604000000000003
679 0.6532000000000003
680 0.6404000000000002
681 0.6280000000000001
682 0.6296
683 0.6368
684 0.6588
685 0.6816
686 0.6956
687 0.7175999999999999
688 0.7488000000000001
689 0.7776000000000001
690 0.7964
691 0.8031999999999999
692 0.8023999999999998
693 0.7948
694 0.7767999999999999
695 0.7591999999999999
696 0.7452
697 0.7291999999999998
698 0.7143999999999999
699 0.6944
700 0.6764
701 0.6587999999999999
702 0.6484000000000001
703 0.6404
704 0.6372000000000001
705 0.6304000000000001
706 0.6308
707 0.6364000000000001
708 0.6544
709 0.6767999999999997
710 0.6931999999999999
711 0.7147999999999999
712 0.7459999999999998
713 0.7792
714 0.7980000000000002
715 0.8115999999999999
716 0.8068
717 0.7924000000000001
718 0.7772
719 0.7651999999999998
720 0.7492
721 0.7340000000000001
722 0.7204000000000002
723 0.7040000000000001
724 0.6868
725 0.6723999999999998
726 0.6596
727 0.6519999999999999
728 0.6476
729 0.6384
730 0.6372
731 0.6472
732 0.6624
733 0.6784
734 0.6975999999999999
735 0.7123999999999998
736 0.7387999999999999
737 0.7700000000000001
738 0.796
739 0.8044
740 0.8024000000000001
741 0.7928000000000001
742 0.7796000000000001
743 0.7684000000000001
744 0.7555999999999997
745 0.7395999999999998
746 0.7244000000000002
747 0.7032
748 0.6880000000000003
749 0.6744
750 0.6612
751 0.6536
752 0.6507999999999999
753 0.6424000000000001
754 0.6487999999999999
755 0.6560000000000002
756 0.6708
757 0.6891999999999999
758 0.7059999999999998
759 0.73
760 0.7544000000000001
761 0.7872000000000001
762 0.8032
763 0.8100000000000003
764 0.8092000000000001
765 0.7983999999999999
766 0.7844
767 0.7716
768 0.7556
769 0.7416000000000001
770 0.7248
771 0.7091999999999998
772 0.694
773 0.6787999999999998
774 0.6647999999999997
775 0.6583999999999998
776 0.6491999999999999
777 0.6427999999999998
778 0.6436
779 0.6539999999999999
780 0.6715999999999999
781 0.686
782 0.7012
783 0.714
784 0.7472000000000001
785 0.7779999999999996
786 0.802
787 0.8088000000000001
788 0.8040000000000002
789 0.794
790 0.7796000000000001
791 0.7648
792 0.7448000000000001
793 0.7316000000000003
794 0.7167999999999998
795 0.6947999999999998
796 0.6812
797 0.6676000000000002
798 0.6580000000000001
799 0.6487999999999999
800 0.6396000000000001
801 0.6355999999999999
802 0.6327999999999999
803 0.6428
804 0.6560000000000001
805 0.6751999999999999
806 0.6879999999999998
807 0.6999999999999997
808 0.7295999999999999
809 0.7635999999999998
810 0.7828000000000002
811 0.7892000000000003
812 0.7872000000000001
813 0.7732000000000002
814 0.7636
815 0.7491999999999998
816 0.7363999999999998
817 0.7208000000000001
818 0.7036000000000001
819 0.6876000000000003
820 0.6736000000000004
821 0.6588000000000003
822 0.6496000000000001
823 0.6404000000000002
824 0.6352000000000001
825 0.6308000000000002
826 0.6364
827 0.65
828 0.6607999999999999
829 0.6823999999999999
830 0.6968000000000001
831 0.7203999999999998
832 0.7496
833 0.7816000000000001
834 0.8003999999999999
835 0.7979999999999998
836 0.7911999999999999
837 0.7847999999999997
838 0.7727999999999998
839 0.7568000000000003
840 0.7375999999999999
841 0.726
842 0.7048000000000001
843 0.6888
844 0.6704000000000002
845 0.6564000000000001
846 0.6472000000000001
847 0.6368000000000003
848 0.6288000000000001
849 0.624
850 0.624
851 0.6304
852 0.6492000000000003
853 0.6680000000000001
854 0.688
855 0.7056
856 0.732
857 0.7572000000000001
858 0.778
859 0.792
860 0.792
861 0.7796000000000002
862 0.7636
863 0.746
864 0.7344000000000002
865 0.7196000000000001
866 0.6983999999999999
867 0.6804000000000001
868 0.6643999999999999
869 0.6472
870 0.6328
871 0.6276000000000002
872 0.6156000000000001
873 0.6088
874 0.6123999999999998
875 0.6235999999999998
876 0.6496
877 0.6635999999999999
878 0.6835999999999998
879 0.7100000000000002
880 0.7411999999999999
881 0.7739999999999999
882 0.7872
883 0.7928000000000003
884 0.7936000000000001
885 0.778
886 0.7624
887 0.7443999999999998
888 0.7248
889 0.7092
890 0.6948000000000002
891 0.6728000000000001
892 0.6580000000000001
893 0.6436000000000002
894 0.6312000000000001
895 0.6216000000000002
896 0.6172000000000001
897 0.6120000000000001
898 0.6112000000000001
899 0.6184000000000001
900 0.6328
901 0.6523999999999998
902 0.6732
903 0.6972000000000002
904 0.7272000000000002
905 0.7599999999999999
906 0.7799999999999997
907 0.7880000000000003
908 0.784
909 0.772
910 0.76
911 0.7444
912 0.7232
913 0.7072000000000002
914 0.6888000000000001
915 0.6732000000000002
916 0.6591999999999999
917 0.6487999999999998
918 0.6371999999999998
919 0.6231999999999999
920 0.6163999999999998
921 0.612
922 0.6148
923 0.6304000000000001
924 0.6452000000000001
925 0.6612000000000003
926 0.6808000000000001
927 0.7047999999999998
928 0.7403999999999997
929 0.7760000000000001
930 0.7948000000000001
931 0.8048000000000002
932 0.8020000000000002
933 0.7924000000000002
934 0.7764000000000002
935 0.7620000000000001
936 0.7412000000000002
937 0.7267999999999998
938 0.7040000000000001
939 0.6875999999999999
940 0.6644
941 0.6480000000000001
942 0.6352000000000002
943 0.6215999999999999
944 0.6124
945 0.6084
946 0.6140000000000001
947 0.6244000000000001
948 0.6408000000000001
949 0.6616
950 0.6764
951 0.6883999999999999
952 0.7111999999999999
953 0.7484000000000002
954 0.77
955 0.7700000000000001
956 0.7712
957 0.7620000000000003
958 0.7376000000000001
959 0.7248000000000002
960 0.7088
961 0.6920000000000001
962 0.6772000000000001
963 0.6648000000000002
964 0.6532000000000002
965 0.6432000000000001
966 0.6308
967 0.6232000000000001
968 0.6172000000000001
969 0.6108
970 0.6112000000000001
971 0.6244
972 0.6376
973 0.6579999999999999
974 0.6839999999999999
975 0.7072000000000002
976 0.7351999999999999
977 0.7696000000000002
978 0.7884
979 0.7936000000000003
980 0.7900000000000003
981 0.7772
982 0.762
983 0.7392000000000002
984 0.7236000000000005
985 0.7031999999999999
986 0.6875999999999999
987 0.6724
988 0.6548
989 0.6380000000000002
990 0.622
991 0.6180000000000001
992 0.616
993 0.6112
994 0.6080000000000001
995 0.614
996 0.6287999999999999
997 0.65
998 0.6675999999999999
999 0.6856
1000 0.7168000000000002
1001 0.7528000000000001
1002 0.7668
1003 0.778
1004 0.7744000000000001
1005 0.7652
1006 0.7496
1007 0.7312000000000001
1008 0.7140000000000002
1009 0.7020000000000002
1010 0.69
1011 0.6727999999999998
1012 0.6611999999999998
1013 0.642
1014 0.634
1015 0.6240000000000001
1016 0.6180000000000001
1017 0.6136
1018 0.6132000000000002
1019 0.6248
1020 0.6444000000000001
1021 0.6624
1022 0.6784
1023 0.6980000000000001
1024 0.7312000000000002
1025 0.7619999999999998
1026 0.7784
1027 0.7844000000000001
1028 0.7772
1029 0.7643999999999999
1030 0.7467999999999999
1031 0.7239999999999999
1032 0.7051999999999998
1033 0.6896000000000001
1034 0.6736000000000001
1035 0.6592000000000001
1036 0.6447999999999999
1037 0.6335999999999998
1038 0.6247999999999999
1039 0.6131999999999997
1040 0.6055999999999999
1041 0.5976
1042 0.5984
1043 0.6128
1044 0.63
1045 0.6511999999999999
1046 0.6727999999999998
1047 0.6968000000000002
1048 0.7288000000000001
1049 0.7628000000000001
1050 0.7819999999999999
1051 0.7967999999999997
1052 0.7948000000000001
1053 0.7836000000000002
1054 0.7740000000000002
1055 0.7600000000000001
1056 0.7428
1057 0.7191999999999998
1058 0.7051999999999998
1059 0.6908
1060 0.6724000000000001
1061 0.6572000000000001
1062 0.6448000000000002
1063 0.6380000000000001
1064 0.6280000000000002
1065 0.6236000000000002
1066 0.632
1067 0.6432000000000002
1068 0.6572000000000001
1069 0.6816000000000001
1070 0.6964000000000001
1071 0.7147999999999999
1072 0.7392
1073 0.7684000000000003
1074 0.7839999999999999
1075 0.7947999999999996
1076 0.7948
1077 0.7807999999999999
1078 0.7611999999999998
1079 0.7424
1080 0.7292000000000002
1081 0.7136000000000001
1082 0.6976
1083 0.6884
1084 0.6752000000000001
1085 0.6556000000000001
1086 0.642
1087 0.6336
1088 0.6292
1089 0.6204
1090 0.616
1091 0.6248
1092 0.6428000000000001
1093 0.6612
1094 0.6812000000000001
1095 0.6964000000000001
1096 0.7219999999999999
1097 0.7563999999999999
1098 0.7804000000000002
1099 0.7864000000000001
1100 0.7811999999999999
1101 0.7676000000000001
1102 0.7555999999999997
1103 0.7340000000000002
1104 0.7160000000000001
1105 0.7060000000000001
1106 0.6903999999999999
1107 0.6655999999999999
1108 0.6492
1109 0.634
1110 0.6216
1111 0.6111999999999999
1112 0.6012
1113 0.5964
1114 0.6003999999999998
1115 0.6140000000000001
1116 0.6368
1117 0.6584000000000003
1118 0.6732000000000002
1119 0.6935999999999999
1120 0.7267999999999998
1121 0.7628
1122 0.7819999999999999
1123 0.7916000000000003
1124 0.7848000000000003
1125 0.7736000000000004
1126 0.7588000000000003
1127 0.7440000000000001
1128 0.7256000000000001
1129 0.7068000000000001
1130 0.6884000000000001
1131 0.6728000000000002
1132 0.6568
1133 0.6408000000000001
1134 0.6320000000000001
1135 0.6227999999999999
1136 0.6144000000000002
1137 0.6124000000000002
1138 0.6144000000000002
1139 0.6264000000000001
1140 0.6439999999999999
1141 0.6587999999999999
1142 0.6796000000000002
1143 0.6988000000000002
1144 0.7251999999999998
1145 0.7672
1146 0.7872000000000002
1147 0.7932000000000002
1148 0.7884
1149 0.7744
1150 0.7532000000000002
1151 0.7372
1152 0.7199999999999999
1153 0.6964
1154 0.676
1155 0.6580000000000001
1156 0.6460000000000002
1157 0.6276
1158 0.6196
1159 0.6080000000000001
1160 0.5996000000000001
1161 0.5955999999999999
1162 0.5932
1163 0.6052
1164 0.6192
1165 0.6400000000000001
1166 0.6600000000000001
1167 0.6828
1168 0.7212000000000001
1169 0.7567999999999999
1170 0.7768000000000002
1171 0.786
1172 0.7828
1173 0.7719999999999998
1174 0.7616
1175 0.742
1176 0.7124000000000001
1177 0.6956
1178 0.6768000000000002
1179 0.6608000000000002
1180 0.6528
1181 0.6432000000000001
1182 0.6316
1183 0.6248
1184 0.6167999999999998
1185 0.6139999999999999
1186 0.6208
1187 0.6332
1188 0.6584
1189 0.6731999999999998
1190 0.6871999999999997
1191 0.7064
1192 0.7344000000000002
1193 0.7620000000000001
1194 0.7844000000000001
1195 0.7888000000000003
1196 0.786
1197 0.7720000000000004
1198 0.7524000000000002
1199 0.7340000000000002
1200 0.7127999999999999
1201 0.6959999999999998
1202 0.6819999999999999
1203 0.6679999999999999
1204 0.6560000000000002
1205 0.6444000000000003
1206 0.6324000000000001
1207 0.6288
1208 0.6184
1209 0.6068000000000001
1210 0.6088000000000001
1211 0.6220000000000002
1212 0.636
1213 0.6576000000000001
1214 0.672
1215 0.6964
1216 0.7288
1217 0.7664000000000003
1218 0.7888000000000003
1219 0.7995999999999996
1220 0.7951999999999999
1221 0.7815999999999999
1222 0.7636
1223 0.7480000000000002
1224 0.7288000000000002
1225 0.7140000000000002
1226 0.6964000000000001
1227 0.6784000000000002
1228 0.6592
1229 0.6428000000000001
1230 0.6327999999999999
1231 0.6187999999999999
1232 0.6103999999999999
1233 0.6039999999999999
1234 0.6056
1235 0.6187999999999999
1236 0.6347999999999999
1237 0.6452
1238 0.6587999999999999
1239 0.6763999999999999
1240 0.7048000000000002
1241 0.7428
1242 0.768
1243 0.7776000000000001
1244 0.7704000000000001
1245 0.7568
1246 0.7411999999999999
1247 0.7188
1248 0.6911999999999999
1249 0.6739999999999999
1250 0.654
1251 0.6371999999999999
1252 0.6215999999999999
1253 0.61
1254 0.6012000000000001
1255 0.5928000000000001
1256 0.5892000000000001
1257 0.5848000000000001
1258 0.5872
1259 0.5976000000000001
1260 0.6192000000000001
1261 0.6352
1262 0.6576
1263 0.6816000000000001
1264 0.7164000000000001
1265 0.754
1266 0.7796000000000001
1267 0.7931999999999998
1268 0.7924
1269 0.78
1270 0.764
1271 0.7428
1272 0.7236
1273 0.7044
1274 0.6820000000000002
1275 0.6587999999999999
1276 0.644
1277 0.6328
1278 0.6220000000000001
1279 0.612
1280 0.6019999999999999
1281 0.5924
1282 0.5952
1283 0.6032
1284 0.6155999999999999
1285 0.634
1286 0.6488
1287 0.6668000000000001
1288 0.7036000000000001
1289 0.7408
1290 0.7632000000000001
1291 0.7788000000000004
1292 0.7720000000000001
1293 0.7564000000000003
1294 0.7376
1295 0.7204000000000002
1296 0.6972
1297 0.6787999999999998
1298 0.6580000000000001
1299 0.6436000000000002
1300 0.6304000000000001
1301 0.6147999999999998
1302 0.6035999999999998
1303 0.5943999999999998
1304 0.5895999999999998
1305 0.5819999999999999
1306 0.5892
1307 0.6008
1308 0.6208
1309 0.6468
1310 0.6616000000000001
1311 0.6759999999999998
1312 0.7083999999999997
1313 0.7443999999999997
1314 0.7684000000000003
1315 0.7816
1316 0.7752000000000002
1317 0.7592000000000002
1318 0.7323999999999999
1319 0.7175999999999999
1320 0.6968000000000001
1321 0.6792
1322 0.6612000000000002
1323 0.6467999999999999
1324 0.6296
1325 0.6088
1326 0.602
1327 0.5928000000000001
1328 0.5828000000000001
1329 0.5800000000000002
1330 0.5828000000000001
1331 0.5956
1332 0.6120000000000001
1333 0.628
1334 0.6452000000000001
1335 0.6652
1336 0.6999999999999998
1337 0.7303999999999999
1338 0.7528
1339 0.7728
1340 0.77
1341 0.7635999999999998
1342 0.7480000000000001
1343 0.7295999999999999
1344 0.7112
1345 0.6924000000000001
1346 0.6744000000000001
1347 0.6568
1348 0.6411999999999999
1349 0.6240000000000001
1350 0.6132000000000002
1351 0.6055999999999999
1352 0.6024
1353 0.5963999999999999
1354 0.5992
1355 0.6072
1356 0.6256
1357 0.6528
1358 0.6752000000000001
1359 0.694
1360 0.7227999999999999
1361 0.7556000000000002
1362 0.7775999999999997
1363 0.7852
1364 0.7807999999999999
1365 0.7655999999999998
1366 0.7495999999999996
1367 0.7299999999999998
1368 0.7108
1369 0.6888
1370 0.6708
1371 0.6552000000000001
1372 0.644
1373 0.6267999999999999
1374 0.6155999999999999
1375 0.6127999999999999
1376 0.6051999999999998
1377 0.5983999999999999
1378 0.5984
1379 0.6111999999999999
1380 0.6219999999999999
1381 0.6424
1382 0.6592000000000001
1383 0.6764000000000001
1384 0.7048000000000001
1385 0.7388000000000003
1386 0.7608000000000004
1387 0.7719999999999998
1388 0.7736
1389 0.7612000000000004
1390 0.7475999999999999
1391 0.7264
1392 0.7080000000000001
1393 0.6872000000000001
1394 0.6607999999999999
1395 0.6424
1396 0.6252000000000001
1397 0.6072000000000001
1398 0.5964
1399 0.5908
1400 0.5856
1401 0.5784000000000001
1402 0.5784000000000001
1403 0.5892000000000002
1404 0.6040000000000003
1405 0.6244
1406 0.6428
1407 0.6576
1408 0.6864000000000001
1409 0.7223999999999999
1410 0.7552000000000001
1411 0.7596000000000003
1412 0.7616
1413 0.7508
1414 0.738
1415 0.7212
1416 0.7028000000000002
1417 0.6908000000000001
1418 0.6716
1419 0.6496
1420 0.6275999999999999
1421 0.614
1422 0.6043999999999999
1423 0.6008
1424 0.5912
1425 0.5884
1426 0.5943999999999999
1427 0.6076
1428 0.6288000000000001
1429 0.6516000000000001
1430 0.67
1431 0.6972
1432 0.7224
1433 0.7604000000000001
1434 0.7788
1435 0.7944000000000001
1436 0.7892000000000001
1437 0.7748000000000002
1438 0.7431999999999997
1439 0.7252
1440 0.7055999999999999
1441 0.6859999999999996
1442 0.6671999999999998
1443 0.6536
1444 0.6355999999999999
1445 0.6235999999999999
1446 0.6096
1447 0.5987999999999999
1448 0.5912
1449 0.5843999999999999
1450 0.5867999999999998
1451 0.5931999999999996
1452 0.6099999999999999
1453 0.6303999999999998
1454 0.6428
1455 0.6668000000000001
1456 0.6932
1457 0.7280000000000001
1458 0.7492000000000002
1459 0.7548000000000001
1460 0.7475999999999999
1461 0.7384000000000001
1462 0.7247999999999999
1463 0.7067999999999998
1464 0.6847999999999999
1465 0.6652000000000001
1466 0.6487999999999999
1467 0.6335999999999999
1468 0.6188000000000001
1469 0.6020000000000001
1470 0.5920000000000001
1471 0.5824000000000001
1472 0.5716000000000001
1473 0.5672
1474 0.5748000000000001
1475 0.58
1476 0.6019999999999999
1477 0.6320000000000001
1478 0.6520000000000001
1479 0.6779999999999999
1480 0.7176
1481 0.7472000000000003
1482 0.7744000000000001
1483 0.7736000000000002
1484 0.7692000000000004
1485 0.7584000000000001
1486 0.7388000000000002
1487 0.72
1488 0.7044
1489 0.6788
1490 0.6664
1491 0.652
1492 0.6376
1493 0.6208
1494 0.6083999999999999
1495 0.5943999999999999
1496 0.586
1497 0.5816
1498 0.5896
1499 0.6080000000000001
1500 0.6244
1501 0.6443999999999999
1502 0.6668
1503 0.6867999999999997
1504 0.7096000000000001
1505 0.746
1506 0.7695999999999998
1507 0.7764000000000002
1508 0.7667999999999999
1509 0.7560000000000002
1510 0.7347999999999999
1511 0.7124000000000001
1512 0.6920000000000001
1513 0.6724
1514 0.6523999999999998
1515 0.6291999999999999
1516 0.6143999999999998
1517 0.6007999999999998
1518 0.5927999999999999
1519 0.5807999999999999
1520 0.5732
1521 0.5695999999999999
1522 0.5703999999999999
1523 0.5803999999999998
1524 0.5955999999999999
1525 0.6164
1526 0.6328000000000001
1527 0.6504000000000001
1528 0.6891999999999999
1529 0.7252
1530 0.7547999999999999
1531 0.7631999999999999
1532 0.7555999999999997
1533 0.7391999999999997
1534 0.7187999999999998
1535 0.7003999999999999
1536 0.6808
1537 0.6640000000000001
1538 0.6496000000000001
1539 0.6304000000000001
1540 0.616
1541 0.5995999999999999
1542 0.5864
1543 0.5800000000000002
1544 0.5740000000000001
1545 0.5655999999999999
1546 0.5708
1547 0.5835999999999999
1548 0.6003999999999999
1549 0.6223999999999998
1550 0.6436
1551 0.6664000000000003
1552 0.6991999999999998
1553 0.73
1554 0.7556000000000002
1555 0.7691999999999999
1556 0.7724000000000002
1557 0.7556
1558 0.7424000000000001
1559 0.7223999999999999
1560 0.7004
1561 0.6788000000000001
1562 0.6611999999999999
1563 0.6424
1564 0.6204000000000001
1565 0.608
1566 0.598
1567 0.5904
1568 0.5872000000000002
1569 0.5756
1570 0.5763999999999999
1571 0.5923999999999998
1572 0.6199999999999999
1573 0.6415999999999998
1574 0.6571999999999999
1575 0.6728000000000001
1576 0.7036000000000002
1577 0.7400000000000001
1578 0.7660000000000001
1579 0.7796000000000004
1580 0.7728000000000003
1581 0.7664
1582 0.7552
1583 0.7344000000000002
1584 0.7116000000000001
1585 0.6928
1586 0.6724
1587 0.6544
1588 0.642
1589 0.6296
1590 0.6188
1591 0.6115999999999999
1592 0.6007999999999999
1593 0.5952
1594 0.596
1595 0.6016
1596 0.6236
1597 0.6392000000000001
1598 0.6572000000000001
1599 0.6772
1600 0.7068000000000002
1601 0.7384
1602 0.7668
1603 0.7796
1604 0.7772
1605 0.7648
1606 0.7492
1607 0.7283999999999999
1608 0.7016000000000001
1609 0.6799999999999998
1610 0.6619999999999997
1611 0.6464
1612 0.6260000000000001
1613 0.6120000000000002
1614 0.5992000000000002
1615 0.5892
1616 0.5807999999999999
1617 0.5763999999999999
1618 0.5811999999999998
1619 0.592
1620 0.6115999999999999
1621 0.6288
1622 0.6456000000000001
1623 0.6639999999999998
1624 0.7012
1625 0.7400000000000001
1626 0.7660000000000001
1627 0.772
1628 0.7744
1629 0.7659999999999999
1630 0.7428
1631 0.7295999999999998
1632 0.704
1633 0.6800000000000002
1634 0.6600000000000001
1635 0.6408
1636 0.6272
1637 0.6116000000000001
1638 0.5952
1639 0.5891999999999998
1640 0.5771999999999999
1641 0.5739999999999998
1642 0.5744000000000001
1643 0.5831999999999999
1644 0.6043999999999998
1645 0.6292
1646 0.6503999999999999
1647 0.6668
1648 0.6995999999999999
1649 0.736
1650 0.7531999999999998
1651 0.7559999999999999
1652 0.7571999999999997
1653 0.7395999999999999
1654 0.7216
1655 0.6976
1656 0.6779999999999999
1657 0.6591999999999999
1658 0.6387999999999999
1659 0.6195999999999998
1660 0.6055999999999998
1661 0.5907999999999999
1662 0.5848
1663 0.58
1664 0.5780000000000001
1665 0.5688
1666 0.5724000000000001
1667 0.5888
1668 0.6092
1669 0.6387999999999999
1670 0.6572
1671 0.684
1672 0.7136
1673 0.7404000000000004
1674 0.7592
1675 0.7664
1676 0.7652
1677 0.7472000000000001
1678 0.7256
1679 0.7076
1680 0.6884000000000001
1681 0.6671999999999998
1682 0.6456000000000001
1683 0.6260000000000001
1684 0.6144000000000002
1685 0.6048000000000002
1686 0.5916
1687 0.5823999999999999
1688 0.5723999999999999
1689 0.57
1690 0.5771999999999999
1691 0.5935999999999999
1692 0.6156
1693 0.634
1694 0.6532000000000001
1695 0.6751999999999999
1696 0.7095999999999999
1697 0.7404000000000001
1698 0.7624
1699 0.7724000000000002
1700 0.7611999999999998
1701 0.742
1702 0.73
1703 0.7076
1704 0.6868000000000001
1705 0.6675999999999999
1706 0.6491999999999999
1707 0.628
1708 0.6096000000000001
1709 0.5988
1710 0.59
1711 0.5807999999999999
1712 0.5771999999999999
1713 0.5712
1714 0.5771999999999999
1715 0.5880000000000001
1716 0.6068000000000002
1717 0.6311999999999999
1718 0.6528000000000002
1719 0.6736000000000001
1720 0.708
1721 0.7448
1722 0.7632000000000001
1723 0.7700000000000001
1724 0.7592000000000002
1725 0.7496
1726 0.7316000000000001
1727 0.7088
1728 0.6756000000000002
1729 0.6592000000000001
1730 0.6324000000000001
1731 0.6175999999999999
1732 0.6052000000000001
1733 0.5904
1734 0.578
1735 0.5688
1736 0.5628000000000001
1737 0.5572000000000003
1738 0.5632000000000001
1739 0.5760000000000002
1740 0.5936
1741 0.6175999999999999
1742 0.6387999999999998
1743 0.6671999999999998
1744 0.7012
1745 0.7428
1746 0.7676000000000002
1747 0.7800000000000001
1748 0.7752000000000002
1749 0.7624
1750 0.7443999999999998
1751 0.7247999999999999
1752 0.7047999999999998
1753 0.6808
1754 0.6580000000000001
1755 0.6412
1756 0.6267999999999998
1757 0.612
1758 0.5936
1759 0.5812000000000002
1760 0.5732
1761 0.5644000000000001
1762 0.5684
1763 0.58
1764 0.5964
1765 0.6111999999999999
1766 0.6367999999999999
1767 0.6588
1768 0.6939999999999997
1769 0.7376000000000001
1770 0.7615999999999999
1771 0.782
1772 0.7752000000000002
1773 0.7612000000000002
1774 0.7408000000000001
1775 0.7216000000000002
1776 0.7044000000000002
1777 0.6832
1778 0.6628000000000001
1779 0.6472000000000001
1780 0.6356000000000002
1781 0.6180000000000001
1782 0.6015999999999999
1783 0.5975999999999999
1784 0.5883999999999999
1785 0.58
1786 0.5832000000000002
1787 0.5872000000000003
1788 0.61
1789 0.6279999999999999
1790 0.6447999999999999
1791 0.6687999999999998
1792 0.7040000000000002
1793 0.7396000000000003
1794 0.7608
1795 0.7764000000000002
1796 0.77
1797 0.7543999999999998
1798 0.7404000000000002
1799 0.7228
1800 0.7004
1801 0.6800000000000002
1802 0.6596
1803 0.6387999999999999
1804 0.6192
1805 0.6076
1806 0.5928000000000001
1807 0.5792
1808 0.5719999999999998
1809 0.5711999999999999
1810 0.5812
1811 0.5888000000000002
1812 0.6076000000000001
1813 0.6236000000000002
1814 0.6432000000000002
1815 0.6616000000000003
1816 0.6976000000000002
1817 0.7371999999999999
1818 0.7636000000000002
1819 0.7628000000000001
1820 0.7572
1821 0.7515999999999999
1822 0.7331999999999997
1823 0.7068000000000001
1824 0.6876000000000001
1825 0.6680000000000001
1826 0.6496000000000001
1827 0.6272000000000001
1828 0.6092000000000001
1829 0.5924
1830 0.5800000000000003
1831 0.5716000000000001
1832 0.5664000000000001
1833 0.5632000000000001
1834 0.5688
1835 0.5840000000000002
1836 0.6044000000000002
1837 0.6212000000000003
1838 0.6424000000000001
1839 0.6668000000000001
1840 0.6964000000000001
1841 0.7380000000000001
1842 0.7544
1843 0.7511999999999999
1844 0.7503999999999997
1845 0.7387999999999999
1846 0.7219999999999999
1847 0.6995999999999999
1848 0.6851999999999999
1849 0.6628000000000001
1850 0.6455999999999998
1851 0.6255999999999999
1852 0.6092
1853 0.5963999999999999
1854 0.5884
1855 0.5796
1856 0.5720000000000001
1857 0.5716
1858 0.5784000000000001
1859 0.5936000000000001
1860 0.6124
1861 0.6288000000000001
1862 0.6408000000000003
1863 0.6688000000000001
1864 0.7051999999999999
1865 0.7415999999999998
1866 0.7587999999999999
1867 0.7556
1868 0.7476
1869 0.7323999999999997
1870 0.7135999999999999
1871 0.6968
1872 0.6751999999999999
1873 0.6583999999999999
1874 0.6376
1875 0.6172000000000001
1876 0.6016000000000001
1877 0.5864000000000001
1878 0.5768
1879 0.5652
1880 0.5576000000000002
1881 0.5524000000000001
1882 0.5580000000000002
1883 0.5756000000000001
1884 0.5944
1885 0.6187999999999999
1886 0.6335999999999999
1887 0.6592
1888 0.6923999999999999
1889 0.7311999999999999
1890 0.7567999999999999
1891 0.7656000000000001
1892 0.76
1893 0.7491999999999999
1894 0.7243999999999999
1895 0.7071999999999997
1896 0.6867999999999997
1897 0.6703999999999999
1898 0.6452
1899 0.6275999999999999
1900 0.6115999999999999
1901 0.594
1902 0.5787999999999999
1903 0.5707999999999999
1904 0.5616
1905 0.5604
1906 0.5636000000000001
1907 0.5772000000000002
1908 0.5996000000000001
1909 0.6199999999999999
1910 0.6408
1911 0.6604000000000001
1912 0.6940000000000002
1913 0.7332
1914 0.7652000000000001
1915 0.7720000000000004
1916 0.7659999999999998
1917 0.7591999999999998
1918 0.7375999999999999
1919 0.7143999999999998
1920 0.6908000000000001
1921 0.6708000000000002
1922 0.6432000000000001
1923 0.6260000000000001
1924 0.6111999999999999
1925 0.5968
1926 0.5871999999999999
1927 0.5756
1928 0.5720000000000002
1929 0.5660000000000001
1930 0.5716
1931 0.5855999999999999
1932 0.6
1933 0.6147999999999998
1934 0.6279999999999999
1935 0.6535999999999998
1936 0.6896
1937 0.7267999999999999
1938 0.7576
1939 0.77
1940 0.7644
1941 0.7452000000000002
1942 0.7272000000000002
1943 0.7040000000000002
1944 0.6812000000000001
1945 0.6596000000000001
1946 0.6436
1947 0.626
1948 0.6144
1949 0.6019999999999999
1950 0.5883999999999999
1951 0.5816
1952 0.5803999999999999
1953 0.5743999999999999
1954 0.5832
1955 0.5988
1956 0.6148
1957 0.6355999999999999
1958 0.6496
1959 0.6727999999999997
1960 0.7015999999999998
1961 0.7384
1962 0.758
1963 0.7604
1964 0.7584000000000002
1965 0.7368000000000002
1966 0.7079999999999999
1967 0.6744
1968 0.6544
1969 0.6356
1970 0.6208
1971 0.6024000000000002
1972 0.5868000000000002
1973 0.5696000000000001
1974 0.5616000000000001
1975 0.5524
1976 0.5476000000000001
1977 0.5416000000000001
1978 0.5424
1979 0.5584000000000002
1980 0.5776
1981 0.5992
1982 0.6208
1983 0.6464000000000002
1984 0.6883999999999999
1985 0.7216
1986 0.7456
1987 0.7631999999999999
1988 0.7515999999999999
1989 0.7296
1990 0.7128
1991 0.6964
1992 0.68
1993 0.6568
1994 0.6331999999999999
1995 0.6183999999999998
1996 0.6059999999999999
1997 0.5855999999999999
1998 0.5756
1999 0.5716
