1 1.0
2 1.0
3 1.0
4 1.0
5 0.9979999999999998
6 0.9959999999999998
7 0.9903999999999997
8 0.9867999999999999
9 0.9795999999999997
10 0.9763999999999997
11 0.9687999999999997
12 0.9667999999999998
13 0.9632
14 0.9588
15 0.9563999999999999
16 0.9539999999999997
17 0.9516000000000001
18 0.9523999999999999
19 0.9516
20 0.9508
21 0.9472
22 0.9424000000000002
23 0.9348000000000003
24 0.9284000000000003
25 0.9216000000000002
26 0.9148000000000002
27 0.9080000000000001
28 0.9048000000000002
29 0.8976000000000003
30 0.8916000000000004
31 0.8868000000000003
32 0.8800000000000001
33 0.8728000000000002
34 0.8712000000000003
35 0.8704000000000004
36 0.8732000000000001
37 0.8752000000000001
38 0.8784000000000001
39 0.8824000000000001
40 0.8920000000000001
41 0.9016000000000003
42 0.9092
43 0.9096
44 0.9092
45 0.9035999999999998
46 0.8976
47 0.8887999999999998
48 0.8839999999999998
49 0.8732000000000001
50 0.8659999999999998
51 0.8547999999999998
52 0.8463999999999996
53 0.8395999999999998
54 0.8336
55 0.8264
56 0.8208
57 0.8160000000000001
58 0.8176000000000001
59 0.8175999999999999
60 0.8228
61 0.8291999999999998
62 0.8364
63 0.8483999999999997
64 0.8623999999999999
65 0.8832
66 0.8952
67 0.8935999999999998
68 0.8876
69 0.8815999999999999
70 0.8732000000000002
71 0.8648000000000002
72 0.8532000000000002
73 0.8427999999999999
74 0.826
75 0.8131999999999999
76 0.8064
77 0.7920000000000003
78 0.7812000000000003
79 0.7772000000000001
80 0.7736000000000003
81 0.7676000000000003
82 0.7656000000000003
83 0.7644000000000003
84 0.7732000000000002
85 0.7844000000000002
86 0.794
87 0.8019999999999999
88 0.8208000000000001
89 0.8424000000000003
90 0.8620000000000003
91 0.8687999999999999
92 0.8696
93 0.8652000000000002
94 0.8528000000000006
95 0.8436000000000005
96 0.8352000000000004
97 0.8260000000000002
98 0.8144
99 0.8051999999999999
100 0.7979999999999999
101 0.7867999999999999
102 0.7783999999999996
103 0.7711999999999999
104 0.7648
105 0.7624
106 0.7656000000000002
107 0.7688000000000001
108 0.7779999999999998
109 0.7923999999999998
110 0.8031999999999999
111 0.8151999999999999
112 0.8316
113 0.8539999999999999
114 0.8672000000000001
115 0.8680000000000002
116 0.8660000000000002
117 0.8539999999999999
118 0.8443999999999999
119 0.8344
120 0.8232
121 0.8108
122 0.7992
123 0.7867999999999999
124 0.7775999999999997
125 0.7644
126 0.754
127 0.7464
128 0.7372
129 0.7367999999999999
130 0.7359999999999998
131 0.7452
132 0.7564
133 0.7672000000000001
134 0.7788000000000003
135 0.7920000000000003
136 0.8192
137 0.8400000000000002
138 0.8496000000000001
139 0.8591999999999999
140 0.8571999999999997
141 0.8483999999999999
142 0.8363999999999998
143 0.8224000000000001
144 0.8116000000000001
145 0.7996000000000001
146 0.7844
147 0.7752
148 0.7644
149 0.7536000000000002
150 0.7435999999999998
151 0.7415999999999999
152 0.7340000000000002
153 0.7283999999999999
154 0.7292000000000001
155 0.7372000000000001
156 0.7523999999999996
157 0.7639999999999999
158 0.7784
159 0.7887999999999997
160 0.8075999999999999
161 0.8388
162 0.8548
163 0.8600000000000003
164 0.8576000000000001
165 0.8540000000000001
166 0.8423999999999999
167 0.8344
168 0.8192
169 0.8035999999999999
170 0.7876000000000001
171 0.7751999999999998
172 0.7599999999999999
173 0.7432000000000002
174 0.7340000000000002
175 0.7264000000000002
176 0.7224
177 0.7180000000000001
178 0.7232
179 0.7284
180 0.7380000000000002
181 0.7527999999999999
182 0.7592
183 0.7764
184 0.7952000000000001
185 0.8172
186 0.8340000000000001
187 0.8419999999999999
188 0.8396000000000001
189 0.8356
190 0.8292
191 0.8228000000000003
192 0.8124000000000002
193 0.7988000000000001
194 0.7852
195 0.7731999999999999
196 0.7583999999999999
197 0.7456
198 0.7404
199 0.7308
200 0.7236000000000002
201 0.7152000000000003
202 0.7108
203 0.716
204 0.7264
205 0.738
206 0.7491999999999999
207 0.7707999999999998
208 0.7956
209 0.8203999999999999
210 0.8400000000000002
211 0.8500000000000004
212 0.8540000000000003
213 0.8500000000000004
214 0.8388000000000004
215 0.8272000000000003
216 0.8132
217 0.7948000000000001
218 0.7776
219 0.7608000000000001
220 0.7524000000000001
221 0.7328
222 0.7195999999999999
223 0.7140000000000001
224 0.7076
225 0.7040000000000001
226 0.7032
227 0.708
228 0.7183999999999997
229 0.7343999999999999
230 0.7492
231 0.7660000000000001
232 0.7939999999999999
233 0.8203999999999998
234 0.8368000000000001
235 0.8472
236 0.8464000000000002
237 0.8408000000000002
238 0.8256000000000001
239 0.8079999999999999
240 0.7931999999999999
241 0.7803999999999999
242 0.7672000000000001
243 0.7543999999999998
244 0.7404000000000001
245 0.7256
246 0.7188
247 0.71
248 0.7020000000000001
249 0.6968000000000002
250 0.6904000000000002
251 0.6971999999999998
252 0.7083999999999999
253 0.7232
254 0.74
255 0.7520000000000002
256 0.7800000000000001
257 0.812
258 0.8340000000000001
259 0.8423999999999999
260 0.8452
261 0.8384000000000001
262 0.8264000000000002
263 0.8144000000000001
264 0.7944
265 0.7800000000000002
266 0.7648000000000001
267 0.752
268 0.7363999999999997
269 0.7239999999999998
270 0.7123999999999999
271 0.7067999999999999
272 0.6988000000000001
273 0.6956
274 0.6932000000000003
275 0.7076000000000002
276 0.7240000000000001
277 0.7343999999999999
278 0.7452
279 0.7607999999999997
280 0.7788
281 0.8068
282 0.8300000000000003
283 0.838
284 0.8404000000000003
285 0.8296000000000001
286 0.8211999999999999
287 0.8048000000000001
288 0.7867999999999999
289 0.7727999999999997
290 0.7587999999999998
291 0.7452
292 0.7384
293 0.7260000000000001
294 0.7151999999999998
295 0.7076
296 0.7024000000000001
297 0.6968
298 0.7003999999999998
299 0.7072000000000002
300 0.7235999999999998
301 0.7392
302 0.7515999999999999
303 0.7691999999999998
304 0.7951999999999999
305 0.8256000000000001
306 0.8432000000000001
307 0.8524
308 0.8483999999999999
309 0.8376
310 0.8240000000000002
311 0.8144000000000001
312 0.8032
313 0.7900000000000001
314 0.7804000000000001
315 0.7644000000000001
316 0.7500000000000001
317 0.7364
318 0.7244000000000002
319 0.7156
320 0.7111999999999999
321 0.7031999999999999
322 0.6999999999999998
323 0.7075999999999998
324 0.7163999999999998
325 0.7327999999999999
326 0.7475999999999999
327 0.762
328 0.784
329 0.8132000000000003
330 0.8272000000000003
331 0.8320000000000002
332 0.8268000000000002
333 0.8192000000000002
334 0.8056000000000002
335 0.7863999999999999
336 0.7704000000000002
337 0.7604000000000001
338 0.7504000000000002
339 0.7364000000000002
340 0.7260000000000002
341 0.7116000000000003
342 0.706
343 0.6964000000000001
344 0.686
345 0.6796
346 0.6815999999999999
347 0.6935999999999999
348 0.7076
349 0.7167999999999999
350 0.7352
351 0.7508
352 0.7776000000000003
353 0.8044000000000001
354 0.826
355 0.8344
356 0.8356000000000003
357 0.8248000000000002
358 0.8144000000000002
359 0.7996000000000002
360 0.7904000000000002
361 0.7748
362 0.7620000000000001
363 0.7460000000000001
364 0.7332000000000004
365 0.7188000000000001
366 0.7120000000000001
367 0.6972
368 0.6859999999999999
369 0.6772
370 0.6779999999999999
371 0.6847999999999999
372 0.704
373 0.7171999999999998
374 0.7335999999999998
375 0.7519999999999999
376 0.7748
377 0.8028000000000002
378 0.8156
379 0.8216
380 0.8156000000000002
381 0.8088
382 0.7971999999999998
383 0.7856000000000001
384 0.7648000000000001
385 0.7487999999999998
386 0.7343999999999999
387 0.7212
388 0.7071999999999998
389 0.6964000000000001
390 0.688
391 0.6776000000000002
392 0.6740000000000002
393 0.6644000000000001
394 0.6692
395 0.682
396 0.6948000000000001
397 0.7144000000000001
398 0.7272
399 0.7448
400 0.7716000000000003
401 0.7960000000000003
402 0.8164000000000001
403 0.8240000000000002
404 0.8184000000000001
405 0.812
406 0.8032000000000002
407 0.7896000000000001
408 0.7739999999999999
409 0.7615999999999999
410 0.7463999999999998
411 0.7339999999999999
412 0.7167999999999999
413 0.7060000000000002
414 0.6963999999999999
415 0.6891999999999999
416 0.6828
417 0.6752000000000001
418 0.674
419 0.6811999999999999
420 0.6952000000000002
421 0.7156000000000001
422 0.7364
423 0.7556
424 0.7847999999999997
425 0.8084
426 0.82
427 0.8272000000000003
428 0.8220000000000002
429 0.8039999999999999
430 0.7912000000000002
431 0.7804000000000002
432 0.7615999999999999
433 0.7452
434 0.7315999999999999
435 0.7175999999999999
436 0.7047999999999999
437 0.6900000000000002
438 0.6804000000000001
439 0.6732
440 0.6659999999999999
441 0.6611999999999999
442 0.6652000000000001
443 0.676
444 0.69
445 0.708
446 0.7216000000000001
447 0.7432000000000001
448 0.7636000000000002
449 0.7976000000000002
450 0.8160000000000003
451 0.8256000000000001
452 0.8260000000000001
453 0.8160000000000003
454 0.8080000000000002
455 0.7939999999999999
456 0.7787999999999998
457 0.762
458 0.7484000000000003
459 0.7352000000000001
460 0.7219999999999999
461 0.7020000000000002
462 0.6932
463 0.6844000000000001
464 0.6760000000000003
465 0.6700000000000002
466 0.6708000000000002
467 0.6807999999999998
468 0.6995999999999999
469 0.7116
470 0.7280000000000001
471 0.7472000000000001
472 0.7616
473 0.7951999999999999
474 0.8136000000000001
475 0.8220000000000001
476 0.8244000000000002
477 0.8107999999999999
478 0.8035999999999999
479 0.7892
480 0.7767999999999999
481 0.7644000000000001
482 0.7504000000000002
483 0.7339999999999999
484 0.7132000000000001
485 0.7036000000000001
486 0.6900000000000002
487 0.686
488 0.6792
489 0.6688000000000001
490 0.672
491 0.6796000000000001
492 0.696
493 0.7136000000000002
494 0.7268000000000002
495 0.7408
496 0.7608
497 0.7887999999999998
498 0.8096000000000001
499 0.814
500 0.8131999999999999
501 0.8040000000000002
502 0.7884000000000002
503 0.7783999999999999
504 0.7595999999999999
505 0.7487999999999998
506 0.7392
507 0.7248
508 0.7147999999999998
509 0.6947999999999999
510 0.6844
511 0.6759999999999999
512 0.6679999999999999
513 0.6607999999999999
514 0.6636
515 0.6751999999999997
516 0.6843999999999997
517 0.696
518 0.7152
519 0.7311999999999999
520 0.7615999999999995
521 0.7907999999999998
522 0.8084000000000002
523 0.8180000000000001
524 0.8184
525 0.8119999999999998
526 0.8011999999999999
527 0.7836
528 0.7731999999999999
529 0.7555999999999998
530 0.7387999999999998
531 0.7259999999999998
532 0.7111999999999997
533 0.6995999999999999
534 0.6920000000000001
535 0.6804000000000002
536 0.6736000000000001
537 0.6679999999999998
538 0.6700000000000002
539 0.6828000000000002
540 0.6955999999999999
541 0.7079999999999999
542 0.7212
543 0.7404
544 0.7647999999999999
545 0.7959999999999999
546 0.8119999999999998
547 0.8208
548 0.8260000000000001
549 0.82
550 0.8068000000000001
551 0.794
552 0.7772
553 0.7608000000000001
554 0.7479999999999998
555 0.7332000000000001
556 0.7179999999999999
557 0.7015999999999998
558 0.6944
559 0.686
560 0.6756000000000002
561 0.6680000000000001
562 0.6664
563 0.6756
564 0.6947999999999999
565 0.7088000000000001
566 0.7252000000000001
567 0.7436000000000001
568 0.7680000000000001
569 0.7908
570 0.8124000000000002
571 0.8184000000000001
572 0.8148000000000002
573 0.8056
574 0.7919999999999999
575 0.7799999999999998
576 0.7687999999999998
577 0.7564
578 0.7356000000000001
579 0.7168000000000001
580 0.7031999999999999
581 0.6923999999999998
582 0.6791999999999999
583 0.6715999999999999
584 0.6639999999999998
585 0.6623999999999998
586 0.6643999999999999
587 0.6743999999999999
588 0.6888
589 0.7031999999999999
590 0.7195999999999999
591 0.7355999999999997
592 0.7575999999999997
593 0.7855999999999999
594 0.8100000000000003
595 0.8144000000000006
596 0.8116000000000004
597 0.8072000000000004
598 0.7948000000000002
599 0.7772
600 0.7628
601 0.7479999999999998
602 0.7368000000000001
603 0.7199999999999999
604 0.7071999999999997
605 0.6903999999999998
606 0.6751999999999998
607 0.6675999999999999
608 0.664
609 0.6572
610 0.6567999999999999
611 0.6696
612 0.6868
613 0.7024000000000001
614 0.7148000000000002
615 0.7292000000000001
616 0.7592000000000004
617 0.7932000000000002
618 0.8164
619 0.8168000000000002
620 0.8111999999999999
621 0.8044000000000001
622 0.7912
623 0.7728
624 0.7592000000000002
625 0.7424
626 0.7247999999999999
627 0.7123999999999998
628 0.6923999999999999
629 0.674
630 0.6616000000000001
631 0.6511999999999999
632 0.6436
633 0.6372000000000001
634 0.6384000000000001
635 0.6496000000000001
636 0.6656000000000003
637 0.6824000000000003
638 0.6956000000000002
639 0.7128
640 0.7452
641 0.7832000000000001
642 0.8079999999999999
643 0.8164000000000001
644 0.8091999999999999
645 0.7928000000000001
646 0.7844
647 0.7740000000000002
648 0.7611999999999998
649 0.7455999999999999
650 0.7287999999999997
651 0.7199999999999999
652 0.7071999999999998
653 0.6928
654 0.6803999999999999
655 0.6696000000000001
656 0.6596
657 0.6552
658 0.6544000000000001
659 0.664
660 0.6736
661 0.6911999999999998
662 0.708
663 0.7291999999999998
664 0.7567999999999999
665 0.7843999999999999
666 0.8124000000000001
667 0.8168000000000002
668 0.8136000000000003
669 0.8083999999999999
670 0.7983999999999999
671 0.7784
672 0.7587999999999999
673 0.7384000000000001
674 0.7212000000000001
675 0.7040000000000001
676 0.6888
677 0.6759999999999999
678 0.6655999999999999
679 0.6543999999999996
680 0.6499999999999999
681 0.6391999999999998
682 0.6435999999999997
683 0.6563999999999999
684 0.6703999999999998
685 0.6951999999999999
686 0.7091999999999997
687 0.7299999999999999
688 0.7584000000000001
689 0.7844000000000001
690 0.8040000000000002
691 0.8108000000000001
692 0.8108000000000001
693 0.8032
694 0.7931999999999998
695 0.7756000000000001
696 0.7608
697 0.7424
698 0.7195999999999999
699 0.7003999999999999
700 0.6892
701 0.6743999999999999
702 0.6587999999999999
703 0.6503999999999999
704 0.6416
705 0.6364
706 0.6368
707 0.644
708 0.6600000000000001
709 0.6815999999999999
710 0.7003999999999999
711 0.7172
712 0.7540000000000003
713 0.7876000000000002
714 0.8084000000000002
715 0.8168000000000003
716 0.8160000000000003
717 0.8056000000000003
718 0.7972000000000001
719 0.7788000000000003
720 0.7636
721 0.7440000000000001
722 0.7284000000000002
723 0.7127999999999999
724 0.6980000000000001
725 0.6859999999999999
726 0.6739999999999999
727 0.6644000000000001
728 0.6588
729 0.6519999999999999
730 0.6531999999999999
731 0.6631999999999999
732 0.6803999999999999
733 0.6931999999999999
734 0.7048000000000001
735 0.7216
736 0.7479999999999998
737 0.7784000000000002
738 0.7956
739 0.8024000000000001
740 0.8048000000000002
741 0.7984000000000002
742 0.7936000000000003
743 0.7796000000000001
744 0.7612000000000004
745 0.7432
746 0.7228
747 0.7071999999999999
748 0.6944
749 0.6811999999999999
750 0.6679999999999998
751 0.6591999999999999
752 0.6484000000000001
753 0.6416
754 0.6432000000000001
755 0.6503999999999999
756 0.6587999999999998
757 0.6843999999999998
758 0.6991999999999998
759 0.7172
760 0.7396
761 0.7612000000000002
762 0.7796000000000004
763 0.7903999999999999
764 0.7895999999999997
765 0.7759999999999999
766 0.7543999999999997
767 0.7416000000000001
768 0.7303999999999999
769 0.714
770 0.7015999999999998
771 0.6795999999999998
772 0.6719999999999999
773 0.6572000000000002
774 0.6468
775 0.638
776 0.6288000000000001
777 0.6232000000000001
778 0.6224000000000001
779 0.64
780 0.6500000000000001
781 0.6772000000000001
782 0.6916000000000002
783 0.708
784 0.7416000000000003
785 0.7748
786 0.7956000000000002
787 0.8012000000000001
788 0.7975999999999999
789 0.7911999999999999
790 0.7792000000000001
791 0.7628
792 0.7496
793 0.7291999999999998
794 0.7167999999999998
795 0.6975999999999998
796 0.6783999999999999
797 0.6672
798 0.6547999999999999
799 0.6487999999999999
800 0.642
801 0.6348000000000001
802 0.6384000000000001
803 0.6492
804 0.6615999999999999
805 0.6856
806 0.7011999999999999
807 0.7143999999999999
808 0.7440000000000001
809 0.7839999999999998
810 0.8035999999999999
811 0.8080000000000002
812 0.8044000000000001
813 0.7935999999999998
814 0.7807999999999998
815 0.7687999999999998
816 0.7548
817 0.7395999999999998
818 0.7271999999999998
819 0.7088
820 0.6935999999999999
821 0.6819999999999999
822 0.6731999999999999
823 0.6608000000000002
824 0.6496000000000002
825 0.6428
826 0.6424
827 0.6528
828 0.6724
829 0.6928000000000002
830 0.7036
831 0.7219999999999998
832 0.7544
833 0.7780000000000001
834 0.8075999999999999
835 0.8131999999999998
836 0.8108
837 0.7992
838 0.7848
839 0.7683999999999999
840 0.7512000000000001
841 0.7347999999999998
842 0.7172
843 0.7003999999999999
844 0.6831999999999999
845 0.6676000000000002
846 0.6559999999999999
847 0.6511999999999999
848 0.6444
849 0.6408
850 0.6427999999999998
851 0.6535999999999995
852 0.6651999999999998
853 0.6852000000000001
854 0.7023999999999999
855 0.7175999999999999
856 0.7444
857 0.7739999999999999
858 0.7955999999999999
859 0.8044
860 0.8016000000000001
861 0.7992000000000001
862 0.7884000000000003
863 0.7732000000000002
864 0.7556
865 0.7351999999999999
866 0.7203999999999998
867 0.7052
868 0.6896
869 0.6716000000000001
870 0.6576
871 0.6516
872 0.6487999999999999
873 0.6464000000000002
874 0.6468
875 0.6592
876 0.6768000000000002
877 0.6955999999999999
878 0.7076000000000002
879 0.7284
880 0.7619999999999998
881 0.7951999999999999
882 0.8119999999999998
883 0.8091999999999999
884 0.8044000000000001
885 0.7924000000000001
886 0.7759999999999999
887 0.7631999999999998
888 0.7548
889 0.7340000000000002
890 0.7196000000000004
891 0.7056000000000003
892 0.686
893 0.6692
894 0.6579999999999998
895 0.6499999999999997
896 0.6447999999999997
897 0.6411999999999998
898 0.6375999999999997
899 0.6503999999999999
900 0.6663999999999999
901 0.6791999999999999
902 0.6872000000000001
903 0.7067999999999998
904 0.7315999999999999
905 0.762
906 0.7919999999999997
907 0.7992000000000004
908 0.7976000000000001
909 0.7891999999999999
910 0.7776000000000003
911 0.7580000000000001
912 0.7452
913 0.7303999999999999
914 0.7132000000000001
915 0.6928000000000002
916 0.6739999999999999
917 0.6611999999999999
918 0.6535999999999998
919 0.6459999999999999
920 0.6411999999999999
921 0.6364
922 0.6323999999999999
923 0.6359999999999997
924 0.6483999999999999
925 0.6747999999999998
926 0.6927999999999999
927 0.7172
928 0.7452
929 0.7751999999999998
930 0.792
931 0.7932000000000001
932 0.7871999999999999
933 0.7756000000000001
934 0.7691999999999999
935 0.7551999999999996
936 0.7375999999999999
937 0.7184
938 0.706
939 0.6891999999999997
940 0.6724
941 0.6627999999999998
942 0.6499999999999997
943 0.6427999999999998
944 0.6367999999999998
945 0.6307999999999998
946 0.6359999999999998
947 0.6388
948 0.6536
949 0.6712
950 0.6899999999999998
951 0.7084
952 0.7392
953 0.7712000000000002
954 0.7880000000000004
955 0.8027999999999998
956 0.8055999999999999
957 0.7944000000000001
958 0.7807999999999999
959 0.7672000000000003
960 0.7468
961 0.7332000000000002
962 0.7116
963 0.7016000000000001
964 0.6864000000000001
965 0.6751999999999999
966 0.6619999999999999
967 0.6483999999999998
968 0.6395999999999998
969 0.63
970 0.6288
971 0.638
972 0.6579999999999998
973 0.6856
974 0.698
975 0.7144000000000003
976 0.7415999999999999
977 0.7764
978 0.7980000000000002
979 0.8079999999999999
980 0.8123999999999998
981 0.8024000000000001
982 0.7847999999999999
983 0.7703999999999998
984 0.7592
985 0.7408
986 0.7228
987 0.7
988 0.6744
989 0.66
990 0.6447999999999999
991 0.6364
992 0.6319999999999999
993 0.6267999999999999
994 0.6212
995 0.6324
996 0.6507999999999999
997 0.6663999999999999
998 0.6791999999999997
999 0.7007999999999999
1000 0.7332
1001 0.7663999999999995
1002 0.7968000000000001
1003 0.8056000000000003
1004 0.8075999999999999
1005 0.7984000000000002
1006 0.782
1007 0.7659999999999998
1008 0.7499999999999999
1009 0.7311999999999997
1010 0.7120000000000001
1011 0.6952000000000002
1012 0.6823999999999999
1013 0.6636
1014 0.6523999999999998
1015 0.6451999999999998
1016 0.636
1017 0.6319999999999999
1018 0.6355999999999998
1019 0.6487999999999998
1020 0.6639999999999999
1021 0.682
1022 0.6992
1023 0.7168000000000002
1024 0.7432000000000003
1025 0.7760000000000001
1026 0.8059999999999999
1027 0.8091999999999997
1028 0.7999999999999998
1029 0.7911999999999999
1030 0.7747999999999999
1031 0.7552
1032 0.7376000000000001
1033 0.7216000000000002
1034 0.7044000000000001
1035 0.6880000000000002
1036 0.676
1037 0.6612
1038 0.6476000000000001
1039 0.6380000000000002
1040 0.6316000000000002
1041 0.6264000000000002
1042 0.6216
1043 0.628
1044 0.6487999999999998
1045 0.6696
1046 0.6836
1047 0.6963999999999999
1048 0.7252000000000003
1049 0.7555999999999997
1050 0.7860000000000003
1051 0.7992
1052 0.7984000000000002
1053 0.7856000000000001
1054 0.7752000000000001
1055 0.7547999999999999
1056 0.7352
1057 0.7195999999999999
1058 0.698
1059 0.6751999999999999
1060 0.6599999999999998
1061 0.6452
1062 0.6391999999999999
1063 0.6303999999999997
1064 0.6235999999999999
1065 0.6179999999999999
1066 0.6236
1067 0.6371999999999999
1068 0.6515999999999998
1069 0.6663999999999999
1070 0.6791999999999997
1071 0.6983999999999999
1072 0.7300000000000001
1073 0.7732000000000002
1074 0.7964000000000001
1075 0.8016
1076 0.7939999999999999
1077 0.7831999999999999
1078 0.7672000000000001
1079 0.7504
1080 0.7367999999999999
1081 0.7196000000000002
1082 0.7000000000000002
1083 0.6811999999999999
1084 0.6676000000000001
1085 0.6511999999999999
1086 0.64
1087 0.6312
1088 0.6247999999999999
1089 0.6187999999999999
1090 0.6248
1091 0.6343999999999999
1092 0.6528
1093 0.6711999999999999
1094 0.6892
1095 0.7092
1096 0.7432000000000001
1097 0.7779999999999998
1098 0.7984
1099 0.8080000000000002
1100 0.8024
1101 0.794
1102 0.7816
1103 0.7659999999999999
1104 0.7516000000000002
1105 0.7388000000000002
1106 0.7232
1107 0.7096000000000001
1108 0.6916000000000001
1109 0.6779999999999999
1110 0.662
1111 0.6547999999999999
1112 0.6455999999999998
1113 0.6368
1114 0.6359999999999999
1115 0.6448
1116 0.6583999999999999
1117 0.6807999999999998
1118 0.6923999999999999
1119 0.7096000000000002
1120 0.74
1121 0.7816000000000001
1122 0.8020000000000002
1123 0.8048000000000001
1124 0.8044000000000001
1125 0.8016
1126 0.7848
1127 0.7664
1128 0.7444
1129 0.7216
1130 0.6996000000000001
1131 0.68
1132 0.6624
1133 0.6516000000000001
1134 0.6384000000000001
1135 0.6304000000000001
1136 0.6232000000000002
1137 0.6164000000000002
1138 0.618
1139 0.6232000000000001
1140 0.6351999999999998
1141 0.6559999999999999
1142 0.6716
1143 0.6871999999999998
1144 0.7159999999999997
1145 0.7548
1146 0.7856000000000001
1147 0.792
1148 0.7931999999999997
1149 0.784
1150 0.7659999999999999
1151 0.7456
1152 0.7308
1153 0.7136000000000001
1154 0.6976
1155 0.6772
1156 0.6611999999999998
1157 0.6527999999999997
1158 0.64
1159 0.6299999999999999
1160 0.6199999999999999
1161 0.6136
1162 0.6080000000000002
1163 0.6148
1164 0.6347999999999999
1165 0.6580000000000001
1166 0.6700000000000003
1167 0.688
1168 0.7191999999999998
1169 0.7516000000000003
1170 0.7684000000000002
1171 0.7796
1172 0.7832000000000002
1173 0.7748
1174 0.7628
1175 0.7535999999999997
1176 0.7352
1177 0.7163999999999998
1178 0.6947999999999999
1179 0.6748000000000002
1180 0.6548000000000002
1181 0.6420000000000001
1182 0.6364
1183 0.6280000000000001
1184 0.6212000000000001
1185 0.6136
1186 0.6184000000000001
1187 0.6304000000000002
1188 0.648
1189 0.6688
1190 0.6816000000000001
1191 0.6952000000000002
1192 0.738
1193 0.7736
1194 0.7844000000000002
1195 0.7968000000000002
1196 0.7956
1197 0.7868000000000004
1198 0.7692
1199 0.7524
1200 0.7287999999999998
1201 0.7108000000000001
1202 0.6928000000000002
1203 0.6736000000000001
1204 0.6600000000000003
1205 0.6436000000000002
1206 0.6296
1207 0.6195999999999998
1208 0.6112
1209 0.606
1210 0.6099999999999999
1211 0.6227999999999999
1212 0.6396000000000001
1213 0.6567999999999999
1214 0.6764
1215 0.7019999999999998
1216 0.7343999999999999
1217 0.7688000000000001
1218 0.7852000000000001
1219 0.7868
1220 0.7807999999999999
1221 0.7699999999999997
1222 0.7555999999999997
1223 0.7415999999999998
1224 0.732
1225 0.7148
1226 0.6932
1227 0.6752000000000002
1228 0.6552000000000002
1229 0.6359999999999998
1230 0.6251999999999999
1231 0.6159999999999998
1232 0.6095999999999999
1233 0.6051999999999998
1234 0.6095999999999999
1235 0.6211999999999999
1236 0.6384
1237 0.6607999999999998
1238 0.6823999999999999
1239 0.7023999999999999
1240 0.7315999999999998
1241 0.7648000000000001
1242 0.7824000000000001
1243 0.7848
1244 0.7811999999999999
1245 0.774
1246 0.7592
1247 0.7451999999999999
1248 0.7263999999999998
1249 0.7031999999999999
1250 0.6880000000000002
1251 0.6708
1252 0.6507999999999999
1253 0.6311999999999999
1254 0.6191999999999999
1255 0.6084
1256 0.6052
1257 0.5972
1258 0.6012000000000001
1259 0.6144000000000002
1260 0.6295999999999998
1261 0.6507999999999999
1262 0.6672
1263 0.6928000000000002
1264 0.7200000000000002
1265 0.7536000000000003
1266 0.7724
1267 0.7819999999999999
1268 0.7784000000000002
1269 0.764
1270 0.7475999999999999
1271 0.7311999999999999
1272 0.7131999999999998
1273 0.6948000000000001
1274 0.6783999999999999
1275 0.6648000000000001
1276 0.6496
1277 0.6352
1278 0.622
1279 0.6107999999999998
1280 0.6048000000000001
1281 0.5960000000000002
1282 0.5968
1283 0.6048
1284 0.6267999999999999
1285 0.6464
1286 0.6639999999999999
1287 0.6800000000000002
1288 0.7164000000000001
1289 0.7523999999999998
1290 0.7767999999999999
1291 0.7852
1292 0.7892000000000001
1293 0.782
1294 0.7676
1295 0.7539999999999999
1296 0.7363999999999998
1297 0.722
1298 0.6988
1299 0.6835999999999999
1300 0.6644
1301 0.648
1302 0.636
1303 0.6320000000000001
1304 0.6224000000000001
1305 0.6140000000000001
1306 0.6160000000000001
1307 0.6316000000000002
1308 0.6464000000000002
1309 0.6668000000000001
1310 0.6816
1311 0.7023999999999999
1312 0.7376
1313 0.7631999999999999
1314 0.7868
1315 0.7984
1316 0.7972000000000002
1317 0.7904000000000002
1318 0.7776000000000003
1319 0.7612000000000001
1320 0.7444
1321 0.7232000000000002
1322 0.7024000000000002
1323 0.6864
1324 0.67
1325 0.652
1326 0.6328
1327 0.6204
1328 0.6103999999999999
1329 0.604
1330 0.6096
1331 0.6236
1332 0.6408
1333 0.6640000000000001
1334 0.6803999999999999
1335 0.7008000000000001
1336 0.7267999999999999
1337 0.7560000000000002
1338 0.7728000000000003
1339 0.7772000000000001
1340 0.7724000000000002
1341 0.7643999999999999
1342 0.7552000000000001
1343 0.7368000000000001
1344 0.7216000000000001
1345 0.7028000000000003
1346 0.6848000000000001
1347 0.666
1348 0.65
1349 0.6355999999999997
1350 0.6219999999999998
1351 0.6111999999999999
1352 0.6072
1353 0.6032
1354 0.6052
1355 0.6179999999999999
1356 0.6399999999999999
1357 0.6596
1358 0.6756
1359 0.6903999999999999
1360 0.7176
1361 0.7483999999999998
1362 0.7740000000000002
1363 0.7824000000000001
1364 0.7808000000000002
1365 0.774
1366 0.7564
1367 0.7448
1368 0.7280000000000001
1369 0.708
1370 0.6852000000000003
1371 0.6740000000000002
1372 0.6528
1373 0.6368
1374 0.6264
1375 0.6155999999999999
1376 0.6112000000000001
1377 0.6024000000000002
1378 0.6064
1379 0.6228000000000001
1380 0.6352
1381 0.6532000000000002
1382 0.6688000000000003
1383 0.6848000000000002
1384 0.7216
1385 0.758
1386 0.7800000000000001
1387 0.7880000000000001
1388 0.7888000000000001
1389 0.7799999999999998
1390 0.7587999999999998
1391 0.7475999999999999
1392 0.7223999999999999
1393 0.7008000000000001
1394 0.6823999999999999
1395 0.6656
1396 0.6515999999999998
1397 0.6391999999999999
1398 0.6279999999999999
1399 0.6111999999999999
1400 0.6012
1401 0.5948
1402 0.598
1403 0.6128
1404 0.6308
1405 0.6492
1406 0.6715999999999999
1407 0.6904
1408 0.7228
1409 0.7495999999999998
1410 0.7771999999999999
1411 0.7876000000000002
1412 0.7839999999999998
1413 0.7759999999999998
1414 0.7604
1415 0.7343999999999999
1416 0.7164000000000001
1417 0.6972
1418 0.6751999999999997
1419 0.6583999999999999
1420 0.6448
1421 0.6324000000000001
1422 0.6196
1423 0.6096000000000001
1424 0.6024
1425 0.5996000000000001
1426 0.6024000000000002
1427 0.6084
1428 0.6252
1429 0.6452000000000001
1430 0.6587999999999998
1431 0.6816000000000001
1432 0.706
1433 0.7412000000000002
1434 0.7668
1435 0.7772
1436 0.7756000000000001
1437 0.7616
1438 0.7483999999999998
1439 0.7308000000000001
1440 0.7067999999999999
1441 0.6864000000000001
1442 0.6644000000000001
1443 0.6471999999999999
1444 0.6291999999999998
1445 0.6164
1446 0.6047999999999999
1447 0.5972
1448 0.5908
1449 0.5912000000000001
1450 0.592
1451 0.6003999999999999
1452 0.6224
1453 0.6424000000000001
1454 0.6672
1455 0.6819999999999999
1456 0.7055999999999999
1457 0.7395999999999999
1458 0.7560000000000001
1459 0.7620000000000001
1460 0.758
1461 0.7528000000000001
1462 0.7340000000000001
1463 0.7184
1464 0.6984000000000004
1465 0.686
1466 0.6603999999999999
1467 0.6412
1468 0.622
1469 0.6107999999999999
1470 0.6040000000000001
1471 0.5928
1472 0.5896
1473 0.5867999999999999
1474 0.5927999999999998
1475 0.6063999999999999
1476 0.6344000000000001
1477 0.65
1478 0.6748000000000001
1479 0.6996000000000003
1480 0.7335999999999998
1481 0.7696000000000002
1482 0.7868
1483 0.8016
1484 0.8004000000000001
1485 0.7851999999999998
1486 0.7724
1487 0.7531999999999998
1488 0.7364
1489 0.7143999999999998
1490 0.6923999999999999
1491 0.6768000000000001
1492 0.6607999999999999
1493 0.6476
1494 0.6339999999999999
1495 0.6256
1496 0.6175999999999999
1497 0.6124
1498 0.6148
1499 0.6235999999999999
1500 0.6431999999999999
1501 0.6668
1502 0.6816
1503 0.6947999999999999
1504 0.7223999999999998
1505 0.7563999999999999
1506 0.7752
1507 0.7811999999999998
1508 0.7847999999999997
1509 0.7708000000000003
1510 0.7571999999999999
1511 0.746
1512 0.7315999999999998
1513 0.7123999999999997
1514 0.7047999999999999
1515 0.6859999999999999
1516 0.6627999999999997
1517 0.648
1518 0.6344000000000001
1519 0.6264000000000001
1520 0.6176
1521 0.6136
1522 0.616
1523 0.6259999999999999
1524 0.6459999999999999
1525 0.6619999999999999
1526 0.6804000000000001
1527 0.6968000000000001
1528 0.7223999999999999
1529 0.76
1530 0.7812000000000002
1531 0.7892
1532 0.7872000000000002
1533 0.7735999999999998
1534 0.7572
1535 0.7387999999999998
1536 0.7159999999999997
1537 0.7007999999999999
1538 0.6755999999999999
1539 0.6539999999999999
1540 0.6416
1541 0.628
1542 0.616
1543 0.6083999999999999
1544 0.5952
1545 0.5896
1546 0.5895999999999999
1547 0.6035999999999999
1548 0.6204000000000001
1549 0.6348
1550 0.6455999999999998
1551 0.6699999999999998
1552 0.7011999999999999
1553 0.7312000000000002
1554 0.7608000000000001
1555 0.7752
1556 0.7759999999999999
1557 0.7700000000000001
1558 0.7616000000000003
1559 0.7387999999999999
1560 0.7232000000000001
1561 0.7051999999999999
1562 0.6912
1563 0.6676000000000001
1564 0.6516000000000003
1565 0.6344000000000001
1566 0.6252000000000001
1567 0.6196
1568 0.6132
1569 0.6039999999999999
1570 0.6031999999999998
1571 0.6179999999999999
1572 0.634
1573 0.6531999999999999
1574 0.6763999999999999
1575 0.7008
1576 0.7232
1577 0.7512000000000001
1578 0.7700000000000001
1579 0.7760000000000002
1580 0.7752000000000001
1581 0.7608
1582 0.7436
1583 0.7216
1584 0.7071999999999998
1585 0.6859999999999998
1586 0.6675999999999997
1587 0.6499999999999999
1588 0.6359999999999999
1589 0.6207999999999998
1590 0.6091999999999999
1591 0.5983999999999999
1592 0.5912
1593 0.5848000000000001
1594 0.5875999999999999
1595 0.602
1596 0.6187999999999999
1597 0.6411999999999999
1598 0.6583999999999999
1599 0.6831999999999998
1600 0.7148
1601 0.746
1602 0.7711999999999999
1603 0.7872
1604 0.7924
1605 0.7744
1606 0.7632000000000001
1607 0.7483999999999998
1608 0.722
1609 0.7032000000000003
1610 0.6812
1611 0.6656
1612 0.6516
1613 0.6379999999999999
1614 0.6219999999999999
1615 0.6127999999999999
1616 0.6047999999999998
1617 0.6004
1618 0.6008
1619 0.6068000000000001
1620 0.6232
1621 0.6427999999999998
1622 0.6591999999999998
1623 0.6796000000000002
1624 0.7228
1625 0.7575999999999999
1626 0.7787999999999998
1627 0.7876000000000002
1628 0.782
1629 0.7708000000000002
1630 0.7584000000000001
1631 0.7396
1632 0.7239999999999996
1633 0.7036
1634 0.6816
1635 0.666
1636 0.6516
1637 0.636
1638 0.6239999999999999
1639 0.6099999999999999
1640 0.606
1641 0.6008
1642 0.6027999999999998
1643 0.6136
1644 0.6311999999999999
1645 0.6527999999999997
1646 0.6759999999999999
1647 0.696
1648 0.7256
1649 0.7576
1650 0.7752000000000001
1651 0.7852000000000001
1652 0.7848
1653 0.7715999999999998
1654 0.7587999999999999
1655 0.7448
1656 0.7183999999999999
1657 0.6952000000000003
1658 0.6788000000000004
1659 0.6620000000000004
1660 0.6464000000000002
1661 0.6312000000000001
1662 0.6164000000000001
1663 0.6032
1664 0.5988
1665 0.5900000000000001
1666 0.5895999999999999
1667 0.5992000000000002
1668 0.6104000000000002
1669 0.6339999999999999
1670 0.6532000000000001
1671 0.6688000000000001
1672 0.7075999999999999
1673 0.7376
1674 0.754
1675 0.7607999999999997
1676 0.7504
1677 0.7415999999999998
1678 0.7271999999999998
1679 0.7075999999999999
1680 0.6955999999999999
1681 0.684
1682 0.6711999999999999
1683 0.6515999999999997
1684 0.638
1685 0.6247999999999999
1686 0.6099999999999999
1687 0.5979999999999999
1688 0.5884
1689 0.5835999999999999
1690 0.5916
1691 0.5992000000000001
1692 0.6244
1693 0.6531999999999999
1694 0.6716000000000001
1695 0.6891999999999999
1696 0.7219999999999999
1697 0.7472
1698 0.7655999999999998
1699 0.7687999999999998
1700 0.7692
1701 0.7547999999999998
1702 0.7419999999999999
1703 0.7251999999999998
1704 0.7040000000000001
1705 0.6851999999999999
1706 0.6691999999999999
1707 0.6519999999999999
1708 0.6328
1709 0.6176000000000001
1710 0.6056000000000001
1711 0.5984000000000003
1712 0.5912000000000003
1713 0.5856000000000001
1714 0.5916000000000001
1715 0.5996000000000001
1716 0.6276
1717 0.648
1718 0.6671999999999998
1719 0.6864
1720 0.7192000000000002
1721 0.7507999999999997
1722 0.7764000000000002
1723 0.7876000000000001
1724 0.786
1725 0.7744
1726 0.7532000000000001
1727 0.7332000000000002
1728 0.7132
1729 0.6960000000000001
1730 0.6748000000000001
1731 0.6564
1732 0.64
1733 0.6252
1734 0.6116000000000001
1735 0.5975999999999999
1736 0.5907999999999999
1737 0.5871999999999999
1738 0.5916
1739 0.5995999999999997
1740 0.6224
1741 0.6412000000000002
1742 0.6612000000000002
1743 0.6784000000000003
1744 0.7164000000000003
1745 0.7531999999999996
1746 0.7732000000000001
1747 0.7787999999999999
1748 0.7768
1749 0.7656000000000002
1750 0.7508000000000004
1751 0.7348
1752 0.7176
1753 0.6987999999999999
1754 0.6811999999999999
1755 0.6631999999999999
1756 0.6392000000000001
1757 0.626
1758 0.6168
1759 0.612
1760 0.6052
1761 0.5995999999999999
1762 0.6007999999999999
1763 0.6144
1764 0.634
1765 0.6519999999999999
1766 0.6751999999999999
1767 0.6956
1768 0.7348000000000002
1769 0.7652000000000002
1770 0.7755999999999998
1771 0.7767999999999996
1772 0.7707999999999998
1773 0.7624
1774 0.7484000000000001
1775 0.7283999999999999
1776 0.7091999999999998
1777 0.6904000000000002
1778 0.6736
1779 0.6576000000000001
1780 0.6372
1781 0.6244
1782 0.6107999999999999
1783 0.5980000000000001
1784 0.5943999999999999
1785 0.5891999999999998
1786 0.5863999999999999
1787 0.5951999999999998
1788 0.6103999999999999
1789 0.6315999999999999
1790 0.652
1791 0.6792000000000001
1792 0.7179999999999999
1793 0.7495999999999998
1794 0.7716000000000001
1795 0.7867999999999999
1796 0.7772
1797 0.7616
1798 0.7387999999999998
1799 0.7155999999999999
1800 0.6944000000000001
1801 0.6772000000000001
1802 0.6644
1803 0.6479999999999998
1804 0.634
1805 0.6204
1806 0.6075999999999998
1807 0.5983999999999998
1808 0.5955999999999999
1809 0.5864
1810 0.5864
1811 0.5907999999999999
1812 0.6099999999999999
1813 0.6364
1814 0.6519999999999999
1815 0.6735999999999999
1816 0.7048000000000001
1817 0.7463999999999998
1818 0.7739999999999999
1819 0.7848000000000002
1820 0.7788000000000005
1821 0.7700000000000001
1822 0.7519999999999999
1823 0.7295999999999998
1824 0.7071999999999999
1825 0.6899999999999998
1826 0.6711999999999998
1827 0.6503999999999999
1828 0.6327999999999999
1829 0.6192
1830 0.6036
1831 0.5948
1832 0.5895999999999999
1833 0.5852
1834 0.5892000000000001
1835 0.5964000000000002
1836 0.6124000000000002
1837 0.6355999999999999
1838 0.6560000000000001
1839 0.6739999999999999
1840 0.7088000000000001
1841 0.738
1842 0.7615999999999998
1843 0.7720000000000001
1844 0.7676000000000001
1845 0.7544000000000003
1846 0.7315999999999999
1847 0.716
1848 0.6948000000000001
1849 0.6787999999999998
1850 0.6624000000000001
1851 0.6536
1852 0.6344
1853 0.6183999999999998
1854 0.6047999999999998
1855 0.5935999999999999
1856 0.5899999999999999
1857 0.5823999999999999
1858 0.5863999999999998
1859 0.5995999999999999
1860 0.6208
1861 0.6468
1862 0.666
1863 0.6828000000000002
1864 0.714
1865 0.7483999999999998
1866 0.7751999999999998
1867 0.7896
1868 0.7788
1869 0.7644
1870 0.7487999999999999
1871 0.7336
1872 0.7120000000000001
1873 0.7004
1874 0.6847999999999999
1875 0.6692
1876 0.6531999999999999
1877 0.6388
1878 0.6260000000000001
1879 0.6148000000000002
1880 0.6052000000000001
1881 0.5943999999999999
1882 0.5948000000000001
1883 0.6048
1884 0.6219999999999998
1885 0.6379999999999998
1886 0.6512
1887 0.6792
1888 0.7212000000000001
1889 0.7531999999999998
1890 0.7740000000000002
1891 0.7808000000000002
1892 0.7776000000000001
1893 0.7612000000000001
1894 0.7352
1895 0.7119999999999997
1896 0.69
1897 0.6711999999999999
1898 0.65
1899 0.6284
1900 0.6156
1901 0.5992000000000001
1902 0.584
1903 0.5763999999999999
1904 0.576
1905 0.5691999999999999
1906 0.5683999999999998
1907 0.5828
1908 0.6015999999999998
1909 0.6252
1910 0.6444000000000001
1911 0.662
1912 0.6940000000000001
1913 0.7395999999999999
1914 0.7704
1915 0.7767999999999999
1916 0.7759999999999998
1917 0.7663999999999997
1918 0.7519999999999998
1919 0.7372
1920 0.7131999999999998
1921 0.6903999999999999
1922 0.6716000000000001
1923 0.6552
1924 0.6376000000000002
1925 0.6215999999999999
1926 0.6111999999999999
1927 0.6015999999999999
1928 0.5939999999999999
1929 0.586
1930 0.5876
1931 0.6023999999999999
1932 0.6207999999999999
1933 0.6416000000000001
1934 0.6532000000000001
1935 0.67
1936 0.6971999999999998
1937 0.7348000000000002
1938 0.7580000000000005
1939 0.7684000000000003
1940 0.7667999999999999
1941 0.7528
1942 0.7348
1943 0.7132
1944 0.6940000000000001
1945 0.6775999999999999
1946 0.6580000000000001
1947 0.6448
1948 0.6284000000000001
1949 0.6132000000000003
1950 0.6032000000000002
1951 0.5928000000000002
1952 0.5844
1953 0.5812
1954 0.5872000000000002
1955 0.6056
1956 0.6215999999999998
1957 0.644
1958 0.6655999999999999
1959 0.6891999999999997
1960 0.722
1961 0.7568
1962 0.7819999999999999
1963 0.7832000000000002
1964 0.7756000000000002
1965 0.7671999999999999
1966 0.7519999999999999
1967 0.7348
1968 0.7127999999999999
1969 0.6992
1970 0.6759999999999999
1971 0.6552
1972 0.634
1973 0.6199999999999999
1974 0.6099999999999999
1975 0.5963999999999999
1976 0.59
1977 0.5840000000000001
1978 0.5824000000000001
1979 0.5928000000000001
1980 0.6116
1981 0.634
1982 0.6516
1983 0.6736000000000003
1984 0.7088
1985 0.75
1986 0.7747999999999999
1987 0.7828
1988 0.7772000000000002
1989 0.7595999999999998
1990 0.7476
1991 0.7292000000000006
1992 0.7096000000000002
1993 0.6940000000000002
1994 0.6712000000000002
1995 0.6536000000000002
1996 0.6376000000000001
1997 0.6207999999999999
1998 0.6051999999999998
1999 0.5899999999999997
