1 1.0
2 1.0
3 1.0
4 1.0
5 0.9992
6 0.9987999999999999
7 0.9983999999999998
8 0.9975999999999999
9 0.9972
10 0.9952
11 0.9943999999999998
12 0.9936
13 0.9936
14 0.9932000000000001
15 0.9932000000000001
16 0.9932000000000001
17 0.9936
18 0.9940000000000001
19 0.9947999999999999
20 0.9944
21 0.9939999999999999
22 0.9939999999999999
23 0.9939999999999999
24 0.9939999999999999
25 0.9939999999999999
26 0.9936
27 0.9932
28 0.9927999999999999
29 0.9927999999999999
30 0.9936
31 0.9927999999999999
32 0.9927999999999999
33 0.9932
34 0.9932
35 0.9936
36 0.9952
37 0.9952
38 0.9952
39 0.9956
40 0.9964
41 0.9976
42 0.998
43 0.9987999999999999
44 0.9987999999999999
45 0.9987999999999999
46 0.9987999999999999
47 0.9987999999999999
48 0.9987999999999999
49 0.9987999999999999
50 0.9984000000000001
51 0.9984000000000001
52 0.998
53 0.998
54 0.998
55 0.998
56 0.998
57 0.998
58 0.998
59 0.998
60 0.998
61 0.9987999999999999
62 0.9987999999999999
63 0.9987999999999999
64 0.9987999999999999
65 0.9987999999999999
66 0.9992
67 0.9992
68 0.9992
69 0.9992
70 0.9992
71 0.9992
72 0.9992
73 0.9992
74 0.9992
75 0.9992
76 0.9992
77 0.9987999999999999
78 0.9983999999999998
79 0.9983999999999998
80 0.9983999999999998
81 0.9983999999999998
82 0.9983999999999998
83 0.9983999999999998
84 0.9983999999999998
85 0.9983999999999998
86 0.9983999999999998
87 0.9983999999999998
88 0.9992
89 0.9996
90 0.9996
91 0.9996
92 0.9996
93 0.9996
94 0.9996
95 0.9996
96 0.9996
97 0.9996
98 0.9996
99 0.9996
100 0.9996
101 0.9996
102 0.9996
103 0.9996
104 0.9996
105 0.9996
106 0.9996
107 0.9996
108 0.9996
109 0.9996
110 0.9996
111 1.0
112 1.0
113 0.9995999999999999
114 0.9995999999999999
115 0.9995999999999999
116 0.9995999999999999
117 0.9995999999999999
118 0.9995999999999999
119 0.9995999999999999
120 0.9995999999999999
121 0.9995999999999999
122 0.9992
123 0.9987999999999999
124 0.9987999999999999
125 0.9987999999999999
126 0.9987999999999999
127 0.9987999999999999
128 0.9987999999999999
129 0.9987999999999999
130 0.9983999999999998
131 0.9983999999999998
132 0.9983999999999998
133 0.9983999999999998
134 0.9983999999999998
135 0.9983999999999998
136 0.9987999999999999
137 0.9991999999999999
138 0.9995999999999999
139 0.9995999999999999
140 1.0
141 1.0
142 1.0
143 1.0
144 1.0
145 1.0
146 1.0
147 1.0
148 1.0
149 1.0
150 1.0
151 1.0
152 1.0
153 1.0
154 1.0
155 1.0
156 1.0
157 1.0
158 1.0
159 1.0
160 0.9995999999999999
161 0.9995999999999999
162 0.9995999999999999
163 0.9992
164 0.9987999999999999
165 0.9987999999999999
166 0.9987999999999999
167 0.9987999999999999
168 0.9987999999999999
169 0.9987999999999999
170 0.9987999999999999
171 0.9987999999999999
172 0.9987999999999999
173 0.9987999999999999
174 0.9987999999999999
175 0.9987999999999999
176 0.9987999999999999
177 0.9987999999999999
178 0.9987999999999999
179 0.9987999999999999
180 0.9987999999999999
181 0.9987999999999999
182 0.9983999999999998
183 0.9987999999999999
184 0.9992
185 0.9992
186 0.9996
187 0.9996
188 0.9996
189 0.9996
190 0.9996
191 0.9996
192 0.9996
193 0.9992
194 0.9992
195 0.9992
196 0.9992
197 0.9987999999999999
198 0.9987999999999999
199 0.9987999999999999
200 0.9987999999999999
201 0.9987999999999999
202 0.9987999999999999
203 0.9987999999999999
204 0.9987999999999999
205 0.9983999999999998
206 0.9983999999999998
207 0.9983999999999998
208 0.9987999999999999
209 0.9984000000000001
210 0.9984000000000001
211 0.9988000000000001
212 0.9992
213 0.9992
214 0.9992
215 0.9992
216 0.9992
217 0.9992
218 0.9992
219 0.9992
220 0.9992
221 0.9992
222 0.9992
223 0.9992
224 0.9992
225 0.9992
226 0.9992
227 0.9987999999999999
228 0.9987999999999999
229 0.9984000000000001
230 0.9984000000000001
231 0.9984000000000001
232 0.998
233 0.998
234 0.998
235 0.998
236 0.998
237 0.998
238 0.998
239 0.998
240 0.998
241 0.998
242 0.998
243 0.998
244 0.998
245 0.998
246 0.998
247 0.998
248 0.998
249 0.998
250 0.998
251 0.9984000000000001
252 0.9984000000000001
253 0.9987999999999999
254 0.9992
255 0.9995999999999999
256 0.9995999999999999
257 0.9995999999999999
258 0.9995999999999999
259 0.9995999999999999
260 0.9995999999999999
261 0.9995999999999999
262 0.9995999999999999
263 0.9995999999999999
264 0.9995999999999999
265 0.9995999999999999
266 0.9995999999999999
267 0.9995999999999999
268 0.9995999999999999
269 0.9995999999999999
270 0.9995999999999999
271 0.9995999999999999
272 0.9995999999999999
273 0.9995999999999999
274 0.9995999999999999
275 1.0
276 1.0
277 1.0
278 1.0
279 1.0
280 1.0
281 1.0
282 1.0
283 1.0
284 1.0
285 1.0
286 1.0
287 1.0
288 0.9996
289 0.9996
290 0.9996
291 0.9996
292 0.9996
293 0.9996
294 0.9996
295 0.9996
296 0.9996
297 0.9996
298 0.9996
299 0.9996
300 0.9996
301 0.9996
302 0.9996
303 0.9996
304 0.9996
305 0.9996
306 0.9996
307 0.9996
308 0.9996
309 0.9996
310 0.9992
311 0.9992
312 0.9992
313 0.9992
314 0.9992
315 0.9992
316 0.9992
317 0.9992
318 0.9992
319 0.9992
320 0.9987999999999999
321 0.9987999999999999
322 0.9987999999999999
323 0.9987999999999999
324 0.9987999999999999
325 0.9992
326 0.9992
327 0.9992
328 0.9992
329 0.9992
330 0.9995999999999999
331 1.0
332 1.0
333 1.0
334 1.0
335 1.0
336 1.0
337 0.9995999999999999
338 0.9992
339 0.9992
340 0.9992
341 0.9992
342 0.9992
343 0.9992
344 0.9992
345 0.9992
346 0.9987999999999999
347 0.9987999999999999
348 0.9987999999999999
349 0.9983999999999998
350 0.9983999999999998
351 0.9983999999999998
352 0.9987999999999999
353 0.9987999999999999
354 0.9987999999999999
355 0.9991999999999999
356 0.9991999999999999
357 0.9991999999999999
358 0.9991999999999999
359 0.9991999999999999
360 0.9991999999999999
361 0.9991999999999999
362 0.9991999999999999
363 0.9991999999999999
364 0.9991999999999999
365 0.9991999999999999
366 0.9987999999999999
367 0.9987999999999999
368 0.9992
369 0.9992
370 0.9992
371 0.9987999999999999
372 0.9987999999999999
373 0.9987999999999999
374 0.9992
375 0.9992
376 0.9992
377 0.9992
378 0.9987999999999999
379 0.9987999999999999
380 0.9987999999999999
381 0.9987999999999999
382 0.9987999999999999
383 0.9987999999999999
384 0.9987999999999999
385 0.9987999999999999
386 0.9987999999999999
387 0.9987999999999999
388 0.9987999999999999
389 0.9987999999999999
390 0.9987999999999999
391 0.9976
392 0.9972000000000001
393 0.9972000000000001
394 0.9972000000000001
395 0.9972000000000001
396 0.9976
397 0.998
398 0.998
399 0.998
400 0.9988000000000001
401 0.9988000000000001
402 0.9988000000000001
403 0.9984000000000001
404 0.9984000000000001
405 0.9984000000000001
406 0.9984000000000001
407 0.9984000000000001
408 0.9984000000000001
409 0.9987999999999999
410 0.9987999999999999
411 0.9987999999999999
412 0.9987999999999999
413 0.9987999999999999
414 0.9987999999999999
415 0.9987999999999999
416 0.9983999999999998
417 0.9983999999999998
418 0.9983999999999998
419 0.9983999999999998
420 0.9983999999999998
421 0.9983999999999998
422 0.9996
423 0.9996
424 0.9996
425 0.9996
426 0.9996
427 0.9996
428 0.9992
429 0.9992
430 0.9992
431 0.9992
432 0.9992
433 0.9992
434 0.9992
435 0.9992
436 0.9992
437 0.9992
438 0.9992
439 0.9992
440 0.9992
441 0.9992
442 0.9992
443 0.9992
444 0.9992
445 0.9992
446 0.9992
447 0.9992
448 0.9992
449 0.9996
450 0.9996
451 0.9996
452 0.9996
453 0.9996
454 0.9996
455 0.9996
456 0.9996
457 0.9996
458 0.9996
459 0.9996
460 0.9996
461 0.9996
462 0.9996
463 0.9996
464 0.9996
465 0.9996
466 0.9992
467 0.9992
468 0.9992
469 0.9992
470 0.9995999999999999
471 0.9995999999999999
472 0.9995999999999999
473 0.9995999999999999
474 0.9995999999999999
475 0.9995999999999999
476 0.9995999999999999
477 0.9995999999999999
478 0.9995999999999999
479 0.9995999999999999
480 0.9995999999999999
481 0.9995999999999999
482 0.9995999999999999
483 0.9995999999999999
484 0.9995999999999999
485 0.9995999999999999
486 0.9995999999999999
487 0.9995999999999999
488 0.9995999999999999
489 0.9995999999999999
490 0.9995999999999999
491 0.9995999999999999
492 1.0
493 1.0
494 1.0
495 1.0
496 1.0
497 1.0
498 0.9995999999999999
499 0.9995999999999999
500 0.9995999999999999
501 0.9995999999999999
502 0.9995999999999999
503 0.9995999999999999
504 0.9995999999999999
505 0.9995999999999999
506 0.9995999999999999
507 0.9991999999999999
508 0.9991999999999999
509 0.9991999999999999
510 0.9991999999999999
511 0.9991999999999999
512 0.9987999999999999
513 0.9987999999999999
514 0.9987999999999999
515 0.9987999999999999
516 0.9987999999999999
517 0.9987999999999999
518 0.9987999999999999
519 0.9992
520 0.9992
521 0.9992
522 0.9992
523 0.9992
524 0.9992
525 0.9992
526 0.9987999999999999
527 0.9987999999999999
528 0.9987999999999999
529 0.9987999999999999
530 0.9987999999999999
531 0.9987999999999999
532 0.9987999999999999
533 0.9987999999999999
534 0.9987999999999999
535 0.9987999999999999
536 0.9987999999999999
537 0.9987999999999999
538 0.9992
539 0.9996
540 0.9996
541 0.9992
542 0.9992
543 0.9992
544 0.9996
545 0.9996
546 1.0
547 1.0
548 0.9996
549 0.9996
550 0.9996
551 0.9996
552 0.9996
553 0.9996
554 0.9992
555 0.9992
556 0.9992
557 0.9992
558 0.9992
559 0.9992
560 0.9992
561 0.9992
562 0.9992
563 0.9992
564 0.9992
565 0.9992
566 0.9992
567 0.9992
568 0.9987999999999999
569 0.9987999999999999
570 0.9992
571 0.9992
572 0.9992
573 0.9992
574 0.9992
575 0.9992
576 0.9992
577 0.9992
578 0.9992
579 0.9992
580 0.9992
581 0.9992
582 0.9992
583 0.9992
584 0.9992
585 0.9996
586 0.9996
587 0.9996
588 0.9996
589 0.9996
590 1.0
591 1.0
592 1.0
593 1.0
594 1.0
595 1.0
596 1.0
597 1.0
598 1.0
599 1.0
600 1.0
601 1.0
602 1.0
603 1.0
604 1.0
605 1.0
606 1.0
607 1.0
608 1.0
609 1.0
610 1.0
611 1.0
612 1.0
613 1.0
614 1.0
615 1.0
616 1.0
617 1.0
618 1.0
619 1.0
620 1.0
621 1.0
622 1.0
623 1.0
624 1.0
625 1.0
626 1.0
627 0.9996
628 0.9996
629 0.9996
630 0.9996
631 0.9996
632 0.9996
633 0.9996
634 0.9996
635 0.9996
636 0.9992
637 0.9992
638 0.9992
639 0.9992
640 0.9992
641 0.9992
642 0.9992
643 0.9992
644 0.9996
645 0.9996
646 0.9996
647 0.9996
648 0.9992
649 0.9992
650 0.9992
651 0.9992
652 0.9992
653 0.9992
654 0.9992
655 0.9992
656 0.9992
657 0.9992
658 0.9992
659 0.9992
660 0.9992
661 0.9996
662 0.9996
663 0.9996
664 0.9996
665 1.0
666 1.0
667 1.0
668 1.0
669 1.0
670 1.0
671 1.0
672 1.0
673 1.0
674 1.0
675 1.0
676 1.0
677 1.0
678 1.0
679 1.0
680 1.0
681 1.0
682 1.0
683 1.0
684 1.0
685 1.0
686 1.0
687 1.0
688 1.0
689 1.0
690 1.0
691 1.0
692 1.0
693 0.9995999999999999
694 0.9995999999999999
695 0.9995999999999999
696 0.9995999999999999
697 0.9995999999999999
698 0.9992
699 0.9992
700 0.9992
701 0.9992
702 0.9992
703 0.9992
704 0.9992
705 0.9992
706 0.9992
707 0.9992
708 0.9992
709 0.9992
710 0.9992
711 0.9992
712 0.9995999999999999
713 0.9995999999999999
714 0.9995999999999999
715 0.9995999999999999
716 0.9995999999999999
717 0.9992
718 0.9992
719 0.9992
720 0.9992
721 0.9992
722 0.9992
723 0.9992
724 0.9992
725 0.9992
726 0.9992
727 0.9992
728 0.9992
729 0.9992
730 0.9992
731 0.9992
732 0.9992
733 0.9996
734 0.9996
735 0.9996
736 0.9996
737 0.9996
738 0.9996
739 0.9996
740 0.9996
741 0.9996
742 0.9996
743 0.9996
744 0.9996
745 0.9996
746 0.9996
747 0.9992
748 0.9992
749 0.9992
750 0.9992
751 0.9992
752 0.9992
753 0.9992
754 0.9992
755 0.9992
756 0.9992
757 0.9992
758 0.9992
759 0.9996
760 0.9996
761 0.9996
762 0.9996
763 0.9996
764 0.9996
765 0.9996
766 0.9996
767 0.9996
768 0.9996
769 0.9996
770 0.9996
771 0.9996
772 0.9996
773 0.9996
774 0.9996
775 0.9996
776 0.9996
777 0.9996
778 0.9996
779 0.9996
780 0.9996
781 1.0
782 1.0
783 1.0
784 1.0
785 0.9992
786 0.9992
787 0.9992
788 0.9987999999999999
789 0.9987999999999999
790 0.9987999999999999
791 0.9987999999999999
792 0.9987999999999999
793 0.9987999999999999
794 0.9987999999999999
795 0.9987999999999999
796 0.9987999999999999
797 0.9987999999999999
798 0.9987999999999999
799 0.9987999999999999
800 0.9987999999999999
801 0.9987999999999999
802 0.9987999999999999
803 0.9987999999999999
804 0.9987999999999999
805 0.9987999999999999
806 0.9987999999999999
807 0.9987999999999999
808 0.9991999999999999
809 0.9991999999999999
810 0.9995999999999999
811 0.9995999999999999
812 0.9995999999999999
813 0.9995999999999999
814 0.9995999999999999
815 0.9995999999999999
816 0.9995999999999999
817 0.9995999999999999
818 0.9995999999999999
819 0.9995999999999999
820 0.9995999999999999
821 0.9995999999999999
822 0.9995999999999999
823 0.9995999999999999
824 0.9992
825 0.9992
826 0.9992
827 0.9992
828 0.9992
829 0.9992
830 0.9987999999999999
831 0.9992
832 0.9992
833 0.9992
834 0.9992
835 0.9992
836 0.9992
837 0.9992
838 0.9992
839 0.9992
840 0.9992
841 0.9987999999999999
842 0.9987999999999999
843 0.9987999999999999
844 0.9987999999999999
845 0.9987999999999999
846 0.9987999999999999
847 0.9987999999999999
848 0.9987999999999999
849 0.9987999999999999
850 0.9992
851 0.9992
852 0.9992
853 0.9992
854 0.9992
855 0.9992
856 0.9992
857 0.9995999999999999
858 0.9995999999999999
859 0.9995999999999999
860 0.9995999999999999
861 0.9995999999999999
862 0.9995999999999999
863 0.9995999999999999
864 0.9995999999999999
865 0.9995999999999999
866 0.9995999999999999
867 0.9995999999999999
868 0.9995999999999999
869 0.9995999999999999
870 0.9995999999999999
871 0.9995999999999999
872 0.9995999999999999
873 0.9995999999999999
874 0.9995999999999999
875 0.9995999999999999
876 0.9995999999999999
877 0.9995999999999999
878 0.9995999999999999
879 0.9995999999999999
880 0.9991999999999999
881 0.9995999999999999
882 0.9995999999999999
883 0.9995999999999999
884 0.9995999999999999
885 0.9995999999999999
886 0.9995999999999999
887 0.9991999999999999
888 0.9991999999999999
889 0.9991999999999999
890 0.9991999999999999
891 0.9991999999999999
892 0.9991999999999999
893 0.9991999999999999
894 0.9987999999999999
895 0.9987999999999999
896 0.9987999999999999
897 0.9987999999999999
898 0.9987999999999999
899 0.9987999999999999
900 0.9987999999999999
901 0.9987999999999999
902 0.9992
903 0.9992
904 0.9992
905 0.9995999999999999
906 0.9995999999999999
907 1.0
908 1.0
909 0.9995999999999999
910 0.9995999999999999
911 0.9995999999999999
912 0.9995999999999999
913 0.9995999999999999
914 0.9995999999999999
915 0.9995999999999999
916 0.9995999999999999
917 0.9995999999999999
918 0.9995999999999999
919 0.9995999999999999
920 0.9995999999999999
921 0.9995999999999999
922 0.9995999999999999
923 0.9995999999999999
924 0.9995999999999999
925 0.9995999999999999
926 0.9995999999999999
927 0.9992
928 0.9992
929 0.9992
930 0.9992
931 0.9992
932 0.9992
933 0.9992
934 0.9992
935 0.9996
936 0.9996
937 0.9996
938 0.9996
939 0.9996
940 0.9996
941 0.9996
942 0.9996
943 0.9996
944 0.9996
945 0.9996
946 0.9996
947 0.9996
948 0.9996
949 1.0
950 0.9995999999999999
951 0.9995999999999999
952 0.9995999999999999
953 0.9995999999999999
954 0.9995999999999999
955 0.9995999999999999
956 0.9995999999999999
957 0.9995999999999999
958 0.9995999999999999
959 0.9995999999999999
960 0.9995999999999999
961 0.9995999999999999
962 0.9995999999999999
963 0.9995999999999999
964 0.9995999999999999
965 0.9995999999999999
966 0.9995999999999999
967 0.9995999999999999
968 0.9995999999999999
969 0.9991999999999999
970 0.9991999999999999
971 0.9995999999999999
972 0.9995999999999999
973 0.9995999999999999
974 0.9995999999999999
975 0.9991999999999999
976 0.9991999999999999
977 0.9991999999999999
978 0.9991999999999999
979 0.9991999999999999
980 0.9991999999999999
981 0.9991999999999999
982 0.9991999999999999
983 0.9991999999999999
984 0.9991999999999999
985 0.9991999999999999
986 0.9991999999999999
987 0.9991999999999999
988 0.9991999999999999
989 0.9991999999999999
990 0.9991999999999999
991 0.9991999999999999
992 0.9991999999999999
993 0.9991999999999999
994 0.9991999999999999
995 0.9995999999999999
996 0.9995999999999999
997 0.9995999999999999
998 0.9995999999999999
999 0.9995999999999999
1000 0.9995999999999999
1001 1.0
1002 1.0
1003 1.0
1004 1.0
1005 1.0
1006 1.0
1007 1.0
1008 1.0
1009 0.9995999999999999
1010 0.9995999999999999
1011 0.9995999999999999
1012 0.9995999999999999
1013 0.9995999999999999
1014 0.9995999999999999
1015 0.9995999999999999
1016 0.9991999999999999
1017 0.9991999999999999
1018 0.9991999999999999
1019 0.9991999999999999
1020 0.9991999999999999
1021 0.9991999999999999
1022 0.9983999999999998
1023 0.9979999999999998
1024 0.9979999999999998
1025 0.9979999999999998
1026 0.9979999999999998
1027 0.9979999999999998
1028 0.9979999999999998
1029 0.9979999999999998
1030 0.9979999999999998
1031 0.9979999999999998
1032 0.9979999999999998
1033 0.9979999999999998
1034 0.9979999999999998
1035 0.9979999999999998
1036 0.9979999999999998
1037 0.9979999999999998
1038 0.9979999999999998
1039 0.9979999999999998
1040 0.9979999999999998
1041 0.9979999999999998
1042 0.9983999999999998
1043 0.9983999999999998
1044 0.9983999999999998
1045 0.9983999999999998
1046 0.9987999999999998
1047 0.9987999999999998
1048 1.0
1049 1.0
1050 1.0
1051 1.0
1052 1.0
1053 1.0
1054 1.0
1055 1.0
1056 0.9995999999999999
1057 0.9992
1058 0.9987999999999999
1059 0.9987999999999999
1060 0.9987999999999999
1061 0.9987999999999999
1062 0.9987999999999999
1063 0.9987999999999999
1064 0.9987999999999999
1065 0.9987999999999999
1066 0.9987999999999999
1067 0.9987999999999999
1068 0.9987999999999999
1069 0.9987999999999999
1070 0.9987999999999999
1071 0.9987999999999999
1072 0.9987999999999999
1073 0.9987999999999999
1074 0.9992
1075 0.9992
1076 0.9992
1077 0.9992
1078 0.9992
1079 0.9995999999999999
1080 0.9995999999999999
1081 0.9995999999999999
1082 0.9995999999999999
1083 0.9991999999999999
1084 0.9991999999999999
1085 0.9991999999999999
1086 0.9991999999999999
1087 0.9991999999999999
1088 0.9991999999999999
1089 0.9991999999999999
1090 0.9991999999999999
1091 0.9991999999999999
1092 0.9991999999999999
1093 0.9991999999999999
1094 0.9991999999999999
1095 0.9991999999999999
1096 0.9991999999999999
1097 1.0
1098 0.9992
1099 0.9992
1100 0.9992
1101 0.9983999999999998
1102 0.9983999999999998
1103 0.9983999999999998
1104 0.9983999999999998
1105 0.9979999999999998
1106 0.9979999999999998
1107 0.9975999999999999
1108 0.9975999999999999
1109 0.9975999999999999
1110 0.9975999999999999
1111 0.9956
1112 0.9952
1113 0.9952
1114 0.9952
1115 0.9952
1116 0.9947999999999999
1117 0.9947999999999999
1118 0.9947999999999999
1119 0.9952
1120 0.9963999999999998
1121 0.9967999999999999
1122 0.9972
1123 0.9972
1124 0.9972
1125 0.9972
1126 0.9972
1127 0.9972
1128 0.9972
1129 0.9972
1130 0.9972
1131 0.9972
1132 0.9972
1133 0.9972
1134 0.9972
1135 0.9972
1136 0.9972
1137 0.9972
1138 0.9975999999999999
1139 0.9975999999999999
1140 0.9992
1141 0.9995999999999999
1142 1.0
1143 1.0
1144 1.0
1145 1.0
1146 1.0
1147 0.9996
1148 0.9996
1149 0.9996
1150 0.9996
1151 0.9996
1152 0.9996
1153 0.9996
1154 0.9996
1155 0.9996
1156 0.9996
1157 0.9996
1158 0.9992
1159 0.9992
1160 0.9992
1161 0.9992
1162 0.9992
1163 0.9992
1164 0.9992
1165 0.9992
1166 0.9992
1167 0.9992
1168 0.9996
1169 1.0
1170 1.0
1171 1.0
1172 1.0
1173 1.0
1174 1.0
1175 1.0
1176 0.9995999999999999
1177 0.9995999999999999
1178 0.9995999999999999
1179 0.9995999999999999
1180 0.9995999999999999
1181 0.9995999999999999
1182 0.9995999999999999
1183 0.9995999999999999
1184 0.9995999999999999
1185 0.9995999999999999
1186 0.9995999999999999
1187 0.9995999999999999
1188 0.9995999999999999
1189 0.9995999999999999
1190 0.9992
1191 0.9992
1192 0.9992
1193 0.9992
1194 0.9992
1195 0.9992
1196 0.9992
1197 0.9992
1198 0.9992
1199 0.9995999999999999
1200 0.9995999999999999
1201 0.9995999999999999
1202 0.9995999999999999
1203 0.9995999999999999
1204 0.9995999999999999
1205 0.9995999999999999
1206 0.9992
1207 0.9992
1208 0.9992
1209 0.9992
1210 0.9992
1211 0.9996
1212 0.9996
1213 0.9996
1214 0.9996
1215 0.9996
1216 0.9996
1217 0.9996
1218 0.9996
1219 0.9996
1220 0.9996
1221 0.9996
1222 0.9996
1223 0.9996
1224 0.9996
1225 0.9996
1226 0.9996
1227 0.9996
1228 0.9996
1229 0.9996
1230 0.9996
1231 0.9996
1232 0.9996
1233 0.9996
1234 0.9996
1235 0.9996
1236 0.9996
1237 1.0
1238 1.0
1239 1.0
1240 1.0
1241 1.0
1242 1.0
1243 1.0
1244 1.0
1245 1.0
1246 1.0
1247 1.0
1248 0.9996
1249 0.9996
1250 0.9996
1251 0.9996
1252 0.9996
1253 0.9996
1254 0.9996
1255 0.9996
1256 0.9996
1257 0.9996
1258 0.9996
1259 0.9996
1260 0.9996
1261 0.9996
1262 0.9996
1263 0.9992
1264 0.9992
1265 0.9992
1266 0.9992
1267 0.9992
1268 0.9996
1269 0.9996
1270 0.9996
1271 0.9996
1272 0.9996
1273 0.9996
1274 0.9996
1275 0.9996
1276 0.9996
1277 0.9996
1278 0.9996
1279 0.9996
1280 0.9996
1281 0.9996
1282 0.9996
1283 0.9996
1284 0.9996
1285 1.0
1286 1.0
1287 0.9996
1288 0.9996
1289 0.9996
1290 0.9996
1291 0.9996
1292 0.9996
1293 0.9996
1294 0.9996
1295 0.9996
1296 0.9996
1297 0.9996
1298 0.9996
1299 0.9992
1300 0.9987999999999999
1301 0.9987999999999999
1302 0.9983999999999998
1303 0.9983999999999998
1304 0.9983999999999998
1305 0.9983999999999998
1306 0.9983999999999998
1307 0.9983999999999998
1308 0.9983999999999998
1309 0.9983999999999998
1310 0.9983999999999998
1311 0.9992
1312 0.9992
1313 0.9992
1314 0.9996
1315 0.9996
1316 0.9996
1317 0.9996
1318 0.9996
1319 0.9996
1320 0.9996
1321 0.9996
1322 0.9996
1323 0.9988000000000001
1324 0.9988000000000001
1325 0.9984000000000001
1326 0.9984000000000001
1327 0.9984000000000001
1328 0.9984000000000001
1329 0.9984000000000001
1330 0.9984000000000001
1331 0.9984000000000001
1332 0.9988000000000001
1333 0.9988000000000001
1334 0.9988000000000001
1335 0.9988000000000001
1336 0.9988000000000001
1337 0.9992
1338 0.9992
1339 0.9996
1340 0.9996
1341 0.9996
1342 0.9996
1343 0.9996
1344 0.9996
1345 0.9996
1346 0.9996
1347 0.9996
1348 0.9996
1349 0.9996
1350 0.9996
1351 0.9996
1352 0.9996
1353 0.9996
1354 0.9996
1355 0.9996
1356 1.0
1357 1.0
1358 1.0
1359 1.0
1360 1.0
1361 1.0
1362 1.0
1363 1.0
1364 1.0
1365 1.0
1366 1.0
1367 1.0
1368 1.0
1369 1.0
1370 1.0
1371 1.0
1372 0.9996
1373 0.9996
1374 0.9996
1375 0.9996
1376 0.9996
1377 0.9996
1378 0.9996
1379 0.9996
1380 0.9996
1381 0.9996
1382 0.9996
1383 0.9996
1384 0.9996
1385 0.9996
1386 0.9996
1387 0.9996
1388 0.9996
1389 0.9996
1390 0.9996
1391 0.9996
1392 0.9996
1393 0.9996
1394 0.9996
1395 0.9996
1396 0.9996
1397 0.9992
1398 0.9992
1399 0.9987999999999999
1400 0.9987999999999999
1401 0.9987999999999999
1402 0.9987999999999999
1403 0.9987999999999999
1404 0.9987999999999999
1405 0.9992
1406 0.9992
1407 0.9995999999999999
1408 0.9995999999999999
1409 1.0
1410 1.0
1411 1.0
1412 1.0
1413 1.0
1414 1.0
1415 1.0
1416 1.0
1417 0.9996
1418 0.9992
1419 0.9992
1420 0.9992
1421 0.9987999999999999
1422 0.9987999999999999
1423 0.9987999999999999
1424 0.9987999999999999
1425 0.9984000000000001
1426 0.9984000000000001
1427 0.9984000000000001
1428 0.9984000000000001
1429 0.9984000000000001
1430 0.9984000000000001
1431 0.9987999999999999
1432 0.9987999999999999
1433 0.9987999999999999
1434 0.9987999999999999
1435 0.9987999999999999
1436 0.9987999999999999
1437 0.9987999999999999
1438 0.9987999999999999
1439 0.9987999999999999
1440 0.9987999999999999
1441 0.9987999999999999
1442 0.9987999999999999
1443 0.9987999999999999
1444 0.9987999999999999
1445 0.9987999999999999
1446 0.9984000000000001
1447 0.9984000000000001
1448 0.9984000000000001
1449 0.9987999999999999
1450 0.9987999999999999
1451 0.9992
1452 0.9992
1453 0.9996
1454 0.9996
1455 0.9996
1456 1.0
1457 1.0
1458 1.0
1459 0.9995999999999999
1460 0.9995999999999999
1461 0.9995999999999999
1462 0.9995999999999999
1463 0.9992
1464 0.9992
1465 0.9992
1466 0.9992
1467 0.9992
1468 0.9992
1469 0.9992
1470 0.9992
1471 0.9992
1472 0.9987999999999999
1473 0.9987999999999999
1474 0.9987999999999999
1475 0.9987999999999999
1476 0.998
1477 0.998
1478 0.998
1479 0.998
1480 0.998
1481 0.9983999999999998
1482 0.9984000000000001
1483 0.9987999999999999
1484 0.9987999999999999
1485 0.9987999999999999
1486 0.9987999999999999
1487 0.9987999999999999
1488 0.9987999999999999
1489 0.9987999999999999
1490 0.9987999999999999
1491 0.9987999999999999
1492 0.9987999999999999
1493 0.9987999999999999
1494 0.9987999999999999
1495 0.9987999999999999
1496 0.9987999999999999
1497 0.9987999999999999
1498 0.9987999999999999
1499 0.9987999999999999
1500 0.9987999999999999
1501 0.9987999999999999
1502 0.9992
1503 0.9992
1504 0.9992
1505 0.9992
1506 0.9992
1507 0.9992
1508 0.9992
1509 0.9992
1510 0.9992
1511 0.9992
1512 0.9992
1513 0.9992
1514 0.9992
1515 0.9992
1516 0.9992
1517 0.9992
1518 0.9996
1519 0.9996
1520 0.9996
1521 0.9996
1522 0.9996
1523 0.9996
1524 0.9996
1525 1.0
1526 0.9996
1527 0.9996
1528 0.9996
1529 0.9996
1530 0.9996
1531 0.9996
1532 0.9996
1533 0.9996
1534 0.9996
1535 0.9996
1536 0.9996
1537 0.9996
1538 0.9996
1539 0.9996
1540 0.9996
1541 0.9996
1542 0.9996
1543 0.9996
1544 0.9996
1545 0.9996
1546 0.9996
1547 0.9996
1548 0.9996
1549 1.0
1550 1.0
1551 0.9996
1552 0.9996
1553 0.9996
1554 0.9996
1555 0.9996
1556 0.9996
1557 0.9996
1558 0.9996
1559 0.9996
1560 0.9996
1561 0.9996
1562 0.9996
1563 0.9996
1564 0.9992
1565 0.9992
1566 0.9987999999999999
1567 0.9987999999999999
1568 0.9987999999999999
1569 0.9987999999999999
1570 0.9987999999999999
1571 0.9987999999999999
1572 0.9980000000000001
1573 0.9980000000000001
1574 0.9980000000000001
1575 0.9980000000000001
1576 0.9980000000000001
1577 0.9976
1578 0.9976
1579 0.9976
1580 0.9976
1581 0.9976
1582 0.9972
1583 0.9972
1584 0.9972
1585 0.9972
1586 0.9967999999999999
1587 0.9967999999999999
1588 0.9967999999999999
1589 0.9964
1590 0.9960000000000001
1591 0.9960000000000001
1592 0.9960000000000001
1593 0.9960000000000001
1594 0.9960000000000001
1595 0.9964
1596 0.9967999999999999
1597 0.9972
1598 0.9976
1599 0.9984000000000001
1600 0.9987999999999999
1601 0.9992
1602 0.9992
1603 0.9992
1604 0.9992
1605 0.9992
1606 0.9992
1607 0.9992
1608 0.9992
1609 0.9992
1610 0.9992
1611 0.9992
1612 0.9992
1613 0.9992
1614 0.9992
1615 0.9992
1616 0.9992
1617 0.9992
1618 0.9992
1619 0.9992
1620 0.9992
1621 0.9996
1622 1.0
1623 1.0
1624 1.0
1625 1.0
1626 1.0
1627 0.9995999999999999
1628 0.9992
1629 0.9992
1630 0.9992
1631 0.9992
1632 0.9992
1633 0.9992
1634 0.9992
1635 0.9992
1636 0.9992
1637 0.9992
1638 0.9992
1639 0.9987999999999999
1640 0.9987999999999999
1641 0.9987999999999999
1642 0.9987999999999999
1643 0.9987999999999999
1644 0.9987999999999999
1645 0.9987999999999999
1646 0.9987999999999999
1647 0.9992
1648 0.9992
1649 0.9988000000000001
1650 0.9996
1651 0.9992
1652 0.9992
1653 0.9992
1654 0.9992
1655 0.9992
1656 0.9992
1657 0.9992
1658 0.9992
1659 0.9992
1660 0.9992
1661 0.9992
1662 0.9992
1663 0.9992
1664 0.9992
1665 0.9992
1666 0.9992
1667 0.9992
1668 0.9992
1669 0.9992
1670 0.9992
1671 0.9996
1672 0.9996
1673 0.9996
1674 1.0
1675 1.0
1676 0.9995999999999999
1677 0.9995999999999999
1678 0.9995999999999999
1679 0.9995999999999999
1680 0.9995999999999999
1681 0.9995999999999999
1682 0.9995999999999999
1683 0.9995999999999999
1684 0.9995999999999999
1685 0.9995999999999999
1686 0.9995999999999999
1687 0.9995999999999999
1688 0.9995999999999999
1689 0.9992
1690 0.9992
1691 0.9992
1692 0.9992
1693 0.9992
1694 0.9992
1695 0.9992
1696 0.9992
1697 0.9992
1698 0.9992
1699 0.9992
1700 0.9995999999999999
1701 0.9995999999999999
1702 0.9995999999999999
1703 0.9995999999999999
1704 0.9995999999999999
1705 0.9995999999999999
1706 0.9995999999999999
1707 0.9995999999999999
1708 0.9991999999999999
1709 0.9991999999999999
1710 0.9991999999999999
1711 0.9991999999999999
1712 0.9991999999999999
1713 0.9991999999999999
1714 0.9991999999999999
1715 0.9991999999999999
1716 0.9991999999999999
1717 0.9991999999999999
1718 0.9992
1719 0.9992
1720 0.9992
1721 0.9992
1722 0.9995999999999999
1723 0.9995999999999999
1724 0.9992
1725 0.9992
1726 0.9992
1727 0.9987999999999999
1728 0.9987999999999999
1729 0.9987999999999999
1730 0.9987999999999999
1731 0.9987999999999999
1732 0.9987999999999999
1733 0.9987999999999999
1734 0.9987999999999999
1735 0.9983999999999998
1736 0.9983999999999998
1737 0.9983999999999998
1738 0.9983999999999998
1739 0.9983999999999998
1740 0.9983999999999998
1741 0.9983999999999998
1742 0.9983999999999998
1743 0.9983999999999998
1744 0.9987999999999999
1745 0.9987999999999999
1746 0.9987999999999999
1747 0.9987999999999999
1748 0.9987999999999999
1749 0.9987999999999999
1750 0.9987999999999999
1751 0.9987999999999999
1752 0.9987999999999999
1753 0.9987999999999999
1754 0.9987999999999999
1755 0.9987999999999999
1756 0.9987999999999999
1757 0.9987999999999999
1758 0.9987999999999999
1759 0.9987999999999999
1760 0.9987999999999999
1761 0.9987999999999999
1762 0.9992
1763 0.9992
1764 0.9996
1765 1.0
1766 1.0
1767 1.0
1768 1.0
1769 1.0
1770 1.0
1771 1.0
1772 1.0
1773 1.0
1774 1.0
1775 0.9996
1776 0.9996
1777 0.9992
1778 0.9992
1779 0.9992
1780 0.9992
1781 0.9992
1782 0.9992
1783 0.9992
1784 0.9992
1785 0.9992
1786 0.9992
1787 0.9992
1788 0.9992
1789 0.9992
1790 0.9992
1791 0.9992
1792 0.9992
1793 0.9992
1794 0.9996
1795 0.9996
1796 0.9996
1797 0.9996
1798 0.9996
1799 0.9996
1800 0.9996
1801 0.9996
1802 0.9996
1803 0.9996
1804 0.9992
1805 0.9987999999999999
1806 0.9987999999999999
1807 0.9987999999999999
1808 0.9987999999999999
1809 0.9984000000000001
1810 0.9984000000000001
1811 0.9984000000000001
1812 0.9984000000000001
1813 0.9984000000000001
1814 0.9984000000000001
1815 0.9980000000000001
1816 0.9980000000000001
1817 0.9980000000000001
1818 0.9980000000000001
1819 0.9976
1820 0.9976
1821 0.9976
1822 0.9976
1823 0.9976
1824 0.9976
1825 0.9976
1826 0.9976
1827 0.9976
1828 0.9976
1829 0.9976
1830 0.9976
1831 0.9972
1832 0.9967999999999999
1833 0.9972
1834 0.9972
1835 0.9968
1836 0.9968
1837 0.9968
1838 0.9972
1839 0.9972
1840 0.9975999999999999
1841 0.9983999999999998
1842 0.9987999999999999
1843 0.9992
1844 0.9992
1845 0.9992
1846 0.9992
1847 0.9992
1848 0.9992
1849 0.9992
1850 0.9992
1851 0.9992
1852 0.9992
1853 0.9992
1854 0.9992
1855 0.9992
1856 0.9987999999999999
1857 0.9992
1858 0.9992
1859 0.9992
1860 0.9992
1861 0.9992
1862 0.9992
1863 0.9992
1864 0.9992
1865 0.9992
1866 0.9992
1867 0.9992
1868 0.9992
1869 0.9992
1870 0.9992
1871 0.9992
1872 0.9992
1873 0.9992
1874 0.9992
1875 0.9992
1876 0.9992
1877 0.9992
1878 0.9992
1879 0.9992
1880 0.9992
1881 0.9992
1882 0.9996
1883 0.9996
1884 0.9996
1885 0.9996
1886 0.9996
1887 0.9992
1888 0.9996
1889 0.9996
1890 0.9996
1891 0.9996
1892 0.9996
1893 0.9996
1894 0.9996
1895 0.9996
1896 0.9996
1897 0.9996
1898 0.9996
1899 0.9996
1900 0.9996
1901 0.9996
1902 0.9996
1903 0.9992
1904 0.9992
1905 0.9987999999999999
1906 0.9987999999999999
1907 0.9987999999999999
1908 0.9987999999999999
1909 0.9987999999999999
1910 0.9987999999999999
1911 0.9983999999999998
1912 0.9987999999999999
1913 0.9987999999999999
1914 0.9996
1915 0.9992
1916 0.9992
1917 0.9992
1918 0.9992
1919 0.9992
1920 0.9992
1921 0.9992
1922 0.9987999999999999
1923 0.9987999999999999
1924 0.9984000000000001
1925 0.9976
1926 0.9976
1927 0.9976
1928 0.9976
1929 0.9976
1930 0.9980000000000001
1931 0.9980000000000001
1932 0.9980000000000001
1933 0.9980000000000001
1934 0.9980000000000001
1935 0.9980000000000001
1936 0.9984000000000001
1937 0.9984000000000001
1938 0.9987999999999999
1939 0.9987999999999999
1940 0.9987999999999999
1941 0.9987999999999999
1942 0.9987999999999999
1943 0.9987999999999999
1944 0.9987999999999999
1945 0.9987999999999999
1946 0.9987999999999999
1947 0.9987999999999999
1948 0.9984000000000001
1949 0.9984000000000001
1950 0.9984000000000001
1951 0.9984000000000001
1952 0.9984000000000001
1953 0.9984000000000001
1954 0.9984000000000001
1955 0.9984000000000001
1956 0.9984000000000001
1957 0.9987999999999999
1958 0.9987999999999999
1959 0.9987999999999999
1960 0.9987999999999999
1961 0.9980000000000001
1962 0.9984000000000001
1963 0.9987999999999999
1964 0.9987999999999999
1965 0.9987999999999999
1966 0.9987999999999999
1967 0.9987999999999999
1968 0.9983999999999998
1969 0.9983999999999998
1970 0.9983999999999998
1971 0.9983999999999998
1972 0.9983999999999998
1973 0.9983999999999998
1974 0.9983999999999998
1975 0.9983999999999998
1976 0.9983999999999998
1977 0.9983999999999998
1978 0.9983999999999998
1979 0.9983999999999998
1980 0.9987999999999999
1981 0.9987999999999999
1982 0.9992
1983 0.9995999999999999
1984 0.9995999999999999
1985 0.9995999999999999
1986 1.0
1987 0.9996
1988 0.9992
1989 0.9992
1990 0.9992
1991 0.9992
1992 0.9992
1993 0.9992
1994 0.9992
1995 0.9992
1996 0.9992
1997 0.9992
1998 0.9992
1999 0.9992
