1 1.0
2 1.0
3 1.0
4 0.9987999999999999
5 0.9948
6 0.9892
7 0.9827999999999999
8 0.9795999999999999
9 0.9736
10 0.9699999999999999
11 0.9663999999999998
12 0.9647999999999999
13 0.9595999999999998
14 0.9555999999999998
15 0.9523999999999997
16 0.9491999999999998
17 0.9463999999999999
18 0.9435999999999999
19 0.9419999999999998
20 0.9384
21 0.9320000000000002
22 0.9279999999999999
23 0.9231999999999998
24 0.9207999999999998
25 0.9167999999999998
26 0.9116
27 0.9080000000000001
28 0.9044000000000001
29 0.8992000000000004
30 0.8952000000000004
31 0.8884000000000004
32 0.8860000000000003
33 0.8820000000000006
34 0.8800000000000007
35 0.8756000000000007
36 0.8712000000000009
37 0.8684000000000006
38 0.8636000000000004
39 0.8600000000000001
40 0.8564000000000002
41 0.8528000000000001
42 0.8484
43 0.8447999999999999
44 0.8412000000000001
45 0.8368000000000003
46 0.8324000000000001
47 0.8296000000000001
48 0.8275999999999999
49 0.8252000000000002
50 0.8240000000000001
51 0.8208000000000001
52 0.8176000000000001
53 0.8156
54 0.8111999999999999
55 0.8068
56 0.8056
57 0.8032
58 0.8011999999999999
59 0.7979999999999999
60 0.7940000000000002
61 0.7888000000000001
62 0.7864000000000001
63 0.7840000000000003
64 0.7820000000000004
65 0.7788000000000003
66 0.7760000000000001
67 0.7744000000000001
68 0.7712
69 0.7680000000000001
70 0.7652000000000001
71 0.7620000000000001
72 0.7576
73 0.7548000000000001
74 0.7524000000000001
75 0.7512000000000001
76 0.7491999999999999
77 0.7464
78 0.7443999999999998
79 0.7408
80 0.7387999999999999
81 0.7367999999999999
82 0.7355999999999999
83 0.7332
84 0.7311999999999999
85 0.7279999999999999
86 0.7275999999999999
87 0.7255999999999999
88 0.7239999999999999
89 0.7215999999999998
90 0.7195999999999998
91 0.7155999999999998
92 0.7143999999999998
93 0.7123999999999998
94 0.7111999999999997
95 0.7083999999999996
96 0.7059999999999996
97 0.7043999999999997
98 0.6995999999999998
99 0.6971999999999997
100 0.6935999999999999
101 0.6907999999999999
102 0.6887999999999999
103 0.6855999999999999
104 0.6823999999999999
105 0.6791999999999999
106 0.6779999999999998
107 0.6763999999999999
108 0.6755999999999999
109 0.6747999999999998
110 0.6716
111 0.6687999999999998
112 0.6671999999999998
113 0.6663999999999999
114 0.6635999999999999
115 0.6615999999999999
116 0.6592
117 0.6559999999999999
118 0.6544
119 0.6516000000000001
120 0.6480000000000001
121 0.6468
122 0.6448
123 0.6444000000000001
124 0.6432000000000001
125 0.64
126 0.6372
127 0.6344
128 0.6304
129 0.6292
130 0.6264
131 0.6235999999999998
132 0.6199999999999999
133 0.6171999999999999
134 0.6147999999999999
135 0.6131999999999999
136 0.6079999999999999
137 0.6032
138 0.6004
139 0.5996
140 0.5980000000000001
141 0.5956
142 0.5936
143 0.5912000000000001
144 0.5904
145 0.5880000000000001
146 0.5864
147 0.5828000000000001
148 0.5824000000000001
149 0.5808000000000001
150 0.5804000000000001
151 0.5792000000000002
152 0.5788000000000002
153 0.5776000000000002
154 0.5756000000000001
155 0.5748000000000001
156 0.5740000000000002
157 0.5708000000000001
158 0.5676000000000001
159 0.5660000000000002
160 0.5628000000000002
161 0.5608000000000002
162 0.5596000000000002
163 0.5576000000000002
164 0.5568000000000002
165 0.5540000000000002
166 0.5528000000000002
167 0.552
168 0.5516000000000001
169 0.5504000000000001
170 0.5496000000000001
171 0.5472
172 0.5464000000000001
173 0.5452
174 0.544
175 0.5428000000000001
176 0.5424
177 0.5408000000000001
178 0.54
179 0.538
180 0.536
181 0.5348
182 0.5336000000000001
183 0.532
184 0.5316000000000001
185 0.53
186 0.5292000000000001
187 0.5284000000000001
188 0.5276000000000001
189 0.5264
190 0.5247999999999999
191 0.5247999999999999
192 0.5227999999999998
193 0.5215999999999998
194 0.5196
195 0.5184
196 0.5172
197 0.516
198 0.5156000000000001
199 0.5136
200 0.5124
201 0.5104
202 0.5096
203 0.5088
204 0.5048000000000001
205 0.5036
206 0.5024000000000001
207 0.5016000000000002
208 0.5016000000000002
209 0.5012000000000001
210 0.5004000000000002
211 0.5000000000000001
212 0.4984000000000001
213 0.4980000000000001
214 0.4976000000000001
215 0.49600000000000016
216 0.49600000000000016
217 0.4944000000000002
218 0.49360000000000015
219 0.49160000000000004
220 0.49040000000000006
221 0.4896000000000001
222 0.48840000000000006
223 0.48760000000000003
224 0.4864
225 0.48479999999999995
226 0.4836
227 0.4836
228 0.4832
229 0.4832
230 0.4828
231 0.4824
232 0.48160000000000003
233 0.48080000000000006
234 0.48040000000000005
235 0.48
236 0.4783999999999999
237 0.4775999999999999
238 0.4771999999999999
239 0.4759999999999999
240 0.47439999999999993
241 0.47279999999999994
242 0.47279999999999994
243 0.47119999999999995
244 0.4699999999999999
245 0.46959999999999996
246 0.46959999999999996
247 0.46879999999999994
248 0.4684
249 0.46679999999999994
250 0.46599999999999997
251 0.46559999999999996
252 0.46559999999999996
253 0.4644
254 0.4639999999999999
255 0.46239999999999987
256 0.4611999999999999
257 0.4591999999999999
258 0.4587999999999999
259 0.4587999999999999
260 0.4583999999999999
261 0.45679999999999993
262 0.45679999999999993
263 0.4563999999999999
264 0.4563999999999999
265 0.4563999999999999
266 0.45559999999999995
267 0.45519999999999994
268 0.4548
269 0.45399999999999985
270 0.45399999999999985
271 0.45279999999999987
272 0.45279999999999987
273 0.45239999999999986
274 0.4515999999999999
275 0.45039999999999986
276 0.44999999999999984
277 0.44999999999999984
278 0.44999999999999984
279 0.44999999999999984
280 0.4483999999999998
281 0.44759999999999983
282 0.44759999999999983
283 0.44759999999999983
284 0.44759999999999983
285 0.4471999999999998
286 0.4471999999999998
287 0.44639999999999985
288 0.4459999999999999
289 0.4451999999999998
290 0.44439999999999985
291 0.44399999999999984
292 0.44319999999999987
293 0.44319999999999987
294 0.44279999999999986
295 0.4411999999999998
296 0.4411999999999998
297 0.44079999999999975
298 0.4403999999999998
299 0.4399999999999998
300 0.43959999999999977
301 0.4391999999999998
302 0.4391999999999998
303 0.4379999999999998
304 0.43719999999999976
305 0.43719999999999976
306 0.4355999999999998
307 0.4351999999999998
308 0.43439999999999984
309 0.43439999999999984
310 0.43399999999999983
311 0.43319999999999986
312 0.43279999999999985
313 0.4323999999999999
314 0.4319999999999999
315 0.4315999999999998
316 0.4311999999999998
317 0.43039999999999984
318 0.42999999999999977
319 0.4295999999999997
320 0.4287999999999997
321 0.42839999999999967
322 0.4279999999999997
323 0.4279999999999997
324 0.4275999999999997
325 0.42679999999999974
326 0.42559999999999976
327 0.42519999999999974
328 0.42479999999999973
329 0.42359999999999975
330 0.4227999999999998
331 0.42239999999999983
332 0.4219999999999998
333 0.4215999999999998
334 0.42119999999999985
335 0.42079999999999984
336 0.42039999999999983
337 0.4199999999999999
338 0.41959999999999986
339 0.41959999999999986
340 0.4187999999999999
341 0.4183999999999998
342 0.4183999999999998
343 0.4179999999999998
344 0.41679999999999984
345 0.41679999999999984
346 0.41639999999999977
347 0.4155999999999998
348 0.4151999999999998
349 0.41439999999999977
350 0.41439999999999977
351 0.41439999999999977
352 0.4127999999999997
353 0.4123999999999997
354 0.4123999999999997
355 0.41199999999999976
356 0.41199999999999976
357 0.4111999999999998
358 0.4111999999999998
359 0.4107999999999998
360 0.41039999999999976
361 0.41039999999999976
362 0.41039999999999976
363 0.4099999999999998
364 0.4095999999999998
365 0.4095999999999998
366 0.4095999999999998
367 0.4091999999999998
368 0.40839999999999976
369 0.40839999999999976
370 0.4071999999999998
371 0.4067999999999998
372 0.4067999999999998
373 0.4059999999999998
374 0.4059999999999998
375 0.40519999999999984
376 0.4047999999999998
377 0.4047999999999998
378 0.4043999999999998
379 0.4043999999999998
380 0.40359999999999985
381 0.40239999999999987
382 0.4015999999999999
383 0.4011999999999999
384 0.40079999999999993
385 0.3999999999999999
386 0.39959999999999996
387 0.39879999999999993
388 0.39799999999999996
389 0.3975999999999999
390 0.3975999999999999
391 0.39679999999999993
392 0.3963999999999999
393 0.39599999999999996
394 0.3939999999999999
395 0.39359999999999995
396 0.39359999999999995
397 0.39319999999999994
398 0.39319999999999994
399 0.39319999999999994
400 0.3927999999999999
401 0.39199999999999996
402 0.39159999999999995
403 0.39159999999999995
404 0.3907999999999999
405 0.38959999999999995
406 0.38959999999999995
407 0.38959999999999995
408 0.3888
409 0.38839999999999997
410 0.38839999999999997
411 0.3879999999999999
412 0.38719999999999993
413 0.3867999999999999
414 0.3867999999999999
415 0.3867999999999999
416 0.38559999999999994
417 0.3847999999999999
418 0.3843999999999999
419 0.38359999999999994
420 0.38319999999999993
421 0.38239999999999996
422 0.38199999999999995
423 0.38159999999999994
424 0.3812
425 0.38
426 0.37920000000000004
427 0.37920000000000004
428 0.37799999999999995
429 0.37599999999999995
430 0.3752
431 0.37479999999999997
432 0.3743999999999999
433 0.3739999999999999
434 0.3731999999999999
435 0.3728
436 0.37199999999999994
437 0.37199999999999994
438 0.37199999999999994
439 0.3712
440 0.37079999999999996
441 0.3704
442 0.3704
443 0.3704
444 0.37
445 0.37
446 0.3692
447 0.36879999999999996
448 0.3676
449 0.3676
450 0.36719999999999997
451 0.36719999999999997
452 0.3668
453 0.3668
454 0.3668
455 0.3668
456 0.36639999999999995
457 0.36639999999999995
458 0.3655999999999999
459 0.3655999999999999
460 0.3644
461 0.3644
462 0.3644
463 0.3636
464 0.3632
465 0.36279999999999996
466 0.36199999999999993
467 0.3616
468 0.3616
469 0.3616
470 0.3616
471 0.3608
472 0.3604
473 0.36
474 0.3592
475 0.3592
476 0.3592
477 0.3588
478 0.35840000000000005
479 0.35800000000000004
480 0.35760000000000003
481 0.3564
482 0.3564
483 0.35600000000000004
484 0.3552
485 0.35480000000000006
486 0.35440000000000005
487 0.35400000000000004
488 0.3536000000000001
489 0.3536000000000001
490 0.35280000000000006
491 0.3524000000000001
492 0.3520000000000001
493 0.35120000000000007
494 0.3500000000000001
495 0.3500000000000001
496 0.3500000000000001
497 0.34920000000000007
498 0.3488000000000001
499 0.34840000000000004
500 0.34800000000000003
501 0.34800000000000003
502 0.3476000000000001
503 0.3476000000000001
504 0.34680000000000005
505 0.34680000000000005
506 0.3464000000000001
507 0.3460000000000001
508 0.3460000000000001
509 0.3452
510 0.3444
511 0.3444
512 0.3436
513 0.3432
514 0.3432
515 0.3432
516 0.3428
517 0.3428
518 0.3428
519 0.3428
520 0.34240000000000004
521 0.34240000000000004
522 0.342
523 0.3416
524 0.3416
525 0.34080000000000005
526 0.3400000000000001
527 0.33960000000000007
528 0.33880000000000005
529 0.33880000000000005
530 0.338
531 0.338
532 0.338
533 0.338
534 0.33760000000000007
535 0.33720000000000006
536 0.33720000000000006
537 0.33720000000000006
538 0.33720000000000006
539 0.33680000000000004
540 0.33680000000000004
541 0.3364000000000001
542 0.336
543 0.336
544 0.3356
545 0.33520000000000005
546 0.33520000000000005
547 0.3340000000000001
548 0.3340000000000001
549 0.3340000000000001
550 0.33360000000000006
551 0.33320000000000005
552 0.332
553 0.3304000000000001
554 0.33000000000000007
555 0.32960000000000006
556 0.3292000000000001
557 0.3284000000000001
558 0.32760000000000006
559 0.32760000000000006
560 0.32760000000000006
561 0.32720000000000005
562 0.32720000000000005
563 0.3256
564 0.32520000000000004
565 0.32480000000000003
566 0.3244
567 0.32360000000000005
568 0.3232000000000001
569 0.32280000000000003
570 0.322
571 0.32159999999999994
572 0.3212
573 0.3204
574 0.32
575 0.3196
576 0.3196
577 0.31920000000000004
578 0.31920000000000004
579 0.31880000000000003
580 0.3184
581 0.3184
582 0.3184
583 0.3176
584 0.3172
585 0.3172
586 0.3172
587 0.31679999999999997
588 0.31679999999999997
589 0.31679999999999997
590 0.31679999999999997
591 0.31679999999999997
592 0.31679999999999997
593 0.3164
594 0.3156
595 0.3148
596 0.3148
597 0.3148
598 0.3144
599 0.3144
600 0.3144
601 0.314
602 0.314
603 0.314
604 0.3136
605 0.3136
606 0.3136
607 0.3136
608 0.3136
609 0.3136
610 0.3136
611 0.3136
612 0.3132
613 0.3132
614 0.3128
615 0.3128
616 0.3128
617 0.3124
618 0.312
619 0.312
620 0.312
621 0.3116
622 0.31079999999999997
623 0.31079999999999997
624 0.31079999999999997
625 0.3104
626 0.31
627 0.30920000000000003
628 0.30920000000000003
629 0.30920000000000003
630 0.30920000000000003
631 0.30879999999999996
632 0.30879999999999996
633 0.30839999999999995
634 0.3076
635 0.3076
636 0.3076
637 0.3076
638 0.3076
639 0.3076
640 0.3072
641 0.3072
642 0.3072
643 0.3072
644 0.3068
645 0.3068
646 0.3068
647 0.30639999999999995
648 0.306
649 0.306
650 0.306
651 0.306
652 0.306
653 0.3056
654 0.3056
655 0.3056
656 0.3056
657 0.3056
658 0.3056
659 0.3056
660 0.3048
661 0.3048
662 0.3048
663 0.3036
664 0.3036
665 0.3036
666 0.3036
667 0.3036
668 0.3032
669 0.3032
670 0.30279999999999996
671 0.30279999999999996
672 0.30279999999999996
673 0.3024
674 0.3024
675 0.3024
676 0.3024
677 0.3024
678 0.302
679 0.3016
680 0.3012
681 0.3012
682 0.3008
683 0.3004
684 0.3004
685 0.29960000000000003
686 0.29960000000000003
687 0.29960000000000003
688 0.29960000000000003
689 0.29960000000000003
690 0.29960000000000003
691 0.2992
692 0.2992
693 0.2988
694 0.29840000000000005
695 0.29840000000000005
696 0.29840000000000005
697 0.29840000000000005
698 0.29840000000000005
699 0.29840000000000005
700 0.29760000000000003
701 0.29760000000000003
702 0.2972
703 0.2972
704 0.29640000000000005
705 0.29640000000000005
706 0.29640000000000005
707 0.29640000000000005
708 0.29600000000000004
709 0.29600000000000004
710 0.29600000000000004
711 0.29600000000000004
712 0.29600000000000004
713 0.29600000000000004
714 0.29600000000000004
715 0.2956000000000001
716 0.2956000000000001
717 0.2956000000000001
718 0.2956000000000001
719 0.2952000000000001
720 0.2952000000000001
721 0.2952000000000001
722 0.2952000000000001
723 0.29480000000000006
724 0.29480000000000006
725 0.2944000000000001
726 0.2944000000000001
727 0.2944000000000001
728 0.2944000000000001
729 0.2944000000000001
730 0.2944000000000001
731 0.2944000000000001
732 0.2944000000000001
733 0.2944000000000001
734 0.2944000000000001
735 0.2944000000000001
736 0.2944000000000001
737 0.2944000000000001
738 0.2944000000000001
739 0.2944000000000001
740 0.2944000000000001
741 0.2944000000000001
742 0.2944000000000001
743 0.2944000000000001
744 0.29400000000000004
745 0.29400000000000004
746 0.2936000000000001
747 0.2936000000000001
748 0.2936000000000001
749 0.2932
750 0.2932
751 0.2932
752 0.2932
753 0.29280000000000006
754 0.29280000000000006
755 0.29280000000000006
756 0.29280000000000006
757 0.29280000000000006
758 0.29200000000000004
759 0.29200000000000004
760 0.29200000000000004
761 0.29200000000000004
762 0.2916
763 0.2916
764 0.2916
765 0.2916
766 0.2916
767 0.2916
768 0.2916
769 0.2916
770 0.2916
771 0.2916
772 0.2916
773 0.2916
774 0.2916
775 0.2916
776 0.2916
777 0.2916
778 0.29120000000000007
779 0.29120000000000007
780 0.29120000000000007
781 0.29120000000000007
782 0.29120000000000007
783 0.29120000000000007
784 0.29120000000000007
785 0.29120000000000007
786 0.29120000000000007
787 0.29120000000000007
788 0.29120000000000007
789 0.29120000000000007
790 0.29120000000000007
791 0.29120000000000007
792 0.29080000000000006
793 0.29080000000000006
794 0.29080000000000006
795 0.29000000000000004
796 0.29000000000000004
797 0.29000000000000004
798 0.29000000000000004
799 0.2896
800 0.2896
801 0.2896
802 0.2896
803 0.2896
804 0.2896
805 0.2892
806 0.2892
807 0.2892
808 0.2892
809 0.2892
810 0.2888
811 0.2888
812 0.28840000000000005
813 0.28840000000000005
814 0.28840000000000005
815 0.28800000000000003
816 0.28800000000000003
817 0.2876
818 0.2876
819 0.2876
820 0.2876
821 0.2872
822 0.2872
823 0.2872
824 0.2872
825 0.28680000000000005
826 0.28680000000000005
827 0.2864
828 0.2864
829 0.28600000000000003
830 0.28600000000000003
831 0.28600000000000003
832 0.28600000000000003
833 0.28600000000000003
834 0.2856
835 0.2856
836 0.2856
837 0.2856
838 0.2852
839 0.2852
840 0.28480000000000005
841 0.28480000000000005
842 0.28480000000000005
843 0.28480000000000005
844 0.28480000000000005
845 0.28480000000000005
846 0.28480000000000005
847 0.28440000000000004
848 0.28440000000000004
849 0.28440000000000004
850 0.28400000000000003
851 0.28400000000000003
852 0.28400000000000003
853 0.2832
854 0.2832
855 0.2832
856 0.2828
857 0.2828
858 0.28240000000000004
859 0.28200000000000003
860 0.28200000000000003
861 0.28200000000000003
862 0.28200000000000003
863 0.28200000000000003
864 0.2816
865 0.2816
866 0.28120000000000006
867 0.28080000000000005
868 0.28080000000000005
869 0.28080000000000005
870 0.28040000000000004
871 0.28040000000000004
872 0.28040000000000004
873 0.28040000000000004
874 0.28040000000000004
875 0.28040000000000004
876 0.28040000000000004
877 0.28040000000000004
878 0.28040000000000004
879 0.28040000000000004
880 0.28040000000000004
881 0.28040000000000004
882 0.28040000000000004
883 0.28040000000000004
884 0.28040000000000004
885 0.28040000000000004
886 0.28040000000000004
887 0.28040000000000004
888 0.2800000000000001
889 0.2792
890 0.2792
891 0.2792
892 0.2792
893 0.27880000000000005
894 0.27880000000000005
895 0.27880000000000005
896 0.27760000000000007
897 0.27760000000000007
898 0.27680000000000005
899 0.27640000000000003
900 0.27640000000000003
901 0.276
902 0.276
903 0.2756
904 0.2756
905 0.2756
906 0.2756
907 0.27520000000000006
908 0.27520000000000006
909 0.27520000000000006
910 0.27520000000000006
911 0.27520000000000006
912 0.27520000000000006
913 0.27480000000000004
914 0.27440000000000003
915 0.27440000000000003
916 0.27440000000000003
917 0.27440000000000003
918 0.27440000000000003
919 0.27440000000000003
920 0.274
921 0.274
922 0.274
923 0.274
924 0.274
925 0.274
926 0.274
927 0.274
928 0.27320000000000005
929 0.27320000000000005
930 0.27320000000000005
931 0.27280000000000004
932 0.27280000000000004
933 0.27280000000000004
934 0.27240000000000003
935 0.27160000000000006
936 0.27160000000000006
937 0.27160000000000006
938 0.27160000000000006
939 0.27160000000000006
940 0.27160000000000006
941 0.27160000000000006
942 0.27160000000000006
943 0.27160000000000006
944 0.27160000000000006
945 0.27080000000000004
946 0.27080000000000004
947 0.27
948 0.27
949 0.27
950 0.27
951 0.27
952 0.27
953 0.27
954 0.27
955 0.27
956 0.27
957 0.27
958 0.27
959 0.26959999999999995
960 0.26959999999999995
961 0.26959999999999995
962 0.26959999999999995
963 0.2692
964 0.2692
965 0.2692
966 0.2692
967 0.2688
968 0.2688
969 0.26839999999999997
970 0.26839999999999997
971 0.26839999999999997
972 0.26839999999999997
973 0.26839999999999997
974 0.26839999999999997
975 0.26839999999999997
976 0.26839999999999997
977 0.268
978 0.26719999999999994
979 0.2668
980 0.2668
981 0.2668
982 0.2668
983 0.2668
984 0.2668
985 0.2668
986 0.2668
987 0.26639999999999997
988 0.26639999999999997
989 0.26639999999999997
990 0.26639999999999997
991 0.26639999999999997
992 0.26599999999999996
993 0.26599999999999996
994 0.26599999999999996
995 0.26599999999999996
996 0.26599999999999996
997 0.26599999999999996
998 0.2656
999 0.2656
1000 0.2656
1001 0.2652
1002 0.2652
1003 0.2648
1004 0.2648
1005 0.2648
1006 0.2648
1007 0.2648
1008 0.2644
1009 0.2644
1010 0.2644
1011 0.2644
1012 0.2636
1013 0.2636
1014 0.2636
1015 0.2636
1016 0.2636
1017 0.2636
1018 0.2636
1019 0.2636
1020 0.2636
1021 0.2636
1022 0.2636
1023 0.2636
1024 0.2636
1025 0.2636
1026 0.2636
1027 0.2636
1028 0.2636
1029 0.2636
1030 0.2632
1031 0.26280000000000003
1032 0.26280000000000003
1033 0.26280000000000003
1034 0.26280000000000003
1035 0.26280000000000003
1036 0.26280000000000003
1037 0.26280000000000003
1038 0.26280000000000003
1039 0.26280000000000003
1040 0.26280000000000003
1041 0.26280000000000003
1042 0.2624
1043 0.262
1044 0.262
1045 0.2616
1046 0.2616
1047 0.2612
1048 0.2612
1049 0.26080000000000003
1050 0.26039999999999996
1051 0.26039999999999996
1052 0.26039999999999996
1053 0.26039999999999996
1054 0.26039999999999996
1055 0.26039999999999996
1056 0.26039999999999996
1057 0.26039999999999996
1058 0.26039999999999996
1059 0.26039999999999996
1060 0.26039999999999996
1061 0.26039999999999996
1062 0.26039999999999996
1063 0.26
1064 0.2596
1065 0.2596
1066 0.2596
1067 0.2596
1068 0.2596
1069 0.25920000000000004
1070 0.25920000000000004
1071 0.2584
1072 0.2584
1073 0.258
1074 0.258
1075 0.258
1076 0.258
1077 0.258
1078 0.258
1079 0.258
1080 0.2576
1081 0.2576
1082 0.2576
1083 0.2576
1084 0.25720000000000004
1085 0.25720000000000004
1086 0.25720000000000004
1087 0.25720000000000004
1088 0.25720000000000004
1089 0.25720000000000004
1090 0.25720000000000004
1091 0.25720000000000004
1092 0.25720000000000004
1093 0.25720000000000004
1094 0.2568
1095 0.2564
1096 0.2564
1097 0.2564
1098 0.2564
1099 0.25560000000000005
1100 0.25560000000000005
1101 0.25560000000000005
1102 0.25560000000000005
1103 0.25520000000000004
1104 0.25520000000000004
1105 0.25520000000000004
1106 0.25520000000000004
1107 0.25520000000000004
1108 0.25520000000000004
1109 0.25520000000000004
1110 0.2548
1111 0.2548
1112 0.2548
1113 0.2548
1114 0.2548
1115 0.2548
1116 0.2548
1117 0.2548
1118 0.2544
1119 0.2544
1120 0.254
1121 0.25360000000000005
1122 0.2528
1123 0.2528
1124 0.2528
1125 0.2528
1126 0.2528
1127 0.2528
1128 0.2524
1129 0.2524
1130 0.2524
1131 0.252
1132 0.252
1133 0.252
1134 0.252
1135 0.252
1136 0.252
1137 0.252
1138 0.252
1139 0.252
1140 0.252
1141 0.252
1142 0.252
1143 0.252
1144 0.2516
1145 0.2516
1146 0.2516
1147 0.2516
1148 0.25120000000000003
1149 0.25120000000000003
1150 0.25120000000000003
1151 0.25120000000000003
1152 0.25120000000000003
1153 0.25120000000000003
1154 0.25120000000000003
1155 0.25120000000000003
1156 0.25120000000000003
1157 0.25120000000000003
1158 0.2508
1159 0.2508
1160 0.2508
1161 0.2508
1162 0.2508
1163 0.2508
1164 0.2508
1165 0.2508
1166 0.2504
1167 0.2504
1168 0.2504
1169 0.2504
1170 0.25000000000000006
1171 0.25000000000000006
1172 0.24960000000000004
1173 0.24960000000000004
1174 0.24960000000000004
1175 0.24960000000000004
1176 0.24960000000000004
1177 0.24960000000000004
1178 0.24960000000000004
1179 0.24960000000000004
1180 0.24960000000000004
1181 0.24960000000000004
1182 0.24960000000000004
1183 0.24960000000000004
1184 0.2492
1185 0.2492
1186 0.2492
1187 0.2492
1188 0.2492
1189 0.2492
1190 0.24880000000000002
1191 0.24880000000000002
1192 0.24880000000000002
1193 0.24880000000000002
1194 0.24880000000000002
1195 0.24880000000000002
1196 0.24880000000000002
1197 0.24880000000000002
1198 0.24880000000000002
1199 0.24880000000000002
1200 0.24840000000000004
1201 0.24840000000000004
1202 0.24840000000000004
1203 0.24840000000000004
1204 0.24840000000000004
1205 0.24840000000000004
1206 0.24799999999999997
1207 0.24799999999999997
1208 0.24799999999999997
1209 0.24799999999999997
1210 0.24799999999999997
1211 0.24799999999999997
1212 0.24799999999999997
1213 0.24799999999999997
1214 0.24799999999999997
1215 0.24799999999999997
1216 0.24799999999999997
1217 0.24799999999999997
1218 0.2476
1219 0.2476
1220 0.2476
1221 0.2476
1222 0.2476
1223 0.2476
1224 0.24719999999999998
1225 0.2468
1226 0.2468
1227 0.2468
1228 0.2468
1229 0.2468
1230 0.2468
1231 0.2468
1232 0.2468
1233 0.2468
1234 0.2468
1235 0.2468
1236 0.2468
1237 0.2468
1238 0.2468
1239 0.2468
1240 0.2468
1241 0.2468
1242 0.2468
1243 0.24600000000000002
1244 0.24600000000000002
1245 0.24600000000000002
1246 0.24600000000000002
1247 0.24600000000000002
1248 0.24600000000000002
1249 0.24600000000000002
1250 0.24600000000000002
1251 0.24600000000000002
1252 0.24600000000000002
1253 0.24600000000000002
1254 0.24600000000000002
1255 0.24600000000000002
1256 0.24600000000000002
1257 0.24600000000000002
1258 0.2456
1259 0.2456
1260 0.2456
1261 0.2456
1262 0.2456
1263 0.2456
1264 0.2456
1265 0.2456
1266 0.2456
1267 0.2456
1268 0.2456
1269 0.2456
1270 0.2456
1271 0.2456
1272 0.2456
1273 0.2456
1274 0.2456
1275 0.2456
1276 0.24520000000000003
1277 0.24520000000000003
1278 0.24520000000000003
1279 0.24520000000000003
1280 0.24520000000000003
1281 0.24520000000000003
1282 0.24520000000000003
1283 0.24520000000000003
1284 0.24520000000000003
1285 0.24520000000000003
1286 0.24520000000000003
1287 0.24520000000000003
1288 0.24520000000000003
1289 0.24520000000000003
1290 0.24480000000000005
1291 0.24480000000000005
1292 0.2444
1293 0.2444
1294 0.2444
1295 0.2444
1296 0.24400000000000002
1297 0.24400000000000002
1298 0.24360000000000004
1299 0.24360000000000004
1300 0.24320000000000003
1301 0.24320000000000003
1302 0.24320000000000003
1303 0.24320000000000003
1304 0.24320000000000003
1305 0.24320000000000003
1306 0.24320000000000003
1307 0.24320000000000003
1308 0.24320000000000003
1309 0.24320000000000003
1310 0.24280000000000002
1311 0.24280000000000002
1312 0.24280000000000002
1313 0.24280000000000002
1314 0.24280000000000002
1315 0.24280000000000002
1316 0.24280000000000002
1317 0.24280000000000002
1318 0.24280000000000002
1319 0.24280000000000002
1320 0.24280000000000002
1321 0.24240000000000006
1322 0.24240000000000006
1323 0.24240000000000006
1324 0.24240000000000006
1325 0.24240000000000006
1326 0.24240000000000006
1327 0.24240000000000006
1328 0.24240000000000006
1329 0.24240000000000006
1330 0.24240000000000006
1331 0.24240000000000006
1332 0.24240000000000006
1333 0.24240000000000006
1334 0.24240000000000006
1335 0.24240000000000006
1336 0.24240000000000006
1337 0.24240000000000006
1338 0.24240000000000006
1339 0.24240000000000006
1340 0.24240000000000006
1341 0.24240000000000006
1342 0.24200000000000008
1343 0.24200000000000008
1344 0.24200000000000008
1345 0.24200000000000008
1346 0.24200000000000008
1347 0.24200000000000008
1348 0.24200000000000008
1349 0.24200000000000008
1350 0.24200000000000008
1351 0.24200000000000008
1352 0.24200000000000008
1353 0.24200000000000008
1354 0.24200000000000008
1355 0.24200000000000008
1356 0.24200000000000008
1357 0.24200000000000008
1358 0.24200000000000008
1359 0.24200000000000008
1360 0.24200000000000008
1361 0.24200000000000008
1362 0.24160000000000006
1363 0.24160000000000006
1364 0.24160000000000006
1365 0.24160000000000006
1366 0.24160000000000006
1367 0.24160000000000006
1368 0.24160000000000006
1369 0.24160000000000006
1370 0.24160000000000006
1371 0.24160000000000006
1372 0.24160000000000006
1373 0.24160000000000006
1374 0.24160000000000006
1375 0.24120000000000008
1376 0.24120000000000008
1377 0.24120000000000008
1378 0.24120000000000008
1379 0.24120000000000008
1380 0.24120000000000008
1381 0.24120000000000008
1382 0.24120000000000008
1383 0.24040000000000006
1384 0.24040000000000006
1385 0.24040000000000006
1386 0.24040000000000006
1387 0.24040000000000006
1388 0.24040000000000006
1389 0.24040000000000006
1390 0.24040000000000006
1391 0.24040000000000006
1392 0.24040000000000006
1393 0.24040000000000006
1394 0.24040000000000006
1395 0.24040000000000006
1396 0.24040000000000006
1397 0.24000000000000007
1398 0.24000000000000007
1399 0.24000000000000007
1400 0.24000000000000007
1401 0.2396000000000001
1402 0.2396000000000001
1403 0.2396000000000001
1404 0.2396000000000001
1405 0.2396000000000001
1406 0.2396000000000001
1407 0.2396000000000001
1408 0.23920000000000008
1409 0.23880000000000007
1410 0.23880000000000007
1411 0.23880000000000007
1412 0.23880000000000007
1413 0.23880000000000007
1414 0.23880000000000007
1415 0.23880000000000007
1416 0.23880000000000007
1417 0.23880000000000007
1418 0.23880000000000007
1419 0.23880000000000007
1420 0.23880000000000007
1421 0.23880000000000007
1422 0.23880000000000007
1423 0.23840000000000006
1424 0.23800000000000007
1425 0.23800000000000007
1426 0.23800000000000007
1427 0.23800000000000007
1428 0.23800000000000007
1429 0.23800000000000007
1430 0.23800000000000007
1431 0.23800000000000007
1432 0.23800000000000007
1433 0.23800000000000007
1434 0.23800000000000007
1435 0.23800000000000007
1436 0.23800000000000007
1437 0.23800000000000007
1438 0.23800000000000007
1439 0.2376000000000001
1440 0.2376000000000001
1441 0.2376000000000001
1442 0.2376000000000001
1443 0.2376000000000001
1444 0.2376000000000001
1445 0.2376000000000001
1446 0.2376000000000001
1447 0.2376000000000001
1448 0.2376000000000001
1449 0.2376000000000001
1450 0.2376000000000001
1451 0.2376000000000001
1452 0.2376000000000001
1453 0.2376000000000001
1454 0.2376000000000001
1455 0.2376000000000001
1456 0.2372000000000001
1457 0.23680000000000007
1458 0.23680000000000007
1459 0.23680000000000007
1460 0.23640000000000005
1461 0.23640000000000005
1462 0.23640000000000005
1463 0.23640000000000005
1464 0.23640000000000005
1465 0.23640000000000005
1466 0.23640000000000005
1467 0.23640000000000005
1468 0.23640000000000005
1469 0.23600000000000004
1470 0.23600000000000004
1471 0.23600000000000004
1472 0.23600000000000004
1473 0.23600000000000004
1474 0.23600000000000004
1475 0.23600000000000004
1476 0.23600000000000004
1477 0.23560000000000006
1478 0.23560000000000006
1479 0.23560000000000006
1480 0.23560000000000006
1481 0.23560000000000006
1482 0.23560000000000006
1483 0.23560000000000006
1484 0.23560000000000006
1485 0.23560000000000006
1486 0.23560000000000006
1487 0.23560000000000006
1488 0.23560000000000006
1489 0.23520000000000008
1490 0.23520000000000008
1491 0.23520000000000008
1492 0.23520000000000008
1493 0.23520000000000008
1494 0.23520000000000008
1495 0.23520000000000008
1496 0.23520000000000008
1497 0.23520000000000008
1498 0.23520000000000008
1499 0.23520000000000008
1500 0.23480000000000004
1501 0.23480000000000004
1502 0.23480000000000004
1503 0.23480000000000004
1504 0.23480000000000004
1505 0.23440000000000005
1506 0.23440000000000005
1507 0.23440000000000005
1508 0.23440000000000005
1509 0.23440000000000005
1510 0.23440000000000005
1511 0.23440000000000005
1512 0.23440000000000005
1513 0.23440000000000005
1514 0.23440000000000005
1515 0.23440000000000005
1516 0.23440000000000005
1517 0.234
1518 0.23360000000000003
1519 0.23360000000000003
1520 0.23360000000000003
1521 0.23360000000000003
1522 0.23360000000000003
1523 0.23360000000000003
1524 0.23360000000000003
1525 0.23360000000000003
1526 0.23320000000000005
1527 0.23320000000000005
1528 0.23320000000000005
1529 0.23320000000000005
1530 0.23320000000000005
1531 0.23320000000000005
1532 0.23320000000000005
1533 0.23320000000000005
1534 0.23320000000000005
1535 0.23320000000000005
1536 0.23320000000000005
1537 0.23320000000000005
1538 0.23320000000000005
1539 0.23240000000000005
1540 0.23240000000000005
1541 0.23240000000000005
1542 0.23200000000000007
1543 0.23200000000000007
1544 0.23200000000000007
1545 0.23200000000000007
1546 0.23200000000000007
1547 0.23200000000000007
1548 0.23200000000000007
1549 0.23200000000000007
1550 0.23160000000000003
1551 0.23160000000000003
1552 0.23160000000000003
1553 0.23160000000000003
1554 0.23160000000000003
1555 0.23160000000000003
1556 0.23160000000000003
1557 0.23160000000000003
1558 0.23160000000000003
1559 0.23160000000000003
1560 0.23160000000000003
1561 0.23160000000000003
1562 0.23160000000000003
1563 0.23160000000000003
1564 0.23160000000000003
1565 0.23160000000000003
1566 0.23160000000000003
1567 0.23160000000000003
1568 0.23160000000000003
1569 0.23160000000000003
1570 0.23160000000000003
1571 0.23160000000000003
1572 0.23160000000000003
1573 0.23160000000000003
1574 0.23160000000000003
1575 0.23160000000000003
1576 0.23160000000000003
1577 0.23160000000000003
1578 0.23160000000000003
1579 0.23160000000000003
1580 0.23160000000000003
1581 0.23160000000000003
1582 0.23080000000000006
1583 0.23080000000000006
1584 0.23080000000000006
1585 0.23080000000000006
1586 0.23080000000000006
1587 0.23080000000000006
1588 0.23080000000000006
1589 0.23080000000000006
1590 0.23080000000000006
1591 0.23080000000000006
1592 0.23080000000000006
1593 0.23080000000000006
1594 0.23080000000000006
1595 0.23080000000000006
1596 0.23080000000000006
1597 0.23080000000000006
1598 0.23080000000000006
1599 0.23080000000000006
1600 0.23080000000000006
1601 0.23080000000000006
1602 0.23040000000000002
1603 0.23040000000000002
1604 0.23000000000000004
1605 0.23000000000000004
1606 0.23000000000000004
1607 0.23000000000000004
1608 0.23000000000000004
1609 0.23000000000000004
1610 0.23000000000000004
1611 0.23000000000000004
1612 0.23000000000000004
1613 0.23000000000000004
1614 0.23000000000000004
1615 0.23000000000000004
1616 0.23000000000000004
1617 0.23000000000000004
1618 0.23000000000000004
1619 0.23000000000000004
1620 0.23000000000000004
1621 0.23000000000000004
1622 0.23000000000000004
1623 0.23000000000000004
1624 0.23000000000000004
1625 0.23000000000000004
1626 0.22960000000000005
1627 0.22960000000000005
1628 0.22960000000000005
1629 0.22960000000000005
1630 0.22960000000000005
1631 0.22920000000000004
1632 0.22920000000000004
1633 0.22920000000000004
1634 0.22920000000000004
1635 0.22920000000000004
1636 0.22920000000000004
1637 0.22920000000000004
1638 0.22880000000000003
1639 0.22880000000000003
1640 0.22880000000000003
1641 0.22880000000000003
1642 0.22840000000000005
1643 0.22840000000000005
1644 0.22840000000000005
1645 0.22840000000000005
1646 0.22760000000000005
1647 0.22760000000000005
1648 0.22760000000000005
1649 0.22760000000000005
1650 0.22760000000000005
1651 0.22760000000000005
1652 0.22760000000000005
1653 0.22720000000000007
1654 0.22720000000000007
1655 0.22720000000000007
1656 0.22720000000000007
1657 0.22720000000000007
1658 0.22720000000000007
1659 0.22720000000000007
1660 0.22720000000000007
1661 0.22720000000000007
1662 0.22720000000000007
1663 0.22720000000000007
1664 0.22720000000000007
1665 0.22720000000000007
1666 0.22720000000000007
1667 0.22680000000000006
1668 0.22680000000000006
1669 0.22680000000000006
1670 0.22680000000000006
1671 0.22640000000000007
1672 0.22640000000000007
1673 0.22560000000000005
1674 0.22560000000000005
1675 0.22560000000000005
1676 0.22520000000000007
1677 0.22520000000000007
1678 0.22520000000000007
1679 0.22520000000000007
1680 0.22520000000000007
1681 0.22520000000000007
1682 0.22520000000000007
1683 0.22520000000000007
1684 0.22520000000000007
1685 0.22520000000000007
1686 0.22480000000000008
1687 0.22480000000000008
1688 0.22480000000000008
1689 0.22480000000000008
1690 0.22480000000000008
1691 0.22480000000000008
1692 0.22480000000000008
1693 0.22480000000000008
1694 0.22480000000000008
1695 0.22480000000000008
1696 0.22480000000000008
1697 0.22480000000000008
1698 0.22480000000000008
1699 0.22480000000000008
1700 0.22480000000000008
1701 0.22480000000000008
1702 0.22400000000000006
1703 0.22400000000000006
1704 0.22400000000000006
1705 0.22360000000000008
1706 0.22360000000000008
1707 0.22360000000000008
1708 0.22360000000000008
1709 0.22360000000000008
1710 0.22360000000000008
1711 0.22360000000000008
1712 0.22360000000000008
1713 0.22360000000000008
1714 0.22360000000000008
1715 0.22360000000000008
1716 0.22360000000000008
1717 0.22360000000000008
1718 0.22360000000000008
1719 0.22360000000000008
1720 0.22360000000000008
1721 0.22360000000000008
1722 0.22360000000000008
1723 0.22360000000000008
1724 0.22360000000000008
1725 0.22360000000000008
1726 0.22320000000000007
1727 0.22320000000000007
1728 0.22320000000000007
1729 0.22320000000000007
1730 0.22320000000000007
1731 0.22320000000000007
1732 0.22320000000000007
1733 0.22320000000000007
1734 0.22320000000000007
1735 0.22320000000000007
1736 0.22320000000000007
1737 0.22320000000000007
1738 0.22320000000000007
1739 0.22320000000000007
1740 0.22280000000000008
1741 0.22280000000000008
1742 0.22280000000000008
1743 0.22280000000000008
1744 0.22280000000000008
1745 0.22280000000000008
1746 0.22280000000000008
1747 0.22280000000000008
1748 0.22280000000000008
1749 0.22280000000000008
1750 0.22280000000000008
1751 0.22280000000000008
1752 0.22280000000000008
1753 0.22280000000000008
1754 0.22240000000000004
1755 0.22240000000000004
1756 0.22240000000000004
1757 0.22240000000000004
1758 0.22240000000000004
1759 0.22240000000000004
1760 0.22240000000000004
1761 0.22240000000000004
1762 0.22240000000000004
1763 0.22240000000000004
1764 0.22240000000000004
1765 0.22240000000000004
1766 0.22240000000000004
1767 0.22240000000000004
1768 0.22240000000000004
1769 0.22240000000000004
1770 0.22240000000000004
1771 0.22200000000000003
1772 0.22200000000000003
1773 0.22200000000000003
1774 0.22200000000000003
1775 0.22200000000000003
1776 0.22200000000000003
1777 0.22200000000000003
1778 0.22200000000000003
1779 0.22200000000000003
1780 0.22200000000000003
1781 0.22200000000000003
1782 0.22200000000000003
1783 0.22200000000000003
1784 0.22200000000000003
1785 0.22200000000000003
1786 0.22200000000000003
1787 0.22200000000000003
1788 0.22200000000000003
1789 0.22200000000000003
1790 0.22200000000000003
1791 0.22200000000000003
1792 0.22200000000000003
1793 0.22200000000000003
1794 0.22200000000000003
1795 0.22200000000000003
1796 0.22200000000000003
1797 0.22200000000000003
1798 0.22200000000000003
1799 0.22160000000000005
1800 0.22160000000000005
1801 0.22160000000000005
1802 0.22160000000000005
1803 0.22160000000000005
1804 0.22120000000000004
1805 0.22120000000000004
1806 0.22120000000000004
1807 0.22120000000000004
1808 0.22120000000000004
1809 0.22120000000000004
1810 0.22120000000000004
1811 0.22080000000000005
1812 0.22080000000000005
1813 0.22080000000000005
1814 0.22080000000000005
1815 0.22080000000000005
1816 0.22080000000000005
1817 0.22080000000000005
1818 0.22080000000000005
1819 0.22080000000000005
1820 0.22000000000000003
1821 0.22000000000000003
1822 0.22000000000000003
1823 0.22000000000000003
1824 0.21960000000000005
1825 0.21960000000000005
1826 0.21960000000000005
1827 0.21960000000000005
1828 0.21960000000000005
1829 0.21960000000000005
1830 0.21960000000000005
1831 0.21960000000000005
1832 0.21960000000000005
1833 0.21920000000000006
1834 0.21920000000000006
1835 0.21920000000000006
1836 0.21920000000000006
1837 0.21920000000000006
1838 0.21920000000000006
1839 0.21920000000000006
1840 0.21920000000000006
1841 0.21920000000000006
1842 0.21920000000000006
1843 0.21920000000000006
1844 0.21920000000000006
1845 0.21920000000000006
1846 0.21920000000000006
1847 0.21920000000000006
1848 0.21920000000000006
1849 0.21920000000000006
1850 0.21920000000000006
1851 0.21920000000000006
1852 0.21920000000000006
1853 0.21920000000000006
1854 0.21920000000000006
1855 0.21920000000000006
1856 0.21920000000000006
1857 0.21920000000000006
1858 0.21920000000000006
1859 0.21920000000000006
1860 0.21920000000000006
1861 0.21920000000000006
1862 0.21920000000000006
1863 0.21920000000000006
1864 0.21920000000000006
1865 0.21880000000000005
1866 0.21880000000000005
1867 0.21880000000000005
1868 0.21880000000000005
1869 0.21880000000000005
1870 0.21880000000000005
1871 0.21840000000000007
1872 0.21840000000000007
1873 0.21840000000000007
1874 0.21840000000000007
1875 0.21840000000000007
1876 0.21840000000000007
1877 0.21840000000000007
1878 0.21840000000000007
1879 0.21840000000000007
1880 0.21840000000000007
1881 0.21840000000000007
1882 0.21840000000000007
1883 0.21840000000000007
1884 0.21840000000000007
1885 0.21840000000000007
1886 0.21840000000000007
1887 0.21840000000000007
1888 0.21840000000000007
1889 0.21840000000000007
1890 0.21840000000000007
1891 0.21840000000000007
1892 0.21840000000000007
1893 0.21840000000000007
1894 0.21840000000000007
1895 0.21840000000000007
1896 0.21840000000000007
1897 0.21840000000000007
1898 0.21840000000000007
1899 0.21840000000000007
1900 0.21800000000000005
1901 0.21800000000000005
1902 0.21800000000000005
1903 0.21800000000000005
1904 0.21800000000000005
1905 0.21760000000000004
1906 0.21760000000000004
1907 0.21760000000000004
1908 0.21760000000000004
1909 0.21760000000000004
1910 0.21760000000000004
1911 0.21720000000000006
1912 0.21720000000000006
1913 0.21720000000000006
1914 0.21720000000000006
1915 0.21640000000000006
1916 0.21640000000000006
1917 0.21640000000000006
1918 0.21640000000000006
1919 0.21640000000000006
1920 0.21640000000000006
1921 0.21640000000000006
1922 0.21640000000000006
1923 0.21640000000000006
1924 0.21640000000000006
1925 0.21640000000000006
1926 0.21640000000000006
1927 0.21600000000000005
1928 0.21600000000000005
1929 0.21600000000000005
1930 0.21600000000000005
1931 0.2156
1932 0.2156
1933 0.2156
1934 0.2156
1935 0.2156
1936 0.2156
1937 0.2156
1938 0.2156
1939 0.21520000000000003
1940 0.21520000000000003
1941 0.21520000000000003
1942 0.21520000000000003
1943 0.21520000000000003
1944 0.21520000000000003
1945 0.21520000000000003
1946 0.21520000000000003
1947 0.21520000000000003
1948 0.21520000000000003
1949 0.21520000000000003
1950 0.21520000000000003
1951 0.21520000000000003
1952 0.21520000000000003
1953 0.21520000000000003
1954 0.21520000000000003
1955 0.21520000000000003
1956 0.21520000000000003
1957 0.21520000000000003
1958 0.21520000000000003
1959 0.21520000000000003
1960 0.21520000000000003
1961 0.21520000000000003
1962 0.21520000000000003
1963 0.21520000000000003
1964 0.21520000000000003
1965 0.21520000000000003
1966 0.21520000000000003
1967 0.21520000000000003
1968 0.21439999999999998
1969 0.21439999999999998
1970 0.21439999999999998
1971 0.21439999999999998
1972 0.21439999999999998
1973 0.21439999999999998
1974 0.21439999999999998
1975 0.21439999999999998
1976 0.21439999999999998
1977 0.21439999999999998
1978 0.21439999999999998
1979 0.21439999999999998
1980 0.21439999999999998
1981 0.21439999999999998
1982 0.21439999999999998
1983 0.21439999999999998
1984 0.21439999999999998
1985 0.21439999999999998
1986 0.21439999999999998
1987 0.214
1988 0.214
1989 0.214
1990 0.214
1991 0.214
1992 0.214
1993 0.214
1994 0.214
1995 0.214
1996 0.214
1997 0.214
1998 0.214
1999 0.214
