1 1.0
2 1.0
3 1.0
4 0.9996
5 0.9992
6 0.9992
7 0.998
8 0.9967999999999999
9 0.9964
10 0.996
11 0.9952000000000001
12 0.9944
13 0.9936
14 0.9928
15 0.9912000000000001
16 0.9912000000000001
17 0.9904000000000001
18 0.9904000000000001
19 0.9891999999999999
20 0.9884
21 0.9864
22 0.9864
23 0.9852
24 0.9839999999999999
25 0.9832
26 0.9803999999999999
27 0.9803999999999999
28 0.9803999999999999
29 0.9803999999999999
30 0.9803999999999999
31 0.98
32 0.9791999999999998
33 0.9783999999999999
34 0.9779999999999999
35 0.9771999999999998
36 0.9767999999999998
37 0.9759999999999998
38 0.9751999999999998
39 0.9735999999999997
40 0.9727999999999998
41 0.9719999999999998
42 0.9715999999999997
43 0.9707999999999999
44 0.9691999999999998
45 0.9679999999999996
46 0.9671999999999997
47 0.9663999999999997
48 0.9659999999999996
49 0.9643999999999997
50 0.9627999999999999
51 0.9627999999999999
52 0.9611999999999997
53 0.9611999999999997
54 0.9599999999999999
55 0.9599999999999999
56 0.9591999999999997
57 0.9575999999999998
58 0.9571999999999998
59 0.9563999999999999
60 0.9559999999999998
61 0.9555999999999999
62 0.954
63 0.9535999999999999
64 0.9519999999999998
65 0.9516
66 0.9508
67 0.9503999999999999
68 0.9503999999999999
69 0.9495999999999998
70 0.9495999999999998
71 0.9483999999999998
72 0.9471999999999997
73 0.9459999999999998
74 0.9451999999999998
75 0.9443999999999998
76 0.9431999999999998
77 0.9419999999999998
78 0.9411999999999999
79 0.9403999999999999
80 0.9403999999999999
81 0.9391999999999999
82 0.9388
83 0.9383999999999999
84 0.938
85 0.9368
86 0.9351999999999998
87 0.9307999999999998
88 0.9307999999999998
89 0.9288
90 0.9279999999999999
91 0.9255999999999999
92 0.9228000000000001
93 0.9196
94 0.9192
95 0.9164000000000001
96 0.916
97 0.9148000000000001
98 0.9144000000000001
99 0.9132000000000002
100 0.9132000000000002
101 0.9116000000000001
102 0.9112
103 0.9107999999999999
104 0.91
105 0.9084
106 0.9079999999999999
107 0.9079999999999999
108 0.9056000000000001
109 0.9048
110 0.9048
111 0.9044
112 0.9036
113 0.9036
114 0.9028
115 0.9016000000000001
116 0.8996000000000001
117 0.8972
118 0.8968
119 0.8956000000000001
120 0.8944
121 0.8936
122 0.8931999999999999
123 0.8924
124 0.892
125 0.8912
126 0.8908000000000001
127 0.8904000000000002
128 0.8892000000000002
129 0.8888000000000001
130 0.8880000000000001
131 0.8868000000000003
132 0.8856000000000003
133 0.8852000000000002
134 0.8844000000000003
135 0.8836000000000003
136 0.8832000000000002
137 0.8824000000000002
138 0.8816000000000003
139 0.8812000000000002
140 0.8812000000000002
141 0.8808000000000002
142 0.8796000000000003
143 0.8784000000000002
144 0.8776000000000002
145 0.8768000000000004
146 0.8760000000000002
147 0.8748000000000001
148 0.8732000000000002
149 0.8724000000000003
150 0.8716000000000003
151 0.8708000000000001
152 0.8708000000000001
153 0.8696
154 0.8688000000000001
155 0.8684000000000001
156 0.8684000000000001
157 0.8680000000000001
158 0.8680000000000001
159 0.8672000000000001
160 0.8656000000000001
161 0.8640000000000002
162 0.8620000000000002
163 0.8600000000000001
164 0.8567999999999998
165 0.8559999999999997
166 0.8555999999999997
167 0.8551999999999998
168 0.8543999999999998
169 0.8535999999999998
170 0.8531999999999997
171 0.8511999999999997
172 0.8499999999999999
173 0.8492000000000001
174 0.8484
175 0.8475999999999999
176 0.8467999999999999
177 0.8464
178 0.846
179 0.8456
180 0.8448
181 0.8439999999999999
182 0.8432
183 0.8423999999999999
184 0.8419999999999999
185 0.8412
186 0.8412
187 0.8399999999999999
188 0.8399999999999999
189 0.8391999999999998
190 0.8391999999999998
191 0.8391999999999998
192 0.8379999999999999
193 0.8375999999999999
194 0.8371999999999998
195 0.8371999999999998
196 0.8367999999999999
197 0.8359999999999999
198 0.8355999999999999
199 0.834
200 0.8335999999999999
201 0.8331999999999999
202 0.8323999999999999
203 0.8316
204 0.8308
205 0.8295999999999999
206 0.8288000000000001
207 0.8275999999999999
208 0.8268
209 0.8263999999999999
210 0.8251999999999999
211 0.8247999999999999
212 0.8240000000000001
213 0.8232000000000003
214 0.8228000000000003
215 0.8228000000000003
216 0.8228000000000003
217 0.8228000000000003
218 0.8224000000000002
219 0.8224000000000002
220 0.8224000000000002
221 0.8224000000000002
222 0.8224000000000002
223 0.8212000000000004
224 0.8208000000000003
225 0.8196000000000002
226 0.8196000000000002
227 0.8192000000000003
228 0.8188000000000004
229 0.8188000000000004
230 0.8188000000000004
231 0.8176000000000003
232 0.8176000000000003
233 0.8172000000000003
234 0.8164000000000002
235 0.8152000000000004
236 0.8140000000000002
237 0.8140000000000002
238 0.8140000000000002
239 0.8128000000000003
240 0.8116000000000002
241 0.8116000000000002
242 0.8112000000000004
243 0.8104000000000003
244 0.8096000000000002
245 0.8092000000000001
246 0.8088000000000002
247 0.8084000000000002
248 0.8072000000000003
249 0.8068000000000002
250 0.8060000000000003
251 0.8048000000000002
252 0.8048000000000002
253 0.8044000000000001
254 0.8036000000000001
255 0.8032
256 0.8024
257 0.8024
258 0.8019999999999999
259 0.8016
260 0.8016
261 0.8011999999999999
262 0.8003999999999998
263 0.7999999999999998
264 0.7991999999999999
265 0.7991999999999999
266 0.7979999999999998
267 0.7975999999999998
268 0.7971999999999997
269 0.7963999999999998
270 0.7963999999999998
271 0.7959999999999998
272 0.7959999999999998
273 0.7955999999999998
274 0.7951999999999997
275 0.7951999999999997
276 0.7951999999999997
277 0.7947999999999997
278 0.7943999999999999
279 0.7939999999999998
280 0.7939999999999998
281 0.7919999999999997
282 0.7915999999999999
283 0.7899999999999998
284 0.7899999999999998
285 0.7896
286 0.7891999999999999
287 0.7888
288 0.7879999999999999
289 0.7872
290 0.7864
291 0.7847999999999999
292 0.7839999999999999
293 0.7835999999999999
294 0.7827999999999998
295 0.7827999999999998
296 0.7819999999999997
297 0.7819999999999997
298 0.7819999999999997
299 0.7807999999999998
300 0.7799999999999998
301 0.7787999999999998
302 0.7783999999999999
303 0.7771999999999999
304 0.7755999999999998
305 0.7755999999999998
306 0.7751999999999998
307 0.7743999999999999
308 0.7743999999999999
309 0.7735999999999998
310 0.7731999999999999
311 0.7723999999999998
312 0.7707999999999998
313 0.7707999999999998
314 0.7707999999999998
315 0.7699999999999999
316 0.7696
317 0.7687999999999999
318 0.7679999999999998
319 0.7676
320 0.7676
321 0.7671999999999999
322 0.7667999999999999
323 0.7659999999999998
324 0.7655999999999997
325 0.7647999999999997
326 0.7647999999999997
327 0.7643999999999999
328 0.7643999999999999
329 0.7643999999999999
330 0.7639999999999998
331 0.7639999999999998
332 0.7635999999999997
333 0.7635999999999997
334 0.7631999999999998
335 0.7627999999999999
336 0.7623999999999999
337 0.7619999999999999
338 0.7611999999999998
339 0.7607999999999998
340 0.7607999999999998
341 0.76
342 0.76
343 0.76
344 0.76
345 0.7595999999999999
346 0.7592
347 0.7579999999999998
348 0.7575999999999999
349 0.7563999999999999
350 0.7563999999999999
351 0.7563999999999999
352 0.7563999999999999
353 0.7563999999999999
354 0.7559999999999999
355 0.7547999999999999
356 0.7547999999999999
357 0.7547999999999999
358 0.7539999999999999
359 0.7536
360 0.7532000000000001
361 0.7528
362 0.7524000000000001
363 0.7524000000000001
364 0.7524000000000001
365 0.7524000000000001
366 0.7524000000000001
367 0.7516000000000002
368 0.7512000000000001
369 0.7508
370 0.7495999999999999
371 0.7487999999999999
372 0.7487999999999999
373 0.7487999999999999
374 0.7476
375 0.7468
376 0.7468
377 0.7464000000000002
378 0.7464000000000002
379 0.7464000000000002
380 0.7464000000000002
381 0.7464000000000002
382 0.7464000000000002
383 0.7460000000000001
384 0.7460000000000001
385 0.7460000000000001
386 0.7460000000000001
387 0.7460000000000001
388 0.7452
389 0.7452
390 0.7448
391 0.7444
392 0.7444
393 0.7444
394 0.7439999999999999
395 0.7439999999999999
396 0.7439999999999999
397 0.7436
398 0.7428
399 0.742
400 0.742
401 0.742
402 0.7408
403 0.7404
404 0.74
405 0.74
406 0.7392
407 0.738
408 0.738
409 0.7372
410 0.7368000000000001
411 0.7368000000000001
412 0.7368000000000001
413 0.736
414 0.736
415 0.736
416 0.7348
417 0.7348
418 0.7343999999999999
419 0.7343999999999999
420 0.7340000000000001
421 0.7336
422 0.7332000000000001
423 0.7332000000000001
424 0.7332000000000001
425 0.7328
426 0.7324
427 0.7324
428 0.7312000000000001
429 0.7312000000000001
430 0.7304
431 0.7304
432 0.7300000000000001
433 0.7300000000000001
434 0.7292000000000002
435 0.7292000000000002
436 0.7284000000000002
437 0.7280000000000002
438 0.7276000000000004
439 0.7276000000000004
440 0.7268000000000003
441 0.7268000000000003
442 0.7268000000000003
443 0.7268000000000003
444 0.7268000000000003
445 0.7268000000000003
446 0.7268000000000003
447 0.7264000000000003
448 0.7260000000000004
449 0.7260000000000004
450 0.7256000000000004
451 0.7256000000000004
452 0.7248000000000003
453 0.7248000000000003
454 0.7244000000000004
455 0.7244000000000004
456 0.7240000000000003
457 0.7224000000000003
458 0.7224000000000003
459 0.7216000000000002
460 0.7200000000000003
461 0.7200000000000003
462 0.7200000000000003
463 0.7196000000000002
464 0.7196000000000002
465 0.7192000000000003
466 0.7184000000000004
467 0.7176000000000002
468 0.7176000000000002
469 0.7176000000000002
470 0.7168000000000002
471 0.7164000000000003
472 0.7164000000000003
473 0.7160000000000004
474 0.7156000000000003
475 0.7152000000000003
476 0.7144000000000003
477 0.7144000000000003
478 0.7140000000000003
479 0.7140000000000003
480 0.7136000000000002
481 0.7136000000000002
482 0.7136000000000002
483 0.7132000000000004
484 0.7128000000000003
485 0.7128000000000003
486 0.7128000000000003
487 0.7128000000000003
488 0.7124000000000004
489 0.7124000000000004
490 0.7120000000000003
491 0.7120000000000003
492 0.7120000000000003
493 0.7120000000000003
494 0.7116000000000002
495 0.7116000000000002
496 0.7116000000000002
497 0.7116000000000002
498 0.7108000000000003
499 0.7104000000000003
500 0.7088000000000002
501 0.7080000000000003
502 0.7076000000000002
503 0.7072000000000003
504 0.7072000000000003
505 0.7072000000000003
506 0.7072000000000003
507 0.7072000000000003
508 0.7068000000000002
509 0.7068000000000002
510 0.7064000000000002
511 0.7064000000000002
512 0.7056000000000003
513 0.7052000000000003
514 0.7048000000000003
515 0.7044000000000002
516 0.7044000000000002
517 0.7040000000000002
518 0.7040000000000002
519 0.7036000000000002
520 0.7036000000000002
521 0.7032000000000003
522 0.7032000000000003
523 0.7032000000000003
524 0.7032000000000003
525 0.7032000000000003
526 0.7028000000000003
527 0.7028000000000003
528 0.7016000000000001
529 0.7016000000000001
530 0.7004000000000002
531 0.7004000000000002
532 0.7004000000000002
533 0.7000000000000002
534 0.6996000000000001
535 0.6996000000000001
536 0.6992000000000002
537 0.6992000000000002
538 0.6988000000000001
539 0.6988000000000001
540 0.6984000000000001
541 0.6980000000000001
542 0.6980000000000001
543 0.6980000000000001
544 0.6980000000000001
545 0.6976
546 0.6976
547 0.6976
548 0.6976
549 0.6972000000000002
550 0.6964000000000001
551 0.6964000000000001
552 0.6964000000000001
553 0.6948000000000001
554 0.6944
555 0.6944
556 0.6944
557 0.6931999999999999
558 0.6931999999999999
559 0.6923999999999999
560 0.6920000000000001
561 0.6920000000000001
562 0.6912
563 0.6908
564 0.6892
565 0.688
566 0.6872
567 0.6868
568 0.6868
569 0.6864
570 0.6856
571 0.6856
572 0.6856
573 0.6856
574 0.6848000000000001
575 0.6836
576 0.6836
577 0.6828
578 0.6828
579 0.6828
580 0.682
581 0.682
582 0.6812
583 0.6812
584 0.6812
585 0.6812
586 0.6812
587 0.6812
588 0.6808000000000001
589 0.6804000000000001
590 0.6792
591 0.6784
592 0.6784
593 0.6784
594 0.6784
595 0.6784
596 0.6779999999999999
597 0.6776000000000001
598 0.6776000000000001
599 0.6776000000000001
600 0.6776000000000001
601 0.6776000000000001
602 0.6776000000000001
603 0.6776000000000001
604 0.6768000000000001
605 0.6768000000000001
606 0.6768000000000001
607 0.6768000000000001
608 0.6764
609 0.6764
610 0.6764
611 0.6756
612 0.6752000000000001
613 0.6752000000000001
614 0.6748000000000001
615 0.674
616 0.674
617 0.6732
618 0.6732
619 0.6732
620 0.6724
621 0.6724
622 0.672
623 0.6716
624 0.6712
625 0.6708
626 0.6708
627 0.6696000000000001
628 0.6692000000000001
629 0.6692000000000001
630 0.6692000000000001
631 0.6692000000000001
632 0.6692000000000001
633 0.6684
634 0.6684
635 0.6680000000000001
636 0.6672000000000001
637 0.6668000000000001
638 0.6668000000000001
639 0.6664000000000001
640 0.6656000000000002
641 0.6656000000000002
642 0.6656000000000002
643 0.6656000000000002
644 0.6648000000000001
645 0.6648000000000001
646 0.6636
647 0.6628000000000001
648 0.6628000000000001
649 0.6628000000000001
650 0.6628000000000001
651 0.6624
652 0.662
653 0.6616
654 0.6607999999999999
655 0.6607999999999999
656 0.6607999999999999
657 0.6603999999999999
658 0.66
659 0.66
660 0.66
661 0.66
662 0.66
663 0.6592
664 0.6592
665 0.6587999999999999
666 0.6587999999999999
667 0.6587999999999999
668 0.6587999999999999
669 0.6584
670 0.6572
671 0.6572
672 0.6567999999999999
673 0.6567999999999999
674 0.6556000000000001
675 0.6544
676 0.654
677 0.654
678 0.6531999999999999
679 0.6531999999999999
680 0.6524
681 0.6524
682 0.6524
683 0.652
684 0.6507999999999999
685 0.6507999999999999
686 0.6504000000000001
687 0.6504000000000001
688 0.65
689 0.65
690 0.6487999999999999
691 0.6487999999999999
692 0.6487999999999999
693 0.6484000000000001
694 0.6484000000000001
695 0.6484000000000001
696 0.6484000000000001
697 0.648
698 0.648
699 0.648
700 0.6476
701 0.6476
702 0.6476
703 0.6472
704 0.6467999999999999
705 0.6467999999999999
706 0.6467999999999999
707 0.6467999999999999
708 0.6467999999999999
709 0.6467999999999999
710 0.6464
711 0.6456000000000001
712 0.6452
713 0.6452
714 0.6448
715 0.6448
716 0.6448
717 0.6448
718 0.6444
719 0.6444
720 0.6436
721 0.6436
722 0.6436
723 0.6431999999999999
724 0.6428
725 0.6424
726 0.642
727 0.642
728 0.6416
729 0.6411999999999999
730 0.6411999999999999
731 0.6411999999999999
732 0.6411999999999999
733 0.6404
734 0.6399999999999999
735 0.6399999999999999
736 0.6399999999999999
737 0.6399999999999999
738 0.6399999999999999
739 0.6399999999999999
740 0.6399999999999999
741 0.6395999999999998
742 0.6387999999999999
743 0.6387999999999999
744 0.6376
745 0.6376
746 0.6371999999999999
747 0.6367999999999999
748 0.6364
749 0.6359999999999999
750 0.6355999999999999
751 0.6355999999999999
752 0.6352
753 0.6347999999999999
754 0.634
755 0.6335999999999999
756 0.6335999999999999
757 0.6335999999999999
758 0.6335999999999999
759 0.6335999999999999
760 0.6335999999999999
761 0.6332
762 0.6328
763 0.6328
764 0.6324000000000001
765 0.6324000000000001
766 0.6316
767 0.6316
768 0.6312000000000001
769 0.6308
770 0.6308
771 0.6308
772 0.6308
773 0.6308
774 0.6308
775 0.6304000000000001
776 0.6304000000000001
777 0.6292
778 0.6292
779 0.6287999999999999
780 0.6284
781 0.6272
782 0.6272
783 0.6272
784 0.6272
785 0.6272
786 0.6272
787 0.6272
788 0.6272
789 0.6272
790 0.6268
791 0.6268
792 0.6268
793 0.6264
794 0.6264
795 0.6264
796 0.6264
797 0.6264
798 0.6264
799 0.6264
800 0.6264
801 0.6264
802 0.6264
803 0.626
804 0.6252
805 0.6252
806 0.6248
807 0.6248
808 0.6244
809 0.6235999999999999
810 0.6235999999999999
811 0.6232
812 0.6232
813 0.6232
814 0.6227999999999999
815 0.6224
816 0.622
817 0.622
818 0.622
819 0.6215999999999999
820 0.6215999999999999
821 0.6212
822 0.6212
823 0.6212
824 0.6208
825 0.6204
826 0.62
827 0.62
828 0.62
829 0.62
830 0.62
831 0.62
832 0.62
833 0.6196
834 0.6196
835 0.6196
836 0.6192
837 0.6192
838 0.6192
839 0.6188
840 0.6188
841 0.6188
842 0.6184000000000001
843 0.6184000000000001
844 0.6184000000000001
845 0.6184000000000001
846 0.618
847 0.6175999999999999
848 0.6172
849 0.6164000000000001
850 0.6156000000000001
851 0.6148
852 0.6148
853 0.6148
854 0.6148
855 0.6144
856 0.6144
857 0.6144
858 0.6144
859 0.6144
860 0.614
861 0.6132
862 0.6132
863 0.6132
864 0.6132
865 0.6132
866 0.6132
867 0.6127999999999999
868 0.612
869 0.6112
870 0.6112
871 0.6112
872 0.6095999999999999
873 0.6095999999999999
874 0.6095999999999999
875 0.6095999999999999
876 0.6095999999999999
877 0.6095999999999999
878 0.6095999999999999
879 0.6095999999999999
880 0.6095999999999999
881 0.6095999999999999
882 0.6092
883 0.6087999999999999
884 0.6087999999999999
885 0.6079999999999999
886 0.6079999999999999
887 0.6079999999999999
888 0.6079999999999999
889 0.6079999999999999
890 0.6071999999999999
891 0.6063999999999998
892 0.6063999999999998
893 0.6063999999999998
894 0.6063999999999998
895 0.6055999999999999
896 0.6051999999999998
897 0.6051999999999998
898 0.6047999999999999
899 0.6047999999999999
900 0.6047999999999999
901 0.6047999999999999
902 0.6043999999999999
903 0.6043999999999999
904 0.6043999999999999
905 0.6043999999999999
906 0.6043999999999999
907 0.6043999999999999
908 0.6043999999999999
909 0.6043999999999999
910 0.6043999999999999
911 0.6043999999999999
912 0.6043999999999999
913 0.6043999999999999
914 0.6039999999999999
915 0.6039999999999999
916 0.6035999999999998
917 0.6035999999999998
918 0.6031999999999998
919 0.6031999999999998
920 0.6019999999999999
921 0.6019999999999999
922 0.6015999999999999
923 0.6015999999999999
924 0.6015999999999999
925 0.6015999999999999
926 0.6015999999999999
927 0.6015999999999999
928 0.6007999999999999
929 0.6007999999999999
930 0.6003999999999998
931 0.6003999999999998
932 0.6003999999999998
933 0.5995999999999999
934 0.5995999999999999
935 0.5991999999999998
936 0.5991999999999998
937 0.5987999999999999
938 0.5983999999999999
939 0.5983999999999999
940 0.5983999999999999
941 0.5975999999999999
942 0.5972
943 0.5972
944 0.5972
945 0.5972
946 0.5967999999999999
947 0.596
948 0.596
949 0.596
950 0.5955999999999999
951 0.5955999999999999
952 0.5955999999999999
953 0.5951999999999998
954 0.5951999999999998
955 0.5947999999999999
956 0.5939999999999999
957 0.5939999999999999
958 0.5939999999999999
959 0.5939999999999999
960 0.5939999999999999
961 0.5939999999999999
962 0.5939999999999999
963 0.5928
964 0.5928
965 0.5928
966 0.5923999999999999
967 0.5923999999999999
968 0.5923999999999999
969 0.5923999999999999
970 0.5923999999999999
971 0.5923999999999999
972 0.592
973 0.592
974 0.5912
975 0.5908
976 0.5908
977 0.5908
978 0.5908
979 0.5908
980 0.5908
981 0.5904
982 0.5904
983 0.5904
984 0.5904
985 0.5904
986 0.5904
987 0.5904
988 0.59
989 0.59
990 0.5896
991 0.5896
992 0.5896
993 0.5892000000000001
994 0.5892000000000001
995 0.5892000000000001
996 0.5892000000000001
997 0.5892000000000001
998 0.5892000000000001
999 0.5892000000000001
1000 0.5892000000000001
1001 0.5892000000000001
1002 0.5888
1003 0.5888
1004 0.5883999999999999
1005 0.5883999999999999
1006 0.5883999999999999
1007 0.588
1008 0.5876
1009 0.5876
1010 0.5876
1011 0.5876
1012 0.5871999999999999
1013 0.5871999999999999
1014 0.5871999999999999
1015 0.5871999999999999
1016 0.5871999999999999
1017 0.5871999999999999
1018 0.5871999999999999
1019 0.5871999999999999
1020 0.5871999999999999
1021 0.5871999999999999
1022 0.5871999999999999
1023 0.5871999999999999
1024 0.5871999999999999
1025 0.5863999999999999
1026 0.5863999999999999
1027 0.586
1028 0.586
1029 0.5855999999999999
1030 0.5855999999999999
1031 0.5851999999999999
1032 0.5851999999999999
1033 0.5851999999999999
1034 0.5847999999999999
1035 0.5847999999999999
1036 0.5847999999999999
1037 0.5843999999999999
1038 0.5843999999999999
1039 0.5843999999999999
1040 0.5835999999999999
1041 0.5835999999999999
1042 0.5835999999999999
1043 0.5835999999999999
1044 0.5831999999999999
1045 0.5828
1046 0.5828
1047 0.5828
1048 0.5828
1049 0.5819999999999999
1050 0.5815999999999999
1051 0.5815999999999999
1052 0.5815999999999999
1053 0.5815999999999999
1054 0.5815999999999999
1055 0.5815999999999999
1056 0.5815999999999999
1057 0.5811999999999999
1058 0.5811999999999999
1059 0.5811999999999999
1060 0.5811999999999999
1061 0.5811999999999999
1062 0.5811999999999999
1063 0.5807999999999999
1064 0.5807999999999999
1065 0.5807999999999999
1066 0.5807999999999999
1067 0.58
1068 0.58
1069 0.5795999999999999
1070 0.5795999999999999
1071 0.5791999999999999
1072 0.5791999999999999
1073 0.5791999999999999
1074 0.5791999999999999
1075 0.5791999999999999
1076 0.5791999999999999
1077 0.5791999999999999
1078 0.5791999999999999
1079 0.5791999999999999
1080 0.5788
1081 0.5788
1082 0.5783999999999999
1083 0.5783999999999999
1084 0.5783999999999999
1085 0.5783999999999999
1086 0.5779999999999998
1087 0.5779999999999998
1088 0.5775999999999999
1089 0.5775999999999999
1090 0.5771999999999998
1091 0.5771999999999998
1092 0.5771999999999998
1093 0.5771999999999998
1094 0.5771999999999998
1095 0.5771999999999998
1096 0.5771999999999998
1097 0.5767999999999999
1098 0.5767999999999999
1099 0.5763999999999999
1100 0.5763999999999999
1101 0.5755999999999999
1102 0.5751999999999999
1103 0.5751999999999999
1104 0.5751999999999999
1105 0.5747999999999999
1106 0.5743999999999998
1107 0.5739999999999998
1108 0.5739999999999998
1109 0.5739999999999998
1110 0.5739999999999998
1111 0.5739999999999998
1112 0.5739999999999998
1113 0.5739999999999998
1114 0.5739999999999998
1115 0.5739999999999998
1116 0.5735999999999999
1117 0.5735999999999999
1118 0.5735999999999999
1119 0.5735999999999999
1120 0.5735999999999999
1121 0.5735999999999999
1122 0.5731999999999998
1123 0.5731999999999998
1124 0.5731999999999998
1125 0.5731999999999998
1126 0.5731999999999998
1127 0.5723999999999999
1128 0.5723999999999999
1129 0.5719999999999998
1130 0.5719999999999998
1131 0.5719999999999998
1132 0.5719999999999998
1133 0.5715999999999999
1134 0.5715999999999999
1135 0.5715999999999999
1136 0.5715999999999999
1137 0.5715999999999999
1138 0.5715999999999999
1139 0.5715999999999999
1140 0.5715999999999999
1141 0.5715999999999999
1142 0.5715999999999999
1143 0.5715999999999999
1144 0.5711999999999999
1145 0.5711999999999999
1146 0.5711999999999999
1147 0.5711999999999999
1148 0.5711999999999999
1149 0.5711999999999999
1150 0.5707999999999999
1151 0.5707999999999999
1152 0.5707999999999999
1153 0.5707999999999999
1154 0.5703999999999998
1155 0.5703999999999998
1156 0.5703999999999998
1157 0.5703999999999998
1158 0.5695999999999999
1159 0.5695999999999999
1160 0.5691999999999999
1161 0.5691999999999999
1162 0.5691999999999999
1163 0.5683999999999999
1164 0.5675999999999999
1165 0.5675999999999999
1166 0.5671999999999999
1167 0.5668
1168 0.5668
1169 0.5668
1170 0.5663999999999999
1171 0.566
1172 0.566
1173 0.566
1174 0.566
1175 0.566
1176 0.566
1177 0.566
1178 0.5651999999999999
1179 0.5651999999999999
1180 0.5651999999999999
1181 0.5651999999999999
1182 0.5648
1183 0.5643999999999999
1184 0.564
1185 0.564
1186 0.564
1187 0.564
1188 0.5635999999999999
1189 0.5635999999999999
1190 0.5635999999999999
1191 0.5635999999999999
1192 0.5628
1193 0.5628
1194 0.5628
1195 0.5623999999999999
1196 0.5623999999999999
1197 0.5619999999999999
1198 0.5619999999999999
1199 0.5616
1200 0.5616
1201 0.5608
1202 0.5604
1203 0.5604
1204 0.5604
1205 0.5604
1206 0.5596
1207 0.5592
1208 0.558
1209 0.558
1210 0.558
1211 0.5576000000000001
1212 0.5576000000000001
1213 0.5576000000000001
1214 0.5576000000000001
1215 0.5572
1216 0.5572
1217 0.5568
1218 0.5568
1219 0.5568
1220 0.5564
1221 0.5564
1222 0.5564
1223 0.556
1224 0.556
1225 0.5556
1226 0.5552
1227 0.5552
1228 0.5544
1229 0.5539999999999999
1230 0.5539999999999999
1231 0.5539999999999999
1232 0.5539999999999999
1233 0.5539999999999999
1234 0.5539999999999999
1235 0.5539999999999999
1236 0.5539999999999999
1237 0.5539999999999999
1238 0.5539999999999999
1239 0.5536
1240 0.5524
1241 0.5524
1242 0.5519999999999999
1243 0.5516
1244 0.5516
1245 0.5516
1246 0.5512
1247 0.5512
1248 0.5512
1249 0.5512
1250 0.5512
1251 0.5512
1252 0.5512
1253 0.5512
1254 0.5512
1255 0.5512
1256 0.5512
1257 0.5508
1258 0.5508
1259 0.5508
1260 0.5508
1261 0.5508
1262 0.5508
1263 0.5508
1264 0.5504
1265 0.5504
1266 0.5504
1267 0.55
1268 0.55
1269 0.55
1270 0.55
1271 0.55
1272 0.5496
1273 0.5496
1274 0.5496
1275 0.5496
1276 0.5496
1277 0.5496
1278 0.5492
1279 0.5484
1280 0.5484
1281 0.5484
1282 0.548
1283 0.548
1284 0.5472
1285 0.5472
1286 0.5464
1287 0.546
1288 0.546
1289 0.5456
1290 0.5456
1291 0.5456
1292 0.5456
1293 0.5456
1294 0.5456
1295 0.5456
1296 0.5456
1297 0.5456
1298 0.5456
1299 0.5452
1300 0.5452
1301 0.5452
1302 0.5452
1303 0.5452
1304 0.5452
1305 0.5452
1306 0.544
1307 0.544
1308 0.544
1309 0.544
1310 0.544
1311 0.5436
1312 0.5436
1313 0.5436
1314 0.5436
1315 0.5436
1316 0.5436
1317 0.5436
1318 0.5436
1319 0.5432
1320 0.5432
1321 0.5432
1322 0.5432
1323 0.5432
1324 0.5432
1325 0.5428000000000001
1326 0.5428000000000001
1327 0.5424
1328 0.5412
1329 0.5408000000000001
1330 0.5404000000000001
1331 0.54
1332 0.54
1333 0.54
1334 0.54
1335 0.5396000000000001
1336 0.5392000000000001
1337 0.5384
1338 0.5384
1339 0.5376
1340 0.5372
1341 0.5364
1342 0.536
1343 0.5356000000000001
1344 0.5356000000000001
1345 0.5352
1346 0.5347999999999999
1347 0.5347999999999999
1348 0.5344
1349 0.5344
1350 0.5344
1351 0.5344
1352 0.5344
1353 0.5344
1354 0.5344
1355 0.5344
1356 0.5344
1357 0.5344
1358 0.5344
1359 0.5344
1360 0.5344
1361 0.534
1362 0.534
1363 0.5336
1364 0.5331999999999999
1365 0.5331999999999999
1366 0.5331999999999999
1367 0.5327999999999999
1368 0.5327999999999999
1369 0.5327999999999999
1370 0.5324
1371 0.5319999999999999
1372 0.5319999999999999
1373 0.5319999999999999
1374 0.5319999999999999
1375 0.5312
1376 0.5312
1377 0.5307999999999999
1378 0.5307999999999999
1379 0.5307999999999999
1380 0.5304
1381 0.53
1382 0.53
1383 0.53
1384 0.53
1385 0.53
1386 0.53
1387 0.53
1388 0.53
1389 0.53
1390 0.5296
1391 0.5296
1392 0.5296
1393 0.5296
1394 0.5296
1395 0.5296
1396 0.5296
1397 0.5296
1398 0.5296
1399 0.5296
1400 0.5296
1401 0.5296
1402 0.5296
1403 0.5291999999999999
1404 0.5291999999999999
1405 0.5287999999999999
1406 0.5287999999999999
1407 0.5287999999999999
1408 0.528
1409 0.528
1410 0.528
1411 0.5276
1412 0.5276
1413 0.5276
1414 0.5272
1415 0.5272
1416 0.5268
1417 0.5268
1418 0.5264
1419 0.5264
1420 0.5247999999999999
1421 0.5236
1422 0.5236
1423 0.5236
1424 0.5232
1425 0.5228
1426 0.5228
1427 0.5228
1428 0.5228
1429 0.5228
1430 0.5228
1431 0.5228
1432 0.5224
1433 0.522
1434 0.522
1435 0.5212
1436 0.5212
1437 0.5212
1438 0.5208
1439 0.5208
1440 0.5208
1441 0.5208
1442 0.5208
1443 0.5204000000000001
1444 0.5196000000000001
1445 0.5188000000000001
1446 0.5188000000000001
1447 0.5188000000000001
1448 0.5188000000000001
1449 0.5188000000000001
1450 0.5188000000000001
1451 0.5188000000000001
1452 0.5184000000000001
1453 0.5184000000000001
1454 0.5184000000000001
1455 0.5180000000000001
1456 0.5180000000000001
1457 0.5180000000000001
1458 0.5176000000000002
1459 0.5176000000000002
1460 0.5176000000000002
1461 0.5172000000000001
1462 0.5168000000000001
1463 0.5168000000000001
1464 0.5164000000000001
1465 0.5164000000000001
1466 0.5164000000000001
1467 0.5164000000000001
1468 0.5156000000000001
1469 0.5152
1470 0.5148
1471 0.5144000000000001
1472 0.514
1473 0.514
1474 0.5136000000000001
1475 0.5136000000000001
1476 0.5136000000000001
1477 0.5136000000000001
1478 0.5136000000000001
1479 0.5136000000000001
1480 0.5136000000000001
1481 0.5132000000000001
1482 0.5128
1483 0.5128
1484 0.5124
1485 0.512
1486 0.512
1487 0.512
1488 0.512
1489 0.5116
1490 0.5116
1491 0.5116
1492 0.5104
1493 0.5104
1494 0.5104
1495 0.5104
1496 0.5104
1497 0.5099999999999999
1498 0.5099999999999999
1499 0.5099999999999999
1500 0.5099999999999999
1501 0.5099999999999999
1502 0.5099999999999999
1503 0.5099999999999999
1504 0.5099999999999999
1505 0.5099999999999999
1506 0.5099999999999999
1507 0.5095999999999999
1508 0.5095999999999999
1509 0.5095999999999999
1510 0.5095999999999999
1511 0.5095999999999999
1512 0.5095999999999999
1513 0.5092
1514 0.5087999999999999
1515 0.5087999999999999
1516 0.5084
1517 0.508
1518 0.5075999999999999
1519 0.5072
1520 0.5068
1521 0.5064
1522 0.5064
1523 0.5064
1524 0.5059999999999999
1525 0.5059999999999999
1526 0.5055999999999999
1527 0.5052
1528 0.5052
1529 0.5052
1530 0.5047999999999999
1531 0.5047999999999999
1532 0.5047999999999999
1533 0.5047999999999999
1534 0.5044
1535 0.5044
1536 0.5044
1537 0.504
1538 0.5036
1539 0.5028
1540 0.5028
1541 0.5028
1542 0.5028
1543 0.5024000000000001
1544 0.502
1545 0.5016
1546 0.5016
1547 0.5004
1548 0.5004
1549 0.5004
1550 0.5004
1551 0.5004
1552 0.5004
1553 0.5
1554 0.5
1555 0.5
1556 0.4996
1557 0.4996
1558 0.4996
1559 0.4996
1560 0.4996
1561 0.4996
1562 0.4996
1563 0.4996
1564 0.4996
1565 0.49920000000000003
1566 0.49920000000000003
1567 0.4988
1568 0.4988
1569 0.4988
1570 0.4988
1571 0.4988
1572 0.4984
1573 0.4976
1574 0.4976
1575 0.4976
1576 0.4976
1577 0.4972
1578 0.4972
1579 0.4972
1580 0.4968
1581 0.4968
1582 0.4968
1583 0.4968
1584 0.4968
1585 0.4964
1586 0.4964
1587 0.4964
1588 0.49520000000000003
1589 0.49520000000000003
1590 0.49520000000000003
1591 0.49520000000000003
1592 0.4948
1593 0.49440000000000006
1594 0.49400000000000005
1595 0.49400000000000005
1596 0.49400000000000005
1597 0.49400000000000005
1598 0.49400000000000005
1599 0.49400000000000005
1600 0.49360000000000004
1601 0.49280000000000007
1602 0.49280000000000007
1603 0.49280000000000007
1604 0.49280000000000007
1605 0.49280000000000007
1606 0.49280000000000007
1607 0.49280000000000007
1608 0.49280000000000007
1609 0.49280000000000007
1610 0.49280000000000007
1611 0.49280000000000007
1612 0.4924000000000001
1613 0.4924000000000001
1614 0.4924000000000001
1615 0.4924000000000001
1616 0.4920000000000001
1617 0.4920000000000001
1618 0.4920000000000001
1619 0.4920000000000001
1620 0.4920000000000001
1621 0.4920000000000001
1622 0.4920000000000001
1623 0.4920000000000001
1624 0.4920000000000001
1625 0.4920000000000001
1626 0.4920000000000001
1627 0.4920000000000001
1628 0.4916000000000001
1629 0.49120000000000014
1630 0.4904000000000001
1631 0.4904000000000001
1632 0.4904000000000001
1633 0.49000000000000005
1634 0.49000000000000005
1635 0.49000000000000005
1636 0.49000000000000005
1637 0.49000000000000005
1638 0.49000000000000005
1639 0.4896000000000001
1640 0.4896000000000001
1641 0.4896000000000001
1642 0.4892000000000001
1643 0.4892000000000001
1644 0.4892000000000001
1645 0.4892000000000001
1646 0.4892000000000001
1647 0.4892000000000001
1648 0.4892000000000001
1649 0.4888000000000001
1650 0.4884000000000001
1651 0.4884000000000001
1652 0.48800000000000004
1653 0.48800000000000004
1654 0.48800000000000004
1655 0.48800000000000004
1656 0.48800000000000004
1657 0.48800000000000004
1658 0.48800000000000004
1659 0.48760000000000003
1660 0.4872000000000001
1661 0.4872000000000001
1662 0.4872000000000001
1663 0.4872000000000001
1664 0.4872000000000001
1665 0.4872000000000001
1666 0.4872000000000001
1667 0.4872000000000001
1668 0.4872000000000001
1669 0.4872000000000001
1670 0.4872000000000001
1671 0.4872000000000001
1672 0.4872000000000001
1673 0.48640000000000005
1674 0.4856000000000001
1675 0.4856000000000001
1676 0.4856000000000001
1677 0.4848000000000001
1678 0.4844000000000001
1679 0.4836000000000001
1680 0.4836000000000001
1681 0.4836000000000001
1682 0.4836000000000001
1683 0.4836000000000001
1684 0.4836000000000001
1685 0.4836000000000001
1686 0.4832
1687 0.4832
1688 0.4832
1689 0.4832
1690 0.4832
1691 0.4832
1692 0.4828
1693 0.4828
1694 0.4828
1695 0.4828
1696 0.4828
1697 0.4828
1698 0.4828
1699 0.4828
1700 0.4828
1701 0.4828
1702 0.4828
1703 0.4828
1704 0.4828
1705 0.4828
1706 0.4824
1707 0.4824
1708 0.4824
1709 0.4824
1710 0.4824
1711 0.48200000000000004
1712 0.48160000000000003
1713 0.48160000000000003
1714 0.48160000000000003
1715 0.48160000000000003
1716 0.48120000000000007
1717 0.48120000000000007
1718 0.48120000000000007
1719 0.48120000000000007
1720 0.48120000000000007
1721 0.48120000000000007
1722 0.48080000000000006
1723 0.48080000000000006
1724 0.48080000000000006
1725 0.48080000000000006
1726 0.48040000000000005
1727 0.48040000000000005
1728 0.48040000000000005
1729 0.48040000000000005
1730 0.48040000000000005
1731 0.4800000000000001
1732 0.4800000000000001
1733 0.4800000000000001
1734 0.4800000000000001
1735 0.4800000000000001
1736 0.4800000000000001
1737 0.4800000000000001
1738 0.4800000000000001
1739 0.4800000000000001
1740 0.4800000000000001
1741 0.4800000000000001
1742 0.4800000000000001
1743 0.4800000000000001
1744 0.4800000000000001
1745 0.4800000000000001
1746 0.4800000000000001
1747 0.4800000000000001
1748 0.4800000000000001
1749 0.4800000000000001
1750 0.4796000000000001
1751 0.47920000000000007
1752 0.47920000000000007
1753 0.47920000000000007
1754 0.47920000000000007
1755 0.4788
1756 0.47840000000000005
1757 0.478
1758 0.478
1759 0.478
1760 0.478
1761 0.478
1762 0.478
1763 0.47759999999999997
1764 0.47759999999999997
1765 0.47759999999999997
1766 0.47759999999999997
1767 0.47759999999999997
1768 0.47759999999999997
1769 0.47759999999999997
1770 0.4772
1771 0.4772
1772 0.4772
1773 0.4768
1774 0.4768
1775 0.4768
1776 0.4768
1777 0.4768
1778 0.4768
1779 0.4764
1780 0.4764
1781 0.47600000000000003
1782 0.47600000000000003
1783 0.4752
1784 0.47480000000000006
1785 0.47480000000000006
1786 0.47400000000000003
1787 0.4736000000000001
1788 0.4736000000000001
1789 0.4736000000000001
1790 0.4736000000000001
1791 0.47320000000000007
1792 0.47320000000000007
1793 0.47320000000000007
1794 0.47320000000000007
1795 0.47320000000000007
1796 0.47320000000000007
1797 0.47320000000000007
1798 0.4728
1799 0.47240000000000004
1800 0.47200000000000003
1801 0.47200000000000003
1802 0.47200000000000003
1803 0.47200000000000003
1804 0.47200000000000003
1805 0.47200000000000003
1806 0.47200000000000003
1807 0.47200000000000003
1808 0.4716
1809 0.4716
1810 0.4716
1811 0.47119999999999995
1812 0.47119999999999995
1813 0.47119999999999995
1814 0.47119999999999995
1815 0.47119999999999995
1816 0.4708
1817 0.4708
1818 0.4708
1819 0.4708
1820 0.4708
1821 0.4708
1822 0.4708
1823 0.47
1824 0.47
1825 0.4696
1826 0.4696
1827 0.4696
1828 0.4696
1829 0.4696
1830 0.4696
1831 0.4696
1832 0.4696
1833 0.4696
1834 0.4696
1835 0.4696
1836 0.4696
1837 0.4696
1838 0.4696
1839 0.4696
1840 0.4696
1841 0.4696
1842 0.4696
1843 0.4696
1844 0.4696
1845 0.4696
1846 0.4692
1847 0.4692
1848 0.46840000000000004
1849 0.468
1850 0.468
1851 0.468
1852 0.468
1853 0.468
1854 0.468
1855 0.46760000000000007
1856 0.46680000000000005
1857 0.46680000000000005
1858 0.46680000000000005
1859 0.46680000000000005
1860 0.46680000000000005
1861 0.46680000000000005
1862 0.4664000000000001
1863 0.4656
1864 0.4656
1865 0.4656
1866 0.4656
1867 0.4656
1868 0.4656
1869 0.4656
1870 0.4656
1871 0.4656
1872 0.4656
1873 0.4656
1874 0.46520000000000006
1875 0.46480000000000005
1876 0.46480000000000005
1877 0.46440000000000003
1878 0.4640000000000001
1879 0.4640000000000001
1880 0.4640000000000001
1881 0.4640000000000001
1882 0.4640000000000001
1883 0.4640000000000001
1884 0.4640000000000001
1885 0.4640000000000001
1886 0.4640000000000001
1887 0.4640000000000001
1888 0.4640000000000001
1889 0.4640000000000001
1890 0.46360000000000007
1891 0.46360000000000007
1892 0.46360000000000007
1893 0.46320000000000006
1894 0.46320000000000006
1895 0.46320000000000006
1896 0.46320000000000006
1897 0.46320000000000006
1898 0.46320000000000006
1899 0.46320000000000006
1900 0.46320000000000006
1901 0.46320000000000006
1902 0.46320000000000006
1903 0.46320000000000006
1904 0.46320000000000006
1905 0.46320000000000006
1906 0.4628000000000001
1907 0.4628000000000001
1908 0.4628000000000001
1909 0.4624000000000001
1910 0.4620000000000001
1911 0.4620000000000001
1912 0.4620000000000001
1913 0.4620000000000001
1914 0.4620000000000001
1915 0.4616000000000001
1916 0.4612000000000001
1917 0.4612000000000001
1918 0.4612000000000001
1919 0.4608000000000001
1920 0.46040000000000014
1921 0.46040000000000014
1922 0.4600000000000001
1923 0.4600000000000001
1924 0.4592
1925 0.45880000000000004
1926 0.458
1927 0.45720000000000005
1928 0.45720000000000005
1929 0.45720000000000005
1930 0.45720000000000005
1931 0.45720000000000005
1932 0.45720000000000005
1933 0.45720000000000005
1934 0.45720000000000005
1935 0.4568000000000001
1936 0.4568000000000001
1937 0.4568000000000001
1938 0.4568000000000001
1939 0.4568000000000001
1940 0.4568000000000001
1941 0.4568000000000001
1942 0.4568000000000001
1943 0.4568000000000001
1944 0.4568000000000001
1945 0.4568000000000001
1946 0.4568000000000001
1947 0.4568000000000001
1948 0.4568000000000001
1949 0.4568000000000001
1950 0.4568000000000001
1951 0.4568000000000001
1952 0.4568000000000001
1953 0.4568000000000001
1954 0.4564000000000001
1955 0.4564000000000001
1956 0.45600000000000007
1957 0.45600000000000007
1958 0.45600000000000007
1959 0.45600000000000007
1960 0.4552000000000001
1961 0.4552000000000001
1962 0.4552000000000001
1963 0.4552000000000001
1964 0.4552000000000001
1965 0.4552000000000001
1966 0.4552000000000001
1967 0.4552000000000001
1968 0.4552000000000001
1969 0.4548000000000001
1970 0.4548000000000001
1971 0.45440000000000014
1972 0.45440000000000014
1973 0.45440000000000014
1974 0.45440000000000014
1975 0.45440000000000014
1976 0.45440000000000014
1977 0.4540000000000001
1978 0.4540000000000001
1979 0.4540000000000001
1980 0.4536000000000001
1981 0.4536000000000001
1982 0.45320000000000016
1983 0.45320000000000016
1984 0.45280000000000015
1985 0.45280000000000015
1986 0.45280000000000015
1987 0.45280000000000015
1988 0.45280000000000015
1989 0.45280000000000015
1990 0.45280000000000015
1991 0.45280000000000015
1992 0.4524000000000001
1993 0.4520000000000001
1994 0.4520000000000001
1995 0.4520000000000001
1996 0.4520000000000001
1997 0.4520000000000001
1998 0.4520000000000001
1999 0.4520000000000001
