1 1.0
2 1.0
3 1.0
4 1.0
5 1.0
6 1.0
7 1.0
8 0.9992
9 0.9992
10 0.9987999999999999
11 0.9983999999999998
12 0.9979999999999998
13 0.9971999999999999
14 0.9971999999999999
15 0.9963999999999998
16 0.9952
17 0.9947999999999999
18 0.9943999999999998
19 0.9943999999999998
20 0.9943999999999998
21 0.9939999999999998
22 0.9915999999999998
23 0.9911999999999999
24 0.9903999999999997
25 0.9891999999999999
26 0.9887999999999998
27 0.9883999999999997
28 0.9879999999999997
29 0.9879999999999997
30 0.9875999999999998
31 0.9871999999999999
32 0.9867999999999998
33 0.9867999999999998
34 0.9867999999999998
35 0.9867999999999998
36 0.9867999999999998
37 0.9863999999999998
38 0.9859999999999998
39 0.9855999999999997
40 0.9855999999999997
41 0.9855999999999997
42 0.9855999999999997
43 0.9851999999999999
44 0.9851999999999999
45 0.9851999999999999
46 0.9851999999999999
47 0.9851999999999999
48 0.9847999999999999
49 0.9847999999999999
50 0.9847999999999999
51 0.9847999999999999
52 0.9847999999999999
53 0.9839999999999999
54 0.9835999999999998
55 0.9835999999999998
56 0.9835999999999998
57 0.9831999999999997
58 0.9831999999999997
59 0.9831999999999997
60 0.9831999999999997
61 0.9831999999999997
62 0.9831999999999997
63 0.9831999999999997
64 0.9831999999999997
65 0.9831999999999997
66 0.9831999999999997
67 0.9831999999999997
68 0.9831999999999997
69 0.9831999999999997
70 0.9831999999999997
71 0.9831999999999997
72 0.9831999999999997
73 0.9831999999999997
74 0.9831999999999997
75 0.9831999999999997
76 0.9827999999999999
77 0.9827999999999999
78 0.9827999999999999
79 0.9823999999999998
80 0.9815999999999999
81 0.9815999999999999
82 0.9815999999999999
83 0.9815999999999999
84 0.9815999999999999
85 0.9815999999999999
86 0.9811999999999999
87 0.9811999999999999
88 0.9811999999999999
89 0.9811999999999999
90 0.9811999999999999
91 0.9811999999999999
92 0.9811999999999999
93 0.9803999999999998
94 0.9803999999999998
95 0.9803999999999998
96 0.9799999999999999
97 0.9799999999999999
98 0.9799999999999999
99 0.9799999999999999
100 0.9795999999999999
101 0.9795999999999999
102 0.9795999999999999
103 0.9791999999999998
104 0.9791999999999998
105 0.9791999999999998
106 0.9791999999999998
107 0.9791999999999998
108 0.9791999999999998
109 0.9791999999999998
110 0.9791999999999998
111 0.9791999999999998
112 0.9791999999999998
113 0.9791999999999998
114 0.9788
115 0.9788
116 0.9788
117 0.9788
118 0.9788
119 0.9788
120 0.9788
121 0.9788
122 0.9788
123 0.9788
124 0.9788
125 0.9788
126 0.9788
127 0.9783999999999997
128 0.9783999999999997
129 0.9783999999999997
130 0.9783999999999997
131 0.9783999999999997
132 0.9783999999999997
133 0.9783999999999997
134 0.9783999999999997
135 0.9783999999999997
136 0.9783999999999997
137 0.9783999999999997
138 0.9783999999999997
139 0.9783999999999997
140 0.9783999999999997
141 0.9783999999999997
142 0.9783999999999997
143 0.9783999999999997
144 0.9783999999999997
145 0.9783999999999997
146 0.9783999999999997
147 0.9783999999999997
148 0.9779999999999999
149 0.9779999999999999
150 0.9779999999999999
151 0.9779999999999999
152 0.9779999999999999
153 0.9779999999999999
154 0.9779999999999999
155 0.9779999999999999
156 0.9779999999999999
157 0.9779999999999999
158 0.9779999999999999
159 0.9779999999999999
160 0.9779999999999999
161 0.9779999999999999
162 0.9779999999999999
163 0.9779999999999999
164 0.9779999999999999
165 0.9779999999999999
166 0.9775999999999999
167 0.9767999999999999
168 0.9767999999999999
169 0.9767999999999999
170 0.9767999999999999
171 0.9767999999999999
172 0.9767999999999999
173 0.9767999999999999
174 0.9763999999999998
175 0.9763999999999998
176 0.9763999999999998
177 0.9763999999999998
178 0.9763999999999998
179 0.9759999999999998
180 0.9759999999999998
181 0.9759999999999998
182 0.9759999999999998
183 0.9759999999999998
184 0.9759999999999998
185 0.9759999999999998
186 0.9755999999999999
187 0.9755999999999999
188 0.9755999999999999
189 0.9755999999999999
190 0.9755999999999999
191 0.9755999999999999
192 0.9755999999999999
193 0.9755999999999999
194 0.9755999999999999
195 0.9751999999999998
196 0.9751999999999998
197 0.9747999999999998
198 0.9747999999999998
199 0.9747999999999998
200 0.9743999999999997
201 0.9743999999999997
202 0.9743999999999997
203 0.9743999999999997
204 0.9743999999999997
205 0.9743999999999997
206 0.9743999999999997
207 0.9743999999999997
208 0.9743999999999997
209 0.9743999999999997
210 0.9743999999999997
211 0.9743999999999997
212 0.9743999999999997
213 0.9743999999999997
214 0.9743999999999997
215 0.9743999999999997
216 0.9743999999999997
217 0.9743999999999997
218 0.9743999999999997
219 0.9743999999999997
220 0.9743999999999997
221 0.9743999999999997
222 0.9743999999999997
223 0.9743999999999997
224 0.9743999999999997
225 0.9743999999999997
226 0.9743999999999997
227 0.9743999999999997
228 0.9743999999999997
229 0.9743999999999997
230 0.9743999999999997
231 0.9743999999999997
232 0.9743999999999997
233 0.9743999999999997
234 0.9743999999999997
235 0.9743999999999997
236 0.9743999999999997
237 0.9743999999999997
238 0.9743999999999997
239 0.9743999999999997
240 0.9743999999999997
241 0.9743999999999997
242 0.9743999999999997
243 0.9743999999999997
244 0.9743999999999997
245 0.9743999999999997
246 0.9743999999999997
247 0.9743999999999997
248 0.9743999999999997
249 0.9743999999999997
250 0.9743999999999997
251 0.9743999999999997
252 0.9743999999999997
253 0.9743999999999997
254 0.9743999999999997
255 0.9743999999999997
256 0.9743999999999997
257 0.9743999999999997
258 0.9743999999999997
259 0.9743999999999997
260 0.9743999999999997
261 0.9743999999999997
262 0.9743999999999997
263 0.9743999999999997
264 0.9743999999999997
265 0.9743999999999997
266 0.9743999999999997
267 0.9743999999999997
268 0.9743999999999997
269 0.9743999999999997
270 0.9743999999999997
271 0.9743999999999997
272 0.9743999999999997
273 0.9743999999999997
274 0.9743999999999997
275 0.9743999999999997
276 0.9743999999999997
277 0.9743999999999997
278 0.9743999999999997
279 0.9743999999999997
280 0.9743999999999997
281 0.9743999999999997
282 0.9743999999999997
283 0.9743999999999997
284 0.9743999999999997
285 0.9743999999999997
286 0.9743999999999997
287 0.9743999999999997
288 0.9743999999999997
289 0.9743999999999997
290 0.9743999999999997
291 0.9743999999999997
292 0.9743999999999997
293 0.9743999999999997
294 0.9743999999999997
295 0.9743999999999997
296 0.9743999999999997
297 0.9743999999999997
298 0.9743999999999997
299 0.9743999999999997
300 0.9743999999999997
301 0.9743999999999997
302 0.9743999999999997
303 0.9743999999999997
304 0.9743999999999997
305 0.9743999999999997
306 0.9739999999999998
307 0.9739999999999998
308 0.9739999999999998
309 0.9739999999999998
310 0.9739999999999998
311 0.9739999999999998
312 0.9735999999999998
313 0.9727999999999999
314 0.9723999999999998
315 0.9723999999999998
316 0.9723999999999998
317 0.9723999999999998
318 0.9723999999999998
319 0.9723999999999998
320 0.9723999999999998
321 0.9723999999999998
322 0.9723999999999998
323 0.9723999999999998
324 0.9719999999999999
325 0.9719999999999999
326 0.9719999999999999
327 0.9719999999999999
328 0.9719999999999999
329 0.9719999999999999
330 0.9719999999999999
331 0.9719999999999999
332 0.9719999999999999
333 0.9719999999999999
334 0.9719999999999999
335 0.9719999999999999
336 0.9719999999999999
337 0.9719999999999999
338 0.9719999999999999
339 0.9719999999999999
340 0.9719999999999999
341 0.9719999999999999
342 0.9719999999999999
343 0.9719999999999999
344 0.9719999999999999
345 0.9719999999999999
346 0.9715999999999998
347 0.9715999999999998
348 0.9715999999999998
349 0.9712
350 0.9712
351 0.9712
352 0.9712
353 0.9712
354 0.9707999999999999
355 0.9707999999999999
356 0.9707999999999999
357 0.9707999999999999
358 0.9707999999999999
359 0.9707999999999999
360 0.9707999999999999
361 0.9707999999999999
362 0.9707999999999999
363 0.9707999999999999
364 0.9707999999999999
365 0.9707999999999999
366 0.9707999999999999
367 0.9707999999999999
368 0.9707999999999999
369 0.9703999999999999
370 0.9703999999999999
371 0.9703999999999999
372 0.9699999999999999
373 0.9699999999999999
374 0.9699999999999999
375 0.9699999999999999
376 0.9699999999999999
377 0.9699999999999999
378 0.9699999999999999
379 0.9699999999999999
380 0.9695999999999999
381 0.9695999999999999
382 0.9695999999999999
383 0.9695999999999999
384 0.9695999999999999
385 0.9695999999999999
386 0.9695999999999999
387 0.9695999999999999
388 0.9695999999999999
389 0.9695999999999999
390 0.9695999999999999
391 0.9695999999999999
392 0.9691999999999998
393 0.9687999999999998
394 0.9687999999999998
395 0.9687999999999998
396 0.9687999999999998
397 0.9687999999999998
398 0.9687999999999998
399 0.9683999999999999
400 0.9683999999999999
401 0.9683999999999999
402 0.9683999999999999
403 0.9683999999999999
404 0.9683999999999999
405 0.9683999999999999
406 0.968
407 0.968
408 0.9675999999999999
409 0.9675999999999999
410 0.9675999999999999
411 0.9672
412 0.9672
413 0.9672
414 0.9672
415 0.9672
416 0.9672
417 0.9672
418 0.9667999999999999
419 0.9667999999999999
420 0.9667999999999999
421 0.9667999999999999
422 0.9667999999999999
423 0.9667999999999999
424 0.9667999999999999
425 0.9667999999999999
426 0.9667999999999999
427 0.9667999999999999
428 0.9667999999999999
429 0.9667999999999999
430 0.9667999999999999
431 0.9667999999999999
432 0.9667999999999999
433 0.9667999999999999
434 0.9667999999999999
435 0.9667999999999999
436 0.9667999999999999
437 0.9667999999999999
438 0.9667999999999999
439 0.9667999999999999
440 0.9667999999999999
441 0.9663999999999998
442 0.9663999999999998
443 0.9663999999999998
444 0.9663999999999998
445 0.9663999999999998
446 0.9663999999999998
447 0.966
448 0.966
449 0.966
450 0.9655999999999999
451 0.9655999999999999
452 0.9655999999999999
453 0.9655999999999999
454 0.9655999999999999
455 0.9655999999999999
456 0.9655999999999999
457 0.9655999999999999
458 0.9655999999999999
459 0.9655999999999999
460 0.9655999999999999
461 0.9655999999999999
462 0.9655999999999999
463 0.9655999999999999
464 0.9655999999999999
465 0.9655999999999999
466 0.9655999999999999
467 0.9655999999999999
468 0.9655999999999999
469 0.9655999999999999
470 0.9655999999999999
471 0.9655999999999999
472 0.9655999999999999
473 0.9655999999999999
474 0.9655999999999999
475 0.9655999999999999
476 0.9651999999999998
477 0.9651999999999998
478 0.9651999999999998
479 0.9651999999999998
480 0.9651999999999998
481 0.9651999999999998
482 0.9651999999999998
483 0.9651999999999998
484 0.9647999999999998
485 0.9647999999999998
486 0.9647999999999998
487 0.9647999999999998
488 0.9647999999999998
489 0.9647999999999998
490 0.9647999999999998
491 0.9647999999999998
492 0.9647999999999998
493 0.9647999999999998
494 0.9647999999999998
495 0.9647999999999998
496 0.9647999999999998
497 0.9647999999999998
498 0.9647999999999998
499 0.9647999999999998
500 0.9647999999999998
501 0.9647999999999998
502 0.9647999999999998
503 0.9647999999999998
504 0.9643999999999998
505 0.9639999999999997
506 0.9639999999999997
507 0.9639999999999997
508 0.9639999999999997
509 0.9635999999999997
510 0.9635999999999997
511 0.9635999999999997
512 0.9627999999999998
513 0.9627999999999998
514 0.9627999999999998
515 0.9627999999999998
516 0.9627999999999998
517 0.9627999999999998
518 0.9627999999999998
519 0.9627999999999998
520 0.9627999999999998
521 0.9623999999999998
522 0.9619999999999997
523 0.9619999999999997
524 0.9619999999999997
525 0.9619999999999997
526 0.9615999999999998
527 0.9615999999999998
528 0.9615999999999998
529 0.9615999999999998
530 0.9615999999999998
531 0.9615999999999998
532 0.9615999999999998
533 0.9615999999999998
534 0.9615999999999998
535 0.9615999999999998
536 0.9615999999999998
537 0.9615999999999998
538 0.9615999999999998
539 0.9615999999999998
540 0.9611999999999997
541 0.9611999999999997
542 0.9611999999999997
543 0.9611999999999997
544 0.9611999999999997
545 0.9611999999999997
546 0.9611999999999997
547 0.9611999999999997
548 0.9607999999999997
549 0.9607999999999997
550 0.9607999999999997
551 0.9607999999999997
552 0.9607999999999997
553 0.9607999999999997
554 0.9607999999999997
555 0.9603999999999996
556 0.9603999999999996
557 0.9603999999999996
558 0.9603999999999996
559 0.9603999999999996
560 0.9603999999999996
561 0.9603999999999996
562 0.9603999999999996
563 0.9603999999999996
564 0.9603999999999996
565 0.9603999999999996
566 0.9603999999999996
567 0.9603999999999996
568 0.9603999999999996
569 0.9603999999999996
570 0.9603999999999996
571 0.9603999999999996
572 0.9603999999999996
573 0.9603999999999996
574 0.9603999999999996
575 0.9603999999999996
576 0.9603999999999996
577 0.9603999999999996
578 0.9603999999999996
579 0.9603999999999996
580 0.9603999999999996
581 0.9603999999999996
582 0.9603999999999996
583 0.9603999999999996
584 0.9603999999999996
585 0.9603999999999996
586 0.9603999999999996
587 0.9603999999999996
588 0.9603999999999996
589 0.9603999999999996
590 0.9603999999999996
591 0.9603999999999996
592 0.9603999999999996
593 0.9603999999999996
594 0.9603999999999996
595 0.9603999999999996
596 0.9603999999999996
597 0.9603999999999996
598 0.9603999999999996
599 0.9603999999999996
600 0.9603999999999996
601 0.9599999999999995
602 0.9595999999999997
603 0.9595999999999997
604 0.9595999999999997
605 0.9595999999999997
606 0.9595999999999997
607 0.9595999999999997
608 0.9595999999999997
609 0.9595999999999997
610 0.9595999999999997
611 0.9595999999999997
612 0.9595999999999997
613 0.9595999999999997
614 0.9595999999999997
615 0.9595999999999997
616 0.9595999999999997
617 0.9595999999999997
618 0.9595999999999997
619 0.9595999999999997
620 0.9595999999999997
621 0.9591999999999996
622 0.9591999999999996
623 0.9591999999999996
624 0.9587999999999997
625 0.9587999999999997
626 0.9587999999999997
627 0.9587999999999997
628 0.9587999999999997
629 0.9587999999999997
630 0.9587999999999997
631 0.9587999999999997
632 0.9587999999999997
633 0.9587999999999997
634 0.9587999999999997
635 0.9587999999999997
636 0.9587999999999997
637 0.9583999999999996
638 0.9583999999999996
639 0.9583999999999996
640 0.9583999999999996
641 0.9583999999999996
642 0.9583999999999996
643 0.9575999999999997
644 0.9575999999999997
645 0.9575999999999997
646 0.9575999999999997
647 0.9575999999999997
648 0.9575999999999997
649 0.9571999999999997
650 0.9571999999999997
651 0.9571999999999997
652 0.9571999999999997
653 0.9571999999999997
654 0.9571999999999997
655 0.9571999999999997
656 0.9571999999999997
657 0.9571999999999997
658 0.9567999999999998
659 0.9563999999999997
660 0.9563999999999997
661 0.9563999999999997
662 0.9563999999999997
663 0.9563999999999997
664 0.9563999999999997
665 0.9563999999999997
666 0.9563999999999997
667 0.9563999999999997
668 0.9563999999999997
669 0.9559999999999998
670 0.9559999999999998
671 0.9559999999999998
672 0.9559999999999998
673 0.9559999999999998
674 0.9559999999999998
675 0.9559999999999998
676 0.9559999999999998
677 0.9555999999999998
678 0.9555999999999998
679 0.9555999999999998
680 0.9551999999999998
681 0.9551999999999998
682 0.9551999999999998
683 0.9551999999999998
684 0.9547999999999998
685 0.9547999999999998
686 0.9547999999999998
687 0.9547999999999998
688 0.9547999999999998
689 0.9547999999999998
690 0.9547999999999998
691 0.9547999999999998
692 0.9547999999999998
693 0.9547999999999998
694 0.9547999999999998
695 0.9547999999999998
696 0.9547999999999998
697 0.9547999999999998
698 0.9547999999999998
699 0.9547999999999998
700 0.9547999999999998
701 0.9547999999999998
702 0.9547999999999998
703 0.9547999999999998
704 0.9547999999999998
705 0.9547999999999998
706 0.9547999999999998
707 0.9547999999999998
708 0.9547999999999998
709 0.9547999999999998
710 0.9547999999999998
711 0.9547999999999998
712 0.9547999999999998
713 0.9547999999999998
714 0.9547999999999998
715 0.9547999999999998
716 0.9547999999999998
717 0.9547999999999998
718 0.9547999999999998
719 0.9547999999999998
720 0.9547999999999998
721 0.9547999999999998
722 0.9547999999999998
723 0.9547999999999998
724 0.9547999999999998
725 0.9547999999999998
726 0.9547999999999998
727 0.9547999999999998
728 0.9547999999999998
729 0.9547999999999998
730 0.9547999999999998
731 0.9547999999999998
732 0.9547999999999998
733 0.9547999999999998
734 0.9547999999999998
735 0.9547999999999998
736 0.9543999999999998
737 0.9543999999999998
738 0.9543999999999998
739 0.9543999999999998
740 0.9543999999999998
741 0.9543999999999998
742 0.9539999999999997
743 0.9539999999999997
744 0.9535999999999997
745 0.9535999999999997
746 0.9535999999999997
747 0.9535999999999997
748 0.9535999999999997
749 0.9535999999999997
750 0.9535999999999997
751 0.9535999999999997
752 0.9535999999999997
753 0.9535999999999997
754 0.9535999999999997
755 0.9535999999999997
756 0.9535999999999997
757 0.9535999999999997
758 0.9535999999999997
759 0.9531999999999998
760 0.9531999999999998
761 0.9531999999999998
762 0.9531999999999998
763 0.9531999999999998
764 0.9531999999999998
765 0.9531999999999998
766 0.9531999999999998
767 0.9531999999999998
768 0.9531999999999998
769 0.9531999999999998
770 0.9531999999999998
771 0.9531999999999998
772 0.9531999999999998
773 0.9531999999999998
774 0.9531999999999998
775 0.9531999999999998
776 0.9531999999999998
777 0.9531999999999998
778 0.9531999999999998
779 0.9531999999999998
780 0.9531999999999998
781 0.9531999999999998
782 0.9531999999999998
783 0.9527999999999998
784 0.9527999999999998
785 0.9527999999999998
786 0.9523999999999998
787 0.9523999999999998
788 0.9523999999999998
789 0.9523999999999998
790 0.9523999999999998
791 0.9523999999999998
792 0.9523999999999998
793 0.9523999999999998
794 0.9523999999999998
795 0.9523999999999998
796 0.9523999999999998
797 0.9523999999999998
798 0.9523999999999998
799 0.9523999999999998
800 0.9519999999999998
801 0.9519999999999998
802 0.9519999999999998
803 0.9519999999999998
804 0.9519999999999998
805 0.9519999999999998
806 0.9519999999999998
807 0.9519999999999998
808 0.9519999999999998
809 0.9516
810 0.9516
811 0.9516
812 0.9516
813 0.9516
814 0.9516
815 0.9516
816 0.9511999999999999
817 0.9511999999999999
818 0.9511999999999999
819 0.9508
820 0.9508
821 0.9508
822 0.9508
823 0.9503999999999999
824 0.9503999999999999
825 0.9503999999999999
826 0.9503999999999999
827 0.9503999999999999
828 0.9503999999999999
829 0.9503999999999999
830 0.95
831 0.95
832 0.95
833 0.95
834 0.95
835 0.95
836 0.95
837 0.95
838 0.95
839 0.95
840 0.95
841 0.95
842 0.9495999999999999
843 0.9495999999999999
844 0.9495999999999999
845 0.9495999999999999
846 0.9495999999999999
847 0.9495999999999999
848 0.9495999999999999
849 0.9488
850 0.9488
851 0.9488
852 0.9488
853 0.9488
854 0.9488
855 0.9488
856 0.9488
857 0.9488
858 0.9488
859 0.9488
860 0.9488
861 0.9488
862 0.9483999999999999
863 0.9483999999999999
864 0.9483999999999999
865 0.9483999999999999
866 0.948
867 0.948
868 0.9475999999999999
869 0.9472
870 0.9472
871 0.9468
872 0.9468
873 0.9464
874 0.9464
875 0.9464
876 0.946
877 0.946
878 0.946
879 0.946
880 0.946
881 0.9456
882 0.9447999999999999
883 0.9447999999999999
884 0.9447999999999999
885 0.9447999999999999
886 0.9440000000000001
887 0.9440000000000001
888 0.9431999999999999
889 0.9431999999999999
890 0.9431999999999999
891 0.9431999999999999
892 0.9431999999999999
893 0.9431999999999999
894 0.9431999999999999
895 0.9431999999999999
896 0.9427999999999999
897 0.9427999999999999
898 0.9423999999999999
899 0.9423999999999999
900 0.9423999999999999
901 0.9423999999999999
902 0.9423999999999999
903 0.9419999999999998
904 0.9419999999999998
905 0.9419999999999998
906 0.9419999999999998
907 0.9419999999999998
908 0.9419999999999998
909 0.9419999999999998
910 0.9419999999999998
911 0.9419999999999998
912 0.9419999999999998
913 0.9419999999999998
914 0.9419999999999998
915 0.9416
916 0.9416
917 0.9416
918 0.9411999999999999
919 0.9411999999999999
920 0.9411999999999999
921 0.9408
922 0.9408
923 0.9408
924 0.9408
925 0.9408
926 0.9408
927 0.9408
928 0.9408
929 0.9408
930 0.9408
931 0.9408
932 0.9408
933 0.9408
934 0.9408
935 0.9408
936 0.9408
937 0.9408
938 0.9408
939 0.9408
940 0.9403999999999999
941 0.94
942 0.9396
943 0.9392
944 0.9392
945 0.9392
946 0.9392
947 0.9392
948 0.9392
949 0.9392
950 0.9392
951 0.9392
952 0.9388
953 0.9388
954 0.9388
955 0.9388
956 0.9388
957 0.9388
958 0.9388
959 0.9384
960 0.9384
961 0.938
962 0.9375999999999999
963 0.9372
964 0.9368
965 0.9368
966 0.9368
967 0.9368
968 0.9368
969 0.9363999999999999
970 0.9355999999999999
971 0.9355999999999999
972 0.9355999999999999
973 0.9355999999999999
974 0.9355999999999999
975 0.9355999999999999
976 0.9355999999999999
977 0.9355999999999999
978 0.9355999999999999
979 0.9355999999999999
980 0.9355999999999999
981 0.9355999999999999
982 0.9355999999999999
983 0.9355999999999999
984 0.9355999999999999
985 0.9355999999999999
986 0.9351999999999998
987 0.9351999999999998
988 0.9351999999999998
989 0.9344
990 0.9344
991 0.9344
992 0.9344
993 0.9344
994 0.9339999999999999
995 0.9339999999999999
996 0.9339999999999999
997 0.9339999999999999
998 0.9339999999999999
999 0.9339999999999999
1000 0.9339999999999999
1001 0.9339999999999999
1002 0.9336
1003 0.9336
1004 0.9336
1005 0.9332
1006 0.9332
1007 0.9332
1008 0.9328
1009 0.9328
1010 0.9328
1011 0.9328
1012 0.9328
1013 0.9328
1014 0.9328
1015 0.9328
1016 0.9328
1017 0.9328
1018 0.9328
1019 0.9328
1020 0.9328
1021 0.9328
1022 0.9324000000000001
1023 0.9324000000000001
1024 0.9324000000000001
1025 0.9324000000000001
1026 0.9316
1027 0.9311999999999999
1028 0.9308
1029 0.9308
1030 0.9308
1031 0.9308
1032 0.9308
1033 0.9308
1034 0.9308
1035 0.9308
1036 0.9308
1037 0.9308
1038 0.9308
1039 0.9308
1040 0.9308
1041 0.9308
1042 0.9308
1043 0.9308
1044 0.9308
1045 0.9308
1046 0.9303999999999999
1047 0.9303999999999999
1048 0.9303999999999999
1049 0.9299999999999998
1050 0.9299999999999998
1051 0.9299999999999998
1052 0.9299999999999998
1053 0.9296
1054 0.9292
1055 0.9292
1056 0.9292
1057 0.9292
1058 0.9292
1059 0.9292
1060 0.9292
1061 0.9292
1062 0.9288
1063 0.9288
1064 0.9288
1065 0.9288
1066 0.9288
1067 0.9288
1068 0.9288
1069 0.9284
1070 0.9284
1071 0.9284
1072 0.9284
1073 0.9284
1074 0.9284
1075 0.9284
1076 0.9284
1077 0.9279999999999999
1078 0.9279999999999999
1079 0.9279999999999999
1080 0.9279999999999999
1081 0.9279999999999999
1082 0.9279999999999999
1083 0.9276000000000001
1084 0.9276000000000001
1085 0.9276000000000001
1086 0.9276000000000001
1087 0.9276000000000001
1088 0.9272
1089 0.9272
1090 0.9272
1091 0.9272
1092 0.9272
1093 0.9272
1094 0.9272
1095 0.9268
1096 0.9268
1097 0.9268
1098 0.9268
1099 0.9263999999999999
1100 0.9263999999999999
1101 0.9263999999999999
1102 0.9259999999999998
1103 0.9259999999999998
1104 0.9259999999999998
1105 0.9259999999999998
1106 0.9259999999999998
1107 0.9259999999999998
1108 0.9259999999999998
1109 0.9259999999999998
1110 0.9259999999999998
1111 0.9259999999999998
1112 0.9255999999999999
1113 0.9255999999999999
1114 0.9255999999999999
1115 0.9255999999999999
1116 0.9255999999999999
1117 0.9255999999999999
1118 0.9255999999999999
1119 0.9255999999999999
1120 0.9255999999999999
1121 0.9255999999999999
1122 0.9255999999999999
1123 0.9255999999999999
1124 0.9251999999999998
1125 0.9251999999999998
1126 0.9251999999999998
1127 0.9251999999999998
1128 0.9251999999999998
1129 0.9243999999999999
1130 0.9243999999999999
1131 0.9239999999999998
1132 0.9239999999999998
1133 0.9239999999999998
1134 0.9239999999999998
1135 0.9239999999999998
1136 0.9239999999999998
1137 0.9235999999999999
1138 0.9235999999999999
1139 0.9235999999999999
1140 0.9235999999999999
1141 0.9235999999999999
1142 0.9235999999999999
1143 0.9235999999999999
1144 0.9235999999999999
1145 0.9235999999999999
1146 0.9235999999999999
1147 0.9235999999999999
1148 0.9235999999999999
1149 0.9235999999999999
1150 0.9235999999999999
1151 0.9235999999999999
1152 0.9235999999999999
1153 0.9235999999999999
1154 0.9235999999999999
1155 0.9235999999999999
1156 0.9235999999999999
1157 0.9235999999999999
1158 0.9235999999999999
1159 0.9235999999999999
1160 0.9235999999999999
1161 0.9235999999999999
1162 0.9235999999999999
1163 0.9235999999999999
1164 0.9235999999999999
1165 0.9231999999999999
1166 0.9231999999999999
1167 0.9231999999999999
1168 0.9231999999999999
1169 0.9231999999999999
1170 0.9231999999999999
1171 0.9231999999999999
1172 0.9231999999999999
1173 0.9231999999999999
1174 0.9231999999999999
1175 0.9231999999999999
1176 0.9227999999999998
1177 0.9227999999999998
1178 0.9227999999999998
1179 0.9227999999999998
1180 0.9227999999999998
1181 0.9227999999999998
1182 0.9227999999999998
1183 0.9227999999999998
1184 0.9227999999999998
1185 0.9227999999999998
1186 0.9227999999999998
1187 0.9227999999999998
1188 0.9227999999999998
1189 0.9227999999999998
1190 0.9223999999999998
1191 0.9223999999999998
1192 0.9219999999999999
1193 0.9219999999999999
1194 0.9219999999999999
1195 0.9219999999999999
1196 0.9219999999999999
1197 0.9219999999999999
1198 0.9215999999999999
1199 0.9215999999999999
1200 0.9215999999999999
1201 0.9215999999999999
1202 0.9211999999999999
1203 0.9211999999999999
1204 0.9207999999999998
1205 0.9207999999999998
1206 0.9207999999999998
1207 0.9207999999999998
1208 0.9207999999999998
1209 0.9207999999999998
1210 0.9207999999999998
1211 0.9207999999999998
1212 0.9207999999999998
1213 0.9207999999999998
1214 0.9207999999999998
1215 0.9207999999999998
1216 0.9207999999999998
1217 0.9207999999999998
1218 0.9207999999999998
1219 0.9207999999999998
1220 0.9207999999999998
1221 0.9207999999999998
1222 0.9207999999999998
1223 0.9207999999999998
1224 0.9203999999999999
1225 0.9203999999999999
1226 0.9199999999999998
1227 0.9196
1228 0.9196
1229 0.9196
1230 0.9196
1231 0.9196
1232 0.9196
1233 0.9196
1234 0.9196
1235 0.9196
1236 0.9196
1237 0.9196
1238 0.9196
1239 0.9196
1240 0.9191999999999999
1241 0.9191999999999999
1242 0.9191999999999999
1243 0.9191999999999999
1244 0.9188
1245 0.9179999999999999
1246 0.9175999999999999
1247 0.9175999999999999
1248 0.9175999999999999
1249 0.9175999999999999
1250 0.9175999999999999
1251 0.9175999999999999
1252 0.9175999999999999
1253 0.9175999999999999
1254 0.9175999999999999
1255 0.9171999999999998
1256 0.9171999999999998
1257 0.9171999999999998
1258 0.9171999999999998
1259 0.9171999999999998
1260 0.9171999999999998
1261 0.9171999999999998
1262 0.9171999999999998
1263 0.9171999999999998
1264 0.9171999999999998
1265 0.9171999999999998
1266 0.9171999999999998
1267 0.9171999999999998
1268 0.9171999999999998
1269 0.9171999999999998
1270 0.9171999999999998
1271 0.9171999999999998
1272 0.9171999999999998
1273 0.9171999999999998
1274 0.9171999999999998
1275 0.9171999999999998
1276 0.9171999999999998
1277 0.9171999999999998
1278 0.9171999999999998
1279 0.9168
1280 0.9168
1281 0.9168
1282 0.9168
1283 0.9168
1284 0.9168
1285 0.9168
1286 0.9168
1287 0.9163999999999999
1288 0.9163999999999999
1289 0.9163999999999999
1290 0.9163999999999999
1291 0.9163999999999999
1292 0.9163999999999999
1293 0.9163999999999999
1294 0.9163999999999999
1295 0.9163999999999999
1296 0.9163999999999999
1297 0.9163999999999999
1298 0.9163999999999999
1299 0.9163999999999999
1300 0.9163999999999999
1301 0.9159999999999998
1302 0.9155999999999999
1303 0.9155999999999999
1304 0.9151999999999998
1305 0.9151999999999998
1306 0.9148
1307 0.9148
1308 0.9148
1309 0.9148
1310 0.9148
1311 0.9148
1312 0.9148
1313 0.9148
1314 0.9148
1315 0.9148
1316 0.9148
1317 0.9143999999999999
1318 0.9143999999999999
1319 0.9143999999999999
1320 0.9139999999999999
1321 0.9139999999999999
1322 0.9139999999999999
1323 0.9135999999999999
1324 0.9135999999999999
1325 0.9135999999999999
1326 0.9135999999999999
1327 0.9135999999999999
1328 0.9135999999999999
1329 0.9135999999999999
1330 0.9135999999999999
1331 0.9135999999999999
1332 0.9135999999999999
1333 0.9131999999999998
1334 0.9131999999999998
1335 0.9131999999999998
1336 0.9131999999999998
1337 0.9131999999999998
1338 0.9131999999999998
1339 0.9127999999999998
1340 0.9127999999999998
1341 0.9127999999999998
1342 0.9124
1343 0.9124
1344 0.9124
1345 0.9124
1346 0.9124
1347 0.9124
1348 0.9124
1349 0.9124
1350 0.9124
1351 0.9124
1352 0.9124
1353 0.9124
1354 0.9124
1355 0.9124
1356 0.9124
1357 0.9124
1358 0.9119999999999999
1359 0.9119999999999999
1360 0.9111999999999998
1361 0.9111999999999998
1362 0.9111999999999998
1363 0.9111999999999998
1364 0.9111999999999998
1365 0.9111999999999998
1366 0.9111999999999998
1367 0.9111999999999998
1368 0.9107999999999998
1369 0.9103999999999998
1370 0.9103999999999998
1371 0.9103999999999998
1372 0.9103999999999998
1373 0.9103999999999998
1374 0.9099999999999998
1375 0.9099999999999998
1376 0.9099999999999998
1377 0.9099999999999998
1378 0.9099999999999998
1379 0.9099999999999998
1380 0.9099999999999998
1381 0.9099999999999998
1382 0.9095999999999997
1383 0.9091999999999999
1384 0.9091999999999999
1385 0.9091999999999999
1386 0.9091999999999999
1387 0.9091999999999999
1388 0.9091999999999999
1389 0.9091999999999999
1390 0.9091999999999999
1391 0.9087999999999998
1392 0.9083999999999998
1393 0.9083999999999998
1394 0.9083999999999998
1395 0.9083999999999998
1396 0.9076
1397 0.9076
1398 0.9076
1399 0.9071999999999999
1400 0.9071999999999999
1401 0.9067999999999999
1402 0.9063999999999999
1403 0.9063999999999999
1404 0.9063999999999999
1405 0.9063999999999999
1406 0.9063999999999999
1407 0.9063999999999999
1408 0.9063999999999999
1409 0.9059999999999999
1410 0.9059999999999999
1411 0.9059999999999999
1412 0.9059999999999999
1413 0.9059999999999999
1414 0.9055999999999998
1415 0.9055999999999998
1416 0.9055999999999998
1417 0.9055999999999998
1418 0.9055999999999998
1419 0.9055999999999998
1420 0.9055999999999998
1421 0.9055999999999998
1422 0.9055999999999998
1423 0.9052
1424 0.9052
1425 0.9052
1426 0.9052
1427 0.9052
1428 0.9052
1429 0.9052
1430 0.9052
1431 0.9052
1432 0.9052
1433 0.9052
1434 0.9052
1435 0.9052
1436 0.9048
1437 0.9048
1438 0.9048
1439 0.9048
1440 0.9048
1441 0.9048
1442 0.9048
1443 0.9048
1444 0.9048
1445 0.9048
1446 0.9044
1447 0.9044
1448 0.9044
1449 0.9044
1450 0.9044
1451 0.9044
1452 0.9044
1453 0.904
1454 0.904
1455 0.904
1456 0.904
1457 0.904
1458 0.904
1459 0.904
1460 0.904
1461 0.904
1462 0.904
1463 0.904
1464 0.904
1465 0.904
1466 0.904
1467 0.904
1468 0.904
1469 0.904
1470 0.904
1471 0.9036
1472 0.9032000000000001
1473 0.9032000000000001
1474 0.9028
1475 0.9024
1476 0.9024
1477 0.9024
1478 0.9024
1479 0.9024
1480 0.9024
1481 0.9024
1482 0.9024
1483 0.9024
1484 0.9024
1485 0.9024
1486 0.902
1487 0.902
1488 0.902
1489 0.902
1490 0.9016
1491 0.9016
1492 0.9016
1493 0.9016
1494 0.9016
1495 0.9012
1496 0.9012
1497 0.9012
1498 0.9012
1499 0.9012
1500 0.9004000000000001
1501 0.9004000000000001
1502 0.9004000000000001
1503 0.9004000000000001
1504 0.9004000000000001
1505 0.9
1506 0.9
1507 0.9
1508 0.9
1509 0.9
1510 0.9
1511 0.9
1512 0.9
1513 0.9
1514 0.9
1515 0.9
1516 0.9
1517 0.8996000000000001
1518 0.8996000000000001
1519 0.8996000000000001
1520 0.8996000000000001
1521 0.8996000000000001
1522 0.8996000000000001
1523 0.8996000000000001
1524 0.8996000000000001
1525 0.8996000000000001
1526 0.8996000000000001
1527 0.8996000000000001
1528 0.8996000000000001
1529 0.8996000000000001
1530 0.8996000000000001
1531 0.8996000000000001
1532 0.8996000000000001
1533 0.8996000000000001
1534 0.8996000000000001
1535 0.8996000000000001
1536 0.8996000000000001
1537 0.8996000000000001
1538 0.8988000000000003
1539 0.8988000000000003
1540 0.8988000000000003
1541 0.8988000000000003
1542 0.8988000000000003
1543 0.8988000000000003
1544 0.8988000000000003
1545 0.8988000000000003
1546 0.8988000000000003
1547 0.8988000000000003
1548 0.8988000000000003
1549 0.8988000000000003
1550 0.8988000000000003
1551 0.8988000000000003
1552 0.8988000000000003
1553 0.8988000000000003
1554 0.8988000000000003
1555 0.8980000000000001
1556 0.8980000000000001
1557 0.8980000000000001
1558 0.8980000000000001
1559 0.8980000000000001
1560 0.8980000000000001
1561 0.8980000000000001
1562 0.8980000000000001
1563 0.8980000000000001
1564 0.8980000000000001
1565 0.8980000000000001
1566 0.8980000000000001
1567 0.8980000000000001
1568 0.8980000000000001
1569 0.8980000000000001
1570 0.8980000000000001
1571 0.8980000000000001
1572 0.8980000000000001
1573 0.8980000000000001
1574 0.8980000000000001
1575 0.8980000000000001
1576 0.8980000000000001
1577 0.8976000000000002
1578 0.8972000000000001
1579 0.8972000000000001
1580 0.8972000000000001
1581 0.8972000000000001
1582 0.8972000000000001
1583 0.8972000000000001
1584 0.8972000000000001
1585 0.8972000000000001
1586 0.8972000000000001
1587 0.8972000000000001
1588 0.8972000000000001
1589 0.8968
1590 0.8968
1591 0.8968
1592 0.8968
1593 0.8968
1594 0.8968
1595 0.8968
1596 0.8968
1597 0.8968
1598 0.8964
1599 0.8964
1600 0.8964
1601 0.8964
1602 0.8964
1603 0.8964
1604 0.8964
1605 0.8964
1606 0.8960000000000001
1607 0.8960000000000001
1608 0.8956000000000001
1609 0.8956000000000001
1610 0.8956000000000001
1611 0.8956000000000001
1612 0.8956000000000001
1613 0.8956000000000001
1614 0.8956000000000001
1615 0.8956000000000001
1616 0.8956000000000001
1617 0.8952000000000001
1618 0.8952000000000001
1619 0.8952000000000001
1620 0.8952000000000001
1621 0.8948000000000002
1622 0.8944000000000003
1623 0.8940000000000002
1624 0.8940000000000002
1625 0.8940000000000002
1626 0.8940000000000002
1627 0.8940000000000002
1628 0.8940000000000002
1629 0.8940000000000002
1630 0.8940000000000002
1631 0.8940000000000002
1632 0.8940000000000002
1633 0.8940000000000002
1634 0.8940000000000002
1635 0.8940000000000002
1636 0.8936
1637 0.8936
1638 0.8932000000000001
1639 0.8932000000000001
1640 0.8924000000000001
1641 0.8924000000000001
1642 0.8924000000000001
1643 0.8924000000000001
1644 0.8924000000000001
1645 0.8924000000000001
1646 0.8924000000000001
1647 0.8924000000000001
1648 0.8924000000000001
1649 0.8924000000000001
1650 0.8924000000000001
1651 0.8924000000000001
1652 0.8924000000000001
1653 0.8924000000000001
1654 0.8924000000000001
1655 0.8924000000000001
1656 0.8924000000000001
1657 0.8924000000000001
1658 0.8924000000000001
1659 0.8924000000000001
1660 0.8924000000000001
1661 0.892
1662 0.892
1663 0.892
1664 0.892
1665 0.892
1666 0.892
1667 0.8912
1668 0.8912
1669 0.8912
1670 0.8912
1671 0.8912
1672 0.8912
1673 0.8912
1674 0.8912
1675 0.8912
1676 0.8912
1677 0.8912
1678 0.8912
1679 0.8912
1680 0.8912
1681 0.8912
1682 0.8912
1683 0.8912
1684 0.8912
1685 0.8912
1686 0.8908000000000001
1687 0.8908000000000001
1688 0.8908000000000001
1689 0.8908000000000001
1690 0.8908000000000001
1691 0.8908000000000001
1692 0.8908000000000001
1693 0.8908000000000001
1694 0.8908000000000001
1695 0.8908000000000001
1696 0.8908000000000001
1697 0.8908000000000001
1698 0.8908000000000001
1699 0.8908000000000001
1700 0.8908000000000001
1701 0.8908000000000001
1702 0.8908000000000001
1703 0.8908000000000001
1704 0.8908000000000001
1705 0.8908000000000001
1706 0.8908000000000001
1707 0.8908000000000001
1708 0.8908000000000001
1709 0.8908000000000001
1710 0.8904000000000001
1711 0.8904000000000001
1712 0.8904000000000001
1713 0.8904000000000001
1714 0.8904000000000001
1715 0.89
1716 0.89
1717 0.89
1718 0.89
1719 0.89
1720 0.89
1721 0.89
1722 0.8896
1723 0.8896
1724 0.8896
1725 0.8896
1726 0.8896
1727 0.8896
1728 0.8896
1729 0.8896
1730 0.8896
1731 0.8896
1732 0.8896
1733 0.8896
1734 0.8896
1735 0.8892
1736 0.8888000000000001
1737 0.8888000000000001
1738 0.8884000000000002
1739 0.8884000000000002
1740 0.8884000000000002
1741 0.8880000000000002
1742 0.8880000000000002
1743 0.8880000000000002
1744 0.8880000000000002
1745 0.8880000000000002
1746 0.8876000000000002
1747 0.8876000000000002
1748 0.8876000000000002
1749 0.8876000000000002
1750 0.8876000000000002
1751 0.8876000000000002
1752 0.8872000000000001
1753 0.8868000000000003
1754 0.8868000000000003
1755 0.8864000000000003
1756 0.8864000000000003
1757 0.8864000000000003
1758 0.8864000000000003
1759 0.8864000000000003
1760 0.8864000000000003
1761 0.8864000000000003
1762 0.8864000000000003
1763 0.8864000000000003
1764 0.8860000000000002
1765 0.8860000000000002
1766 0.8860000000000002
1767 0.8856000000000003
1768 0.8852000000000002
1769 0.8852000000000002
1770 0.8852000000000002
1771 0.8848000000000001
1772 0.8848000000000001
1773 0.8848000000000001
1774 0.8848000000000001
1775 0.8848000000000001
1776 0.8848000000000001
1777 0.8844000000000003
1778 0.8844000000000003
1779 0.8844000000000003
1780 0.8844000000000003
1781 0.8844000000000003
1782 0.8836000000000003
1783 0.8836000000000003
1784 0.8832000000000003
1785 0.8832000000000003
1786 0.8828000000000001
1787 0.8828000000000001
1788 0.8828000000000001
1789 0.8824000000000001
1790 0.8824000000000001
1791 0.8824000000000001
1792 0.8824000000000001
1793 0.8824000000000001
1794 0.8824000000000001
1795 0.8824000000000001
1796 0.8824000000000001
1797 0.8824000000000001
1798 0.8824000000000001
1799 0.8824000000000001
1800 0.8824000000000001
1801 0.8824000000000001
1802 0.8820000000000001
1803 0.8820000000000001
1804 0.8820000000000001
1805 0.8816000000000002
1806 0.8816000000000002
1807 0.8816000000000002
1808 0.8816000000000002
1809 0.8816000000000002
1810 0.8816000000000002
1811 0.8816000000000002
1812 0.8816000000000002
1813 0.8816000000000002
1814 0.8816000000000002
1815 0.8816000000000002
1816 0.8816000000000002
1817 0.8816000000000002
1818 0.8812000000000001
1819 0.8812000000000001
1820 0.8812000000000001
1821 0.8812000000000001
1822 0.8812000000000001
1823 0.8812000000000001
1824 0.8812000000000001
1825 0.8812000000000001
1826 0.8812000000000001
1827 0.8808000000000001
1828 0.8808000000000001
1829 0.8808000000000001
1830 0.8804000000000001
1831 0.8804000000000001
1832 0.8804000000000001
1833 0.8800000000000001
1834 0.8800000000000001
1835 0.8800000000000001
1836 0.8796
1837 0.8796
1838 0.8796
1839 0.8796
1840 0.8796
1841 0.8796
1842 0.8796
1843 0.8796
1844 0.8796
1845 0.8796
1846 0.8792
1847 0.8792
1848 0.8792
1849 0.8792
1850 0.8792
1851 0.8792
1852 0.8792
1853 0.8792
1854 0.8792
1855 0.8788000000000001
1856 0.8788000000000001
1857 0.8788000000000001
1858 0.8788000000000001
1859 0.8788000000000001
1860 0.8788000000000001
1861 0.8788000000000001
1862 0.878
1863 0.8772000000000001
1864 0.8772000000000001
1865 0.8772000000000001
1866 0.8772000000000001
1867 0.8767999999999999
1868 0.8764
1869 0.8764
1870 0.8764
1871 0.8764
1872 0.8764
1873 0.8764
1874 0.8764
1875 0.8764
1876 0.8764
1877 0.8764
1878 0.8760000000000001
1879 0.8760000000000001
1880 0.8760000000000001
1881 0.8760000000000001
1882 0.8756
1883 0.8756
1884 0.8756
1885 0.8756
1886 0.8756
1887 0.8756
1888 0.8756
1889 0.8752000000000001
1890 0.8752000000000001
1891 0.8752000000000001
1892 0.8752000000000001
1893 0.8752000000000001
1894 0.8752000000000001
1895 0.8752000000000001
1896 0.8752000000000001
1897 0.8752000000000001
1898 0.8752000000000001
1899 0.8752000000000001
1900 0.8752000000000001
1901 0.8748
1902 0.8748
1903 0.8748
1904 0.8744000000000001
1905 0.8744000000000001
1906 0.8744000000000001
1907 0.8744000000000001
1908 0.8744000000000001
1909 0.8744000000000001
1910 0.8744000000000001
1911 0.8744000000000001
1912 0.8744000000000001
1913 0.8744000000000001
1914 0.8740000000000001
1915 0.8740000000000001
1916 0.8740000000000001
1917 0.8740000000000001
1918 0.8740000000000001
1919 0.8740000000000001
1920 0.8740000000000001
1921 0.8740000000000001
1922 0.8736
1923 0.8736
1924 0.8736
1925 0.8736
1926 0.8736
1927 0.8736
1928 0.8736
1929 0.8736
1930 0.8736
1931 0.8736
1932 0.8736
1933 0.8736
1934 0.8736
1935 0.8736
1936 0.8736
1937 0.8732000000000001
1938 0.8732000000000001
1939 0.8732000000000001
1940 0.8732000000000001
1941 0.8732000000000001
1942 0.8732000000000001
1943 0.8732000000000001
1944 0.8732000000000001
1945 0.8732000000000001
1946 0.8732000000000001
1947 0.8732000000000001
1948 0.8732000000000001
1949 0.8732000000000001
1950 0.8732000000000001
1951 0.8732000000000001
1952 0.8732000000000001
1953 0.8732000000000001
1954 0.8732000000000001
1955 0.8732000000000001
1956 0.8732000000000001
1957 0.8732000000000001
1958 0.8732000000000001
1959 0.8732000000000001
1960 0.8728000000000001
1961 0.8724000000000001
1962 0.8724000000000001
1963 0.872
1964 0.872
1965 0.872
1966 0.872
1967 0.872
1968 0.872
1969 0.872
1970 0.872
1971 0.872
1972 0.872
1973 0.872
1974 0.872
1975 0.872
1976 0.872
1977 0.872
1978 0.872
1979 0.872
1980 0.8715999999999999
1981 0.8712000000000001
1982 0.8712000000000001
1983 0.8708
1984 0.8704000000000001
1985 0.8704000000000001
1986 0.8704000000000001
1987 0.8704000000000001
1988 0.8704000000000001
1989 0.8704000000000001
1990 0.8704000000000001
1991 0.8692000000000002
1992 0.8688000000000001
1993 0.8688000000000001
1994 0.8688000000000001
1995 0.8688000000000001
1996 0.8688000000000001
1997 0.8688000000000001
1998 0.8688000000000001
1999 0.8688000000000001
