1 1.0
2 1.0
3 1.0
4 0.9995999999999999
5 0.9983999999999998
6 0.9983999999999998
7 0.9975999999999999
8 0.9959999999999997
9 0.9951999999999999
10 0.9951999999999999
11 0.9951999999999999
12 0.9943999999999998
13 0.9939999999999998
14 0.9923999999999996
15 0.9903999999999997
16 0.9891999999999999
17 0.9879999999999997
18 0.9875999999999998
19 0.9867999999999998
20 0.9863999999999997
21 0.9855999999999997
22 0.9847999999999999
23 0.9836
24 0.9832
25 0.9823999999999999
26 0.9811999999999999
27 0.9804
28 0.9792000000000001
29 0.9772
30 0.9764
31 0.9760000000000001
32 0.9735999999999998
33 0.9728
34 0.9723999999999999
35 0.9719999999999999
36 0.9719999999999999
37 0.9715999999999998
38 0.9699999999999999
39 0.968
40 0.966
41 0.9648
42 0.9632000000000001
43 0.9620000000000002
44 0.9608000000000001
45 0.9604000000000003
46 0.9596000000000001
47 0.9592000000000002
48 0.9580000000000001
49 0.9572000000000002
50 0.9560000000000001
51 0.9548000000000001
52 0.9544000000000001
53 0.9536
54 0.9531999999999999
55 0.9519999999999998
56 0.9507999999999996
57 0.9499999999999996
58 0.9491999999999996
59 0.9487999999999996
60 0.9479999999999997
61 0.9471999999999997
62 0.9463999999999999
63 0.9443999999999998
64 0.9431999999999998
65 0.9423999999999999
66 0.9415999999999998
67 0.9407999999999999
68 0.9395999999999998
69 0.9391999999999997
70 0.9379999999999997
71 0.9367999999999997
72 0.9363999999999999
73 0.9355999999999999
74 0.9355999999999999
75 0.9355999999999999
76 0.9343999999999998
77 0.9343999999999998
78 0.9343999999999998
79 0.9339999999999999
80 0.9331999999999999
81 0.9316
82 0.9299999999999998
83 0.9296
84 0.9279999999999998
85 0.9271999999999998
86 0.9255999999999998
87 0.9255999999999998
88 0.9251999999999998
89 0.9239999999999998
90 0.9235999999999999
91 0.9231999999999998
92 0.9227999999999998
93 0.9227999999999998
94 0.9211999999999998
95 0.9203999999999998
96 0.9179999999999997
97 0.9155999999999997
98 0.9147999999999997
99 0.9131999999999998
100 0.9127999999999997
101 0.9119999999999999
102 0.9119999999999999
103 0.9103999999999998
104 0.9099999999999998
105 0.9091999999999998
106 0.9071999999999997
107 0.9071999999999997
108 0.9059999999999998
109 0.9051999999999998
110 0.9047999999999997
111 0.9027999999999997
112 0.9027999999999997
113 0.9027999999999997
114 0.9023999999999998
115 0.9019999999999999
116 0.9015999999999998
117 0.9003999999999999
118 0.8999999999999999
119 0.8979999999999998
120 0.8963999999999998
121 0.8959999999999998
122 0.8947999999999997
123 0.8939999999999998
124 0.8931999999999997
125 0.8927999999999997
126 0.8927999999999997
127 0.8911999999999998
128 0.8891999999999995
129 0.8887999999999997
130 0.8883999999999996
131 0.8879999999999996
132 0.8867999999999996
133 0.8859999999999997
134 0.8851999999999997
135 0.8851999999999997
136 0.8823999999999995
137 0.8823999999999995
138 0.8803999999999996
139 0.8799999999999996
140 0.8795999999999995
141 0.8791999999999995
142 0.8783999999999996
143 0.8783999999999996
144 0.8779999999999996
145 0.8775999999999996
146 0.8767999999999998
147 0.8759999999999998
148 0.8759999999999998
149 0.8755999999999997
150 0.8743999999999998
151 0.8743999999999998
152 0.8736
153 0.8736
154 0.8732000000000001
155 0.8724000000000001
156 0.872
157 0.872
158 0.8712000000000001
159 0.8704000000000001
160 0.8700000000000001
161 0.8700000000000001
162 0.8696
163 0.8696
164 0.8684000000000001
165 0.8676
166 0.8672000000000001
167 0.8672000000000001
168 0.8668
169 0.8668
170 0.8664000000000002
171 0.8644000000000002
172 0.8640000000000002
173 0.8636000000000001
174 0.8628000000000001
175 0.8628000000000001
176 0.8624
177 0.8612000000000001
178 0.8603999999999999
179 0.86
180 0.8595999999999999
181 0.8583999999999999
182 0.8579999999999999
183 0.8575999999999999
184 0.8575999999999999
185 0.8575999999999999
186 0.8556000000000001
187 0.8544000000000003
188 0.8540000000000002
189 0.8528000000000001
190 0.8516000000000002
191 0.8508000000000002
192 0.8504000000000002
193 0.8496000000000004
194 0.8488000000000002
195 0.8480000000000003
196 0.8480000000000003
197 0.8472000000000003
198 0.8468000000000002
199 0.8460000000000002
200 0.8448000000000003
201 0.8444000000000004
202 0.8436000000000005
203 0.8436000000000005
204 0.8428000000000004
205 0.8428000000000004
206 0.8420000000000004
207 0.8408000000000004
208 0.8396000000000002
209 0.8388000000000001
210 0.8384000000000001
211 0.8380000000000003
212 0.8372000000000003
213 0.8368000000000003
214 0.8356000000000003
215 0.8356000000000003
216 0.8340000000000005
217 0.8340000000000005
218 0.8336000000000005
219 0.8328000000000004
220 0.8328000000000004
221 0.8320000000000003
222 0.8296000000000002
223 0.8292000000000003
224 0.8288000000000002
225 0.8284000000000004
226 0.8280000000000003
227 0.8280000000000003
228 0.8272000000000003
229 0.8264000000000002
230 0.8260000000000004
231 0.8260000000000004
232 0.8256000000000003
233 0.8252000000000003
234 0.8252000000000003
235 0.8244000000000002
236 0.8232000000000004
237 0.8228000000000003
238 0.8216000000000002
239 0.8212000000000004
240 0.8208000000000003
241 0.8196000000000002
242 0.8184000000000001
243 0.8176000000000002
244 0.8164
245 0.8160000000000001
246 0.8152000000000001
247 0.8144000000000001
248 0.8140000000000001
249 0.8128000000000002
250 0.8124000000000001
251 0.812
252 0.8108000000000001
253 0.8100000000000002
254 0.8096000000000001
255 0.8092
256 0.8083999999999999
257 0.8083999999999999
258 0.8079999999999999
259 0.8068
260 0.806
261 0.806
262 0.8056
263 0.8056
264 0.8036
265 0.8028000000000002
266 0.8016000000000001
267 0.8016000000000001
268 0.8008000000000002
269 0.7996000000000002
270 0.7984000000000002
271 0.7980000000000002
272 0.7980000000000002
273 0.7968000000000001
274 0.7968000000000001
275 0.7968000000000001
276 0.7968000000000001
277 0.7964
278 0.796
279 0.7948000000000001
280 0.794
281 0.794
282 0.794
283 0.7924
284 0.792
285 0.7911999999999999
286 0.7911999999999999
287 0.7908
288 0.7908
289 0.7899999999999998
290 0.7896
291 0.7896
292 0.7892
293 0.7888
294 0.7884
295 0.7879999999999999
296 0.7879999999999999
297 0.7864000000000001
298 0.7864000000000001
299 0.7852000000000001
300 0.7848000000000002
301 0.7848000000000002
302 0.7844000000000001
303 0.7836000000000002
304 0.7832000000000001
305 0.7824000000000002
306 0.7824000000000002
307 0.7812000000000002
308 0.7808000000000002
309 0.7808000000000002
310 0.7804000000000002
311 0.7800000000000001
312 0.7800000000000001
313 0.7788
314 0.7784
315 0.778
316 0.778
317 0.7771999999999999
318 0.7764
319 0.7752
320 0.7752
321 0.7748
322 0.7744000000000001
323 0.7744000000000001
324 0.774
325 0.7732000000000001
326 0.7728000000000002
327 0.7724000000000001
328 0.7716000000000001
329 0.7704000000000002
330 0.7696000000000001
331 0.7684000000000001
332 0.7676000000000001
333 0.7668
334 0.7668
335 0.7656000000000001
336 0.7640000000000002
337 0.7640000000000002
338 0.7640000000000002
339 0.7640000000000002
340 0.7640000000000002
341 0.7636000000000002
342 0.7632000000000001
343 0.7632000000000001
344 0.7628
345 0.7624
346 0.7616
347 0.7616
348 0.7616
349 0.7616
350 0.7612000000000002
351 0.7604000000000001
352 0.7584000000000002
353 0.7584000000000002
354 0.7584000000000002
355 0.7580000000000002
356 0.7580000000000002
357 0.7576000000000002
358 0.7560000000000001
359 0.7552000000000002
360 0.7544000000000003
361 0.7536000000000003
362 0.7528000000000002
363 0.7524000000000004
364 0.7520000000000003
365 0.7520000000000003
366 0.7516000000000003
367 0.7516000000000003
368 0.7512000000000003
369 0.7512000000000003
370 0.7512000000000003
371 0.7496000000000003
372 0.7492000000000003
373 0.7488000000000004
374 0.7484000000000003
375 0.7484000000000003
376 0.7484000000000003
377 0.7476000000000002
378 0.7476000000000002
379 0.7472000000000003
380 0.7472000000000003
381 0.7472000000000003
382 0.7468000000000004
383 0.7464000000000003
384 0.7460000000000002
385 0.7456000000000003
386 0.7452000000000002
387 0.7452000000000002
388 0.7452000000000002
389 0.7452000000000002
390 0.7448000000000001
391 0.7444000000000003
392 0.7444000000000003
393 0.7440000000000002
394 0.7440000000000002
395 0.7440000000000002
396 0.7432000000000002
397 0.7432000000000002
398 0.7432000000000002
399 0.7428000000000003
400 0.7424000000000003
401 0.7424000000000003
402 0.7420000000000003
403 0.7420000000000003
404 0.7420000000000003
405 0.7416000000000003
406 0.7408000000000002
407 0.7404000000000004
408 0.7404000000000004
409 0.7396000000000004
410 0.7396000000000004
411 0.7396000000000004
412 0.7396000000000004
413 0.7392000000000003
414 0.7388000000000002
415 0.7388000000000002
416 0.7384000000000002
417 0.7384000000000002
418 0.7384000000000002
419 0.7372000000000003
420 0.7368000000000002
421 0.7368000000000002
422 0.7360000000000002
423 0.7360000000000002
424 0.7348000000000002
425 0.7348000000000002
426 0.7344000000000003
427 0.7340000000000002
428 0.7340000000000002
429 0.7340000000000002
430 0.7340000000000002
431 0.7340000000000002
432 0.7332000000000002
433 0.7332000000000002
434 0.7332000000000002
435 0.7328000000000003
436 0.7324000000000003
437 0.7324000000000003
438 0.7320000000000002
439 0.7320000000000002
440 0.7320000000000002
441 0.7316000000000003
442 0.7316000000000003
443 0.7304000000000002
444 0.7300000000000001
445 0.7296000000000002
446 0.7296000000000002
447 0.7288000000000002
448 0.7284000000000002
449 0.7284000000000002
450 0.7284000000000002
451 0.7280000000000001
452 0.7276000000000002
453 0.7276000000000002
454 0.7272000000000002
455 0.7264000000000002
456 0.7252
457 0.7252
458 0.7243999999999999
459 0.7240000000000001
460 0.7240000000000001
461 0.7228
462 0.7224
463 0.7224
464 0.7216000000000001
465 0.7204
466 0.7204
467 0.72
468 0.72
469 0.72
470 0.72
471 0.7196000000000001
472 0.7192000000000001
473 0.7180000000000001
474 0.7176
475 0.7176
476 0.7168000000000001
477 0.7164
478 0.7164
479 0.7160000000000001
480 0.7152000000000001
481 0.7148
482 0.7143999999999999
483 0.7143999999999999
484 0.7143999999999999
485 0.7136
486 0.7132000000000001
487 0.7132000000000001
488 0.7128
489 0.7123999999999999
490 0.7120000000000001
491 0.7120000000000001
492 0.7120000000000001
493 0.7116
494 0.7116
495 0.7116
496 0.7116
497 0.7112
498 0.7112
499 0.7112
500 0.7112
501 0.7112
502 0.7108
503 0.7108
504 0.7104
505 0.7104
506 0.7104
507 0.7104
508 0.7104
509 0.71
510 0.71
511 0.71
512 0.71
513 0.7096000000000001
514 0.7096000000000001
515 0.7092000000000002
516 0.7092000000000002
517 0.7088000000000001
518 0.7080000000000001
519 0.7067999999999999
520 0.706
521 0.7056
522 0.7051999999999999
523 0.7048000000000001
524 0.7048000000000001
525 0.7048000000000001
526 0.7048000000000001
527 0.7044
528 0.7040000000000001
529 0.7040000000000001
530 0.7036
531 0.7036
532 0.7036
533 0.7036
534 0.7031999999999999
535 0.7028
536 0.7028
537 0.7028
538 0.7028
539 0.7023999999999999
540 0.7020000000000001
541 0.7020000000000001
542 0.7020000000000001
543 0.7020000000000001
544 0.7020000000000001
545 0.7016
546 0.7008
547 0.6995999999999999
548 0.6995999999999999
549 0.6992
550 0.6984
551 0.6984
552 0.6984
553 0.698
554 0.6976
555 0.6976
556 0.6976
557 0.6976
558 0.6972
559 0.6964
560 0.6956
561 0.6951999999999999
562 0.6948000000000001
563 0.6944
564 0.6944
565 0.6936
566 0.6936
567 0.6936
568 0.6936
569 0.6931999999999999
570 0.6916
571 0.6916
572 0.6916
573 0.6916
574 0.6912
575 0.6908
576 0.6908
577 0.6908
578 0.6903999999999999
579 0.6903999999999999
580 0.6896
581 0.6896
582 0.6896
583 0.6888
584 0.6883999999999999
585 0.6883999999999999
586 0.6883999999999999
587 0.6883999999999999
588 0.6883999999999999
589 0.688
590 0.688
591 0.6872
592 0.6868
593 0.6868
594 0.6855999999999999
595 0.6855999999999999
596 0.6855999999999999
597 0.6851999999999999
598 0.6847999999999999
599 0.6847999999999999
600 0.6847999999999999
601 0.6847999999999999
602 0.6844
603 0.6839999999999999
604 0.6839999999999999
605 0.6836
606 0.6831999999999999
607 0.6831999999999999
608 0.6831999999999999
609 0.6827999999999999
610 0.6819999999999999
611 0.6819999999999999
612 0.6819999999999999
613 0.6819999999999999
614 0.6819999999999999
615 0.6815999999999999
616 0.6815999999999999
617 0.6811999999999999
618 0.6811999999999999
619 0.6803999999999999
620 0.6803999999999999
621 0.68
622 0.6796
623 0.6796
624 0.6788
625 0.6779999999999999
626 0.6779999999999999
627 0.6779999999999999
628 0.6775999999999999
629 0.6768
630 0.6764
631 0.6759999999999999
632 0.6759999999999999
633 0.6759999999999999
634 0.6756
635 0.6756
636 0.6756
637 0.6751999999999999
638 0.6751999999999999
639 0.6751999999999999
640 0.6751999999999999
641 0.6751999999999999
642 0.6751999999999999
643 0.6748000000000001
644 0.6748000000000001
645 0.6748000000000001
646 0.674
647 0.6736
648 0.6731999999999999
649 0.6731999999999999
650 0.6724
651 0.672
652 0.6711999999999999
653 0.6708
654 0.6708
655 0.6708
656 0.6708
657 0.6708
658 0.6708
659 0.6703999999999999
660 0.67
661 0.6691999999999999
662 0.6691999999999999
663 0.6691999999999999
664 0.6691999999999999
665 0.6691999999999999
666 0.6691999999999999
667 0.6691999999999999
668 0.6691999999999999
669 0.6691999999999999
670 0.6691999999999999
671 0.6691999999999999
672 0.6688
673 0.6688
674 0.6688
675 0.6688
676 0.6683999999999999
677 0.6672
678 0.6672
679 0.6672
680 0.6668
681 0.6664
682 0.6659999999999999
683 0.6656
684 0.6656
685 0.6652
686 0.6648
687 0.6639999999999999
688 0.6631999999999999
689 0.6631999999999999
690 0.6628000000000001
691 0.6628000000000001
692 0.6624
693 0.6624
694 0.6624
695 0.6616
696 0.6611999999999999
697 0.6607999999999999
698 0.6603999999999999
699 0.6603999999999999
700 0.66
701 0.66
702 0.66
703 0.6596
704 0.6596
705 0.6592
706 0.6592
707 0.6592
708 0.6592
709 0.6584
710 0.6584
711 0.6584
712 0.6584
713 0.6584
714 0.6579999999999999
715 0.6579999999999999
716 0.6579999999999999
717 0.6579999999999999
718 0.6579999999999999
719 0.6576000000000001
720 0.6572
721 0.6572
722 0.6567999999999999
723 0.6567999999999999
724 0.6564
725 0.6564
726 0.6564
727 0.6564
728 0.6564
729 0.6564
730 0.6559999999999999
731 0.6559999999999999
732 0.6556000000000001
733 0.6556000000000001
734 0.6556000000000001
735 0.6556000000000001
736 0.6556000000000001
737 0.6552
738 0.6552
739 0.6552
740 0.6544
741 0.6544
742 0.6544
743 0.6536
744 0.6531999999999999
745 0.6531999999999999
746 0.6524
747 0.6516
748 0.6516
749 0.6516
750 0.6516
751 0.6516
752 0.6516
753 0.6507999999999999
754 0.6503999999999999
755 0.6499999999999999
756 0.6499999999999999
757 0.6499999999999999
758 0.6491999999999999
759 0.6491999999999999
760 0.6487999999999999
761 0.6483999999999999
762 0.6483999999999999
763 0.6483999999999999
764 0.6483999999999999
765 0.6479999999999998
766 0.6476
767 0.6467999999999999
768 0.6455999999999998
769 0.6455999999999998
770 0.6455999999999998
771 0.6455999999999998
772 0.6455999999999998
773 0.6455999999999998
774 0.6455999999999998
775 0.6455999999999998
776 0.6447999999999997
777 0.6447999999999997
778 0.6447999999999997
779 0.6443999999999999
780 0.6443999999999999
781 0.6443999999999999
782 0.6439999999999998
783 0.6435999999999998
784 0.6435999999999998
785 0.6431999999999998
786 0.6431999999999998
787 0.6431999999999998
788 0.6431999999999998
789 0.6431999999999998
790 0.6431999999999998
791 0.6427999999999998
792 0.6423999999999999
793 0.6423999999999999
794 0.6415999999999997
795 0.6407999999999997
796 0.6403999999999997
797 0.6403999999999997
798 0.6403999999999997
799 0.6395999999999998
800 0.6387999999999997
801 0.6387999999999997
802 0.6387999999999997
803 0.6375999999999997
804 0.6371999999999998
805 0.6367999999999998
806 0.6367999999999998
807 0.6367999999999998
808 0.6367999999999998
809 0.6367999999999998
810 0.6367999999999998
811 0.6363999999999997
812 0.6363999999999997
813 0.6363999999999997
814 0.6363999999999997
815 0.6359999999999997
816 0.6359999999999997
817 0.6359999999999997
818 0.6359999999999997
819 0.6355999999999997
820 0.6355999999999997
821 0.6355999999999997
822 0.6355999999999997
823 0.6351999999999998
824 0.6347999999999998
825 0.6347999999999998
826 0.6347999999999998
827 0.6343999999999997
828 0.6343999999999997
829 0.6335999999999997
830 0.6331999999999998
831 0.6327999999999997
832 0.6327999999999997
833 0.6323999999999997
834 0.6315999999999997
835 0.6315999999999997
836 0.6311999999999997
837 0.6307999999999997
838 0.6299999999999997
839 0.6291999999999998
840 0.6287999999999997
841 0.6283999999999997
842 0.6283999999999997
843 0.6275999999999997
844 0.6267999999999997
845 0.6263999999999997
846 0.6251999999999998
847 0.6247999999999998
848 0.6247999999999998
849 0.6247999999999998
850 0.6243999999999997
851 0.6243999999999997
852 0.6243999999999997
853 0.6239999999999998
854 0.6239999999999998
855 0.6239999999999998
856 0.6239999999999998
857 0.6239999999999998
858 0.6235999999999998
859 0.6227999999999998
860 0.6223999999999998
861 0.6223999999999998
862 0.6219999999999998
863 0.6219999999999998
864 0.6219999999999998
865 0.6219999999999998
866 0.6215999999999998
867 0.6207999999999998
868 0.6207999999999998
869 0.6207999999999998
870 0.6203999999999997
871 0.6203999999999997
872 0.6199999999999998
873 0.6199999999999998
874 0.6199999999999998
875 0.6199999999999998
876 0.6199999999999998
877 0.6199999999999998
878 0.6199999999999998
879 0.6199999999999998
880 0.6199999999999998
881 0.6195999999999998
882 0.6183999999999998
883 0.6183999999999998
884 0.6183999999999998
885 0.6183999999999998
886 0.6179999999999999
887 0.6179999999999999
888 0.6175999999999998
889 0.6175999999999998
890 0.6175999999999998
891 0.6167999999999999
892 0.6155999999999999
893 0.6155999999999999
894 0.6155999999999999
895 0.6151999999999999
896 0.6147999999999999
897 0.6147999999999999
898 0.6147999999999999
899 0.6147999999999999
900 0.6147999999999999
901 0.6144
902 0.6139999999999999
903 0.6139999999999999
904 0.6135999999999999
905 0.6132
906 0.6132
907 0.6127999999999999
908 0.6115999999999999
909 0.6108
910 0.6103999999999999
911 0.6103999999999999
912 0.6095999999999999
913 0.6095999999999999
914 0.6092
915 0.6088
916 0.6088
917 0.6088
918 0.6088
919 0.6088
920 0.6088
921 0.6088
922 0.6088
923 0.6083999999999999
924 0.608
925 0.608
926 0.608
927 0.6072
928 0.6072
929 0.6072
930 0.6072
931 0.6072
932 0.6072
933 0.6072
934 0.6068
935 0.6064
936 0.606
937 0.6052000000000001
938 0.6048
939 0.6044
940 0.6040000000000001
941 0.6040000000000001
942 0.6036
943 0.6028
944 0.6028
945 0.6028
946 0.6028
947 0.6028
948 0.6028
949 0.6008
950 0.6
951 0.5995999999999999
952 0.5995999999999999
953 0.5983999999999999
954 0.5983999999999999
955 0.598
956 0.5976
957 0.5976
958 0.5976
959 0.5976
960 0.5976
961 0.5976
962 0.5968
963 0.5968
964 0.5968
965 0.5968
966 0.596
967 0.5956
968 0.5956
969 0.5952000000000001
970 0.5952000000000001
971 0.5948
972 0.5944
973 0.5944
974 0.5944
975 0.5944
976 0.5944
977 0.5940000000000001
978 0.5940000000000001
979 0.5936
980 0.5936
981 0.5924
982 0.5924
983 0.5924
984 0.5924
985 0.5924
986 0.5920000000000001
987 0.5920000000000001
988 0.5920000000000001
989 0.5912000000000002
990 0.5904
991 0.5904
992 0.5900000000000001
993 0.5892000000000001
994 0.5892000000000001
995 0.5892000000000001
996 0.5888000000000001
997 0.5888000000000001
998 0.5884
999 0.5884
1000 0.5884
1001 0.5884
1002 0.5880000000000001
1003 0.5880000000000001
1004 0.5876
1005 0.5876
1006 0.5868000000000001
1007 0.5868000000000001
1008 0.5868000000000001
1009 0.5868000000000001
1010 0.5868000000000001
1011 0.5868000000000001
1012 0.5868000000000001
1013 0.5868000000000001
1014 0.5864
1015 0.5864
1016 0.5864
1017 0.5864
1018 0.5864
1019 0.5864
1020 0.5860000000000001
1021 0.5860000000000001
1022 0.5856000000000001
1023 0.5856000000000001
1024 0.5856000000000001
1025 0.5856000000000001
1026 0.5844
1027 0.5844
1028 0.5840000000000001
1029 0.5840000000000001
1030 0.5840000000000001
1031 0.5832
1032 0.5832
1033 0.5832
1034 0.5832
1035 0.5832
1036 0.5823999999999999
1037 0.5823999999999999
1038 0.5823999999999999
1039 0.582
1040 0.582
1041 0.582
1042 0.5816
1043 0.5811999999999999
1044 0.5811999999999999
1045 0.5804
1046 0.5804
1047 0.58
1048 0.58
1049 0.58
1050 0.58
1051 0.5788
1052 0.5788
1053 0.578
1054 0.578
1055 0.5776
1056 0.5776
1057 0.5776
1058 0.5768
1059 0.5768
1060 0.5764
1061 0.5764
1062 0.5764
1063 0.5764
1064 0.5764
1065 0.5751999999999999
1066 0.5751999999999999
1067 0.5751999999999999
1068 0.574
1069 0.5732
1070 0.5724
1071 0.572
1072 0.572
1073 0.572
1074 0.572
1075 0.572
1076 0.5716
1077 0.5711999999999999
1078 0.5708
1079 0.5704
1080 0.5704
1081 0.5704
1082 0.5704
1083 0.5704
1084 0.5704
1085 0.5704
1086 0.57
1087 0.5696
1088 0.5696
1089 0.5696
1090 0.5696
1091 0.5696
1092 0.5692
1093 0.5692
1094 0.5692
1095 0.5692
1096 0.5692
1097 0.5688
1098 0.5680000000000001
1099 0.5680000000000001
1100 0.5680000000000001
1101 0.5676000000000001
1102 0.5676000000000001
1103 0.5672
1104 0.5668000000000001
1105 0.5668000000000001
1106 0.5664000000000001
1107 0.5664000000000001
1108 0.5664000000000001
1109 0.5660000000000001
1110 0.5656000000000001
1111 0.5652000000000001
1112 0.5648000000000001
1113 0.5640000000000001
1114 0.5640000000000001
1115 0.5640000000000001
1116 0.5640000000000001
1117 0.5640000000000001
1118 0.5640000000000001
1119 0.5640000000000001
1120 0.5640000000000001
1121 0.5640000000000001
1122 0.5640000000000001
1123 0.5640000000000001
1124 0.5640000000000001
1125 0.5636000000000001
1126 0.5632
1127 0.5628
1128 0.5628
1129 0.5628
1130 0.5628
1131 0.5628
1132 0.5619999999999999
1133 0.5619999999999999
1134 0.5611999999999999
1135 0.5611999999999999
1136 0.5608
1137 0.5608
1138 0.5608
1139 0.5604
1140 0.5604
1141 0.5604
1142 0.5604
1143 0.5604
1144 0.5604
1145 0.5599999999999999
1146 0.5599999999999999
1147 0.5599999999999999
1148 0.5599999999999999
1149 0.5599999999999999
1150 0.5596
1151 0.5596
1152 0.5591999999999999
1153 0.5591999999999999
1154 0.5591999999999999
1155 0.5591999999999999
1156 0.5591999999999999
1157 0.5591999999999999
1158 0.5584
1159 0.5576
1160 0.5576
1161 0.5576
1162 0.5576
1163 0.5576
1164 0.5572
1165 0.5568
1166 0.5563999999999999
1167 0.5563999999999999
1168 0.5563999999999999
1169 0.5555999999999999
1170 0.5551999999999999
1171 0.5551999999999999
1172 0.5551999999999999
1173 0.5551999999999999
1174 0.5551999999999999
1175 0.5547999999999998
1176 0.5547999999999998
1177 0.5543999999999999
1178 0.5543999999999999
1179 0.5543999999999999
1180 0.5543999999999999
1181 0.5543999999999999
1182 0.5543999999999999
1183 0.5543999999999999
1184 0.5543999999999999
1185 0.5543999999999999
1186 0.5539999999999998
1187 0.5535999999999999
1188 0.5535999999999999
1189 0.5535999999999999
1190 0.5535999999999999
1191 0.5531999999999999
1192 0.5527999999999998
1193 0.5527999999999998
1194 0.5527999999999998
1195 0.5527999999999998
1196 0.5527999999999998
1197 0.5527999999999998
1198 0.5527999999999998
1199 0.5519999999999999
1200 0.5519999999999999
1201 0.5519999999999999
1202 0.5519999999999999
1203 0.5515999999999999
1204 0.5511999999999999
1205 0.5508
1206 0.5508
1207 0.5508
1208 0.5503999999999999
1209 0.5503999999999999
1210 0.5503999999999999
1211 0.5503999999999999
1212 0.5503999999999999
1213 0.5496
1214 0.5496
1215 0.5488
1216 0.5479999999999999
1217 0.5479999999999999
1218 0.5472
1219 0.5472
1220 0.5472
1221 0.5468
1222 0.5468
1223 0.5468
1224 0.5468
1225 0.5468
1226 0.546
1227 0.546
1228 0.5456
1229 0.5452
1230 0.5448
1231 0.5448
1232 0.5448
1233 0.5448
1234 0.5448
1235 0.5444
1236 0.5444
1237 0.5444
1238 0.5444
1239 0.5444
1240 0.544
1241 0.544
1242 0.544
1243 0.5436
1244 0.5436
1245 0.5428000000000001
1246 0.5428000000000001
1247 0.5424
1248 0.5424
1249 0.5416
1250 0.5416
1251 0.5412
1252 0.5412
1253 0.5412
1254 0.5408
1255 0.5403999999999999
1256 0.5403999999999999
1257 0.5399999999999999
1258 0.5396
1259 0.5396
1260 0.5396
1261 0.5391999999999999
1262 0.5391999999999999
1263 0.5388
1264 0.5384
1265 0.5384
1266 0.5384
1267 0.5379999999999999
1268 0.5379999999999999
1269 0.5379999999999999
1270 0.5376
1271 0.5376
1272 0.5376
1273 0.5372
1274 0.5372
1275 0.5372
1276 0.5364
1277 0.5359999999999999
1278 0.5359999999999999
1279 0.5356
1280 0.5352
1281 0.5343999999999999
1282 0.5343999999999999
1283 0.5343999999999999
1284 0.5343999999999999
1285 0.5339999999999999
1286 0.5336
1287 0.5336
1288 0.5331999999999999
1289 0.5331999999999999
1290 0.5331999999999999
1291 0.5327999999999999
1292 0.5324
1293 0.5324
1294 0.5324
1295 0.5319999999999999
1296 0.5319999999999999
1297 0.5319999999999999
1298 0.5316
1299 0.5316
1300 0.5316
1301 0.5316
1302 0.5304
1303 0.5304
1304 0.5304
1305 0.53
1306 0.5292
1307 0.5292
1308 0.5292
1309 0.5292
1310 0.5292
1311 0.5288
1312 0.5288
1313 0.5284
1314 0.528
1315 0.528
1316 0.528
1317 0.528
1318 0.5276000000000001
1319 0.5268
1320 0.5268
1321 0.5260000000000001
1322 0.5260000000000001
1323 0.5260000000000001
1324 0.5260000000000001
1325 0.5260000000000001
1326 0.5260000000000001
1327 0.5260000000000001
1328 0.5260000000000001
1329 0.5260000000000001
1330 0.5260000000000001
1331 0.5260000000000001
1332 0.5256000000000001
1333 0.5256000000000001
1334 0.5252000000000001
1335 0.5252000000000001
1336 0.5252000000000001
1337 0.5252000000000001
1338 0.5252000000000001
1339 0.5252000000000001
1340 0.5252000000000001
1341 0.5252000000000001
1342 0.5252000000000001
1343 0.5252000000000001
1344 0.5252000000000001
1345 0.5248000000000002
1346 0.5240000000000001
1347 0.5240000000000001
1348 0.5240000000000001
1349 0.5240000000000001
1350 0.5236000000000002
1351 0.5236000000000002
1352 0.5232000000000001
1353 0.5232000000000001
1354 0.5232000000000001
1355 0.5228
1356 0.5228
1357 0.5220000000000001
1358 0.5220000000000001
1359 0.5212000000000001
1360 0.5212000000000001
1361 0.5212000000000001
1362 0.5212000000000001
1363 0.5204000000000001
1364 0.5204000000000001
1365 0.5204000000000001
1366 0.52
1367 0.5196000000000001
1368 0.5196000000000001
1369 0.5196000000000001
1370 0.5192000000000001
1371 0.5188000000000001
1372 0.5184000000000001
1373 0.5176000000000002
1374 0.5176000000000002
1375 0.5176000000000002
1376 0.5176000000000002
1377 0.5172000000000001
1378 0.5164000000000001
1379 0.5160000000000001
1380 0.5160000000000001
1381 0.5160000000000001
1382 0.5160000000000001
1383 0.5156000000000001
1384 0.5156000000000001
1385 0.5152
1386 0.5152
1387 0.5152
1388 0.5152
1389 0.5152
1390 0.5152
1391 0.5152
1392 0.5152
1393 0.5152
1394 0.5152
1395 0.5152
1396 0.5152
1397 0.5152
1398 0.5152
1399 0.5148
1400 0.5148
1401 0.5148
1402 0.5144000000000001
1403 0.5144000000000001
1404 0.5144000000000001
1405 0.5144000000000001
1406 0.5144000000000001
1407 0.514
1408 0.5136000000000001
1409 0.5128
1410 0.5128
1411 0.5128
1412 0.5128
1413 0.5128
1414 0.5124000000000001
1415 0.5124000000000001
1416 0.5124000000000001
1417 0.5124000000000001
1418 0.5120000000000001
1419 0.5116
1420 0.5116
1421 0.5108000000000001
1422 0.5108000000000001
1423 0.5108000000000001
1424 0.5108000000000001
1425 0.5108000000000001
1426 0.5108000000000001
1427 0.5108000000000001
1428 0.5108000000000001
1429 0.5104000000000002
1430 0.5104000000000002
1431 0.5104000000000002
1432 0.5096
1433 0.5096
1434 0.5096
1435 0.5096
1436 0.5096
1437 0.5096
1438 0.5096
1439 0.5096
1440 0.5092000000000001
1441 0.5092000000000001
1442 0.5092000000000001
1443 0.5092000000000001
1444 0.5088000000000001
1445 0.5084000000000001
1446 0.5084000000000001
1447 0.5084000000000001
1448 0.5084000000000001
1449 0.5084000000000001
1450 0.5084000000000001
1451 0.5084000000000001
1452 0.5084000000000001
1453 0.5084000000000001
1454 0.5080000000000001
1455 0.5080000000000001
1456 0.5076
1457 0.5072000000000001
1458 0.5072000000000001
1459 0.5068
1460 0.5068
1461 0.5068
1462 0.5060000000000001
1463 0.5060000000000001
1464 0.5060000000000001
1465 0.5060000000000001
1466 0.5060000000000001
1467 0.5060000000000001
1468 0.5048000000000001
1469 0.5048000000000001
1470 0.5048000000000001
1471 0.5048000000000001
1472 0.5044000000000001
1473 0.5044000000000001
1474 0.5044000000000001
1475 0.504
1476 0.5036
1477 0.5036
1478 0.5032000000000001
1479 0.5032000000000001
1480 0.5032000000000001
1481 0.5028000000000001
1482 0.5028000000000001
1483 0.5028000000000001
1484 0.5024000000000001
1485 0.5024000000000001
1486 0.5024000000000001
1487 0.502
1488 0.502
1489 0.502
1490 0.502
1491 0.5016000000000002
1492 0.5016000000000002
1493 0.5016000000000002
1494 0.5012000000000001
1495 0.5012000000000001
1496 0.5012000000000001
1497 0.5012000000000001
1498 0.5008000000000001
1499 0.5000000000000001
1500 0.5000000000000001
1501 0.4996000000000001
1502 0.4996000000000001
1503 0.4984000000000001
1504 0.4984000000000001
1505 0.4984000000000001
1506 0.4984000000000001
1507 0.49800000000000005
1508 0.49800000000000005
1509 0.49800000000000005
1510 0.49800000000000005
1511 0.49800000000000005
1512 0.4976
1513 0.4976
1514 0.4968
1515 0.4968
1516 0.49640000000000006
1517 0.49640000000000006
1518 0.49640000000000006
1519 0.49640000000000006
1520 0.49640000000000006
1521 0.4960000000000001
1522 0.4960000000000001
1523 0.4960000000000001
1524 0.4956000000000001
1525 0.4956000000000001
1526 0.4952000000000001
1527 0.4952000000000001
1528 0.49480000000000013
1529 0.49480000000000013
1530 0.49480000000000013
1531 0.49480000000000013
1532 0.49480000000000013
1533 0.49480000000000013
1534 0.4944000000000001
1535 0.4940000000000001
1536 0.49360000000000015
1537 0.49360000000000015
1538 0.49320000000000014
1539 0.49320000000000014
1540 0.4928000000000001
1541 0.4928000000000001
1542 0.4928000000000001
1543 0.4924000000000001
1544 0.4924000000000001
1545 0.4924000000000001
1546 0.49200000000000005
1547 0.49200000000000005
1548 0.49200000000000005
1549 0.49200000000000005
1550 0.49160000000000004
1551 0.49160000000000004
1552 0.49160000000000004
1553 0.49160000000000004
1554 0.4912
1555 0.4912
1556 0.4912
1557 0.4912
1558 0.49040000000000006
1559 0.4896000000000001
1560 0.4892000000000001
1561 0.4888
1562 0.4888
1563 0.48840000000000006
1564 0.48800000000000004
1565 0.48800000000000004
1566 0.48800000000000004
1567 0.48800000000000004
1568 0.4876
1569 0.48719999999999997
1570 0.48719999999999997
1571 0.48719999999999997
1572 0.48719999999999997
1573 0.48719999999999997
1574 0.48719999999999997
1575 0.48719999999999997
1576 0.48719999999999997
1577 0.4868
1578 0.4868
1579 0.486
1580 0.486
1581 0.486
1582 0.48560000000000003
1583 0.48560000000000003
1584 0.48560000000000003
1585 0.48560000000000003
1586 0.48560000000000003
1587 0.48560000000000003
1588 0.48560000000000003
1589 0.48560000000000003
1590 0.48560000000000003
1591 0.48560000000000003
1592 0.48560000000000003
1593 0.48560000000000003
1594 0.48560000000000003
1595 0.48560000000000003
1596 0.48560000000000003
1597 0.48479999999999995
1598 0.48479999999999995
1599 0.48479999999999995
1600 0.48479999999999995
1601 0.48479999999999995
1602 0.48479999999999995
1603 0.48479999999999995
1604 0.48479999999999995
1605 0.48479999999999995
1606 0.48479999999999995
1607 0.48479999999999995
1608 0.48479999999999995
1609 0.4844
1610 0.4844
1611 0.4844
1612 0.484
1613 0.4836
1614 0.4836
1615 0.4836
1616 0.4836
1617 0.4836
1618 0.4836
1619 0.4836
1620 0.4836
1621 0.4836
1622 0.4831999999999999
1623 0.4831999999999999
1624 0.4831999999999999
1625 0.4831999999999999
1626 0.4831999999999999
1627 0.4827999999999999
1628 0.4827999999999999
1629 0.4827999999999999
1630 0.4823999999999999
1631 0.4823999999999999
1632 0.4823999999999999
1633 0.4819999999999999
1634 0.4819999999999999
1635 0.4819999999999999
1636 0.4819999999999999
1637 0.4819999999999999
1638 0.4819999999999999
1639 0.4819999999999999
1640 0.4819999999999999
1641 0.4819999999999999
1642 0.4819999999999999
1643 0.4819999999999999
1644 0.4819999999999999
1645 0.4819999999999999
1646 0.4815999999999999
1647 0.4811999999999999
1648 0.4811999999999999
1649 0.4807999999999999
1650 0.4807999999999999
1651 0.4807999999999999
1652 0.4807999999999999
1653 0.4807999999999999
1654 0.4807999999999999
1655 0.4807999999999999
1656 0.4807999999999999
1657 0.4807999999999999
1658 0.4807999999999999
1659 0.4807999999999999
1660 0.47999999999999987
1661 0.47959999999999986
1662 0.47959999999999986
1663 0.47959999999999986
1664 0.47959999999999986
1665 0.47959999999999986
1666 0.47959999999999986
1667 0.47959999999999986
1668 0.47959999999999986
1669 0.47959999999999986
1670 0.47959999999999986
1671 0.47959999999999986
1672 0.47959999999999986
1673 0.47959999999999986
1674 0.47919999999999985
1675 0.47919999999999985
1676 0.47919999999999985
1677 0.47919999999999985
1678 0.47919999999999985
1679 0.47919999999999985
1680 0.47919999999999985
1681 0.47919999999999985
1682 0.47919999999999985
1683 0.47919999999999985
1684 0.47919999999999985
1685 0.47919999999999985
1686 0.4787999999999999
1687 0.4787999999999999
1688 0.4783999999999998
1689 0.4783999999999998
1690 0.4783999999999998
1691 0.4783999999999998
1692 0.4783999999999998
1693 0.4783999999999998
1694 0.4783999999999998
1695 0.4783999999999998
1696 0.4783999999999998
1697 0.4783999999999998
1698 0.4779999999999998
1699 0.4779999999999998
1700 0.47759999999999986
1701 0.47759999999999986
1702 0.47759999999999986
1703 0.47759999999999986
1704 0.47759999999999986
1705 0.47759999999999986
1706 0.47679999999999984
1707 0.4763999999999999
1708 0.4763999999999999
1709 0.4763999999999999
1710 0.4763999999999999
1711 0.4763999999999999
1712 0.4763999999999999
1713 0.47599999999999987
1714 0.47599999999999987
1715 0.47599999999999987
1716 0.4751999999999999
1717 0.4751999999999999
1718 0.4751999999999999
1719 0.4751999999999999
1720 0.4751999999999999
1721 0.4751999999999999
1722 0.4751999999999999
1723 0.4751999999999999
1724 0.4751999999999999
1725 0.4751999999999999
1726 0.4751999999999999
1727 0.4751999999999999
1728 0.4751999999999999
1729 0.4751999999999999
1730 0.4751999999999999
1731 0.4751999999999999
1732 0.4751999999999999
1733 0.4751999999999999
1734 0.4751999999999999
1735 0.4751999999999999
1736 0.4751999999999999
1737 0.4751999999999999
1738 0.4747999999999999
1739 0.47439999999999993
1740 0.47439999999999993
1741 0.47439999999999993
1742 0.47439999999999993
1743 0.4739999999999999
1744 0.4739999999999999
1745 0.4739999999999999
1746 0.4735999999999999
1747 0.4735999999999999
1748 0.47319999999999995
1749 0.47319999999999995
1750 0.47279999999999994
1751 0.47279999999999994
1752 0.47279999999999994
1753 0.47279999999999994
1754 0.47199999999999986
1755 0.4715999999999999
1756 0.4715999999999999
1757 0.4711999999999999
1758 0.4711999999999999
1759 0.4711999999999999
1760 0.4711999999999999
1761 0.4707999999999999
1762 0.4707999999999999
1763 0.46959999999999985
1764 0.46879999999999983
1765 0.4683999999999998
1766 0.4683999999999998
1767 0.4679999999999998
1768 0.4679999999999998
1769 0.4679999999999998
1770 0.4679999999999998
1771 0.46759999999999985
1772 0.46719999999999984
1773 0.46719999999999984
1774 0.46719999999999984
1775 0.46719999999999984
1776 0.46719999999999984
1777 0.46719999999999984
1778 0.46719999999999984
1779 0.46719999999999984
1780 0.46719999999999984
1781 0.46719999999999984
1782 0.46719999999999984
1783 0.46719999999999984
1784 0.4667999999999999
1785 0.4667999999999999
1786 0.4667999999999999
1787 0.4667999999999999
1788 0.4667999999999999
1789 0.4667999999999999
1790 0.4667999999999999
1791 0.4667999999999999
1792 0.46639999999999987
1793 0.46639999999999987
1794 0.46639999999999987
1795 0.46639999999999987
1796 0.46639999999999987
1797 0.46639999999999987
1798 0.46639999999999987
1799 0.46639999999999987
1800 0.46639999999999987
1801 0.46639999999999987
1802 0.46639999999999987
1803 0.46639999999999987
1804 0.46639999999999987
1805 0.46639999999999987
1806 0.46639999999999987
1807 0.46639999999999987
1808 0.46639999999999987
1809 0.46599999999999986
1810 0.4655999999999998
1811 0.4655999999999998
1812 0.46519999999999984
1813 0.4647999999999998
1814 0.4647999999999998
1815 0.4647999999999998
1816 0.4647999999999998
1817 0.4647999999999998
1818 0.4647999999999998
1819 0.4647999999999998
1820 0.4647999999999998
1821 0.4647999999999998
1822 0.4647999999999998
1823 0.4647999999999998
1824 0.4647999999999998
1825 0.4647999999999998
1826 0.4643999999999998
1827 0.46399999999999986
1828 0.46319999999999983
1829 0.46319999999999983
1830 0.4627999999999999
1831 0.4627999999999999
1832 0.4627999999999999
1833 0.46239999999999987
1834 0.46239999999999987
1835 0.46239999999999987
1836 0.4619999999999999
1837 0.4619999999999999
1838 0.4619999999999999
1839 0.4619999999999999
1840 0.4619999999999999
1841 0.4619999999999999
1842 0.4619999999999999
1843 0.4619999999999999
1844 0.4619999999999999
1845 0.4619999999999999
1846 0.4619999999999999
1847 0.4615999999999999
1848 0.4615999999999999
1849 0.4615999999999999
1850 0.4615999999999999
1851 0.4615999999999999
1852 0.4615999999999999
1853 0.4615999999999999
1854 0.4615999999999999
1855 0.4611999999999999
1856 0.4611999999999999
1857 0.4611999999999999
1858 0.4611999999999999
1859 0.4611999999999999
1860 0.46079999999999993
1861 0.46079999999999993
1862 0.46039999999999986
1863 0.46039999999999986
1864 0.46039999999999986
1865 0.46039999999999986
1866 0.45959999999999984
1867 0.45959999999999984
1868 0.4591999999999999
1869 0.4591999999999999
1870 0.4587999999999998
1871 0.4587999999999998
1872 0.4587999999999998
1873 0.4587999999999998
1874 0.4583999999999998
1875 0.4583999999999998
1876 0.4583999999999998
1877 0.4583999999999998
1878 0.4583999999999998
1879 0.4583999999999998
1880 0.4583999999999998
1881 0.4583999999999998
1882 0.4583999999999998
1883 0.45799999999999985
1884 0.45799999999999985
1885 0.45799999999999985
1886 0.45799999999999985
1887 0.45799999999999985
1888 0.45759999999999984
1889 0.45759999999999984
1890 0.45759999999999984
1891 0.45759999999999984
1892 0.45759999999999984
1893 0.45759999999999984
1894 0.45759999999999984
1895 0.45719999999999983
1896 0.4567999999999999
1897 0.4567999999999999
1898 0.4567999999999999
1899 0.45639999999999986
1900 0.45599999999999985
1901 0.45599999999999985
1902 0.45599999999999985
1903 0.45599999999999985
1904 0.45599999999999985
1905 0.45599999999999985
1906 0.45599999999999985
1907 0.45599999999999985
1908 0.4555999999999999
1909 0.4551999999999999
1910 0.4551999999999999
1911 0.4551999999999999
1912 0.45479999999999987
1913 0.45479999999999987
1914 0.45479999999999987
1915 0.45479999999999987
1916 0.45479999999999987
1917 0.45479999999999987
1918 0.45479999999999987
1919 0.45479999999999987
1920 0.45479999999999987
1921 0.45479999999999987
1922 0.45479999999999987
1923 0.45479999999999987
1924 0.45479999999999987
1925 0.45479999999999987
1926 0.4543999999999999
1927 0.4543999999999999
1928 0.4543999999999999
1929 0.4543999999999999
1930 0.4543999999999999
1931 0.4543999999999999
1932 0.4543999999999999
1933 0.4543999999999999
1934 0.4543999999999999
1935 0.4539999999999999
1936 0.4539999999999999
1937 0.4539999999999999
1938 0.4539999999999999
1939 0.45359999999999995
1940 0.45359999999999995
1941 0.45359999999999995
1942 0.45359999999999995
1943 0.45319999999999994
1944 0.4527999999999999
1945 0.4527999999999999
1946 0.4527999999999999
1947 0.45239999999999986
1948 0.45239999999999986
1949 0.45239999999999986
1950 0.45239999999999986
1951 0.45239999999999986
1952 0.45239999999999986
1953 0.45239999999999986
1954 0.45239999999999986
1955 0.45239999999999986
1956 0.45239999999999986
1957 0.45239999999999986
1958 0.45239999999999986
1959 0.4519999999999999
1960 0.4515999999999999
1961 0.4515999999999999
1962 0.4507999999999999
1963 0.4507999999999999
1964 0.4507999999999999
1965 0.4507999999999999
1966 0.4507999999999999
1967 0.4503999999999999
1968 0.4503999999999999
1969 0.44999999999999996
1970 0.44999999999999996
1971 0.44999999999999996
1972 0.44999999999999996
1973 0.44999999999999996
1974 0.44959999999999994
1975 0.44959999999999994
1976 0.44959999999999994
1977 0.44919999999999993
1978 0.44919999999999993
1979 0.44919999999999993
1980 0.4488
1981 0.4488
1982 0.44839999999999997
1983 0.44839999999999997
1984 0.44839999999999997
1985 0.44799999999999995
1986 0.44799999999999995
1987 0.44799999999999995
1988 0.44799999999999995
1989 0.44799999999999995
1990 0.44799999999999995
1991 0.44799999999999995
1992 0.44799999999999995
1993 0.4476
1994 0.4476
1995 0.4476
1996 0.4476
1997 0.4476
1998 0.4476
1999 0.4472
