1 1.0
2 1.0
3 1.0
4 1.0
5 0.9996
6 0.9992
7 0.9987999999999999
8 0.9987999999999999
9 0.9987999999999999
10 0.9987999999999999
11 0.9987999999999999
12 0.9987999999999999
13 0.9987999999999999
14 0.9987999999999999
15 0.9987999999999999
16 0.9987999999999999
17 0.9987999999999999
18 0.9987999999999999
19 0.9987999999999999
20 0.9987999999999999
21 0.9987999999999999
22 0.9987999999999999
23 0.9987999999999999
24 0.9987999999999999
25 0.9987999999999999
26 0.9987999999999999
27 0.9987999999999999
28 0.9987999999999999
29 0.9987999999999999
30 0.9987999999999999
31 0.9987999999999999
32 0.9987999999999999
33 0.9987999999999999
34 0.9987999999999999
35 0.9987999999999999
36 0.9987999999999999
37 0.9987999999999999
38 0.9987999999999999
39 0.9987999999999999
40 0.9987999999999999
41 0.9987999999999999
42 0.9987999999999999
43 0.9987999999999999
44 0.9987999999999999
45 0.9987999999999999
46 0.9987999999999999
47 0.9987999999999999
48 0.9987999999999999
49 0.9987999999999999
50 0.9987999999999999
51 0.9987999999999999
52 0.9987999999999999
53 0.9987999999999999
54 0.9987999999999999
55 0.9987999999999999
56 0.9987999999999999
57 0.9987999999999999
58 0.9987999999999999
59 0.9987999999999999
60 0.9987999999999999
61 0.9987999999999999
62 0.9987999999999999
63 0.9987999999999999
64 0.9987999999999999
65 0.9987999999999999
66 0.9987999999999999
67 0.9987999999999999
68 0.9987999999999999
69 0.9987999999999999
70 0.9987999999999999
71 0.9987999999999999
72 0.9987999999999999
73 0.9987999999999999
74 0.9987999999999999
75 0.9987999999999999
76 0.9987999999999999
77 0.9987999999999999
78 0.9987999999999999
79 0.9987999999999999
80 0.9987999999999999
81 0.9987999999999999
82 0.9987999999999999
83 0.9987999999999999
84 0.9987999999999999
85 0.9987999999999999
86 0.9987999999999999
87 0.9987999999999999
88 0.9987999999999999
89 0.9987999999999999
90 0.9987999999999999
91 0.9987999999999999
92 0.9987999999999999
93 0.9987999999999999
94 0.9987999999999999
95 0.9987999999999999
96 0.9987999999999999
97 0.9987999999999999
98 0.9987999999999999
99 0.9987999999999999
100 0.9987999999999999
101 0.9987999999999999
102 0.9987999999999999
103 0.9987999999999999
104 0.9987999999999999
105 0.9987999999999999
106 0.9987999999999999
107 0.9987999999999999
108 0.9987999999999999
109 0.9987999999999999
110 0.9987999999999999
111 0.9987999999999999
112 0.9987999999999999
113 0.9987999999999999
114 0.9987999999999999
115 0.9987999999999999
116 0.9987999999999999
117 0.9987999999999999
118 0.9987999999999999
119 0.9987999999999999
120 0.9987999999999999
121 0.9987999999999999
122 0.9987999999999999
123 0.9987999999999999
124 0.9987999999999999
125 0.9987999999999999
126 0.9987999999999999
127 0.9987999999999999
128 0.9987999999999999
129 0.9987999999999999
130 0.9987999999999999
131 0.9987999999999999
132 0.9987999999999999
133 0.9987999999999999
134 0.9987999999999999
135 0.9987999999999999
136 0.9987999999999999
137 0.9987999999999999
138 0.9987999999999999
139 0.9987999999999999
140 0.9987999999999999
141 0.9987999999999999
142 0.9987999999999999
143 0.9987999999999999
144 0.9987999999999999
145 0.9987999999999999
146 0.9987999999999999
147 0.9987999999999999
148 0.9987999999999999
149 0.9987999999999999
150 0.9987999999999999
151 0.9987999999999999
152 0.9987999999999999
153 0.9987999999999999
154 0.9987999999999999
155 0.9987999999999999
156 0.9987999999999999
157 0.9987999999999999
158 0.9987999999999999
159 0.9987999999999999
160 0.9987999999999999
161 0.9987999999999999
162 0.9987999999999999
163 0.9987999999999999
164 0.9987999999999999
165 0.9987999999999999
166 0.9987999999999999
167 0.9987999999999999
168 0.9987999999999999
169 0.9987999999999999
170 0.9987999999999999
171 0.9987999999999999
172 0.9987999999999999
173 0.9987999999999999
174 0.9987999999999999
175 0.9987999999999999
176 0.9987999999999999
177 0.9987999999999999
178 0.9987999999999999
179 0.9987999999999999
180 0.9987999999999999
181 0.9987999999999999
182 0.9987999999999999
183 0.9987999999999999
184 0.9987999999999999
185 0.9987999999999999
186 0.9987999999999999
187 0.9987999999999999
188 0.9987999999999999
189 0.9987999999999999
190 0.9987999999999999
191 0.9987999999999999
192 0.9987999999999999
193 0.9987999999999999
194 0.9987999999999999
195 0.9987999999999999
196 0.9987999999999999
197 0.9987999999999999
198 0.9987999999999999
199 0.9987999999999999
200 0.9987999999999999
201 0.9987999999999999
202 0.9987999999999999
203 0.9987999999999999
204 0.9987999999999999
205 0.9987999999999999
206 0.9987999999999999
207 0.9987999999999999
208 0.9987999999999999
209 0.9987999999999999
210 0.9987999999999999
211 0.9987999999999999
212 0.9987999999999999
213 0.9987999999999999
214 0.9987999999999999
215 0.9987999999999999
216 0.9987999999999999
217 0.9987999999999999
218 0.9987999999999999
219 0.9987999999999999
220 0.9987999999999999
221 0.9987999999999999
222 0.9987999999999999
223 0.9987999999999999
224 0.9987999999999999
225 0.9987999999999999
226 0.9987999999999999
227 0.9987999999999999
228 0.9987999999999999
229 0.9987999999999999
230 0.9987999999999999
231 0.9987999999999999
232 0.9987999999999999
233 0.9987999999999999
234 0.9987999999999999
235 0.9987999999999999
236 0.9987999999999999
237 0.9987999999999999
238 0.9987999999999999
239 0.9987999999999999
240 0.9987999999999999
241 0.9987999999999999
242 0.9987999999999999
243 0.9987999999999999
244 0.9987999999999999
245 0.9987999999999999
246 0.9987999999999999
247 0.9987999999999999
248 0.9987999999999999
249 0.9987999999999999
250 0.9987999999999999
251 0.9987999999999999
252 0.9987999999999999
253 0.9987999999999999
254 0.9987999999999999
255 0.9987999999999999
256 0.9987999999999999
257 0.9987999999999999
258 0.9987999999999999
259 0.9987999999999999
260 0.9987999999999999
261 0.9987999999999999
262 0.9987999999999999
263 0.9987999999999999
264 0.9987999999999999
265 0.9987999999999999
266 0.9987999999999999
267 0.9987999999999999
268 0.9987999999999999
269 0.9987999999999999
270 0.9987999999999999
271 0.9987999999999999
272 0.9987999999999999
273 0.9987999999999999
274 0.9987999999999999
275 0.9987999999999999
276 0.9987999999999999
277 0.9987999999999999
278 0.9987999999999999
279 0.9987999999999999
280 0.9987999999999999
281 0.9987999999999999
282 0.9987999999999999
283 0.9987999999999999
284 0.9987999999999999
285 0.9987999999999999
286 0.9987999999999999
287 0.9987999999999999
288 0.9987999999999999
289 0.9987999999999999
290 0.9987999999999999
291 0.9987999999999999
292 0.9987999999999999
293 0.9987999999999999
294 0.9987999999999999
295 0.9987999999999999
296 0.9987999999999999
297 0.9987999999999999
298 0.9987999999999999
299 0.9987999999999999
300 0.9987999999999999
301 0.9987999999999999
302 0.9987999999999999
303 0.9987999999999999
304 0.9987999999999999
305 0.9987999999999999
306 0.9987999999999999
307 0.9987999999999999
308 0.9987999999999999
309 0.9987999999999999
310 0.9987999999999999
311 0.9987999999999999
312 0.9987999999999999
313 0.9987999999999999
314 0.9987999999999999
315 0.9987999999999999
316 0.9987999999999999
317 0.9987999999999999
318 0.9987999999999999
319 0.9987999999999999
320 0.9987999999999999
321 0.9987999999999999
322 0.9987999999999999
323 0.9987999999999999
324 0.9987999999999999
325 0.9987999999999999
326 0.9987999999999999
327 0.9987999999999999
328 0.9987999999999999
329 0.9987999999999999
330 0.9987999999999999
331 0.9987999999999999
332 0.9987999999999999
333 0.9987999999999999
334 0.9987999999999999
335 0.9987999999999999
336 0.9987999999999999
337 0.9987999999999999
338 0.9987999999999999
339 0.9987999999999999
340 0.9987999999999999
341 0.9987999999999999
342 0.9987999999999999
343 0.9987999999999999
344 0.9987999999999999
345 0.9987999999999999
346 0.9987999999999999
347 0.9987999999999999
348 0.9987999999999999
349 0.9987999999999999
350 0.9987999999999999
351 0.9987999999999999
352 0.9987999999999999
353 0.9987999999999999
354 0.9987999999999999
355 0.9987999999999999
356 0.9987999999999999
357 0.9987999999999999
358 0.9987999999999999
359 0.9987999999999999
360 0.9987999999999999
361 0.9987999999999999
362 0.9987999999999999
363 0.9987999999999999
364 0.9987999999999999
365 0.9987999999999999
366 0.9987999999999999
367 0.9987999999999999
368 0.9987999999999999
369 0.9987999999999999
370 0.9987999999999999
371 0.9987999999999999
372 0.9987999999999999
373 0.9987999999999999
374 0.9987999999999999
375 0.9987999999999999
376 0.9987999999999999
377 0.9987999999999999
378 0.9987999999999999
379 0.9987999999999999
380 0.9987999999999999
381 0.9987999999999999
382 0.9987999999999999
383 0.9987999999999999
384 0.9987999999999999
385 0.9987999999999999
386 0.9987999999999999
387 0.9987999999999999
388 0.9987999999999999
389 0.9987999999999999
390 0.9987999999999999
391 0.9987999999999999
392 0.9987999999999999
393 0.9987999999999999
394 0.9987999999999999
395 0.9987999999999999
396 0.9987999999999999
397 0.9987999999999999
398 0.9987999999999999
399 0.9987999999999999
400 0.9987999999999999
401 0.9987999999999999
402 0.9987999999999999
403 0.9987999999999999
404 0.9987999999999999
405 0.9987999999999999
406 0.9987999999999999
407 0.9987999999999999
408 0.9987999999999999
409 0.9987999999999999
410 0.9987999999999999
411 0.9987999999999999
412 0.9987999999999999
413 0.9987999999999999
414 0.9987999999999999
415 0.9987999999999999
416 0.9987999999999999
417 0.9987999999999999
418 0.9987999999999999
419 0.9987999999999999
420 0.9987999999999999
421 0.9987999999999999
422 0.9987999999999999
423 0.9987999999999999
424 0.9987999999999999
425 0.9987999999999999
426 0.9987999999999999
427 0.9987999999999999
428 0.9987999999999999
429 0.9987999999999999
430 0.9987999999999999
431 0.9987999999999999
432 0.9987999999999999
433 0.9987999999999999
434 0.9987999999999999
435 0.9987999999999999
436 0.9987999999999999
437 0.9987999999999999
438 0.9987999999999999
439 0.9987999999999999
440 0.9987999999999999
441 0.9987999999999999
442 0.9987999999999999
443 0.9987999999999999
444 0.9987999999999999
445 0.9987999999999999
446 0.9987999999999999
447 0.9987999999999999
448 0.9987999999999999
449 0.9987999999999999
450 0.9987999999999999
451 0.9987999999999999
452 0.9987999999999999
453 0.9987999999999999
454 0.9987999999999999
455 0.9987999999999999
456 0.9987999999999999
457 0.9987999999999999
458 0.9987999999999999
459 0.9987999999999999
460 0.9987999999999999
461 0.9987999999999999
462 0.9987999999999999
463 0.9987999999999999
464 0.9987999999999999
465 0.9987999999999999
466 0.9987999999999999
467 0.9987999999999999
468 0.9987999999999999
469 0.9987999999999999
470 0.9987999999999999
471 0.9987999999999999
472 0.9987999999999999
473 0.9987999999999999
474 0.9987999999999999
475 0.9987999999999999
476 0.9987999999999999
477 0.9987999999999999
478 0.9987999999999999
479 0.9987999999999999
480 0.9987999999999999
481 0.9987999999999999
482 0.9987999999999999
483 0.9987999999999999
484 0.9987999999999999
485 0.9987999999999999
486 0.9987999999999999
487 0.9987999999999999
488 0.9987999999999999
489 0.9987999999999999
490 0.9987999999999999
491 0.9987999999999999
492 0.9987999999999999
493 0.9987999999999999
494 0.9987999999999999
495 0.9987999999999999
496 0.9987999999999999
497 0.9987999999999999
498 0.9987999999999999
499 0.9987999999999999
500 0.9987999999999999
501 0.9987999999999999
502 0.9987999999999999
503 0.9987999999999999
504 0.9987999999999999
505 0.9987999999999999
506 0.9987999999999999
507 0.9987999999999999
508 0.9987999999999999
509 0.9987999999999999
510 0.9987999999999999
511 0.9987999999999999
512 0.9987999999999999
513 0.9987999999999999
514 0.9987999999999999
515 0.9987999999999999
516 0.9987999999999999
517 0.9987999999999999
518 0.9987999999999999
519 0.9987999999999999
520 0.9987999999999999
521 0.9987999999999999
522 0.9987999999999999
523 0.9987999999999999
524 0.9987999999999999
525 0.9987999999999999
526 0.9987999999999999
527 0.9987999999999999
528 0.9987999999999999
529 0.9987999999999999
530 0.9987999999999999
531 0.9987999999999999
532 0.9987999999999999
533 0.9987999999999999
534 0.9987999999999999
535 0.9987999999999999
536 0.9987999999999999
537 0.9987999999999999
538 0.9987999999999999
539 0.9987999999999999
540 0.9987999999999999
541 0.9987999999999999
542 0.9987999999999999
543 0.9987999999999999
544 0.9987999999999999
545 0.9987999999999999
546 0.9987999999999999
547 0.9987999999999999
548 0.9987999999999999
549 0.9987999999999999
550 0.9987999999999999
551 0.9987999999999999
552 0.9987999999999999
553 0.9987999999999999
554 0.9987999999999999
555 0.9987999999999999
556 0.9987999999999999
557 0.9987999999999999
558 0.9987999999999999
559 0.9987999999999999
560 0.9987999999999999
561 0.9987999999999999
562 0.9987999999999999
563 0.9987999999999999
564 0.9987999999999999
565 0.9987999999999999
566 0.9987999999999999
567 0.9987999999999999
568 0.9987999999999999
569 0.9987999999999999
570 0.9987999999999999
571 0.9987999999999999
572 0.9987999999999999
573 0.9987999999999999
574 0.9987999999999999
575 0.9987999999999999
576 0.9987999999999999
577 0.9987999999999999
578 0.9987999999999999
579 0.9987999999999999
580 0.9987999999999999
581 0.9987999999999999
582 0.9987999999999999
583 0.9987999999999999
584 0.9987999999999999
585 0.9987999999999999
586 0.9987999999999999
587 0.9987999999999999
588 0.9987999999999999
589 0.9987999999999999
590 0.9987999999999999
591 0.9987999999999999
592 0.9987999999999999
593 0.9987999999999999
594 0.9987999999999999
595 0.9987999999999999
596 0.9987999999999999
597 0.9987999999999999
598 0.9987999999999999
599 0.9987999999999999
600 0.9987999999999999
601 0.9987999999999999
602 0.9987999999999999
603 0.9987999999999999
604 0.9987999999999999
605 0.9987999999999999
606 0.9987999999999999
607 0.9987999999999999
608 0.9987999999999999
609 0.9987999999999999
610 0.9987999999999999
611 0.9987999999999999
612 0.9987999999999999
613 0.9987999999999999
614 0.9987999999999999
615 0.9987999999999999
616 0.9987999999999999
617 0.9987999999999999
618 0.9987999999999999
619 0.9987999999999999
620 0.9987999999999999
621 0.9987999999999999
622 0.9987999999999999
623 0.9987999999999999
624 0.9987999999999999
625 0.9987999999999999
626 0.9987999999999999
627 0.9987999999999999
628 0.9987999999999999
629 0.9987999999999999
630 0.9987999999999999
631 0.9987999999999999
632 0.9987999999999999
633 0.9987999999999999
634 0.9987999999999999
635 0.9987999999999999
636 0.9987999999999999
637 0.9987999999999999
638 0.9987999999999999
639 0.9987999999999999
640 0.9987999999999999
641 0.9987999999999999
642 0.9987999999999999
643 0.9987999999999999
644 0.9987999999999999
645 0.9987999999999999
646 0.9987999999999999
647 0.9987999999999999
648 0.9987999999999999
649 0.9987999999999999
650 0.9987999999999999
651 0.9987999999999999
652 0.9987999999999999
653 0.9987999999999999
654 0.9987999999999999
655 0.9987999999999999
656 0.9987999999999999
657 0.9987999999999999
658 0.9987999999999999
659 0.9987999999999999
660 0.9987999999999999
661 0.9987999999999999
662 0.9987999999999999
663 0.9987999999999999
664 0.9987999999999999
665 0.9987999999999999
666 0.9987999999999999
667 0.9987999999999999
668 0.9987999999999999
669 0.9987999999999999
670 0.9987999999999999
671 0.9987999999999999
672 0.9987999999999999
673 0.9987999999999999
674 0.9987999999999999
675 0.9987999999999999
676 0.9987999999999999
677 0.9987999999999999
678 0.9987999999999999
679 0.9987999999999999
680 0.9987999999999999
681 0.9987999999999999
682 0.9987999999999999
683 0.9987999999999999
684 0.9987999999999999
685 0.9987999999999999
686 0.9987999999999999
687 0.9987999999999999
688 0.9987999999999999
689 0.9987999999999999
690 0.9987999999999999
691 0.9987999999999999
692 0.9987999999999999
693 0.9987999999999999
694 0.9987999999999999
695 0.9987999999999999
696 0.9987999999999999
697 0.9987999999999999
698 0.9987999999999999
699 0.9987999999999999
700 0.9987999999999999
701 0.9987999999999999
702 0.9987999999999999
703 0.9987999999999999
704 0.9987999999999999
705 0.9987999999999999
706 0.9987999999999999
707 0.9987999999999999
708 0.9987999999999999
709 0.9987999999999999
710 0.9987999999999999
711 0.9987999999999999
712 0.9987999999999999
713 0.9987999999999999
714 0.9987999999999999
715 0.9987999999999999
716 0.9987999999999999
717 0.9987999999999999
718 0.9987999999999999
719 0.9987999999999999
720 0.9987999999999999
721 0.9987999999999999
722 0.9987999999999999
723 0.9987999999999999
724 0.9987999999999999
725 0.9987999999999999
726 0.9987999999999999
727 0.9987999999999999
728 0.9987999999999999
729 0.9987999999999999
730 0.9987999999999999
731 0.9987999999999999
732 0.9987999999999999
733 0.9987999999999999
734 0.9987999999999999
735 0.9987999999999999
736 0.9987999999999999
737 0.9987999999999999
738 0.9987999999999999
739 0.9987999999999999
740 0.9987999999999999
741 0.9987999999999999
742 0.9987999999999999
743 0.9987999999999999
744 0.9987999999999999
745 0.9987999999999999
746 0.9987999999999999
747 0.9987999999999999
748 0.9987999999999999
749 0.9987999999999999
750 0.9987999999999999
751 0.9987999999999999
752 0.9987999999999999
753 0.9987999999999999
754 0.9987999999999999
755 0.9987999999999999
756 0.9987999999999999
757 0.9987999999999999
758 0.9987999999999999
759 0.9987999999999999
760 0.9987999999999999
761 0.9987999999999999
762 0.9987999999999999
763 0.9987999999999999
764 0.9987999999999999
765 0.9987999999999999
766 0.9987999999999999
767 0.9987999999999999
768 0.9987999999999999
769 0.9987999999999999
770 0.9987999999999999
771 0.9987999999999999
772 0.9987999999999999
773 0.9987999999999999
774 0.9987999999999999
775 0.9987999999999999
776 0.9987999999999999
777 0.9987999999999999
778 0.9987999999999999
779 0.9987999999999999
780 0.9987999999999999
781 0.9987999999999999
782 0.9987999999999999
783 0.9987999999999999
784 0.9987999999999999
785 0.9987999999999999
786 0.9987999999999999
787 0.9987999999999999
788 0.9987999999999999
789 0.9987999999999999
790 0.9987999999999999
791 0.9987999999999999
792 0.9987999999999999
793 0.9987999999999999
794 0.9987999999999999
795 0.9987999999999999
796 0.9987999999999999
797 0.9987999999999999
798 0.9987999999999999
799 0.9987999999999999
800 0.9987999999999999
801 0.9987999999999999
802 0.9987999999999999
803 0.9987999999999999
804 0.9987999999999999
805 0.9987999999999999
806 0.9987999999999999
807 0.9987999999999999
808 0.9987999999999999
809 0.9987999999999999
810 0.9987999999999999
811 0.9987999999999999
812 0.9987999999999999
813 0.9987999999999999
814 0.9987999999999999
815 0.9987999999999999
816 0.9987999999999999
817 0.9987999999999999
818 0.9987999999999999
819 0.9987999999999999
820 0.9987999999999999
821 0.9987999999999999
822 0.9987999999999999
823 0.9987999999999999
824 0.9987999999999999
825 0.9987999999999999
826 0.9987999999999999
827 0.9987999999999999
828 0.9987999999999999
829 0.9987999999999999
830 0.9987999999999999
831 0.9987999999999999
832 0.9987999999999999
833 0.9987999999999999
834 0.9987999999999999
835 0.9987999999999999
836 0.9987999999999999
837 0.9987999999999999
838 0.9987999999999999
839 0.9987999999999999
840 0.9987999999999999
841 0.9987999999999999
842 0.9987999999999999
843 0.9987999999999999
844 0.9987999999999999
845 0.9987999999999999
846 0.9987999999999999
847 0.9987999999999999
848 0.9987999999999999
849 0.9987999999999999
850 0.9987999999999999
851 0.9987999999999999
852 0.9987999999999999
853 0.9987999999999999
854 0.9987999999999999
855 0.9987999999999999
856 0.9987999999999999
857 0.9987999999999999
858 0.9987999999999999
859 0.9987999999999999
860 0.9987999999999999
861 0.9987999999999999
862 0.9987999999999999
863 0.9987999999999999
864 0.9987999999999999
865 0.9987999999999999
866 0.9987999999999999
867 0.9987999999999999
868 0.9987999999999999
869 0.9987999999999999
870 0.9987999999999999
871 0.9987999999999999
872 0.9987999999999999
873 0.9987999999999999
874 0.9987999999999999
875 0.9987999999999999
876 0.9987999999999999
877 0.9987999999999999
878 0.9987999999999999
879 0.9987999999999999
880 0.9987999999999999
881 0.9987999999999999
882 0.9987999999999999
883 0.9987999999999999
884 0.9987999999999999
885 0.9987999999999999
886 0.9987999999999999
887 0.9987999999999999
888 0.9987999999999999
889 0.9987999999999999
890 0.9987999999999999
891 0.9987999999999999
892 0.9987999999999999
893 0.9987999999999999
894 0.9987999999999999
895 0.9987999999999999
896 0.9987999999999999
897 0.9987999999999999
898 0.9987999999999999
899 0.9987999999999999
900 0.9987999999999999
901 0.9987999999999999
902 0.9987999999999999
903 0.9987999999999999
904 0.9987999999999999
905 0.9987999999999999
906 0.9987999999999999
907 0.9987999999999999
908 0.9987999999999999
909 0.9987999999999999
910 0.9987999999999999
911 0.9987999999999999
912 0.9987999999999999
913 0.9987999999999999
914 0.9987999999999999
915 0.9987999999999999
916 0.9987999999999999
917 0.9987999999999999
918 0.9987999999999999
919 0.9987999999999999
920 0.9987999999999999
921 0.9987999999999999
922 0.9987999999999999
923 0.9987999999999999
924 0.9987999999999999
925 0.9987999999999999
926 0.9987999999999999
927 0.9987999999999999
928 0.9987999999999999
929 0.9987999999999999
930 0.9987999999999999
931 0.9987999999999999
932 0.9987999999999999
933 0.9987999999999999
934 0.9987999999999999
935 0.9987999999999999
936 0.9987999999999999
937 0.9987999999999999
938 0.9987999999999999
939 0.9987999999999999
940 0.9987999999999999
941 0.9987999999999999
942 0.9987999999999999
943 0.9987999999999999
944 0.9987999999999999
945 0.9987999999999999
946 0.9987999999999999
947 0.9987999999999999
948 0.9987999999999999
949 0.9987999999999999
950 0.9987999999999999
951 0.9987999999999999
952 0.9987999999999999
953 0.9987999999999999
954 0.9987999999999999
955 0.9987999999999999
956 0.9987999999999999
957 0.9987999999999999
958 0.9987999999999999
959 0.9987999999999999
960 0.9987999999999999
961 0.9987999999999999
962 0.9987999999999999
963 0.9987999999999999
964 0.9987999999999999
965 0.9987999999999999
966 0.9987999999999999
967 0.9987999999999999
968 0.9987999999999999
969 0.9987999999999999
970 0.9987999999999999
971 0.9987999999999999
972 0.9987999999999999
973 0.9987999999999999
974 0.9987999999999999
975 0.9987999999999999
976 0.9987999999999999
977 0.9987999999999999
978 0.9987999999999999
979 0.9987999999999999
980 0.9987999999999999
981 0.9987999999999999
982 0.9987999999999999
983 0.9987999999999999
984 0.9987999999999999
985 0.9987999999999999
986 0.9987999999999999
987 0.9987999999999999
988 0.9987999999999999
989 0.9987999999999999
990 0.9987999999999999
991 0.9987999999999999
992 0.9987999999999999
993 0.9987999999999999
994 0.9987999999999999
995 0.9987999999999999
996 0.9987999999999999
997 0.9987999999999999
998 0.9987999999999999
999 0.9987999999999999
1000 0.9987999999999999
1001 0.9987999999999999
1002 0.9987999999999999
1003 0.9987999999999999
1004 0.9987999999999999
1005 0.9987999999999999
1006 0.9987999999999999
1007 0.9987999999999999
1008 0.9987999999999999
1009 0.9987999999999999
1010 0.9987999999999999
1011 0.9987999999999999
1012 0.9987999999999999
1013 0.9987999999999999
1014 0.9987999999999999
1015 0.9987999999999999
1016 0.9987999999999999
1017 0.9987999999999999
1018 0.9987999999999999
1019 0.9987999999999999
1020 0.9987999999999999
1021 0.9987999999999999
1022 0.9987999999999999
1023 0.9987999999999999
1024 0.9987999999999999
1025 0.9987999999999999
1026 0.9987999999999999
1027 0.9987999999999999
1028 0.9987999999999999
1029 0.9987999999999999
1030 0.9987999999999999
1031 0.9987999999999999
1032 0.9987999999999999
1033 0.9987999999999999
1034 0.9987999999999999
1035 0.9987999999999999
1036 0.9987999999999999
1037 0.9987999999999999
1038 0.9987999999999999
1039 0.9987999999999999
1040 0.9987999999999999
1041 0.9987999999999999
1042 0.9987999999999999
1043 0.9987999999999999
1044 0.9987999999999999
1045 0.9987999999999999
1046 0.9987999999999999
1047 0.9987999999999999
1048 0.9987999999999999
1049 0.9987999999999999
1050 0.9987999999999999
1051 0.9987999999999999
1052 0.9987999999999999
1053 0.9987999999999999
1054 0.9987999999999999
1055 0.9987999999999999
1056 0.9987999999999999
1057 0.9987999999999999
1058 0.9987999999999999
1059 0.9987999999999999
1060 0.9987999999999999
1061 0.9987999999999999
1062 0.9987999999999999
1063 0.9987999999999999
1064 0.9987999999999999
1065 0.9987999999999999
1066 0.9987999999999999
1067 0.9987999999999999
1068 0.9987999999999999
1069 0.9987999999999999
1070 0.9987999999999999
1071 0.9987999999999999
1072 0.9987999999999999
1073 0.9987999999999999
1074 0.9987999999999999
1075 0.9987999999999999
1076 0.9987999999999999
1077 0.9987999999999999
1078 0.9987999999999999
1079 0.9987999999999999
1080 0.9987999999999999
1081 0.9987999999999999
1082 0.9987999999999999
1083 0.9987999999999999
1084 0.9987999999999999
1085 0.9987999999999999
1086 0.9987999999999999
1087 0.9987999999999999
1088 0.9987999999999999
1089 0.9987999999999999
1090 0.9987999999999999
1091 0.9987999999999999
1092 0.9987999999999999
1093 0.9987999999999999
1094 0.9987999999999999
1095 0.9987999999999999
1096 0.9987999999999999
1097 0.9987999999999999
1098 0.9987999999999999
1099 0.9987999999999999
1100 0.9987999999999999
1101 0.9987999999999999
1102 0.9987999999999999
1103 0.9987999999999999
1104 0.9987999999999999
1105 0.9987999999999999
1106 0.9987999999999999
1107 0.9987999999999999
1108 0.9987999999999999
1109 0.9987999999999999
1110 0.9987999999999999
1111 0.9987999999999999
1112 0.9987999999999999
1113 0.9987999999999999
1114 0.9987999999999999
1115 0.9987999999999999
1116 0.9987999999999999
1117 0.9987999999999999
1118 0.9987999999999999
1119 0.9987999999999999
1120 0.9987999999999999
1121 0.9987999999999999
1122 0.9987999999999999
1123 0.9987999999999999
1124 0.9987999999999999
1125 0.9987999999999999
1126 0.9987999999999999
1127 0.9987999999999999
1128 0.9987999999999999
1129 0.9987999999999999
1130 0.9987999999999999
1131 0.9987999999999999
1132 0.9987999999999999
1133 0.9987999999999999
1134 0.9987999999999999
1135 0.9987999999999999
1136 0.9987999999999999
1137 0.9987999999999999
1138 0.9987999999999999
1139 0.9987999999999999
1140 0.9987999999999999
1141 0.9987999999999999
1142 0.9987999999999999
1143 0.9987999999999999
1144 0.9987999999999999
1145 0.9987999999999999
1146 0.9987999999999999
1147 0.9987999999999999
1148 0.9987999999999999
1149 0.9987999999999999
1150 0.9987999999999999
1151 0.9987999999999999
1152 0.9987999999999999
1153 0.9987999999999999
1154 0.9987999999999999
1155 0.9987999999999999
1156 0.9987999999999999
1157 0.9987999999999999
1158 0.9987999999999999
1159 0.9987999999999999
1160 0.9987999999999999
1161 0.9987999999999999
1162 0.9987999999999999
1163 0.9987999999999999
1164 0.9987999999999999
1165 0.9987999999999999
1166 0.9987999999999999
1167 0.9987999999999999
1168 0.9987999999999999
1169 0.9987999999999999
1170 0.9987999999999999
1171 0.9987999999999999
1172 0.9987999999999999
1173 0.9987999999999999
1174 0.9987999999999999
1175 0.9987999999999999
1176 0.9987999999999999
1177 0.9987999999999999
1178 0.9987999999999999
1179 0.9987999999999999
1180 0.9987999999999999
1181 0.9987999999999999
1182 0.9987999999999999
1183 0.9987999999999999
1184 0.9987999999999999
1185 0.9987999999999999
1186 0.9987999999999999
1187 0.9987999999999999
1188 0.9987999999999999
1189 0.9987999999999999
1190 0.9987999999999999
1191 0.9987999999999999
1192 0.9987999999999999
1193 0.9987999999999999
1194 0.9987999999999999
1195 0.9987999999999999
1196 0.9987999999999999
1197 0.9987999999999999
1198 0.9987999999999999
1199 0.9987999999999999
1200 0.9987999999999999
1201 0.9987999999999999
1202 0.9987999999999999
1203 0.9987999999999999
1204 0.9987999999999999
1205 0.9987999999999999
1206 0.9987999999999999
1207 0.9987999999999999
1208 0.9987999999999999
1209 0.9987999999999999
1210 0.9987999999999999
1211 0.9987999999999999
1212 0.9987999999999999
1213 0.9987999999999999
1214 0.9987999999999999
1215 0.9987999999999999
1216 0.9987999999999999
1217 0.9987999999999999
1218 0.9987999999999999
1219 0.9987999999999999
1220 0.9987999999999999
1221 0.9987999999999999
1222 0.9987999999999999
1223 0.9987999999999999
1224 0.9987999999999999
1225 0.9987999999999999
1226 0.9987999999999999
1227 0.9987999999999999
1228 0.9987999999999999
1229 0.9987999999999999
1230 0.9987999999999999
1231 0.9987999999999999
1232 0.9987999999999999
1233 0.9987999999999999
1234 0.9987999999999999
1235 0.9987999999999999
1236 0.9987999999999999
1237 0.9987999999999999
1238 0.9987999999999999
1239 0.9987999999999999
1240 0.9987999999999999
1241 0.9987999999999999
1242 0.9987999999999999
1243 0.9987999999999999
1244 0.9987999999999999
1245 0.9987999999999999
1246 0.9987999999999999
1247 0.9987999999999999
1248 0.9987999999999999
1249 0.9987999999999999
1250 0.9987999999999999
1251 0.9987999999999999
1252 0.9987999999999999
1253 0.9987999999999999
1254 0.9987999999999999
1255 0.9987999999999999
1256 0.9987999999999999
1257 0.9987999999999999
1258 0.9987999999999999
1259 0.9987999999999999
1260 0.9987999999999999
1261 0.9987999999999999
1262 0.9987999999999999
1263 0.9987999999999999
1264 0.9987999999999999
1265 0.9987999999999999
1266 0.9987999999999999
1267 0.9987999999999999
1268 0.9987999999999999
1269 0.9987999999999999
1270 0.9987999999999999
1271 0.9987999999999999
1272 0.9987999999999999
1273 0.9987999999999999
1274 0.9987999999999999
1275 0.9987999999999999
1276 0.9987999999999999
1277 0.9987999999999999
1278 0.9987999999999999
1279 0.9987999999999999
1280 0.9987999999999999
1281 0.9987999999999999
1282 0.9987999999999999
1283 0.9987999999999999
1284 0.9987999999999999
1285 0.9987999999999999
1286 0.9987999999999999
1287 0.9987999999999999
1288 0.9987999999999999
1289 0.9987999999999999
1290 0.9987999999999999
1291 0.9987999999999999
1292 0.9987999999999999
1293 0.9987999999999999
1294 0.9987999999999999
1295 0.9987999999999999
1296 0.9987999999999999
1297 0.9987999999999999
1298 0.9987999999999999
1299 0.9987999999999999
1300 0.9987999999999999
1301 0.9987999999999999
1302 0.9987999999999999
1303 0.9987999999999999
1304 0.9987999999999999
1305 0.9987999999999999
1306 0.9987999999999999
1307 0.9987999999999999
1308 0.9987999999999999
1309 0.9987999999999999
1310 0.9987999999999999
1311 0.9987999999999999
1312 0.9987999999999999
1313 0.9987999999999999
1314 0.9987999999999999
1315 0.9987999999999999
1316 0.9987999999999999
1317 0.9987999999999999
1318 0.9987999999999999
1319 0.9987999999999999
1320 0.9987999999999999
1321 0.9987999999999999
1322 0.9987999999999999
1323 0.9987999999999999
1324 0.9987999999999999
1325 0.9987999999999999
1326 0.9987999999999999
1327 0.9987999999999999
1328 0.9987999999999999
1329 0.9987999999999999
1330 0.9987999999999999
1331 0.9987999999999999
1332 0.9987999999999999
1333 0.9987999999999999
1334 0.9987999999999999
1335 0.9987999999999999
1336 0.9987999999999999
1337 0.9987999999999999
1338 0.9987999999999999
1339 0.9987999999999999
1340 0.9987999999999999
1341 0.9987999999999999
1342 0.9987999999999999
1343 0.9987999999999999
1344 0.9987999999999999
1345 0.9987999999999999
1346 0.9987999999999999
1347 0.9987999999999999
1348 0.9987999999999999
1349 0.9987999999999999
1350 0.9987999999999999
1351 0.9987999999999999
1352 0.9987999999999999
1353 0.9987999999999999
1354 0.9987999999999999
1355 0.9987999999999999
1356 0.9987999999999999
1357 0.9987999999999999
1358 0.9987999999999999
1359 0.9987999999999999
1360 0.9987999999999999
1361 0.9987999999999999
1362 0.9987999999999999
1363 0.9987999999999999
1364 0.9987999999999999
1365 0.9987999999999999
1366 0.9987999999999999
1367 0.9987999999999999
1368 0.9987999999999999
1369 0.9987999999999999
1370 0.9987999999999999
1371 0.9987999999999999
1372 0.9987999999999999
1373 0.9987999999999999
1374 0.9987999999999999
1375 0.9987999999999999
1376 0.9987999999999999
1377 0.9987999999999999
1378 0.9987999999999999
1379 0.9987999999999999
1380 0.9987999999999999
1381 0.9987999999999999
1382 0.9987999999999999
1383 0.9987999999999999
1384 0.9987999999999999
1385 0.9987999999999999
1386 0.9987999999999999
1387 0.9987999999999999
1388 0.9987999999999999
1389 0.9987999999999999
1390 0.9987999999999999
1391 0.9987999999999999
1392 0.9987999999999999
1393 0.9987999999999999
1394 0.9987999999999999
1395 0.9987999999999999
1396 0.9987999999999999
1397 0.9987999999999999
1398 0.9987999999999999
1399 0.9987999999999999
1400 0.9987999999999999
1401 0.9987999999999999
1402 0.9987999999999999
1403 0.9987999999999999
1404 0.9987999999999999
1405 0.9987999999999999
1406 0.9987999999999999
1407 0.9987999999999999
1408 0.9987999999999999
1409 0.9987999999999999
1410 0.9987999999999999
1411 0.9987999999999999
1412 0.9987999999999999
1413 0.9987999999999999
1414 0.9987999999999999
1415 0.9987999999999999
1416 0.9987999999999999
1417 0.9987999999999999
1418 0.9987999999999999
1419 0.9987999999999999
1420 0.9987999999999999
1421 0.9987999999999999
1422 0.9987999999999999
1423 0.9987999999999999
1424 0.9987999999999999
1425 0.9987999999999999
1426 0.9987999999999999
1427 0.9987999999999999
1428 0.9987999999999999
1429 0.9987999999999999
1430 0.9987999999999999
1431 0.9987999999999999
1432 0.9987999999999999
1433 0.9987999999999999
1434 0.9987999999999999
1435 0.9987999999999999
1436 0.9987999999999999
1437 0.9987999999999999
1438 0.9987999999999999
1439 0.9987999999999999
1440 0.9987999999999999
1441 0.9987999999999999
1442 0.9987999999999999
1443 0.9987999999999999
1444 0.9987999999999999
1445 0.9987999999999999
1446 0.9987999999999999
1447 0.9987999999999999
1448 0.9987999999999999
1449 0.9987999999999999
1450 0.9987999999999999
1451 0.9987999999999999
1452 0.9987999999999999
1453 0.9987999999999999
1454 0.9987999999999999
1455 0.9987999999999999
1456 0.9987999999999999
1457 0.9987999999999999
1458 0.9987999999999999
1459 0.9987999999999999
1460 0.9987999999999999
1461 0.9987999999999999
1462 0.9987999999999999
1463 0.9987999999999999
1464 0.9987999999999999
1465 0.9987999999999999
1466 0.9987999999999999
1467 0.9987999999999999
1468 0.9987999999999999
1469 0.9987999999999999
1470 0.9987999999999999
1471 0.9987999999999999
1472 0.9987999999999999
1473 0.9987999999999999
1474 0.9987999999999999
1475 0.9987999999999999
1476 0.9987999999999999
1477 0.9987999999999999
1478 0.9987999999999999
1479 0.9987999999999999
1480 0.9987999999999999
1481 0.9987999999999999
1482 0.9987999999999999
1483 0.9987999999999999
1484 0.9987999999999999
1485 0.9987999999999999
1486 0.9987999999999999
1487 0.9987999999999999
1488 0.9987999999999999
1489 0.9987999999999999
1490 0.9987999999999999
1491 0.9987999999999999
1492 0.9987999999999999
1493 0.9987999999999999
1494 0.9987999999999999
1495 0.9987999999999999
1496 0.9987999999999999
1497 0.9987999999999999
1498 0.9987999999999999
1499 0.9987999999999999
1500 0.9987999999999999
1501 0.9987999999999999
1502 0.9987999999999999
1503 0.9987999999999999
1504 0.9987999999999999
1505 0.9987999999999999
1506 0.9987999999999999
1507 0.9987999999999999
1508 0.9987999999999999
1509 0.9987999999999999
1510 0.9987999999999999
1511 0.9987999999999999
1512 0.9987999999999999
1513 0.9987999999999999
1514 0.9987999999999999
1515 0.9987999999999999
1516 0.9987999999999999
1517 0.9987999999999999
1518 0.9987999999999999
1519 0.9987999999999999
1520 0.9987999999999999
1521 0.9987999999999999
1522 0.9987999999999999
1523 0.9987999999999999
1524 0.9987999999999999
1525 0.9987999999999999
1526 0.9987999999999999
1527 0.9987999999999999
1528 0.9987999999999999
1529 0.9987999999999999
1530 0.9987999999999999
1531 0.9987999999999999
1532 0.9987999999999999
1533 0.9987999999999999
1534 0.9987999999999999
1535 0.9987999999999999
1536 0.9987999999999999
1537 0.9987999999999999
1538 0.9987999999999999
1539 0.9987999999999999
1540 0.9987999999999999
1541 0.9987999999999999
1542 0.9987999999999999
1543 0.9987999999999999
1544 0.9987999999999999
1545 0.9987999999999999
1546 0.9987999999999999
1547 0.9987999999999999
1548 0.9987999999999999
1549 0.9987999999999999
1550 0.9987999999999999
1551 0.9987999999999999
1552 0.9987999999999999
1553 0.9987999999999999
1554 0.9987999999999999
1555 0.9987999999999999
1556 0.9987999999999999
1557 0.9987999999999999
1558 0.9987999999999999
1559 0.9987999999999999
1560 0.9987999999999999
1561 0.9987999999999999
1562 0.9987999999999999
1563 0.9987999999999999
1564 0.9987999999999999
1565 0.9987999999999999
1566 0.9987999999999999
1567 0.9987999999999999
1568 0.9987999999999999
1569 0.9987999999999999
1570 0.9987999999999999
1571 0.9987999999999999
1572 0.9987999999999999
1573 0.9987999999999999
1574 0.9987999999999999
1575 0.9987999999999999
1576 0.9987999999999999
1577 0.9987999999999999
1578 0.9987999999999999
1579 0.9987999999999999
1580 0.9987999999999999
1581 0.9987999999999999
1582 0.9987999999999999
1583 0.9987999999999999
1584 0.9987999999999999
1585 0.9987999999999999
1586 0.9987999999999999
1587 0.9987999999999999
1588 0.9987999999999999
1589 0.9987999999999999
1590 0.9987999999999999
1591 0.9987999999999999
1592 0.9987999999999999
1593 0.9987999999999999
1594 0.9987999999999999
1595 0.9987999999999999
1596 0.9987999999999999
1597 0.9987999999999999
1598 0.9987999999999999
1599 0.9987999999999999
1600 0.9987999999999999
1601 0.9987999999999999
1602 0.9987999999999999
1603 0.9987999999999999
1604 0.9987999999999999
1605 0.9987999999999999
1606 0.9987999999999999
1607 0.9987999999999999
1608 0.9987999999999999
1609 0.9987999999999999
1610 0.9987999999999999
1611 0.9987999999999999
1612 0.9987999999999999
1613 0.9987999999999999
1614 0.9987999999999999
1615 0.9987999999999999
1616 0.9987999999999999
1617 0.9987999999999999
1618 0.9987999999999999
1619 0.9987999999999999
1620 0.9987999999999999
1621 0.9987999999999999
1622 0.9987999999999999
1623 0.9987999999999999
1624 0.9987999999999999
1625 0.9987999999999999
1626 0.9987999999999999
1627 0.9987999999999999
1628 0.9987999999999999
1629 0.9987999999999999
1630 0.9987999999999999
1631 0.9987999999999999
1632 0.9987999999999999
1633 0.9987999999999999
1634 0.9987999999999999
1635 0.9987999999999999
1636 0.9987999999999999
1637 0.9987999999999999
1638 0.9987999999999999
1639 0.9987999999999999
1640 0.9987999999999999
1641 0.9987999999999999
1642 0.9987999999999999
1643 0.9987999999999999
1644 0.9987999999999999
1645 0.9987999999999999
1646 0.9987999999999999
1647 0.9987999999999999
1648 0.9987999999999999
1649 0.9987999999999999
1650 0.9987999999999999
1651 0.9987999999999999
1652 0.9987999999999999
1653 0.9987999999999999
1654 0.9987999999999999
1655 0.9987999999999999
1656 0.9987999999999999
1657 0.9987999999999999
1658 0.9987999999999999
1659 0.9987999999999999
1660 0.9987999999999999
1661 0.9987999999999999
1662 0.9987999999999999
1663 0.9987999999999999
1664 0.9987999999999999
1665 0.9987999999999999
1666 0.9987999999999999
1667 0.9987999999999999
1668 0.9987999999999999
1669 0.9987999999999999
1670 0.9987999999999999
1671 0.9987999999999999
1672 0.9987999999999999
1673 0.9987999999999999
1674 0.9987999999999999
1675 0.9987999999999999
1676 0.9987999999999999
1677 0.9987999999999999
1678 0.9987999999999999
1679 0.9987999999999999
1680 0.9987999999999999
1681 0.9987999999999999
1682 0.9987999999999999
1683 0.9987999999999999
1684 0.9987999999999999
1685 0.9987999999999999
1686 0.9987999999999999
1687 0.9987999999999999
1688 0.9987999999999999
1689 0.9987999999999999
1690 0.9987999999999999
1691 0.9987999999999999
1692 0.9987999999999999
1693 0.9987999999999999
1694 0.9987999999999999
1695 0.9987999999999999
1696 0.9987999999999999
1697 0.9987999999999999
1698 0.9987999999999999
1699 0.9987999999999999
1700 0.9987999999999999
1701 0.9987999999999999
1702 0.9987999999999999
1703 0.9987999999999999
1704 0.9987999999999999
1705 0.9987999999999999
1706 0.9987999999999999
1707 0.9987999999999999
1708 0.9987999999999999
1709 0.9987999999999999
1710 0.9987999999999999
1711 0.9987999999999999
1712 0.9987999999999999
1713 0.9987999999999999
1714 0.9987999999999999
1715 0.9987999999999999
1716 0.9987999999999999
1717 0.9987999999999999
1718 0.9987999999999999
1719 0.9987999999999999
1720 0.9987999999999999
1721 0.9987999999999999
1722 0.9987999999999999
1723 0.9987999999999999
1724 0.9987999999999999
1725 0.9987999999999999
1726 0.9987999999999999
1727 0.9987999999999999
1728 0.9987999999999999
1729 0.9987999999999999
1730 0.9987999999999999
1731 0.9987999999999999
1732 0.9987999999999999
1733 0.9987999999999999
1734 0.9987999999999999
1735 0.9987999999999999
1736 0.9987999999999999
1737 0.9987999999999999
1738 0.9987999999999999
1739 0.9987999999999999
1740 0.9987999999999999
1741 0.9987999999999999
1742 0.9987999999999999
1743 0.9987999999999999
1744 0.9987999999999999
1745 0.9987999999999999
1746 0.9987999999999999
1747 0.9987999999999999
1748 0.9987999999999999
1749 0.9987999999999999
1750 0.9987999999999999
1751 0.9987999999999999
1752 0.9987999999999999
1753 0.9987999999999999
1754 0.9987999999999999
1755 0.9987999999999999
1756 0.9987999999999999
1757 0.9987999999999999
1758 0.9987999999999999
1759 0.9987999999999999
1760 0.9987999999999999
1761 0.9987999999999999
1762 0.9987999999999999
1763 0.9987999999999999
1764 0.9987999999999999
1765 0.9987999999999999
1766 0.9987999999999999
1767 0.9987999999999999
1768 0.9987999999999999
1769 0.9987999999999999
1770 0.9987999999999999
1771 0.9987999999999999
1772 0.9987999999999999
1773 0.9987999999999999
1774 0.9987999999999999
1775 0.9987999999999999
1776 0.9987999999999999
1777 0.9987999999999999
1778 0.9987999999999999
1779 0.9987999999999999
1780 0.9987999999999999
1781 0.9987999999999999
1782 0.9987999999999999
1783 0.9987999999999999
1784 0.9987999999999999
1785 0.9987999999999999
1786 0.9987999999999999
1787 0.9987999999999999
1788 0.9987999999999999
1789 0.9987999999999999
1790 0.9987999999999999
1791 0.9987999999999999
1792 0.9987999999999999
1793 0.9987999999999999
1794 0.9987999999999999
1795 0.9987999999999999
1796 0.9987999999999999
1797 0.9987999999999999
1798 0.9987999999999999
1799 0.9987999999999999
1800 0.9987999999999999
1801 0.9987999999999999
1802 0.9987999999999999
1803 0.9987999999999999
1804 0.9987999999999999
1805 0.9987999999999999
1806 0.9987999999999999
1807 0.9987999999999999
1808 0.9987999999999999
1809 0.9987999999999999
1810 0.9987999999999999
1811 0.9987999999999999
1812 0.9987999999999999
1813 0.9987999999999999
1814 0.9987999999999999
1815 0.9987999999999999
1816 0.9987999999999999
1817 0.9987999999999999
1818 0.9987999999999999
1819 0.9987999999999999
1820 0.9987999999999999
1821 0.9987999999999999
1822 0.9987999999999999
1823 0.9987999999999999
1824 0.9987999999999999
1825 0.9987999999999999
1826 0.9987999999999999
1827 0.9987999999999999
1828 0.9987999999999999
1829 0.9987999999999999
1830 0.9987999999999999
1831 0.9987999999999999
1832 0.9987999999999999
1833 0.9987999999999999
1834 0.9987999999999999
1835 0.9987999999999999
1836 0.9987999999999999
1837 0.9987999999999999
1838 0.9987999999999999
1839 0.9987999999999999
1840 0.9987999999999999
1841 0.9987999999999999
1842 0.9987999999999999
1843 0.9987999999999999
1844 0.9987999999999999
1845 0.9987999999999999
1846 0.9987999999999999
1847 0.9987999999999999
1848 0.9987999999999999
1849 0.9987999999999999
1850 0.9987999999999999
1851 0.9987999999999999
1852 0.9987999999999999
1853 0.9987999999999999
1854 0.9987999999999999
1855 0.9987999999999999
1856 0.9987999999999999
1857 0.9987999999999999
1858 0.9987999999999999
1859 0.9987999999999999
1860 0.9987999999999999
1861 0.9987999999999999
1862 0.9987999999999999
1863 0.9987999999999999
1864 0.9987999999999999
1865 0.9987999999999999
1866 0.9987999999999999
1867 0.9987999999999999
1868 0.9987999999999999
1869 0.9987999999999999
1870 0.9987999999999999
1871 0.9987999999999999
1872 0.9987999999999999
1873 0.9987999999999999
1874 0.9987999999999999
1875 0.9987999999999999
1876 0.9987999999999999
1877 0.9987999999999999
1878 0.9987999999999999
1879 0.9987999999999999
1880 0.9987999999999999
1881 0.9987999999999999
1882 0.9987999999999999
1883 0.9987999999999999
1884 0.9987999999999999
1885 0.9987999999999999
1886 0.9987999999999999
1887 0.9987999999999999
1888 0.9987999999999999
1889 0.9987999999999999
1890 0.9987999999999999
1891 0.9987999999999999
1892 0.9987999999999999
1893 0.9987999999999999
1894 0.9987999999999999
1895 0.9987999999999999
1896 0.9987999999999999
1897 0.9987999999999999
1898 0.9987999999999999
1899 0.9987999999999999
1900 0.9987999999999999
1901 0.9987999999999999
1902 0.9987999999999999
1903 0.9987999999999999
1904 0.9987999999999999
1905 0.9987999999999999
1906 0.9987999999999999
1907 0.9987999999999999
1908 0.9987999999999999
1909 0.9987999999999999
1910 0.9987999999999999
1911 0.9987999999999999
1912 0.9987999999999999
1913 0.9987999999999999
1914 0.9987999999999999
1915 0.9987999999999999
1916 0.9987999999999999
1917 0.9987999999999999
1918 0.9987999999999999
1919 0.9987999999999999
1920 0.9987999999999999
1921 0.9987999999999999
1922 0.9987999999999999
1923 0.9987999999999999
1924 0.9987999999999999
1925 0.9987999999999999
1926 0.9987999999999999
1927 0.9987999999999999
1928 0.9987999999999999
1929 0.9987999999999999
1930 0.9987999999999999
1931 0.9987999999999999
1932 0.9987999999999999
1933 0.9987999999999999
1934 0.9987999999999999
1935 0.9987999999999999
1936 0.9987999999999999
1937 0.9987999999999999
1938 0.9987999999999999
1939 0.9987999999999999
1940 0.9987999999999999
1941 0.9987999999999999
1942 0.9987999999999999
1943 0.9987999999999999
1944 0.9987999999999999
1945 0.9987999999999999
1946 0.9987999999999999
1947 0.9987999999999999
1948 0.9987999999999999
1949 0.9987999999999999
1950 0.9987999999999999
1951 0.9987999999999999
1952 0.9987999999999999
1953 0.9987999999999999
1954 0.9987999999999999
1955 0.9987999999999999
1956 0.9987999999999999
1957 0.9987999999999999
1958 0.9987999999999999
1959 0.9987999999999999
1960 0.9987999999999999
1961 0.9987999999999999
1962 0.9987999999999999
1963 0.9987999999999999
1964 0.9987999999999999
1965 0.9987999999999999
1966 0.9987999999999999
1967 0.9987999999999999
1968 0.9987999999999999
1969 0.9987999999999999
1970 0.9987999999999999
1971 0.9987999999999999
1972 0.9987999999999999
1973 0.9987999999999999
1974 0.9987999999999999
1975 0.9987999999999999
1976 0.9987999999999999
1977 0.9987999999999999
1978 0.9987999999999999
1979 0.9987999999999999
1980 0.9987999999999999
1981 0.9987999999999999
1982 0.9987999999999999
1983 0.9987999999999999
1984 0.9987999999999999
1985 0.9987999999999999
1986 0.9987999999999999
1987 0.9987999999999999
1988 0.9987999999999999
1989 0.9987999999999999
1990 0.9987999999999999
1991 0.9987999999999999
1992 0.9987999999999999
1993 0.9987999999999999
1994 0.9987999999999999
1995 0.9987999999999999
1996 0.9987999999999999
1997 0.9987999999999999
1998 0.9987999999999999
1999 0.9987999999999999
