1 1.0
2 1.0
3 1.0
4 1.0
5 0.9991999999999999
6 0.9991999999999999
7 0.9987999999999999
8 0.998
9 0.9976
10 0.9976
11 0.9964
12 0.9955999999999999
13 0.9936
14 0.9927999999999999
15 0.9919999999999999
16 0.9908
17 0.99
18 0.9895999999999999
19 0.9892
20 0.9887999999999999
21 0.9884000000000001
22 0.9884000000000001
23 0.988
24 0.9872
25 0.9872
26 0.9872
27 0.9867999999999999
28 0.9867999999999999
29 0.9867999999999999
30 0.9867999999999999
31 0.9867999999999999
32 0.9867999999999999
33 0.9864
34 0.9864
35 0.9864
36 0.986
37 0.986
38 0.986
39 0.986
40 0.986
41 0.9855999999999999
42 0.9843999999999998
43 0.9843999999999998
44 0.9843999999999998
45 0.9843999999999998
46 0.9835999999999998
47 0.9835999999999998
48 0.9835999999999998
49 0.9835999999999998
50 0.9835999999999998
51 0.9835999999999998
52 0.9835999999999998
53 0.9835999999999998
54 0.9835999999999998
55 0.9835999999999998
56 0.9835999999999998
57 0.9832
58 0.9832
59 0.9827999999999999
60 0.9827999999999999
61 0.9827999999999999
62 0.9827999999999999
63 0.9827999999999999
64 0.9827999999999999
65 0.9823999999999999
66 0.9823999999999999
67 0.9823999999999999
68 0.9823999999999999
69 0.9815999999999999
70 0.9815999999999999
71 0.9815999999999999
72 0.9815999999999999
73 0.9815999999999999
74 0.9815999999999999
75 0.9815999999999999
76 0.9815999999999999
77 0.9815999999999999
78 0.9815999999999999
79 0.9808
80 0.9808
81 0.9808
82 0.9808
83 0.9808
84 0.9808
85 0.9808
86 0.9808
87 0.9808
88 0.9808
89 0.9808
90 0.9808
91 0.9808
92 0.9808
93 0.9808
94 0.9808
95 0.9808
96 0.9808
97 0.9808
98 0.9808
99 0.9808
100 0.9808
101 0.9808
102 0.9804
103 0.9804
104 0.9804
105 0.9800000000000001
106 0.9800000000000001
107 0.9796
108 0.9792000000000002
109 0.9792000000000002
110 0.9792000000000002
111 0.9792000000000002
112 0.9792000000000002
113 0.9792000000000002
114 0.9792000000000002
115 0.9792000000000002
116 0.9792000000000002
117 0.9792000000000002
118 0.9792000000000002
119 0.9792000000000002
120 0.9792000000000002
121 0.9792000000000002
122 0.9792000000000002
123 0.9788000000000001
124 0.9788000000000001
125 0.9788000000000001
126 0.9788000000000001
127 0.9788000000000001
128 0.9788000000000001
129 0.9788000000000001
130 0.9788000000000001
131 0.9788000000000001
132 0.9788000000000001
133 0.9788000000000001
134 0.9788000000000001
135 0.9788000000000001
136 0.9780000000000001
137 0.9780000000000001
138 0.9776000000000002
139 0.9776000000000002
140 0.9776000000000002
141 0.9776000000000002
142 0.9776000000000002
143 0.9772000000000002
144 0.9772000000000002
145 0.9772000000000002
146 0.9772000000000002
147 0.9772000000000002
148 0.9772000000000002
149 0.9768000000000001
150 0.9768000000000001
151 0.9768000000000001
152 0.9764000000000002
153 0.9764000000000002
154 0.9764000000000002
155 0.9764000000000002
156 0.9764000000000002
157 0.9764000000000002
158 0.9760000000000001
159 0.9760000000000001
160 0.9760000000000001
161 0.9760000000000001
162 0.9760000000000001
163 0.9760000000000001
164 0.9760000000000001
165 0.9760000000000001
166 0.9760000000000001
167 0.9760000000000001
168 0.9760000000000001
169 0.9760000000000001
170 0.9756
171 0.9756
172 0.9756
173 0.9756
174 0.9756
175 0.9752000000000001
176 0.9752000000000001
177 0.9752000000000001
178 0.9752000000000001
179 0.9752000000000001
180 0.9752000000000001
181 0.9752000000000001
182 0.9752000000000001
183 0.9752000000000001
184 0.9752000000000001
185 0.9752000000000001
186 0.9752000000000001
187 0.9752000000000001
188 0.9748
189 0.9748
190 0.9748
191 0.9748
192 0.9748
193 0.9748
194 0.9743999999999999
195 0.9743999999999999
196 0.9743999999999999
197 0.9743999999999999
198 0.9743999999999999
199 0.9743999999999999
200 0.9743999999999999
201 0.9743999999999999
202 0.9743999999999999
203 0.9743999999999999
204 0.9743999999999999
205 0.9740000000000001
206 0.9740000000000001
207 0.9740000000000001
208 0.9740000000000001
209 0.9740000000000001
210 0.9740000000000001
211 0.9740000000000001
212 0.9736000000000001
213 0.9736000000000001
214 0.9732000000000001
215 0.9732000000000001
216 0.9728000000000001
217 0.9728000000000001
218 0.9728000000000001
219 0.9728000000000001
220 0.9728000000000001
221 0.9728000000000001
222 0.9728000000000001
223 0.9728000000000001
224 0.9724
225 0.9720000000000002
226 0.9720000000000002
227 0.9712000000000001
228 0.9712000000000001
229 0.9708000000000001
230 0.9708000000000001
231 0.9708000000000001
232 0.9708000000000001
233 0.9708000000000001
234 0.9708000000000001
235 0.9704
236 0.9704
237 0.9704
238 0.9704
239 0.9704
240 0.9704
241 0.9704
242 0.9704
243 0.9704
244 0.97
245 0.97
246 0.97
247 0.97
248 0.97
249 0.97
250 0.97
251 0.97
252 0.97
253 0.97
254 0.97
255 0.97
256 0.97
257 0.97
258 0.97
259 0.97
260 0.97
261 0.9695999999999999
262 0.9695999999999999
263 0.9695999999999999
264 0.9695999999999999
265 0.9692000000000001
266 0.9688000000000001
267 0.9688000000000001
268 0.9676
269 0.9676
270 0.9676
271 0.9676
272 0.9676
273 0.9676
274 0.9676
275 0.9676
276 0.9676
277 0.9676
278 0.9676
279 0.9676
280 0.9676
281 0.9676
282 0.9676
283 0.9676
284 0.9676
285 0.9676
286 0.9676
287 0.9672000000000002
288 0.9668000000000002
289 0.9668000000000002
290 0.9668000000000002
291 0.9668000000000002
292 0.9668000000000002
293 0.9668000000000002
294 0.9668000000000002
295 0.9668000000000002
296 0.9668000000000002
297 0.9668000000000002
298 0.9668000000000002
299 0.9668000000000002
300 0.9664000000000001
301 0.9664000000000001
302 0.9664000000000001
303 0.9664000000000001
304 0.9664000000000001
305 0.9664000000000001
306 0.9664000000000001
307 0.9664000000000001
308 0.9660000000000001
309 0.9656000000000001
310 0.9656000000000001
311 0.9656000000000001
312 0.9656000000000001
313 0.9656000000000001
314 0.9656000000000001
315 0.9656000000000001
316 0.9656000000000001
317 0.9656000000000001
318 0.9656000000000001
319 0.9656000000000001
320 0.9656000000000001
321 0.9656000000000001
322 0.9656000000000001
323 0.9656000000000001
324 0.9656000000000001
325 0.9656000000000001
326 0.9656000000000001
327 0.9656000000000001
328 0.9652000000000001
329 0.9652000000000001
330 0.9652000000000001
331 0.9652000000000001
332 0.9652000000000001
333 0.9652000000000001
334 0.9652000000000001
335 0.9652000000000001
336 0.9652000000000001
337 0.9652000000000001
338 0.9652000000000001
339 0.9648000000000002
340 0.9648000000000002
341 0.9648000000000002
342 0.9644000000000001
343 0.9640000000000001
344 0.9640000000000001
345 0.9640000000000001
346 0.9640000000000001
347 0.9640000000000001
348 0.9640000000000001
349 0.9640000000000001
350 0.9640000000000001
351 0.9640000000000001
352 0.9640000000000001
353 0.9640000000000001
354 0.9640000000000001
355 0.9640000000000001
356 0.9640000000000001
357 0.9640000000000001
358 0.9640000000000001
359 0.9636000000000001
360 0.9636000000000001
361 0.9636000000000001
362 0.9632000000000001
363 0.9632000000000001
364 0.9632000000000001
365 0.9632000000000001
366 0.9632000000000001
367 0.9632000000000001
368 0.9632000000000001
369 0.9632000000000001
370 0.9632000000000001
371 0.9632000000000001
372 0.9632000000000001
373 0.9632000000000001
374 0.9632000000000001
375 0.9632000000000001
376 0.9632000000000001
377 0.9632000000000001
378 0.9632000000000001
379 0.9628000000000001
380 0.9628000000000001
381 0.9628000000000001
382 0.9628000000000001
383 0.9628000000000001
384 0.9624000000000001
385 0.9624000000000001
386 0.9620000000000001
387 0.9620000000000001
388 0.9620000000000001
389 0.9620000000000001
390 0.9620000000000001
391 0.9620000000000001
392 0.9620000000000001
393 0.9620000000000001
394 0.9620000000000001
395 0.9620000000000001
396 0.9620000000000001
397 0.9620000000000001
398 0.9620000000000001
399 0.9620000000000001
400 0.9620000000000001
401 0.9620000000000001
402 0.9620000000000001
403 0.9620000000000001
404 0.9620000000000001
405 0.9620000000000001
406 0.9620000000000001
407 0.9620000000000001
408 0.9620000000000001
409 0.9620000000000001
410 0.9620000000000001
411 0.9620000000000001
412 0.9620000000000001
413 0.9616000000000001
414 0.9616000000000001
415 0.9616000000000001
416 0.9616000000000001
417 0.9616000000000001
418 0.9616000000000001
419 0.9616000000000001
420 0.9616000000000001
421 0.9616000000000001
422 0.9616000000000001
423 0.9616000000000001
424 0.9616000000000001
425 0.9616000000000001
426 0.9616000000000001
427 0.9616000000000001
428 0.9616000000000001
429 0.9616000000000001
430 0.9616000000000001
431 0.9616000000000001
432 0.9616000000000001
433 0.9616000000000001
434 0.9616000000000001
435 0.9616000000000001
436 0.9616000000000001
437 0.9616000000000001
438 0.9616000000000001
439 0.9616000000000001
440 0.9616000000000001
441 0.9616000000000001
442 0.9616000000000001
443 0.9616000000000001
444 0.9616000000000001
445 0.9616000000000001
446 0.9616000000000001
447 0.9616000000000001
448 0.9616000000000001
449 0.9616000000000001
450 0.9616000000000001
451 0.9616000000000001
452 0.9616000000000001
453 0.9616000000000001
454 0.9616000000000001
455 0.9616000000000001
456 0.9616000000000001
457 0.9616000000000001
458 0.9616000000000001
459 0.9616000000000001
460 0.9616000000000001
461 0.9616000000000001
462 0.9616000000000001
463 0.9616000000000001
464 0.9616000000000001
465 0.9616000000000001
466 0.9616000000000001
467 0.9616000000000001
468 0.9616000000000001
469 0.9616000000000001
470 0.9612
471 0.9612
472 0.9612
473 0.9612
474 0.9612
475 0.9608
476 0.9608
477 0.9608
478 0.9608
479 0.9608
480 0.9608
481 0.9608
482 0.9608
483 0.9608
484 0.9608
485 0.9608
486 0.9608
487 0.9608
488 0.9608
489 0.9608
490 0.9608
491 0.9608
492 0.9608
493 0.9608
494 0.9608
495 0.9608
496 0.9608
497 0.9608
498 0.9608
499 0.9608
500 0.9608
501 0.9608
502 0.9608
503 0.9603999999999999
504 0.9603999999999999
505 0.9603999999999999
506 0.9603999999999999
507 0.9603999999999999
508 0.9603999999999999
509 0.9603999999999999
510 0.9603999999999999
511 0.9603999999999999
512 0.9603999999999999
513 0.9603999999999999
514 0.9603999999999999
515 0.9603999999999999
516 0.96
517 0.96
518 0.96
519 0.96
520 0.96
521 0.96
522 0.96
523 0.96
524 0.96
525 0.96
526 0.96
527 0.96
528 0.96
529 0.96
530 0.96
531 0.96
532 0.96
533 0.96
534 0.96
535 0.96
536 0.96
537 0.96
538 0.9596000000000001
539 0.9596000000000001
540 0.9596000000000001
541 0.9596000000000001
542 0.9596000000000001
543 0.9596000000000001
544 0.9596000000000001
545 0.9596000000000001
546 0.9596000000000001
547 0.9596000000000001
548 0.9596000000000001
549 0.9596000000000001
550 0.9596000000000001
551 0.9596000000000001
552 0.9596000000000001
553 0.9596000000000001
554 0.9596000000000001
555 0.9596000000000001
556 0.9596000000000001
557 0.9596000000000001
558 0.9596000000000001
559 0.9596000000000001
560 0.9596000000000001
561 0.9596000000000001
562 0.9596000000000001
563 0.9596000000000001
564 0.9596000000000001
565 0.9592
566 0.9592
567 0.9592
568 0.9592
569 0.9592
570 0.9592
571 0.9592
572 0.9592
573 0.9592
574 0.9592
575 0.9592
576 0.9592
577 0.9592
578 0.9592
579 0.9592
580 0.9592
581 0.9592
582 0.9592
583 0.9592
584 0.9592
585 0.9592
586 0.9592
587 0.9592
588 0.9592
589 0.9592
590 0.9588
591 0.9588
592 0.9588
593 0.9588
594 0.9588
595 0.9588
596 0.9588
597 0.9588
598 0.9588
599 0.9588
600 0.9588
601 0.9588
602 0.9583999999999999
603 0.958
604 0.958
605 0.9575999999999999
606 0.9575999999999999
607 0.9575999999999999
608 0.9575999999999999
609 0.9575999999999999
610 0.9575999999999999
611 0.9575999999999999
612 0.9575999999999999
613 0.9575999999999999
614 0.9575999999999999
615 0.9575999999999999
616 0.9575999999999999
617 0.9575999999999999
618 0.9575999999999999
619 0.9575999999999999
620 0.9575999999999999
621 0.9575999999999999
622 0.9575999999999999
623 0.9575999999999999
624 0.9575999999999999
625 0.9575999999999999
626 0.9575999999999999
627 0.9575999999999999
628 0.9575999999999999
629 0.9571999999999999
630 0.9571999999999999
631 0.9571999999999999
632 0.9571999999999999
633 0.9571999999999999
634 0.9571999999999999
635 0.9571999999999999
636 0.9571999999999999
637 0.9571999999999999
638 0.9571999999999999
639 0.9571999999999999
640 0.9571999999999999
641 0.9571999999999999
642 0.9571999999999999
643 0.9571999999999999
644 0.9571999999999999
645 0.9571999999999999
646 0.9571999999999999
647 0.9567999999999999
648 0.9567999999999999
649 0.9567999999999999
650 0.9567999999999999
651 0.9567999999999999
652 0.9564
653 0.9564
654 0.9564
655 0.956
656 0.9556
657 0.9556
658 0.9556
659 0.9556
660 0.9556
661 0.9551999999999999
662 0.9551999999999999
663 0.9551999999999999
664 0.9551999999999999
665 0.9551999999999999
666 0.9551999999999999
667 0.9551999999999999
668 0.9551999999999999
669 0.9551999999999999
670 0.9551999999999999
671 0.9551999999999999
672 0.9551999999999999
673 0.9548000000000001
674 0.9548000000000001
675 0.9548000000000001
676 0.9548000000000001
677 0.9548000000000001
678 0.9544
679 0.9544
680 0.9544
681 0.9544
682 0.9544
683 0.9544
684 0.9544
685 0.9544
686 0.9544
687 0.9544
688 0.9544
689 0.9544
690 0.9544
691 0.9544
692 0.9544
693 0.9544
694 0.9544
695 0.9544
696 0.9544
697 0.9544
698 0.9544
699 0.9544
700 0.9544
701 0.9544
702 0.9544
703 0.9544
704 0.9544
705 0.9544
706 0.9544
707 0.9544
708 0.9544
709 0.9544
710 0.9544
711 0.9544
712 0.9544
713 0.9544
714 0.9544
715 0.9544
716 0.9544
717 0.9544
718 0.9544
719 0.9544
720 0.9544
721 0.9544
722 0.9544
723 0.9544
724 0.9544
725 0.9544
726 0.9544
727 0.954
728 0.954
729 0.954
730 0.954
731 0.954
732 0.954
733 0.954
734 0.954
735 0.954
736 0.954
737 0.954
738 0.9536
739 0.9532
740 0.9528
741 0.9528
742 0.9528
743 0.9524000000000001
744 0.9520000000000001
745 0.9516
746 0.9516
747 0.9516
748 0.9516
749 0.9516
750 0.9516
751 0.9516
752 0.9516
753 0.9516
754 0.9516
755 0.9516
756 0.9511999999999999
757 0.9511999999999999
758 0.9511999999999999
759 0.9511999999999999
760 0.9511999999999999
761 0.9511999999999999
762 0.9511999999999999
763 0.9511999999999999
764 0.9508
765 0.9508
766 0.9508
767 0.9508
768 0.9508
769 0.9508
770 0.9508
771 0.9508
772 0.9508
773 0.9508
774 0.9508
775 0.9508
776 0.9508
777 0.9508
778 0.9508
779 0.9508
780 0.9508
781 0.9508
782 0.9508
783 0.9508
784 0.9508
785 0.9503999999999999
786 0.9503999999999999
787 0.9503999999999999
788 0.9503999999999999
789 0.9503999999999999
790 0.9503999999999999
791 0.9503999999999999
792 0.9503999999999999
793 0.9503999999999999
794 0.9503999999999999
795 0.9503999999999999
796 0.9503999999999999
797 0.9503999999999999
798 0.9503999999999999
799 0.9499999999999998
800 0.9499999999999998
801 0.9499999999999998
802 0.9499999999999998
803 0.9499999999999998
804 0.9499999999999998
805 0.9499999999999998
806 0.9499999999999998
807 0.9499999999999998
808 0.9499999999999998
809 0.9499999999999998
810 0.9499999999999998
811 0.9499999999999998
812 0.9499999999999998
813 0.9499999999999998
814 0.9499999999999998
815 0.9499999999999998
816 0.9499999999999998
817 0.9499999999999998
818 0.9499999999999998
819 0.9499999999999998
820 0.9499999999999998
821 0.9499999999999998
822 0.9495999999999998
823 0.9495999999999998
824 0.9495999999999998
825 0.9495999999999998
826 0.9495999999999998
827 0.9495999999999998
828 0.9495999999999998
829 0.9495999999999998
830 0.9495999999999998
831 0.9491999999999997
832 0.9491999999999997
833 0.9491999999999997
834 0.9491999999999997
835 0.9491999999999997
836 0.9487999999999999
837 0.9487999999999999
838 0.9487999999999999
839 0.9487999999999999
840 0.9483999999999998
841 0.9479999999999998
842 0.9475999999999999
843 0.9475999999999999
844 0.9475999999999999
845 0.9472
846 0.9472
847 0.9472
848 0.9472
849 0.9468000000000001
850 0.9468000000000001
851 0.9468000000000001
852 0.9468000000000001
853 0.9468000000000001
854 0.9468000000000001
855 0.9464
856 0.9464
857 0.9464
858 0.9464
859 0.946
860 0.946
861 0.946
862 0.946
863 0.946
864 0.946
865 0.9455999999999999
866 0.9455999999999999
867 0.9455999999999999
868 0.9455999999999999
869 0.9455999999999999
870 0.9455999999999999
871 0.9451999999999998
872 0.9451999999999998
873 0.9451999999999998
874 0.9451999999999998
875 0.9451999999999998
876 0.9451999999999998
877 0.9451999999999998
878 0.9451999999999998
879 0.9451999999999998
880 0.9451999999999998
881 0.9451999999999998
882 0.9451999999999998
883 0.9443999999999998
884 0.9443999999999998
885 0.9443999999999998
886 0.9443999999999998
887 0.9443999999999998
888 0.9443999999999998
889 0.9443999999999998
890 0.9443999999999998
891 0.9443999999999998
892 0.9443999999999998
893 0.9443999999999998
894 0.9443999999999998
895 0.9443999999999998
896 0.9443999999999998
897 0.9443999999999998
898 0.9443999999999998
899 0.9443999999999998
900 0.9443999999999998
901 0.9443999999999998
902 0.9443999999999998
903 0.9443999999999998
904 0.9443999999999998
905 0.9443999999999998
906 0.9443999999999998
907 0.944
908 0.944
909 0.944
910 0.944
911 0.944
912 0.944
913 0.944
914 0.944
915 0.944
916 0.944
917 0.9436
918 0.9436
919 0.9436
920 0.9436
921 0.9436
922 0.9436
923 0.9436
924 0.9436
925 0.9436
926 0.9436
927 0.9436
928 0.9436
929 0.9436
930 0.9436
931 0.9436
932 0.9436
933 0.9436
934 0.9436
935 0.9436
936 0.9431999999999999
937 0.9431999999999999
938 0.9431999999999999
939 0.9431999999999999
940 0.9431999999999999
941 0.9431999999999999
942 0.9423999999999999
943 0.9423999999999999
944 0.9423999999999999
945 0.9423999999999999
946 0.9419999999999998
947 0.9419999999999998
948 0.9415999999999998
949 0.9415999999999998
950 0.9415999999999998
951 0.9415999999999998
952 0.9415999999999998
953 0.9415999999999998
954 0.9415999999999998
955 0.9415999999999998
956 0.9415999999999998
957 0.9415999999999998
958 0.9415999999999998
959 0.9415999999999998
960 0.9415999999999998
961 0.9415999999999998
962 0.9411999999999999
963 0.9411999999999999
964 0.9411999999999999
965 0.9408
966 0.9408
967 0.9408
968 0.9403999999999998
969 0.9403999999999998
970 0.9399999999999998
971 0.9399999999999998
972 0.9399999999999998
973 0.9399999999999998
974 0.9399999999999998
975 0.9399999999999998
976 0.9399999999999998
977 0.9399999999999998
978 0.9399999999999998
979 0.9399999999999998
980 0.9399999999999998
981 0.9399999999999998
982 0.9399999999999998
983 0.9399999999999998
984 0.9399999999999998
985 0.9399999999999998
986 0.9399999999999998
987 0.9399999999999998
988 0.9399999999999998
989 0.9399999999999998
990 0.9399999999999998
991 0.9399999999999998
992 0.9399999999999998
993 0.9399999999999998
994 0.9399999999999998
995 0.9399999999999998
996 0.9399999999999998
997 0.9399999999999998
998 0.9399999999999998
999 0.9399999999999998
1000 0.9399999999999998
1001 0.9399999999999998
1002 0.9399999999999998
1003 0.9399999999999998
1004 0.9399999999999998
1005 0.9399999999999998
1006 0.9399999999999998
1007 0.9399999999999998
1008 0.9399999999999998
1009 0.9399999999999998
1010 0.9399999999999998
1011 0.9399999999999998
1012 0.9399999999999998
1013 0.9396
1014 0.9396
1015 0.9396
1016 0.9396
1017 0.9396
1018 0.9396
1019 0.9396
1020 0.9396
1021 0.9396
1022 0.9396
1023 0.9396
1024 0.9391999999999999
1025 0.9391999999999999
1026 0.9391999999999999
1027 0.9391999999999999
1028 0.9391999999999999
1029 0.9391999999999999
1030 0.9383999999999998
1031 0.9383999999999998
1032 0.9383999999999998
1033 0.9383999999999998
1034 0.9379999999999997
1035 0.9379999999999997
1036 0.9375999999999998
1037 0.9375999999999998
1038 0.9375999999999998
1039 0.9375999999999998
1040 0.9375999999999998
1041 0.9375999999999998
1042 0.9375999999999998
1043 0.9375999999999998
1044 0.9375999999999998
1045 0.9375999999999998
1046 0.9371999999999998
1047 0.9371999999999998
1048 0.9371999999999998
1049 0.9371999999999998
1050 0.9371999999999998
1051 0.9371999999999998
1052 0.9367999999999997
1053 0.9367999999999997
1054 0.9367999999999997
1055 0.9367999999999997
1056 0.9367999999999997
1057 0.9367999999999997
1058 0.9367999999999997
1059 0.9367999999999997
1060 0.9363999999999999
1061 0.9363999999999999
1062 0.9363999999999999
1063 0.9363999999999999
1064 0.9363999999999999
1065 0.9363999999999999
1066 0.9359999999999998
1067 0.9355999999999999
1068 0.9355999999999999
1069 0.9355999999999999
1070 0.9355999999999999
1071 0.9351999999999998
1072 0.9351999999999998
1073 0.9351999999999998
1074 0.9351999999999998
1075 0.9351999999999998
1076 0.9351999999999998
1077 0.9351999999999998
1078 0.9351999999999998
1079 0.9351999999999998
1080 0.9351999999999998
1081 0.9351999999999998
1082 0.9351999999999998
1083 0.9351999999999998
1084 0.9351999999999998
1085 0.9347999999999999
1086 0.9347999999999999
1087 0.9347999999999999
1088 0.9347999999999999
1089 0.9347999999999999
1090 0.9347999999999999
1091 0.9343999999999998
1092 0.9343999999999998
1093 0.9343999999999998
1094 0.9343999999999998
1095 0.9343999999999998
1096 0.9343999999999998
1097 0.9343999999999998
1098 0.9343999999999998
1099 0.9339999999999997
1100 0.9339999999999997
1101 0.9339999999999997
1102 0.9339999999999997
1103 0.9339999999999997
1104 0.9339999999999997
1105 0.9339999999999997
1106 0.9339999999999997
1107 0.9339999999999997
1108 0.9339999999999997
1109 0.9339999999999997
1110 0.9335999999999999
1111 0.9335999999999999
1112 0.9335999999999999
1113 0.9335999999999999
1114 0.9335999999999999
1115 0.9335999999999999
1116 0.9335999999999999
1117 0.9335999999999999
1118 0.9335999999999999
1119 0.9335999999999999
1120 0.9335999999999999
1121 0.9335999999999999
1122 0.9335999999999999
1123 0.9335999999999999
1124 0.9335999999999999
1125 0.9335999999999999
1126 0.9335999999999999
1127 0.9335999999999999
1128 0.9331999999999998
1129 0.9331999999999998
1130 0.9331999999999998
1131 0.9331999999999998
1132 0.9327999999999997
1133 0.9323999999999998
1134 0.9323999999999998
1135 0.9319999999999997
1136 0.9319999999999997
1137 0.9319999999999997
1138 0.9319999999999997
1139 0.9319999999999997
1140 0.9319999999999997
1141 0.9319999999999997
1142 0.9319999999999997
1143 0.9319999999999997
1144 0.9319999999999997
1145 0.9315999999999999
1146 0.9315999999999999
1147 0.9315999999999999
1148 0.9315999999999999
1149 0.9315999999999999
1150 0.9315999999999999
1151 0.9315999999999999
1152 0.9315999999999999
1153 0.9315999999999999
1154 0.9315999999999999
1155 0.9315999999999999
1156 0.9315999999999999
1157 0.9315999999999999
1158 0.9315999999999999
1159 0.9315999999999999
1160 0.9315999999999999
1161 0.9315999999999999
1162 0.9315999999999999
1163 0.9315999999999999
1164 0.9315999999999999
1165 0.9311999999999998
1166 0.9311999999999998
1167 0.9311999999999998
1168 0.9307999999999998
1169 0.9303999999999999
1170 0.9303999999999999
1171 0.9303999999999999
1172 0.93
1173 0.9295999999999998
1174 0.9295999999999998
1175 0.9295999999999998
1176 0.9295999999999998
1177 0.9295999999999998
1178 0.9295999999999998
1179 0.9295999999999998
1180 0.9295999999999998
1181 0.9295999999999998
1182 0.9295999999999998
1183 0.9295999999999998
1184 0.9291999999999999
1185 0.9288
1186 0.9288
1187 0.9280000000000002
1188 0.9280000000000002
1189 0.9280000000000002
1190 0.9280000000000002
1191 0.9280000000000002
1192 0.9280000000000002
1193 0.9280000000000002
1194 0.9280000000000002
1195 0.9280000000000002
1196 0.9280000000000002
1197 0.9280000000000002
1198 0.9280000000000002
1199 0.9280000000000002
1200 0.9280000000000002
1201 0.9276000000000001
1202 0.9276000000000001
1203 0.9276000000000001
1204 0.9276000000000001
1205 0.9276000000000001
1206 0.9276000000000001
1207 0.9276000000000001
1208 0.9276000000000001
1209 0.9276000000000001
1210 0.9276000000000001
1211 0.9276000000000001
1212 0.9276000000000001
1213 0.9276000000000001
1214 0.9276000000000001
1215 0.9276000000000001
1216 0.9276000000000001
1217 0.9276000000000001
1218 0.9276000000000001
1219 0.9276000000000001
1220 0.9276000000000001
1221 0.9276000000000001
1222 0.9272
1223 0.9272
1224 0.9272
1225 0.9272
1226 0.9272
1227 0.9272
1228 0.9272
1229 0.9272
1230 0.9272
1231 0.9272
1232 0.9272
1233 0.9268
1234 0.9264
1235 0.9264
1236 0.9264
1237 0.9264
1238 0.9264
1239 0.9259999999999999
1240 0.9259999999999999
1241 0.9259999999999999
1242 0.9259999999999999
1243 0.9259999999999999
1244 0.9259999999999999
1245 0.9259999999999999
1246 0.9259999999999999
1247 0.9259999999999999
1248 0.9259999999999999
1249 0.9259999999999999
1250 0.9259999999999999
1251 0.9259999999999999
1252 0.9259999999999999
1253 0.9259999999999999
1254 0.9256
1255 0.9256
1256 0.9251999999999999
1257 0.9251999999999999
1258 0.9251999999999999
1259 0.9251999999999999
1260 0.9251999999999999
1261 0.9251999999999999
1262 0.9251999999999999
1263 0.9247999999999998
1264 0.9247999999999998
1265 0.9247999999999998
1266 0.9247999999999998
1267 0.9247999999999998
1268 0.9247999999999998
1269 0.9244
1270 0.9244
1271 0.9244
1272 0.9244
1273 0.924
1274 0.924
1275 0.924
1276 0.924
1277 0.924
1278 0.924
1279 0.924
1280 0.924
1281 0.924
1282 0.924
1283 0.924
1284 0.924
1285 0.924
1286 0.924
1287 0.924
1288 0.924
1289 0.924
1290 0.924
1291 0.924
1292 0.924
1293 0.924
1294 0.924
1295 0.924
1296 0.924
1297 0.924
1298 0.924
1299 0.924
1300 0.924
1301 0.924
1302 0.924
1303 0.9236
1304 0.9236
1305 0.9236
1306 0.9232
1307 0.9228000000000001
1308 0.9228000000000001
1309 0.9228000000000001
1310 0.9228000000000001
1311 0.9228000000000001
1312 0.9228000000000001
1313 0.9228000000000001
1314 0.9228000000000001
1315 0.9228000000000001
1316 0.9224000000000001
1317 0.9224000000000001
1318 0.922
1319 0.922
1320 0.922
1321 0.922
1322 0.922
1323 0.922
1324 0.922
1325 0.922
1326 0.922
1327 0.922
1328 0.922
1329 0.922
1330 0.922
1331 0.922
1332 0.922
1333 0.9216
1334 0.9211999999999999
1335 0.9211999999999999
1336 0.9211999999999999
1337 0.9211999999999999
1338 0.9211999999999999
1339 0.9211999999999999
1340 0.9211999999999999
1341 0.9211999999999999
1342 0.9211999999999999
1343 0.9211999999999999
1344 0.9211999999999999
1345 0.9211999999999999
1346 0.9211999999999999
1347 0.9211999999999999
1348 0.9211999999999999
1349 0.9211999999999999
1350 0.9208
1351 0.9208
1352 0.9203999999999999
1353 0.9199999999999998
1354 0.9199999999999998
1355 0.9196
1356 0.9196
1357 0.9196
1358 0.9196
1359 0.9196
1360 0.9192
1361 0.9192
1362 0.9192
1363 0.9192
1364 0.9192
1365 0.9192
1366 0.9192
1367 0.9192
1368 0.9192
1369 0.9192
1370 0.9192
1371 0.9192
1372 0.9192
1373 0.9192
1374 0.9192
1375 0.9192
1376 0.9192
1377 0.9188
1378 0.9188
1379 0.9188
1380 0.9183999999999999
1381 0.9183999999999999
1382 0.9183999999999999
1383 0.9183999999999999
1384 0.9183999999999999
1385 0.9183999999999999
1386 0.9183999999999999
1387 0.9183999999999999
1388 0.9183999999999999
1389 0.9179999999999998
1390 0.9179999999999998
1391 0.9179999999999998
1392 0.9179999999999998
1393 0.9179999999999998
1394 0.9179999999999998
1395 0.9179999999999998
1396 0.9179999999999998
1397 0.9175999999999999
1398 0.9172
1399 0.9172
1400 0.9168000000000001
1401 0.9168000000000001
1402 0.9168000000000001
1403 0.9159999999999999
1404 0.9159999999999999
1405 0.9159999999999999
1406 0.9159999999999999
1407 0.9159999999999999
1408 0.9159999999999999
1409 0.9159999999999999
1410 0.9155999999999999
1411 0.9155999999999999
1412 0.9155999999999999
1413 0.9155999999999999
1414 0.9155999999999999
1415 0.9155999999999999
1416 0.9155999999999999
1417 0.9152
1418 0.9152
1419 0.9152
1420 0.9152
1421 0.9152
1422 0.9152
1423 0.9152
1424 0.9148
1425 0.9148
1426 0.9148
1427 0.9148
1428 0.9148
1429 0.9148
1430 0.9143999999999999
1431 0.9143999999999999
1432 0.9143999999999999
1433 0.9143999999999999
1434 0.9143999999999999
1435 0.9139999999999999
1436 0.9135999999999999
1437 0.9135999999999999
1438 0.9135999999999999
1439 0.9135999999999999
1440 0.9135999999999999
1441 0.9135999999999999
1442 0.9135999999999999
1443 0.9135999999999999
1444 0.9135999999999999
1445 0.9131999999999998
1446 0.9131999999999998
1447 0.9131999999999998
1448 0.9131999999999998
1449 0.9127999999999998
1450 0.9127999999999998
1451 0.9127999999999998
1452 0.9127999999999998
1453 0.9127999999999998
1454 0.9127999999999998
1455 0.9127999999999998
1456 0.9127999999999998
1457 0.9127999999999998
1458 0.9127999999999998
1459 0.9127999999999998
1460 0.9127999999999998
1461 0.9127999999999998
1462 0.9127999999999998
1463 0.9127999999999998
1464 0.9127999999999998
1465 0.9127999999999998
1466 0.9127999999999998
1467 0.9124
1468 0.9124
1469 0.9124
1470 0.9124
1471 0.9124
1472 0.9119999999999999
1473 0.9115999999999999
1474 0.9115999999999999
1475 0.9115999999999999
1476 0.9115999999999999
1477 0.9115999999999999
1478 0.9115999999999999
1479 0.9115999999999999
1480 0.9115999999999999
1481 0.9115999999999999
1482 0.9111999999999998
1483 0.9111999999999998
1484 0.9111999999999998
1485 0.9111999999999998
1486 0.9111999999999998
1487 0.9107999999999998
1488 0.9107999999999998
1489 0.9107999999999998
1490 0.9107999999999998
1491 0.9107999999999998
1492 0.9107999999999998
1493 0.9107999999999998
1494 0.9103999999999999
1495 0.9103999999999999
1496 0.9103999999999999
1497 0.9103999999999999
1498 0.9103999999999999
1499 0.9099999999999998
1500 0.9099999999999998
1501 0.9099999999999998
1502 0.9091999999999999
1503 0.9087999999999999
1504 0.9087999999999999
1505 0.9087999999999999
1506 0.9087999999999999
1507 0.9087999999999999
1508 0.9087999999999999
1509 0.9083999999999999
1510 0.9083999999999999
1511 0.9083999999999999
1512 0.9083999999999999
1513 0.9083999999999999
1514 0.9076
1515 0.9076
1516 0.9076
1517 0.9072
1518 0.9072
1519 0.9067999999999999
1520 0.9067999999999999
1521 0.9059999999999999
1522 0.9059999999999999
1523 0.9055999999999998
1524 0.9055999999999998
1525 0.9047999999999999
1526 0.9047999999999999
1527 0.9047999999999999
1528 0.9047999999999999
1529 0.9047999999999999
1530 0.9047999999999999
1531 0.9043999999999999
1532 0.9039999999999998
1533 0.9039999999999998
1534 0.9035999999999997
1535 0.9031999999999998
1536 0.9031999999999998
1537 0.9031999999999998
1538 0.9031999999999998
1539 0.9031999999999998
1540 0.9031999999999998
1541 0.9031999999999998
1542 0.9031999999999998
1543 0.9027999999999998
1544 0.9027999999999998
1545 0.9027999999999998
1546 0.9027999999999998
1547 0.9027999999999998
1548 0.9027999999999998
1549 0.9027999999999998
1550 0.9027999999999998
1551 0.9027999999999998
1552 0.9027999999999998
1553 0.9015999999999998
1554 0.9015999999999998
1555 0.9015999999999998
1556 0.9015999999999998
1557 0.9011999999999998
1558 0.9007999999999997
1559 0.9003999999999998
1560 0.9003999999999998
1561 0.9003999999999998
1562 0.9003999999999998
1563 0.9003999999999998
1564 0.9003999999999998
1565 0.8999999999999999
1566 0.8999999999999999
1567 0.8999999999999999
1568 0.8999999999999999
1569 0.8999999999999999
1570 0.8999999999999999
1571 0.8999999999999999
1572 0.8996
1573 0.8996
1574 0.8996
1575 0.8996
1576 0.8996
1577 0.8991999999999999
1578 0.8991999999999999
1579 0.8991999999999999
1580 0.8991999999999999
1581 0.8991999999999999
1582 0.8991999999999999
1583 0.8991999999999999
1584 0.8991999999999999
1585 0.8991999999999999
1586 0.8991999999999999
1587 0.8991999999999999
1588 0.8991999999999999
1589 0.8991999999999999
1590 0.8991999999999999
1591 0.8991999999999999
1592 0.8991999999999999
1593 0.8991999999999999
1594 0.8991999999999999
1595 0.8991999999999999
1596 0.8991999999999999
1597 0.8991999999999999
1598 0.8991999999999999
1599 0.8991999999999999
1600 0.8987999999999998
1601 0.8983999999999998
1602 0.8983999999999998
1603 0.8983999999999998
1604 0.8979999999999998
1605 0.8979999999999998
1606 0.8976
1607 0.8976
1608 0.8976
1609 0.8976
1610 0.8976
1611 0.8976
1612 0.8976
1613 0.8976
1614 0.8976
1615 0.8976
1616 0.8976
1617 0.8976
1618 0.8971999999999999
1619 0.8971999999999999
1620 0.8967999999999999
1621 0.8967999999999999
1622 0.8967999999999999
1623 0.8967999999999999
1624 0.8967999999999999
1625 0.8967999999999999
1626 0.8967999999999999
1627 0.8967999999999999
1628 0.8967999999999999
1629 0.8967999999999999
1630 0.8967999999999999
1631 0.8967999999999999
1632 0.8967999999999999
1633 0.8967999999999999
1634 0.8967999999999999
1635 0.8967999999999999
1636 0.8967999999999999
1637 0.8967999999999999
1638 0.8967999999999999
1639 0.8967999999999999
1640 0.8967999999999999
1641 0.8967999999999999
1642 0.8967999999999999
1643 0.8967999999999999
1644 0.8963999999999999
1645 0.8963999999999999
1646 0.8963999999999999
1647 0.8963999999999999
1648 0.8963999999999999
1649 0.8959999999999999
1650 0.8955999999999998
1651 0.8955999999999998
1652 0.8955999999999998
1653 0.8955999999999998
1654 0.8955999999999998
1655 0.8947999999999999
1656 0.8947999999999999
1657 0.8947999999999999
1658 0.8947999999999999
1659 0.8947999999999999
1660 0.8947999999999999
1661 0.8944
1662 0.8944
1663 0.8944
1664 0.8944
1665 0.8944
1666 0.8944
1667 0.8939999999999999
1668 0.8939999999999999
1669 0.8939999999999999
1670 0.8939999999999999
1671 0.8939999999999999
1672 0.8935999999999998
1673 0.8935999999999998
1674 0.8935999999999998
1675 0.8935999999999998
1676 0.8935999999999998
1677 0.8935999999999998
1678 0.8935999999999998
1679 0.8935999999999998
1680 0.8935999999999998
1681 0.8935999999999998
1682 0.8935999999999998
1683 0.8935999999999998
1684 0.8935999999999998
1685 0.8931999999999999
1686 0.8931999999999999
1687 0.8931999999999999
1688 0.8931999999999999
1689 0.8931999999999999
1690 0.8931999999999999
1691 0.8931999999999999
1692 0.8931999999999999
1693 0.8931999999999999
1694 0.8931999999999999
1695 0.8931999999999999
1696 0.8927999999999998
1697 0.8927999999999998
1698 0.8927999999999998
1699 0.8923999999999999
1700 0.8923999999999999
1701 0.8923999999999999
1702 0.8923999999999999
1703 0.8923999999999999
1704 0.8923999999999999
1705 0.8919999999999999
1706 0.8919999999999999
1707 0.8916
1708 0.8916
1709 0.8916
1710 0.8911999999999999
1711 0.8908
1712 0.8908
1713 0.8904000000000001
1714 0.8904000000000001
1715 0.8904000000000001
1716 0.8904000000000001
1717 0.8904000000000001
1718 0.8904000000000001
1719 0.8904000000000001
1720 0.89
1721 0.89
1722 0.89
1723 0.89
1724 0.89
1725 0.89
1726 0.89
1727 0.89
1728 0.89
1729 0.89
1730 0.89
1731 0.89
1732 0.89
1733 0.89
1734 0.89
1735 0.89
1736 0.89
1737 0.89
1738 0.89
1739 0.89
1740 0.89
1741 0.89
1742 0.89
1743 0.89
1744 0.89
1745 0.89
1746 0.89
1747 0.8896000000000001
1748 0.8896000000000001
1749 0.8896000000000001
1750 0.8896000000000001
1751 0.8896000000000001
1752 0.8892
1753 0.8892
1754 0.8892
1755 0.8892
1756 0.8892
1757 0.8892
1758 0.8892
1759 0.8892
1760 0.8892
1761 0.8892
1762 0.8888000000000001
1763 0.8888000000000001
1764 0.8888000000000001
1765 0.8888000000000001
1766 0.8888000000000001
1767 0.8888000000000001
1768 0.8888000000000001
1769 0.8888000000000001
1770 0.8888000000000001
1771 0.8888000000000001
1772 0.8888000000000001
1773 0.8888000000000001
1774 0.8888000000000001
1775 0.8888000000000001
1776 0.8884000000000001
1777 0.8884000000000001
1778 0.8884000000000001
1779 0.888
1780 0.888
1781 0.888
1782 0.888
1783 0.888
1784 0.888
1785 0.888
1786 0.888
1787 0.888
1788 0.888
1789 0.888
1790 0.888
1791 0.888
1792 0.888
1793 0.888
1794 0.888
1795 0.888
1796 0.888
1797 0.888
1798 0.888
1799 0.888
1800 0.888
1801 0.888
1802 0.888
1803 0.888
1804 0.888
1805 0.888
1806 0.888
1807 0.888
1808 0.8871999999999999
1809 0.8871999999999999
1810 0.8871999999999999
1811 0.8871999999999999
1812 0.8871999999999999
1813 0.8871999999999999
1814 0.8871999999999999
1815 0.8871999999999999
1816 0.8871999999999999
1817 0.8871999999999999
1818 0.8871999999999999
1819 0.8871999999999999
1820 0.8871999999999999
1821 0.8871999999999999
1822 0.8871999999999999
1823 0.8867999999999998
1824 0.8867999999999998
1825 0.8863999999999997
1826 0.8863999999999997
1827 0.8863999999999997
1828 0.8863999999999997
1829 0.8859999999999998
1830 0.8855999999999997
1831 0.8855999999999997
1832 0.8855999999999997
1833 0.8855999999999997
1834 0.8855999999999997
1835 0.8855999999999997
1836 0.8855999999999997
1837 0.8855999999999997
1838 0.8855999999999997
1839 0.8855999999999997
1840 0.8851999999999997
1841 0.8851999999999997
1842 0.8851999999999997
1843 0.8851999999999997
1844 0.8851999999999997
1845 0.8847999999999998
1846 0.8847999999999998
1847 0.8847999999999998
1848 0.8847999999999998
1849 0.8847999999999998
1850 0.8843999999999999
1851 0.8843999999999999
1852 0.8839999999999998
1853 0.8839999999999998
1854 0.8839999999999998
1855 0.8839999999999998
1856 0.8839999999999998
1857 0.8839999999999998
1858 0.8839999999999998
1859 0.8839999999999998
1860 0.8839999999999998
1861 0.8839999999999998
1862 0.8839999999999998
1863 0.8835999999999998
1864 0.8835999999999998
1865 0.8835999999999998
1866 0.8835999999999998
1867 0.8831999999999998
1868 0.8831999999999998
1869 0.8827999999999997
1870 0.8827999999999997
1871 0.8823999999999999
1872 0.8823999999999999
1873 0.8823999999999999
1874 0.8823999999999999
1875 0.8823999999999999
1876 0.8823999999999999
1877 0.8819999999999998
1878 0.8815999999999997
1879 0.8811999999999998
1880 0.8811999999999998
1881 0.8811999999999998
1882 0.8803999999999997
1883 0.8803999999999997
1884 0.8803999999999997
1885 0.8803999999999997
1886 0.8803999999999997
1887 0.8803999999999997
1888 0.8803999999999997
1889 0.8803999999999997
1890 0.8803999999999997
1891 0.8803999999999997
1892 0.8803999999999997
1893 0.8803999999999997
1894 0.8803999999999997
1895 0.8803999999999997
1896 0.8803999999999997
1897 0.8803999999999997
1898 0.8803999999999997
1899 0.8803999999999997
1900 0.8803999999999997
1901 0.8795999999999998
1902 0.8795999999999998
1903 0.8791999999999999
1904 0.8787999999999998
1905 0.8787999999999998
1906 0.8787999999999998
1907 0.8787999999999998
1908 0.8787999999999998
1909 0.8787999999999998
1910 0.8787999999999998
1911 0.8787999999999998
1912 0.8787999999999998
1913 0.8787999999999998
1914 0.8787999999999998
1915 0.8787999999999998
1916 0.8775999999999996
1917 0.8775999999999996
1918 0.8775999999999996
1919 0.8775999999999996
1920 0.8775999999999996
1921 0.8775999999999996
1922 0.8771999999999995
1923 0.8771999999999995
1924 0.8771999999999995
1925 0.8771999999999995
1926 0.8767999999999997
1927 0.8767999999999997
1928 0.8767999999999997
1929 0.8767999999999997
1930 0.8767999999999997
1931 0.8767999999999997
1932 0.8767999999999997
1933 0.8767999999999997
1934 0.8767999999999997
1935 0.8767999999999997
1936 0.8767999999999997
1937 0.8763999999999996
1938 0.8763999999999996
1939 0.8763999999999996
1940 0.8763999999999996
1941 0.8763999999999996
1942 0.8763999999999996
1943 0.8763999999999996
1944 0.8763999999999996
1945 0.8763999999999996
1946 0.8759999999999996
1947 0.8759999999999996
1948 0.8759999999999996
1949 0.8759999999999996
1950 0.8759999999999996
1951 0.8759999999999996
1952 0.8759999999999996
1953 0.8759999999999996
1954 0.8759999999999996
1955 0.8759999999999996
1956 0.8759999999999996
1957 0.8759999999999996
1958 0.8759999999999996
1959 0.8759999999999996
1960 0.8759999999999996
1961 0.8759999999999996
1962 0.8759999999999996
1963 0.8759999999999996
1964 0.8759999999999996
1965 0.8759999999999996
1966 0.8759999999999996
1967 0.8759999999999996
1968 0.8759999999999996
1969 0.8759999999999996
1970 0.8759999999999996
1971 0.8759999999999996
1972 0.8759999999999996
1973 0.8759999999999996
1974 0.8759999999999996
1975 0.8759999999999996
1976 0.8755999999999996
1977 0.8755999999999996
1978 0.8755999999999996
1979 0.8755999999999996
1980 0.8751999999999995
1981 0.8751999999999995
1982 0.8751999999999995
1983 0.8747999999999996
1984 0.8747999999999996
1985 0.8747999999999996
1986 0.8747999999999996
1987 0.8747999999999996
1988 0.8747999999999996
1989 0.8747999999999996
1990 0.8747999999999996
1991 0.8747999999999996
1992 0.8747999999999996
1993 0.8747999999999996
1994 0.8747999999999996
1995 0.8747999999999996
1996 0.8747999999999996
1997 0.8743999999999997
1998 0.8743999999999997
1999 0.8739999999999998
