1 1.0
2 1.0
3 1.0
4 1.0
5 1.0
6 0.9996
7 0.9983999999999998
8 0.9983999999999998
9 0.9979999999999998
10 0.9979999999999998
11 0.9975999999999999
12 0.9975999999999999
13 0.9975999999999999
14 0.9971999999999999
15 0.9967999999999998
16 0.9959999999999998
17 0.9955999999999999
18 0.9943999999999998
19 0.9939999999999998
20 0.9927999999999997
21 0.9919999999999998
22 0.9911999999999997
23 0.9911999999999997
24 0.9911999999999997
25 0.9911999999999997
26 0.9903999999999997
27 0.9887999999999997
28 0.9887999999999997
29 0.9875999999999996
30 0.9871999999999997
31 0.9863999999999997
32 0.9855999999999997
33 0.9831999999999996
34 0.9823999999999997
35 0.9819999999999998
36 0.9819999999999998
37 0.9815999999999998
38 0.9799999999999998
39 0.9787999999999998
40 0.9775999999999998
41 0.9767999999999997
42 0.9759999999999996
43 0.9751999999999995
44 0.9743999999999997
45 0.9731999999999996
46 0.9727999999999998
47 0.9723999999999998
48 0.9723999999999998
49 0.9715999999999998
50 0.9707999999999997
51 0.9688
52 0.9675999999999999
53 0.9655999999999999
54 0.9647999999999999
55 0.964
56 0.964
57 0.9631999999999998
58 0.9611999999999999
59 0.9603999999999999
60 0.9584
61 0.9568000000000001
62 0.9548000000000001
63 0.9540000000000001
64 0.9536
65 0.9527999999999999
66 0.9527999999999999
67 0.9519999999999998
68 0.9515999999999998
69 0.9511999999999997
70 0.9503999999999998
71 0.9483999999999999
72 0.9479999999999998
73 0.9459999999999998
74 0.9455999999999998
75 0.9455999999999998
76 0.9451999999999998
77 0.9435999999999999
78 0.9423999999999998
79 0.9411999999999999
80 0.9403999999999999
81 0.9403999999999999
82 0.9383999999999999
83 0.936
84 0.936
85 0.9340000000000002
86 0.9328000000000003
87 0.9312000000000001
88 0.9308000000000001
89 0.9296000000000001
90 0.9296000000000001
91 0.9288000000000001
92 0.9284
93 0.9268
94 0.9268
95 0.9244
96 0.9244
97 0.9239999999999999
98 0.9224
99 0.9211999999999999
100 0.9183999999999998
101 0.9163999999999999
102 0.9163999999999999
103 0.9148
104 0.914
105 0.9128000000000002
106 0.9116000000000001
107 0.9108000000000002
108 0.9108000000000003
109 0.9112000000000003
110 0.9108000000000003
111 0.9096000000000002
112 0.9076000000000001
113 0.9079999999999999
114 0.9083999999999999
115 0.9063999999999999
116 0.9055999999999998
117 0.9031999999999997
118 0.9015999999999997
119 0.9003999999999998
120 0.8975999999999997
121 0.8971999999999999
122 0.8959999999999999
123 0.8948
124 0.8916
125 0.8900000000000001
126 0.8884000000000001
127 0.8856000000000002
128 0.8840000000000002
129 0.8832000000000003
130 0.8832000000000003
131 0.8840000000000003
132 0.8844000000000004
133 0.8840000000000003
134 0.8856000000000002
135 0.8848000000000001
136 0.8836000000000003
137 0.8836000000000003
138 0.8832000000000001
139 0.8832000000000002
140 0.8812000000000003
141 0.8796000000000005
142 0.8752000000000005
143 0.8724000000000004
144 0.8720000000000003
145 0.8696000000000004
146 0.8692000000000003
147 0.8676000000000004
148 0.8648000000000003
149 0.8636000000000004
150 0.8628000000000005
151 0.8616000000000004
152 0.8588000000000003
153 0.8560000000000001
154 0.8540000000000001
155 0.8532000000000001
156 0.8532000000000001
157 0.8536000000000001
158 0.8548
159 0.856
160 0.8563999999999998
161 0.8556
162 0.8543999999999999
163 0.8536
164 0.8528
165 0.8540000000000001
166 0.8523999999999999
167 0.852
168 0.8495999999999999
169 0.8483999999999999
170 0.8443999999999999
171 0.8423999999999999
172 0.8412000000000001
173 0.8388
174 0.8356
175 0.8340000000000002
176 0.8332
177 0.8308
178 0.8308000000000001
179 0.8312
180 0.8323999999999999
181 0.8344
182 0.8347999999999999
183 0.836
184 0.836
185 0.8368000000000001
186 0.8372000000000002
187 0.8352
188 0.834
189 0.8331999999999999
190 0.8308
191 0.8296000000000001
192 0.8276000000000002
193 0.8272000000000002
194 0.8251999999999999
195 0.8231999999999999
196 0.8208
197 0.8164
198 0.8132
199 0.8116
200 0.8092000000000001
201 0.8076000000000001
202 0.8056
203 0.806
204 0.81
205 0.8116
206 0.8112000000000001
207 0.8128
208 0.812
209 0.8136
210 0.8188000000000001
211 0.818
212 0.8188000000000001
213 0.8168000000000002
214 0.8144000000000002
215 0.8120000000000002
216 0.8079999999999999
217 0.8064
218 0.8051999999999999
219 0.8036
220 0.802
221 0.802
222 0.7996000000000001
223 0.7971999999999998
224 0.7963999999999999
225 0.7951999999999999
226 0.7951999999999999
227 0.7964
228 0.7972
229 0.7992000000000001
230 0.8004000000000001
231 0.8024000000000002
232 0.8052000000000001
233 0.8083999999999999
234 0.8095999999999998
235 0.8103999999999997
236 0.8095999999999998
237 0.8079999999999998
238 0.8055999999999999
239 0.8024
240 0.8012
241 0.8008
242 0.7996
243 0.7983999999999998
244 0.7975999999999998
245 0.7955999999999998
246 0.7924
247 0.7911999999999999
248 0.79
249 0.7879999999999999
250 0.7859999999999999
251 0.7888000000000001
252 0.7908
253 0.792
254 0.7932000000000001
255 0.7984
256 0.8004000000000002
257 0.8020000000000002
258 0.8024000000000003
259 0.8044000000000002
260 0.8060000000000003
261 0.8048000000000002
262 0.8028000000000002
263 0.7996000000000002
264 0.7980000000000002
265 0.7976000000000001
266 0.7944
267 0.792
268 0.7896000000000001
269 0.7892
270 0.7888000000000001
271 0.7876000000000001
272 0.7852
273 0.7824
274 0.7823999999999998
275 0.7835999999999999
276 0.7867999999999999
277 0.7896
278 0.7928000000000001
279 0.7964
280 0.7964000000000001
281 0.7992000000000004
282 0.8000000000000003
283 0.8016000000000002
284 0.8032000000000002
285 0.8020000000000003
286 0.7992000000000004
287 0.7948000000000002
288 0.7940000000000004
289 0.7912000000000002
290 0.7872000000000001
291 0.7864000000000001
292 0.7852000000000001
293 0.7812000000000002
294 0.7772
295 0.7747999999999999
296 0.7692
297 0.7680000000000001
298 0.7656000000000001
299 0.7676000000000001
300 0.7712
301 0.7736000000000002
302 0.7748
303 0.7791999999999998
304 0.7815999999999999
305 0.7855999999999997
306 0.7891999999999999
307 0.7908
308 0.79
309 0.7884
310 0.7879999999999999
311 0.7855999999999999
312 0.7832000000000001
313 0.7816000000000001
314 0.7807999999999999
315 0.7768
316 0.7747999999999999
317 0.7735999999999998
318 0.7719999999999999
319 0.7711999999999999
320 0.7691999999999999
321 0.7671999999999999
322 0.7675999999999997
323 0.7671999999999999
324 0.77
325 0.7739999999999999
326 0.7759999999999999
327 0.7799999999999998
328 0.784
329 0.7876000000000002
330 0.7916000000000004
331 0.7944000000000001
332 0.794
333 0.792
334 0.7907999999999998
335 0.7875999999999999
336 0.7827999999999998
337 0.7792000000000001
338 0.7763999999999999
339 0.7731999999999997
340 0.7703999999999998
341 0.7679999999999998
342 0.7655999999999998
343 0.7627999999999997
344 0.7603999999999997
345 0.7583999999999997
346 0.7583999999999997
347 0.7595999999999998
348 0.7616
349 0.7652000000000001
350 0.7692000000000001
351 0.7716000000000001
352 0.7744000000000001
353 0.7784
354 0.78
355 0.7824000000000001
356 0.7832000000000001
357 0.7824000000000001
358 0.782
359 0.7804000000000001
360 0.7784
361 0.7752000000000001
362 0.7728
363 0.77
364 0.7667999999999999
365 0.7628
366 0.7604
367 0.7567999999999999
368 0.7539999999999999
369 0.7523999999999998
370 0.7507999999999997
371 0.7504
372 0.7528
373 0.7572
374 0.7607999999999998
375 0.7627999999999999
376 0.7659999999999999
377 0.7672000000000001
378 0.7668
379 0.7676000000000002
380 0.7680000000000002
381 0.7676000000000001
382 0.7668
383 0.7639999999999999
384 0.7619999999999999
385 0.7599999999999999
386 0.7564
387 0.7544
388 0.7524000000000001
389 0.7496
390 0.7456000000000002
391 0.7420000000000002
392 0.7396000000000003
393 0.7384000000000002
394 0.7380000000000002
395 0.7392
396 0.74
397 0.7448
398 0.7496
399 0.7496
400 0.7548000000000001
401 0.7576
402 0.7592
403 0.758
404 0.7595999999999999
405 0.7584000000000002
406 0.7548000000000004
407 0.7536000000000002
408 0.7532000000000002
409 0.7508000000000001
410 0.7484000000000002
411 0.7464000000000002
412 0.7456000000000002
413 0.7399999999999999
414 0.7384
415 0.7363999999999998
416 0.7332
417 0.7308
418 0.7300000000000001
419 0.732
420 0.7315999999999999
421 0.7343999999999999
422 0.7372
423 0.7367999999999999
424 0.7403999999999997
425 0.7443999999999998
426 0.7471999999999999
427 0.7504
428 0.7495999999999998
429 0.7487999999999999
430 0.7467999999999998
431 0.7447999999999998
432 0.7415999999999997
433 0.7399999999999999
434 0.7367999999999997
435 0.7359999999999997
436 0.7327999999999997
437 0.7303999999999998
438 0.7275999999999999
439 0.7255999999999997
440 0.7227999999999996
441 0.7199999999999998
442 0.7212
443 0.7235999999999998
444 0.7267999999999998
445 0.7287999999999998
446 0.7335999999999998
447 0.7384000000000001
448 0.7444000000000002
449 0.7488000000000001
450 0.7532
451 0.7567999999999999
452 0.7559999999999998
453 0.7551999999999999
454 0.7527999999999999
455 0.7487999999999999
456 0.7455999999999999
457 0.7439999999999999
458 0.7415999999999999
459 0.7368000000000001
460 0.7336000000000003
461 0.7328000000000003
462 0.7296000000000002
463 0.7268000000000002
464 0.7252000000000001
465 0.7236000000000001
466 0.7220000000000002
467 0.7240000000000002
468 0.7272000000000003
469 0.7316000000000001
470 0.7364
471 0.7411999999999999
472 0.7439999999999999
473 0.7527999999999999
474 0.7544
475 0.7568
476 0.7548
477 0.7524000000000001
478 0.7504000000000001
479 0.75
480 0.7488000000000001
481 0.7456
482 0.7432000000000001
483 0.742
484 0.7400000000000001
485 0.7372000000000001
486 0.7352000000000001
487 0.7336000000000001
488 0.7304
489 0.7276000000000002
490 0.7280000000000001
491 0.7315999999999999
492 0.7372
493 0.738
494 0.7412000000000001
495 0.7444
496 0.7476
497 0.7515999999999999
498 0.7564
499 0.7576
500 0.7563999999999999
501 0.7547999999999999
502 0.7544
503 0.7524000000000001
504 0.7492
505 0.7487999999999999
506 0.7468
507 0.7436000000000001
508 0.7404000000000001
509 0.7360000000000001
510 0.7324
511 0.7312000000000001
512 0.7292000000000001
513 0.7279999999999999
514 0.7267999999999998
515 0.7259999999999998
516 0.7292000000000001
517 0.7323999999999999
518 0.7323999999999999
519 0.738
520 0.7399999999999999
521 0.7419999999999999
522 0.7463999999999998
523 0.7460000000000001
524 0.7472000000000001
525 0.7452000000000002
526 0.7416000000000003
527 0.7412000000000002
528 0.7376000000000001
529 0.7356000000000001
530 0.7328
531 0.7295999999999999
532 0.7267999999999999
533 0.726
534 0.7232
535 0.7203999999999999
536 0.72
537 0.7184
538 0.72
539 0.7216
540 0.7248
541 0.7299999999999999
542 0.7315999999999999
543 0.7360000000000001
544 0.7408000000000001
545 0.7436000000000001
546 0.7444
547 0.7456
548 0.7464
549 0.7456
550 0.7428000000000001
551 0.7396000000000003
552 0.7387999999999999
553 0.7364
554 0.7336000000000001
555 0.7296
556 0.7260000000000001
557 0.7232000000000001
558 0.7208
559 0.72
560 0.7183999999999999
561 0.7151999999999998
562 0.7131999999999998
563 0.7143999999999998
564 0.7155999999999998
565 0.7212
566 0.7256
567 0.7283999999999999
568 0.7315999999999998
569 0.736
570 0.7367999999999998
571 0.7379999999999999
572 0.7384
573 0.7359999999999998
574 0.7343999999999997
575 0.7303999999999999
576 0.7288
577 0.7276
578 0.7247999999999999
579 0.7231999999999998
580 0.72
581 0.716
582 0.714
583 0.7107999999999999
584 0.7071999999999999
585 0.706
586 0.7051999999999999
587 0.7051999999999999
588 0.7095999999999999
589 0.7128
590 0.7148
591 0.7203999999999999
592 0.7232000000000001
593 0.7307999999999999
594 0.7339999999999998
595 0.7371999999999999
596 0.7391999999999999
597 0.7375999999999999
598 0.7359999999999998
599 0.7336
600 0.7295999999999999
601 0.7272
602 0.7240000000000002
603 0.7208000000000001
604 0.7188000000000001
605 0.7156000000000001
606 0.7120000000000001
607 0.7103999999999999
608 0.7091999999999998
609 0.7048000000000001
610 0.7048000000000001
611 0.708
612 0.708
613 0.7120000000000001
614 0.7171999999999998
615 0.7232000000000001
616 0.7247999999999999
617 0.7284
618 0.7292000000000003
619 0.7288000000000001
620 0.7288000000000001
621 0.7280000000000001
622 0.7236000000000001
623 0.7216000000000001
624 0.7195999999999999
625 0.716
626 0.7108000000000001
627 0.7075999999999999
628 0.7031999999999999
629 0.7008
630 0.6988
631 0.6956
632 0.6956
633 0.6948000000000001
634 0.6951999999999999
635 0.6996000000000001
636 0.7027999999999999
637 0.7059999999999998
638 0.7107999999999997
639 0.7155999999999998
640 0.7179999999999999
641 0.7200000000000002
642 0.7239999999999999
643 0.722
644 0.72
645 0.7203999999999999
646 0.7175999999999999
647 0.7155999999999999
648 0.7132000000000001
649 0.7092000000000002
650 0.7068000000000001
651 0.7036000000000001
652 0.7012
653 0.6980000000000001
654 0.6960000000000002
655 0.6956000000000002
656 0.6900000000000003
657 0.6872000000000001
658 0.6864
659 0.6883999999999999
660 0.6928000000000002
661 0.6951999999999999
662 0.7035999999999999
663 0.7091999999999998
664 0.7127999999999999
665 0.7168000000000001
666 0.7212000000000002
667 0.7232000000000002
668 0.7200000000000002
669 0.7184000000000001
670 0.7168000000000002
671 0.7156000000000001
672 0.7140000000000002
673 0.7124000000000003
674 0.7120000000000002
675 0.7080000000000001
676 0.7064000000000001
677 0.7040000000000002
678 0.6996000000000002
679 0.6952000000000002
680 0.6944000000000002
681 0.6924000000000001
682 0.6908
683 0.6904
684 0.6936
685 0.6975999999999999
686 0.7056
687 0.708
688 0.71
689 0.7128
690 0.718
691 0.7183999999999999
692 0.7192000000000001
693 0.7184
694 0.7127999999999999
695 0.7119999999999999
696 0.706
697 0.7023999999999999
698 0.6984
699 0.6944
700 0.6911999999999999
701 0.6884
702 0.688
703 0.6859999999999999
704 0.6843999999999998
705 0.6823999999999999
706 0.6811999999999999
707 0.6811999999999999
708 0.6899999999999998
709 0.6944
710 0.6984
711 0.704
712 0.7088
713 0.7132
714 0.7143999999999999
715 0.7152
716 0.716
717 0.7148
718 0.7128
719 0.7108
720 0.7095999999999999
721 0.7080000000000001
722 0.7055999999999999
723 0.7039999999999997
724 0.6995999999999999
725 0.6936
726 0.6919999999999998
727 0.6911999999999999
728 0.6843999999999998
729 0.6831999999999999
730 0.6827999999999999
731 0.684
732 0.6880000000000002
733 0.6916
734 0.6964
735 0.7004
736 0.7051999999999999
737 0.7095999999999999
738 0.7143999999999998
739 0.7159999999999996
740 0.7167999999999998
741 0.7159999999999996
742 0.7143999999999999
743 0.7112
744 0.708
745 0.7064
746 0.7028000000000002
747 0.6988000000000002
748 0.6948000000000002
749 0.6916000000000001
750 0.6884
751 0.6880000000000002
752 0.6872000000000001
753 0.6852000000000001
754 0.6836
755 0.6851999999999999
756 0.6884
757 0.6972
758 0.7044
759 0.7084
760 0.7115999999999998
761 0.7163999999999998
762 0.7163999999999998
763 0.7183999999999999
764 0.7176
765 0.7176
766 0.7172000000000002
767 0.7140000000000001
768 0.7120000000000001
769 0.7088000000000001
770 0.7067999999999999
771 0.7039999999999997
772 0.7015999999999998
773 0.6988
774 0.6971999999999998
775 0.6968
776 0.6971999999999998
777 0.6944
778 0.6931999999999999
779 0.6927999999999999
780 0.6979999999999998
781 0.7016
782 0.704
783 0.7092000000000002
784 0.7136
785 0.7188000000000001
786 0.7228000000000001
787 0.7232000000000001
788 0.7244000000000002
789 0.7219999999999999
790 0.7195999999999999
791 0.7152
792 0.7116
793 0.7092
794 0.7076
795 0.7048000000000002
796 0.7004
797 0.6988000000000001
798 0.6964
799 0.6928
800 0.69
801 0.6896
802 0.6872
803 0.6864
804 0.6892
805 0.6920000000000001
806 0.6983999999999999
807 0.7028
808 0.706
809 0.7107999999999999
810 0.7136
811 0.7176
812 0.7171999999999998
813 0.716
814 0.7132
815 0.7104
816 0.7088000000000001
817 0.7048000000000002
818 0.7020000000000002
819 0.6984
820 0.6960000000000001
821 0.6920000000000001
822 0.6872000000000001
823 0.6848000000000002
824 0.6823999999999999
825 0.6784
826 0.6768
827 0.6815999999999999
828 0.6847999999999999
829 0.6919999999999997
830 0.6968
831 0.7080000000000001
832 0.7132000000000001
833 0.7160000000000001
834 0.7223999999999999
835 0.7232
836 0.7227999999999999
837 0.7216
838 0.7163999999999998
839 0.7152
840 0.7103999999999999
841 0.708
842 0.7040000000000001
843 0.6999999999999998
844 0.6948000000000001
845 0.6900000000000002
846 0.6860000000000003
847 0.684
848 0.6808000000000001
849 0.6791999999999999
850 0.6791999999999999
851 0.6824000000000001
852 0.6848000000000002
853 0.6900000000000002
854 0.6948000000000002
855 0.6996000000000001
856 0.7051999999999999
857 0.7108000000000001
858 0.7155999999999999
859 0.7164
860 0.7172000000000002
861 0.7164000000000001
862 0.7128
863 0.7088
864 0.7032
865 0.6992000000000002
866 0.694
867 0.6884000000000001
868 0.6840000000000002
869 0.6808000000000001
870 0.6772000000000001
871 0.6752000000000001
872 0.6716000000000001
873 0.6720000000000002
874 0.6720000000000002
875 0.6696000000000001
876 0.6708000000000003
877 0.6740000000000004
878 0.6800000000000003
879 0.6892000000000003
880 0.6924000000000001
881 0.694
882 0.6948000000000002
883 0.6984
884 0.7004
885 0.6988000000000001
886 0.6968000000000001
887 0.6948000000000002
888 0.6924000000000001
889 0.6884000000000001
890 0.6852000000000003
891 0.6828000000000002
892 0.6792
893 0.6772
894 0.674
895 0.6716000000000001
896 0.6696000000000001
897 0.666
898 0.6648000000000002
899 0.664
900 0.6668000000000001
901 0.6672000000000001
902 0.6744
903 0.6812
904 0.6856000000000002
905 0.6892
906 0.6924000000000001
907 0.6936
908 0.6916
909 0.6923999999999999
910 0.6892000000000001
911 0.6876000000000001
912 0.6852000000000001
913 0.6812000000000001
914 0.6780000000000003
915 0.6764000000000003
916 0.6748000000000002
917 0.6724000000000002
918 0.6680000000000003
919 0.6644000000000002
920 0.6628000000000002
921 0.6612
922 0.6636
923 0.6656
924 0.6672
925 0.6711999999999999
926 0.6764
927 0.6796000000000001
928 0.6844000000000001
929 0.6892
930 0.6924000000000001
931 0.6956
932 0.6952000000000002
933 0.6943999999999998
934 0.6936
935 0.6936
936 0.6928
937 0.6920000000000001
938 0.6876000000000001
939 0.6847999999999999
940 0.6788000000000001
941 0.6756
942 0.6736
943 0.6683999999999999
944 0.6668
945 0.6644
946 0.6644000000000001
947 0.6668
948 0.6716
949 0.6772
950 0.6816000000000001
951 0.688
952 0.6963999999999999
953 0.7008
954 0.7064
955 0.7103999999999999
956 0.7123999999999999
957 0.71
958 0.7075999999999999
959 0.7067999999999999
960 0.7048000000000001
961 0.7008
962 0.6968
963 0.6944
964 0.6931999999999999
965 0.6903999999999999
966 0.6883999999999999
967 0.6859999999999999
968 0.6819999999999999
969 0.6791999999999999
970 0.6788
971 0.6775999999999999
972 0.6803999999999999
973 0.6839999999999999
974 0.6912
975 0.6992
976 0.7036
977 0.7075999999999999
978 0.7095999999999999
979 0.7088
980 0.7092
981 0.7067999999999999
982 0.704
983 0.7008
984 0.6976000000000002
985 0.6924000000000001
986 0.6904000000000002
987 0.6884000000000001
988 0.6840000000000002
989 0.6788000000000001
990 0.676
991 0.6724
992 0.6724
993 0.6704000000000001
994 0.6703999999999999
995 0.6708
996 0.6751999999999999
997 0.6816
998 0.6872
999 0.6944
1000 0.6988000000000001
1001 0.7019999999999998
1002 0.7063999999999999
1003 0.7063999999999997
1004 0.7071999999999999
1005 0.7068000000000001
1006 0.706
1007 0.7031999999999999
1008 0.7019999999999998
1009 0.698
1010 0.6936000000000001
1011 0.6912
1012 0.6875999999999999
1013 0.6831999999999999
1014 0.68
1015 0.6756
1016 0.6731999999999999
1017 0.6699999999999998
1018 0.6719999999999999
1019 0.6751999999999999
1020 0.6764000000000001
1021 0.6808000000000003
1022 0.6892000000000003
1023 0.6968000000000002
1024 0.7036000000000001
1025 0.7056
1026 0.7080000000000001
1027 0.7092
1028 0.7088000000000001
1029 0.7080000000000001
1030 0.7056
1031 0.7032000000000003
1032 0.7012000000000004
1033 0.6984000000000004
1034 0.6956000000000003
1035 0.6936000000000003
1036 0.6864000000000001
1037 0.6828000000000002
1038 0.6788000000000001
1039 0.6728000000000001
1040 0.6695999999999998
1041 0.6671999999999998
1042 0.6648
1043 0.6679999999999998
1044 0.6692
1045 0.6720000000000002
1046 0.6728000000000002
1047 0.6748000000000002
1048 0.6756
1049 0.6804000000000001
1050 0.6836
1051 0.6876000000000001
1052 0.688
1053 0.688
1054 0.6863999999999999
1055 0.6819999999999997
1056 0.6791999999999997
1057 0.6751999999999998
1058 0.6719999999999999
1059 0.6699999999999997
1060 0.6668
1061 0.6644
1062 0.6611999999999999
1063 0.6596
1064 0.6567999999999999
1065 0.6559999999999999
1066 0.6567999999999999
1067 0.6579999999999999
1068 0.662
1069 0.6683999999999999
1070 0.6735999999999999
1071 0.6792
1072 0.6856
1073 0.6868000000000002
1074 0.6916000000000001
1075 0.6931999999999999
1076 0.6935999999999999
1077 0.6899999999999998
1078 0.6864
1079 0.6820000000000002
1080 0.6776000000000002
1081 0.6752000000000001
1082 0.6708000000000002
1083 0.6676000000000002
1084 0.6644000000000001
1085 0.6600000000000003
1086 0.6572000000000001
1087 0.6548000000000002
1088 0.6512000000000002
1089 0.6500000000000001
1090 0.6488
1091 0.6536000000000002
1092 0.6576000000000001
1093 0.6632000000000001
1094 0.6672000000000001
1095 0.6748000000000001
1096 0.6772
1097 0.682
1098 0.6851999999999999
1099 0.6868000000000001
1100 0.6896000000000001
1101 0.688
1102 0.6856
1103 0.6851999999999999
1104 0.6827999999999999
1105 0.6808
1106 0.6764
1107 0.6716
1108 0.6688000000000001
1109 0.6660000000000003
1110 0.6636000000000003
1111 0.6608000000000003
1112 0.6584000000000002
1113 0.6512000000000002
1114 0.6508000000000002
1115 0.6556000000000002
1116 0.6596000000000004
1117 0.6620000000000004
1118 0.6668000000000002
1119 0.672
1120 0.6804000000000001
1121 0.684
1122 0.6884000000000001
1123 0.6916000000000002
1124 0.6928000000000002
1125 0.6920000000000002
1126 0.6908000000000003
1127 0.6896000000000001
1128 0.6872000000000001
1129 0.6836000000000001
1130 0.6796000000000001
1131 0.6759999999999999
1132 0.6699999999999998
1133 0.6679999999999999
1134 0.6656
1135 0.6644
1136 0.6624000000000001
1137 0.6587999999999999
1138 0.6608000000000002
1139 0.6632000000000001
1140 0.6663999999999999
1141 0.6724
1142 0.6783999999999999
1143 0.6832
1144 0.6844
1145 0.6892000000000001
1146 0.6932
1147 0.696
1148 0.6952000000000002
1149 0.6944
1150 0.6920000000000001
1151 0.6904
1152 0.6888000000000001
1153 0.6859999999999999
1154 0.6811999999999999
1155 0.6779999999999998
1156 0.6735999999999999
1157 0.67
1158 0.6672
1159 0.6652
1160 0.6627999999999998
1161 0.6583999999999999
1162 0.6568
1163 0.6580000000000001
1164 0.6579999999999999
1165 0.6619999999999999
1166 0.6696000000000001
1167 0.6759999999999999
1168 0.6808
1169 0.6864
1170 0.6916000000000001
1171 0.6940000000000002
1172 0.6936000000000003
1173 0.6928000000000003
1174 0.6908000000000003
1175 0.6872000000000001
1176 0.6844000000000001
1177 0.6800000000000002
1178 0.6784
1179 0.6759999999999999
1180 0.6712
1181 0.6664000000000001
1182 0.6652000000000001
1183 0.6656000000000002
1184 0.666
1185 0.6631999999999999
1186 0.6627999999999998
1187 0.6648000000000001
1188 0.6724
1189 0.6799999999999997
1190 0.6823999999999999
1191 0.6852000000000001
1192 0.6888000000000001
1193 0.6920000000000002
1194 0.6980000000000003
1195 0.6976
1196 0.6968000000000001
1197 0.6931999999999999
1198 0.6907999999999999
1199 0.6879999999999998
1200 0.6847999999999997
1201 0.6796
1202 0.6756
1203 0.6736
1204 0.6684
1205 0.6648
1206 0.6616
1207 0.6587999999999998
1208 0.6555999999999997
1209 0.6527999999999998
1210 0.6531999999999999
1211 0.6556000000000001
1212 0.6612
1213 0.6636
1214 0.6672
1215 0.67
1216 0.6756
1217 0.682
1218 0.6844
1219 0.6844
1220 0.6831999999999999
1221 0.6819999999999999
1222 0.6796
1223 0.6756
1224 0.6728000000000001
1225 0.6672
1226 0.6648
1227 0.6623999999999998
1228 0.6591999999999999
1229 0.6547999999999999
1230 0.6507999999999999
1231 0.648
1232 0.6471999999999999
1233 0.6467999999999998
1234 0.6459999999999998
1235 0.6499999999999999
1236 0.6559999999999998
1237 0.6607999999999998
1238 0.6651999999999998
1239 0.6691999999999997
1240 0.6711999999999996
1241 0.6751999999999999
1242 0.6779999999999998
1243 0.6791999999999999
1244 0.6779999999999998
1245 0.6775999999999999
1246 0.6735999999999999
1247 0.6687999999999998
1248 0.6671999999999998
1249 0.6647999999999997
1250 0.6631999999999998
1251 0.6595999999999996
1252 0.6567999999999998
1253 0.6555999999999998
1254 0.6527999999999998
1255 0.6527999999999998
1256 0.6516
1257 0.648
1258 0.6467999999999999
1259 0.6475999999999997
1260 0.6507999999999998
1261 0.6579999999999998
1262 0.6631999999999998
1263 0.6659999999999998
1264 0.6711999999999999
1265 0.6747999999999998
1266 0.6819999999999999
1267 0.6831999999999998
1268 0.6839999999999999
1269 0.6828
1270 0.6799999999999998
1271 0.6779999999999998
1272 0.6763999999999997
1273 0.6739999999999999
1274 0.6716
1275 0.6672
1276 0.6644
1277 0.6596
1278 0.6571999999999999
1279 0.6543999999999999
1280 0.6535999999999998
1281 0.6496
1282 0.6484000000000001
1283 0.648
1284 0.6571999999999999
1285 0.6607999999999999
1286 0.6648000000000001
1287 0.674
1288 0.6764
1289 0.6796000000000001
1290 0.684
1291 0.6852000000000001
1292 0.6872000000000001
1293 0.6868
1294 0.6864
1295 0.682
1296 0.6780000000000002
1297 0.6751999999999999
1298 0.6712
1299 0.6684000000000002
1300 0.6656000000000002
1301 0.6632000000000002
1302 0.6572000000000001
1303 0.6536000000000002
1304 0.6511999999999999
1305 0.6472
1306 0.6464
1307 0.6467999999999999
1308 0.6516000000000001
1309 0.6552
1310 0.6624000000000001
1311 0.6656000000000002
1312 0.6708000000000002
1313 0.6748000000000001
1314 0.6792
1315 0.6831999999999999
1316 0.6863999999999999
1317 0.6844
1318 0.6823999999999999
1319 0.6779999999999999
1320 0.6732
1321 0.6684000000000002
1322 0.6648000000000002
1323 0.6612000000000002
1324 0.6588
1325 0.6524000000000001
1326 0.6492
1327 0.6459999999999999
1328 0.6444
1329 0.6396
1330 0.6407999999999998
1331 0.6416
1332 0.6448
1333 0.6487999999999998
1334 0.6507999999999999
1335 0.6528
1336 0.6559999999999999
1337 0.6576
1338 0.6623999999999998
1339 0.6655999999999997
1340 0.6663999999999998
1341 0.6651999999999998
1342 0.6639999999999999
1343 0.6619999999999999
1344 0.6587999999999999
1345 0.6576000000000001
1346 0.654
1347 0.6503999999999999
1348 0.6460000000000001
1349 0.6428
1350 0.64
1351 0.6372000000000001
1352 0.6344000000000001
1353 0.6316000000000002
1354 0.6316000000000002
1355 0.6344000000000001
1356 0.6372000000000001
1357 0.6436
1358 0.6500000000000001
1359 0.6544000000000001
1360 0.6584000000000002
1361 0.6668000000000001
1362 0.6708
1363 0.6744
1364 0.6732
1365 0.6732
1366 0.6696000000000001
1367 0.6684
1368 0.6664000000000001
1369 0.6644000000000001
1370 0.6628000000000002
1371 0.6584
1372 0.6560000000000001
1373 0.6532000000000002
1374 0.6508000000000003
1375 0.6468
1376 0.6428000000000001
1377 0.6412
1378 0.6432000000000002
1379 0.6416000000000001
1380 0.6464000000000002
1381 0.6508000000000002
1382 0.6560000000000001
1383 0.6584
1384 0.6652000000000001
1385 0.6688000000000003
1386 0.6748000000000001
1387 0.6780000000000002
1388 0.6796000000000001
1389 0.6788000000000001
1390 0.6784
1391 0.676
1392 0.6744000000000001
1393 0.6704000000000001
1394 0.6648000000000002
1395 0.6572000000000002
1396 0.6552000000000002
1397 0.652
1398 0.6492
1399 0.6468
1400 0.6424
1401 0.6416
1402 0.6404
1403 0.6399999999999999
1404 0.6456000000000001
1405 0.6524000000000002
1406 0.6604000000000002
1407 0.6656000000000002
1408 0.6724000000000002
1409 0.6788000000000004
1410 0.6820000000000005
1411 0.6872000000000003
1412 0.6868000000000002
1413 0.6864000000000003
1414 0.6824000000000002
1415 0.6788000000000001
1416 0.6776000000000001
1417 0.6764
1418 0.6692
1419 0.6632000000000001
1420 0.6572000000000001
1421 0.6532000000000001
1422 0.652
1423 0.6496000000000001
1424 0.6484000000000001
1425 0.6464
1426 0.6456000000000001
1427 0.6488
1428 0.6524000000000001
1429 0.6596000000000002
1430 0.6660000000000003
1431 0.6724000000000002
1432 0.6800000000000003
1433 0.6868000000000001
1434 0.6896000000000002
1435 0.6920000000000002
1436 0.6920000000000002
1437 0.6880000000000002
1438 0.6864000000000001
1439 0.6848000000000002
1440 0.6816000000000001
1441 0.6788000000000003
1442 0.6744000000000002
1443 0.6728000000000002
1444 0.6688000000000003
1445 0.6660000000000003
1446 0.6616000000000003
1447 0.6608000000000003
1448 0.6588000000000003
1449 0.6568000000000002
1450 0.6572000000000001
1451 0.6572000000000001
1452 0.6579999999999999
1453 0.6616
1454 0.6680000000000001
1455 0.6732
1456 0.6759999999999999
1457 0.6804000000000001
1458 0.6828000000000002
1459 0.6836000000000001
1460 0.6824000000000001
1461 0.68
1462 0.6772000000000001
1463 0.6708000000000003
1464 0.6668000000000002
1465 0.6640000000000001
1466 0.6612000000000002
1467 0.6572000000000002
1468 0.6544000000000003
1469 0.6512
1470 0.6456000000000001
1471 0.6436000000000002
1472 0.6424000000000001
1473 0.6408000000000001
1474 0.6404000000000001
1475 0.6396000000000001
1476 0.6460000000000002
1477 0.6528
1478 0.6556000000000001
1479 0.6604000000000001
1480 0.6648000000000001
1481 0.6692
1482 0.6724
1483 0.6728000000000001
1484 0.6756
1485 0.6751999999999999
1486 0.6716
1487 0.6703999999999999
1488 0.6672
1489 0.6624000000000001
1490 0.6592
1491 0.654
1492 0.6508000000000002
1493 0.6468000000000003
1494 0.6440000000000002
1495 0.6416000000000001
1496 0.6396000000000001
1497 0.6392000000000002
1498 0.6368000000000001
1499 0.6396000000000002
1500 0.6424000000000001
1501 0.6492000000000001
1502 0.6567999999999999
1503 0.6632000000000001
1504 0.6664000000000001
1505 0.6679999999999999
1506 0.6728000000000003
1507 0.6756000000000002
1508 0.6780000000000002
1509 0.6796000000000001
1510 0.6784000000000002
1511 0.6768000000000002
1512 0.6736000000000001
1513 0.6696000000000001
1514 0.6628000000000003
1515 0.6572000000000001
1516 0.6548000000000002
1517 0.6504000000000002
1518 0.6460000000000002
1519 0.6440000000000002
1520 0.6416000000000003
1521 0.6380000000000001
1522 0.6364000000000001
1523 0.6388000000000001
1524 0.6412000000000002
1525 0.6464000000000002
1526 0.6492000000000001
1527 0.6587999999999999
1528 0.6616
1529 0.6696000000000001
1530 0.6716
1531 0.6724000000000002
1532 0.6720000000000003
1533 0.6676000000000001
1534 0.6644000000000001
1535 0.6620000000000001
1536 0.6548
1537 0.6508000000000002
1538 0.6432000000000002
1539 0.6400000000000002
1540 0.634
1541 0.6308
1542 0.6264
1543 0.6252
1544 0.6204000000000001
1545 0.618
1546 0.6192
1547 0.6212
1548 0.6252000000000002
1549 0.6324000000000001
1550 0.6372000000000001
1551 0.6404000000000002
1552 0.6432000000000001
1553 0.6472
1554 0.6528
1555 0.6548
1556 0.6531999999999999
1557 0.652
1558 0.6503999999999999
1559 0.6487999999999999
1560 0.6467999999999999
1561 0.6443999999999999
1562 0.6415999999999998
1563 0.6379999999999999
1564 0.6359999999999999
1565 0.6327999999999998
1566 0.6279999999999998
1567 0.6263999999999998
1568 0.6239999999999998
1569 0.6215999999999998
1570 0.6187999999999999
1571 0.6215999999999999
1572 0.6247999999999999
1573 0.6319999999999999
1574 0.6363999999999999
1575 0.64
1576 0.6452000000000001
1577 0.652
1578 0.6539999999999999
1579 0.6555999999999998
1580 0.6527999999999998
1581 0.6531999999999999
1582 0.6507999999999999
1583 0.6496
1584 0.6452
1585 0.6439999999999999
1586 0.6424
1587 0.6379999999999998
1588 0.6355999999999998
1589 0.6311999999999999
1590 0.6295999999999999
1591 0.6252
1592 0.6228
1593 0.6208
1594 0.6196
1595 0.6224
1596 0.6287999999999999
1597 0.6339999999999999
1598 0.6387999999999999
1599 0.6444
1600 0.6452
1601 0.6544
1602 0.6576
1603 0.6607999999999998
1604 0.6615999999999996
1605 0.6595999999999997
1606 0.6555999999999998
1607 0.6527999999999998
1608 0.6503999999999999
1609 0.6467999999999999
1610 0.6404
1611 0.6367999999999998
1612 0.6351999999999998
1613 0.6323999999999999
1614 0.6287999999999999
1615 0.6275999999999999
1616 0.6232
1617 0.6236
1618 0.6228
1619 0.6252
1620 0.6296
1621 0.6335999999999999
1622 0.6391999999999999
1623 0.6476
1624 0.6567999999999999
1625 0.6652000000000001
1626 0.67
1627 0.6728000000000001
1628 0.6731999999999999
1629 0.6708
1630 0.6672000000000001
1631 0.6648000000000001
1632 0.6616000000000001
1633 0.6564000000000001
1634 0.6528
1635 0.6496000000000001
1636 0.6460000000000001
1637 0.6408000000000001
1638 0.6372
1639 0.6364
1640 0.6360000000000001
1641 0.6328
1642 0.6328
1643 0.6316000000000002
1644 0.6372000000000001
1645 0.6444000000000001
1646 0.6516000000000001
1647 0.6548
1648 0.6592
1649 0.6631999999999999
1650 0.6712
1651 0.672
1652 0.6704000000000001
1653 0.6684
1654 0.6652
1655 0.6616000000000001
1656 0.6576000000000001
1657 0.654
1658 0.6516000000000001
1659 0.6476
1660 0.6448
1661 0.6396000000000001
1662 0.6351999999999999
1663 0.6335999999999999
1664 0.6312
1665 0.6288
1666 0.6304
1667 0.6315999999999999
1668 0.6364
1669 0.6408
1670 0.6459999999999998
1671 0.6527999999999997
1672 0.6592
1673 0.6696
1674 0.6719999999999999
1675 0.6708
1676 0.6728000000000001
1677 0.672
1678 0.6676000000000001
1679 0.664
1680 0.6584
1681 0.6539999999999999
1682 0.6491999999999999
1683 0.6439999999999998
1684 0.6404
1685 0.6379999999999999
1686 0.6335999999999999
1687 0.6319999999999998
1688 0.6295999999999998
1689 0.6255999999999998
1690 0.6271999999999999
1691 0.6284
1692 0.6315999999999999
1693 0.6384
1694 0.6471999999999999
1695 0.6492
1696 0.6544
1697 0.6592
1698 0.6623999999999998
1699 0.6639999999999999
1700 0.662
1701 0.6607999999999999
1702 0.6576000000000001
1703 0.6552
1704 0.6516
1705 0.65
1706 0.6472
1707 0.6412
1708 0.6356
1709 0.632
1710 0.6300000000000001
1711 0.6260000000000001
1712 0.6224000000000001
1713 0.6187999999999999
1714 0.6172
1715 0.618
1716 0.6200000000000001
1717 0.6244000000000001
1718 0.6336000000000002
1719 0.6392000000000001
1720 0.6372000000000001
1721 0.6432000000000001
1722 0.6492000000000001
1723 0.6544000000000001
1724 0.6576000000000001
1725 0.6547999999999999
1726 0.6531999999999999
1727 0.6492
1728 0.6408000000000001
1729 0.6376
1730 0.6327999999999999
1731 0.6268
1732 0.6232
1733 0.616
1734 0.6136
1735 0.6108
1736 0.6096
1737 0.6072000000000002
1738 0.6052000000000001
1739 0.6088
1740 0.6115999999999999
1741 0.6152000000000001
1742 0.62
1743 0.6284
1744 0.6316000000000002
1745 0.6372000000000001
1746 0.642
1747 0.6444000000000001
1748 0.6448000000000002
1749 0.6440000000000002
1750 0.6408000000000001
1751 0.6392000000000002
1752 0.6356
1753 0.6332000000000001
1754 0.6248
1755 0.6224000000000001
1756 0.6188
1757 0.614
1758 0.612
1759 0.6083999999999999
1760 0.6088
1761 0.6056
1762 0.6048000000000001
1763 0.6060000000000002
1764 0.6084000000000003
1765 0.6156000000000001
1766 0.6264000000000001
1767 0.6312000000000001
1768 0.6404000000000002
1769 0.6492000000000001
1770 0.6508000000000002
1771 0.6516000000000001
1772 0.6508000000000002
1773 0.6520000000000001
1774 0.6504000000000001
1775 0.6468
1776 0.6456000000000001
1777 0.644
1778 0.6400000000000001
1779 0.6352000000000001
1780 0.6328000000000001
1781 0.6296000000000002
1782 0.6236000000000002
1783 0.6204000000000002
1784 0.6192000000000002
1785 0.6144000000000002
1786 0.6128000000000001
1787 0.6144000000000002
1788 0.6196
1789 0.6272000000000001
1790 0.6316
1791 0.634
1792 0.6360000000000001
1793 0.6444000000000001
1794 0.6484000000000002
1795 0.6520000000000001
1796 0.6504000000000002
1797 0.6484000000000001
1798 0.6436
1799 0.6408
1800 0.6384000000000001
1801 0.6371999999999999
1802 0.6324
1803 0.6284
1804 0.6252
1805 0.6215999999999999
1806 0.6188
1807 0.6148
1808 0.6128
1809 0.6112
1810 0.6124
1811 0.616
1812 0.6204000000000001
1813 0.6228000000000001
1814 0.6264
1815 0.6335999999999998
1816 0.6428
1817 0.6496000000000001
1818 0.6563999999999999
1819 0.6615999999999999
1820 0.6623999999999998
1821 0.6603999999999999
1822 0.6579999999999999
1823 0.6555999999999998
1824 0.6524
1825 0.648
1826 0.6447999999999999
1827 0.6392
1828 0.6368
1829 0.6304000000000001
1830 0.6283999999999998
1831 0.6263999999999998
1832 0.6259999999999998
1833 0.6259999999999998
1834 0.6259999999999998
1835 0.6267999999999998
1836 0.6307999999999998
1837 0.6359999999999998
1838 0.6443999999999996
1839 0.6524
1840 0.6580000000000001
1841 0.6640000000000001
1842 0.6672
1843 0.6656
1844 0.6648
1845 0.6596000000000001
1846 0.6584
1847 0.6559999999999999
1848 0.6532000000000001
1849 0.652
1850 0.6472
1851 0.6436000000000002
1852 0.6384000000000001
1853 0.6332
1854 0.6316
1855 0.6316000000000002
1856 0.6284000000000002
1857 0.6272000000000003
1858 0.6264000000000001
1859 0.6288000000000001
1860 0.6296
1861 0.6359999999999999
1862 0.6424000000000001
1863 0.6516000000000001
1864 0.6548
1865 0.6579999999999999
1866 0.662
1867 0.6644
1868 0.6639999999999999
1869 0.6607999999999999
1870 0.6603999999999999
1871 0.6579999999999998
1872 0.6539999999999999
1873 0.6507999999999999
1874 0.6467999999999999
1875 0.64
1876 0.6352000000000002
1877 0.6328000000000001
1878 0.6304000000000002
1879 0.6284000000000002
1880 0.6264000000000002
1881 0.6264000000000001
1882 0.6252
1883 0.6264
1884 0.6292
1885 0.6367999999999999
1886 0.6403999999999997
1887 0.6472000000000001
1888 0.6559999999999999
1889 0.6611999999999998
1890 0.6635999999999997
1891 0.6627999999999998
1892 0.6639999999999999
1893 0.6631999999999998
1894 0.6579999999999999
1895 0.6539999999999999
1896 0.6483999999999999
1897 0.6424
1898 0.6387999999999999
1899 0.6367999999999999
1900 0.6347999999999999
1901 0.6287999999999999
1902 0.6299999999999999
1903 0.6256
1904 0.6236
1905 0.6196
1906 0.6212
1907 0.626
1908 0.6279999999999999
1909 0.6315999999999999
1910 0.6395999999999998
1911 0.6427999999999998
1912 0.6467999999999999
1913 0.6503999999999999
1914 0.6539999999999999
1915 0.6547999999999997
1916 0.6495999999999998
1917 0.6463999999999999
1918 0.6435999999999998
1919 0.6399999999999999
1920 0.6347999999999998
1921 0.6303999999999998
1922 0.6267999999999999
1923 0.6235999999999999
1924 0.6187999999999999
1925 0.6163999999999998
1926 0.6151999999999999
1927 0.6115999999999999
1928 0.61
1929 0.6080000000000001
1930 0.6072000000000001
1931 0.6072
1932 0.6144000000000001
1933 0.6168
1934 0.6232
1935 0.6259999999999999
1936 0.632
1937 0.6444
1938 0.6492
1939 0.6492
1940 0.6460000000000001
1941 0.644
1942 0.6436
1943 0.6431999999999999
1944 0.6408
1945 0.6368
1946 0.6295999999999999
1947 0.6239999999999999
1948 0.6203999999999998
1949 0.6127999999999999
1950 0.6103999999999998
1951 0.6107999999999998
1952 0.6091999999999999
1953 0.6083999999999999
1954 0.6075999999999999
1955 0.6107999999999999
1956 0.6147999999999999
1957 0.6207999999999998
1958 0.6287999999999999
1959 0.6344
1960 0.6408
1961 0.648
1962 0.6544000000000001
1963 0.6560000000000002
1964 0.6568000000000002
1965 0.6520000000000001
1966 0.6496000000000001
1967 0.6452000000000001
1968 0.6416000000000001
1969 0.6379999999999999
1970 0.6352
1971 0.6311999999999999
1972 0.628
1973 0.6252
1974 0.6220000000000001
1975 0.6200000000000001
1976 0.6164000000000001
1977 0.6136000000000001
1978 0.6132000000000002
1979 0.6131999999999999
1980 0.6155999999999998
1981 0.6227999999999998
1982 0.6299999999999998
1983 0.6372
1984 0.6399999999999999
1985 0.6504000000000001
1986 0.6524
1987 0.6535999999999998
1988 0.6544
1989 0.6539999999999999
1990 0.6503999999999999
1991 0.6487999999999999
1992 0.6424000000000001
1993 0.6347999999999999
1994 0.6324
1995 0.6284000000000001
1996 0.6224000000000001
1997 0.6167999999999999
1998 0.6123999999999998
1999 0.6067999999999999
