1 1.0
2 1.0
3 1.0
4 0.9996
5 0.9992
6 0.9992
7 0.9987999999999999
8 0.9983999999999998
9 0.9967999999999999
10 0.996
11 0.9955999999999999
12 0.9947999999999999
13 0.9935999999999998
14 0.9919999999999999
15 0.9907999999999998
16 0.9907999999999998
17 0.9899999999999999
18 0.9899999999999999
19 0.9899999999999999
20 0.9895999999999998
21 0.9879999999999999
22 0.9875999999999998
23 0.9867999999999999
24 0.986
25 0.9851999999999999
26 0.9843999999999998
27 0.9843999999999998
28 0.9843999999999998
29 0.9835999999999998
30 0.9831999999999997
31 0.9827999999999997
32 0.9819999999999998
33 0.9815999999999998
34 0.9807999999999999
35 0.9807999999999999
36 0.9799999999999998
37 0.9795999999999998
38 0.9795999999999998
39 0.9783999999999999
40 0.976
41 0.9755999999999999
42 0.9747999999999999
43 0.9735999999999998
44 0.9731999999999998
45 0.9719999999999998
46 0.9715999999999998
47 0.9715999999999998
48 0.9712
49 0.9712
50 0.9695999999999998
51 0.9687999999999998
52 0.9683999999999997
53 0.9683999999999997
54 0.9675999999999998
55 0.9667999999999998
56 0.9655999999999998
57 0.9647999999999998
58 0.9643999999999998
59 0.964
60 0.9632
61 0.9627999999999999
62 0.9619999999999999
63 0.9619999999999999
64 0.9611999999999999
65 0.9591999999999997
66 0.9587999999999998
67 0.9579999999999999
68 0.9571999999999999
69 0.9571999999999999
70 0.9551999999999999
71 0.9544
72 0.954
73 0.9532
74 0.9512000000000002
75 0.9492000000000003
76 0.9488000000000002
77 0.9480000000000001
78 0.9472000000000002
79 0.9464
80 0.9456
81 0.9448000000000002
82 0.9440000000000002
83 0.9424000000000001
84 0.9416000000000002
85 0.9396000000000003
86 0.9388000000000004
87 0.9388000000000002
88 0.9392000000000001
89 0.9376000000000002
90 0.9372000000000001
91 0.9372000000000001
92 0.9368000000000002
93 0.9372000000000003
94 0.9364000000000001
95 0.936
96 0.9352000000000003
97 0.9348000000000002
98 0.9336000000000003
99 0.9324000000000002
100 0.9312000000000001
101 0.93
102 0.9280000000000002
103 0.9268000000000001
104 0.9268000000000001
105 0.9260000000000003
106 0.9260000000000003
107 0.9256000000000002
108 0.9264000000000001
109 0.9260000000000003
110 0.9256000000000003
111 0.9268000000000004
112 0.9284000000000003
113 0.9264000000000003
114 0.9268000000000004
115 0.9264000000000001
116 0.9264000000000001
117 0.926
118 0.9256000000000002
119 0.9252000000000001
120 0.9244000000000001
121 0.9244000000000001
122 0.9236000000000001
123 0.9228000000000002
124 0.9224000000000002
125 0.9220000000000002
126 0.9220000000000002
127 0.9212000000000002
128 0.9208000000000003
129 0.9200000000000003
130 0.9200000000000003
131 0.9196000000000002
132 0.9200000000000002
133 0.9204000000000001
134 0.9216
135 0.9219999999999999
136 0.9224
137 0.924
138 0.9248000000000001
139 0.9252000000000002
140 0.9244000000000002
141 0.9240000000000004
142 0.9232000000000002
143 0.9228000000000002
144 0.9220000000000002
145 0.9212
146 0.9208
147 0.9208
148 0.9208
149 0.9204000000000001
150 0.9204000000000001
151 0.9200000000000002
152 0.9204000000000002
153 0.9204000000000002
154 0.9208000000000002
155 0.9212000000000002
156 0.9216000000000001
157 0.9224
158 0.9236
159 0.9239999999999999
160 0.9244
161 0.9255999999999999
162 0.9264
163 0.9268000000000001
164 0.9272
165 0.9272000000000001
166 0.9256
167 0.9231999999999999
168 0.9224
169 0.9203999999999999
170 0.92
171 0.9187999999999998
172 0.9183999999999998
173 0.9171999999999997
174 0.9148
175 0.9144
176 0.9139999999999999
177 0.9139999999999999
178 0.9139999999999998
179 0.9135999999999999
180 0.9152
181 0.9159999999999999
182 0.9179999999999998
183 0.9188
184 0.9208
185 0.9244000000000001
186 0.926
187 0.9264
188 0.926
189 0.926
190 0.9251999999999999
191 0.9239999999999999
192 0.9224
193 0.9211999999999999
194 0.9207999999999998
195 0.9195999999999998
196 0.9191999999999999
197 0.9175999999999997
198 0.9168
199 0.9164
200 0.9159999999999999
201 0.9148000000000001
202 0.9156
203 0.9148000000000001
204 0.9136
205 0.9172000000000001
206 0.9172000000000001
207 0.9188000000000001
208 0.9192
209 0.9200000000000002
210 0.9200000000000002
211 0.9200000000000003
212 0.9196000000000002
213 0.9196000000000002
214 0.9188000000000003
215 0.9160000000000003
216 0.9152000000000001
217 0.9139999999999999
218 0.9128000000000001
219 0.9107999999999999
220 0.9091999999999999
221 0.9079999999999997
222 0.9075999999999996
223 0.9067999999999996
224 0.9059999999999997
225 0.9043999999999996
226 0.9035999999999997
227 0.9039999999999998
228 0.9052
229 0.9076
230 0.9067999999999999
231 0.9063999999999999
232 0.9076
233 0.9092
234 0.9096000000000001
235 0.9092
236 0.9080000000000001
237 0.9060000000000001
238 0.9060000000000001
239 0.9048000000000002
240 0.9044000000000003
241 0.9032000000000002
242 0.9032000000000002
243 0.9028000000000002
244 0.9004000000000002
245 0.8996000000000004
246 0.8968000000000003
247 0.8956000000000002
248 0.8944000000000003
249 0.8928000000000001
250 0.8920000000000003
251 0.8928000000000001
252 0.8940000000000002
253 0.8948000000000002
254 0.8976000000000002
255 0.8992000000000003
256 0.8996000000000002
257 0.9008000000000003
258 0.9004000000000002
259 0.9016000000000003
260 0.9020000000000004
261 0.9000000000000002
262 0.8976000000000002
263 0.8972000000000001
264 0.8968000000000003
265 0.8956000000000002
266 0.8944000000000003
267 0.8944000000000003
268 0.8940000000000002
269 0.8932000000000002
270 0.8916000000000003
271 0.8912000000000002
272 0.8896000000000002
273 0.8888000000000003
274 0.8904000000000002
275 0.8892000000000002
276 0.8900000000000001
277 0.8916000000000001
278 0.8939999999999999
279 0.8939999999999999
280 0.8955999999999998
281 0.8963999999999999
282 0.8976
283 0.8972
284 0.8971999999999999
285 0.8976
286 0.8967999999999999
287 0.8967999999999999
288 0.8955999999999998
289 0.8935999999999997
290 0.8935999999999997
291 0.8924
292 0.8919999999999999
293 0.8911999999999999
294 0.8908
295 0.8908
296 0.89
297 0.8876
298 0.8883999999999999
299 0.8887999999999999
300 0.8912
301 0.8916000000000001
302 0.8944000000000003
303 0.8944000000000001
304 0.8948
305 0.8943999999999999
306 0.8971999999999999
307 0.8996000000000001
308 0.9016000000000001
309 0.9008000000000002
310 0.9020000000000001
311 0.9004000000000002
312 0.8992000000000001
313 0.8976000000000001
314 0.8960000000000001
315 0.8944000000000001
316 0.892
317 0.8908000000000001
318 0.8900000000000001
319 0.8908000000000001
320 0.8892000000000002
321 0.8880000000000002
322 0.8876000000000004
323 0.8888000000000003
324 0.8888000000000003
325 0.8896000000000002
326 0.8884000000000001
327 0.8908000000000003
328 0.8932000000000002
329 0.8932000000000002
330 0.8940000000000002
331 0.8940000000000002
332 0.8936000000000002
333 0.8928000000000001
334 0.8916000000000003
335 0.8912000000000002
336 0.8904000000000002
337 0.8896000000000002
338 0.8888000000000001
339 0.8868
340 0.8860000000000001
341 0.8847999999999999
342 0.8852
343 0.8847999999999999
344 0.8839999999999999
345 0.882
346 0.8812000000000001
347 0.8804
348 0.8819999999999999
349 0.8832
350 0.8844000000000001
351 0.8860000000000002
352 0.8876000000000001
353 0.8880000000000001
354 0.8884000000000001
355 0.8884000000000001
356 0.8880000000000001
357 0.8884000000000001
358 0.8880000000000001
359 0.8867999999999999
360 0.8864
361 0.8848
362 0.8839999999999999
363 0.8828
364 0.882
365 0.8784000000000001
366 0.878
367 0.8768
368 0.8756000000000002
369 0.8736000000000002
370 0.8728000000000001
371 0.8732000000000001
372 0.8748
373 0.8747999999999999
374 0.8755999999999999
375 0.8751999999999999
376 0.8771999999999999
377 0.8776
378 0.8776000000000002
379 0.8772000000000003
380 0.8764000000000003
381 0.8764000000000002
382 0.8760000000000003
383 0.8748000000000004
384 0.8732000000000002
385 0.8728000000000002
386 0.8728000000000002
387 0.8716000000000002
388 0.8687999999999999
389 0.8680000000000001
390 0.8672000000000001
391 0.8644
392 0.8632
393 0.8619999999999999
394 0.8623999999999999
395 0.8632000000000001
396 0.8636000000000001
397 0.8644000000000002
398 0.8664000000000002
399 0.8672000000000004
400 0.8668000000000002
401 0.8704000000000001
402 0.872
403 0.8724000000000001
404 0.8724
405 0.8724000000000001
406 0.872
407 0.8708000000000001
408 0.8708000000000001
409 0.8700000000000003
410 0.8692000000000003
411 0.8684000000000002
412 0.8672000000000001
413 0.8660000000000001
414 0.8636000000000001
415 0.8628000000000003
416 0.8608000000000001
417 0.8595999999999999
418 0.8592
419 0.8596
420 0.8616000000000001
421 0.8616000000000003
422 0.8636000000000004
423 0.8648000000000003
424 0.8672000000000003
425 0.8700000000000003
426 0.8720000000000002
427 0.8696000000000003
428 0.8704000000000004
429 0.8696000000000004
430 0.8688000000000002
431 0.8676
432 0.8672000000000001
433 0.8664000000000001
434 0.8640000000000001
435 0.8607999999999998
436 0.8591999999999999
437 0.8583999999999999
438 0.8583999999999999
439 0.8563999999999998
440 0.8555999999999999
441 0.8555999999999999
442 0.856
443 0.8568000000000002
444 0.8592000000000003
445 0.8632000000000004
446 0.8656000000000001
447 0.8664000000000001
448 0.8664000000000001
449 0.8687999999999999
450 0.8708000000000001
451 0.8704000000000001
452 0.8707999999999998
453 0.8704
454 0.8699999999999999
455 0.87
456 0.8675999999999999
457 0.8644
458 0.8627999999999999
459 0.8619999999999999
460 0.8592
461 0.858
462 0.858
463 0.8567999999999999
464 0.8572
465 0.8568000000000001
466 0.8564
467 0.858
468 0.8624
469 0.8656000000000001
470 0.8668
471 0.8696
472 0.8752000000000001
473 0.8768000000000002
474 0.8772000000000003
475 0.8784000000000002
476 0.8780000000000002
477 0.8768000000000002
478 0.8764000000000003
479 0.8756000000000003
480 0.8752000000000004
481 0.8740000000000003
482 0.8708000000000002
483 0.8688000000000001
484 0.8660000000000002
485 0.8648000000000002
486 0.8636000000000001
487 0.8628000000000001
488 0.8612000000000002
489 0.862
490 0.8596000000000003
491 0.8596
492 0.8596000000000003
493 0.8628000000000003
494 0.8652000000000002
495 0.8660000000000002
496 0.8668
497 0.8687999999999999
498 0.8695999999999999
499 0.8724000000000001
500 0.8716000000000002
501 0.8716000000000003
502 0.8708000000000002
503 0.8700000000000003
504 0.8684000000000003
505 0.8676000000000004
506 0.8664000000000002
507 0.8652000000000001
508 0.8644000000000003
509 0.8636000000000003
510 0.8608000000000002
511 0.8604000000000002
512 0.8600000000000003
513 0.8604000000000002
514 0.8616000000000001
515 0.8604000000000004
516 0.8616000000000003
517 0.8632000000000002
518 0.8640000000000002
519 0.8656000000000003
520 0.8668000000000002
521 0.8692000000000003
522 0.8708000000000002
523 0.8712000000000002
524 0.8708000000000001
525 0.8708
526 0.8700000000000001
527 0.8692
528 0.8687999999999999
529 0.8680000000000001
530 0.8660000000000002
531 0.8640000000000001
532 0.8636
533 0.8624
534 0.8608
535 0.8608
536 0.8588
537 0.8588
538 0.858
539 0.8560000000000001
540 0.8576
541 0.8607999999999998
542 0.8615999999999999
543 0.8652
544 0.8668000000000002
545 0.8695999999999999
546 0.8715999999999998
547 0.8719999999999999
548 0.8715999999999998
549 0.8704
550 0.8707999999999998
551 0.8704
552 0.8691999999999999
553 0.8687999999999998
554 0.8671999999999997
555 0.8663999999999997
556 0.8651999999999996
557 0.8651999999999996
558 0.8651999999999996
559 0.8635999999999997
560 0.8627999999999997
561 0.8623999999999998
562 0.8644
563 0.8655999999999999
564 0.8676
565 0.8692
566 0.8711999999999999
567 0.8732000000000001
568 0.8744
569 0.8752
570 0.8776000000000002
571 0.8812000000000002
572 0.88
573 0.8792
574 0.8776
575 0.8768
576 0.8759999999999999
577 0.8752000000000001
578 0.8744
579 0.8740000000000001
580 0.8732
581 0.8724000000000001
582 0.8716000000000002
583 0.8708
584 0.8716000000000003
585 0.8712000000000001
586 0.8700000000000001
587 0.8712000000000003
588 0.8736000000000002
589 0.8752000000000002
590 0.8748
591 0.8747999999999999
592 0.8775999999999999
593 0.8804
594 0.8823999999999999
595 0.8827999999999999
596 0.8835999999999998
597 0.8832
598 0.8811999999999999
599 0.8811999999999999
600 0.8804
601 0.8787999999999999
602 0.8767999999999999
603 0.8755999999999999
604 0.8755999999999999
605 0.8744
606 0.8724
607 0.8716000000000002
608 0.8716000000000002
609 0.8704000000000004
610 0.8708000000000002
611 0.8712000000000003
612 0.8740000000000002
613 0.8759999999999999
614 0.8776
615 0.8784000000000001
616 0.882
617 0.8848
618 0.8883999999999999
619 0.8892
620 0.8887999999999999
621 0.8884000000000001
622 0.8884000000000001
623 0.8872000000000001
624 0.8860000000000001
625 0.8860000000000001
626 0.8836000000000002
627 0.8804000000000002
628 0.8776000000000002
629 0.8760000000000002
630 0.8740000000000001
631 0.872
632 0.8712000000000001
633 0.8696
634 0.8684000000000002
635 0.8692
636 0.8708000000000001
637 0.8719999999999999
638 0.8715999999999999
639 0.8704000000000001
640 0.8715999999999999
641 0.872
642 0.872
643 0.8732
644 0.8732000000000001
645 0.872
646 0.8716000000000002
647 0.8700000000000001
648 0.8692000000000002
649 0.8684000000000002
650 0.8664000000000003
651 0.8640000000000002
652 0.8620000000000002
653 0.8608000000000002
654 0.8580000000000002
655 0.8572000000000004
656 0.8556000000000004
657 0.8548000000000003
658 0.8544000000000003
659 0.8556000000000005
660 0.8568000000000005
661 0.8568000000000005
662 0.8584000000000003
663 0.8608000000000002
664 0.8616000000000003
665 0.8628000000000003
666 0.8640000000000002
667 0.8640000000000002
668 0.8632000000000004
669 0.8608000000000001
670 0.8604000000000002
671 0.8592000000000003
672 0.8568000000000005
673 0.8544000000000004
674 0.8516000000000004
675 0.8508000000000004
676 0.8496000000000004
677 0.8492000000000003
678 0.8472000000000003
679 0.8456000000000001
680 0.8448
681 0.8432000000000001
682 0.8424
683 0.8424
684 0.8432000000000002
685 0.8436000000000001
686 0.8452
687 0.8487999999999998
688 0.8487999999999998
689 0.8488
690 0.8508000000000001
691 0.8516000000000001
692 0.8520000000000002
693 0.8500000000000003
694 0.8488000000000003
695 0.8468000000000002
696 0.8448
697 0.8440000000000001
698 0.8432000000000001
699 0.8416000000000001
700 0.8396000000000002
701 0.8396000000000002
702 0.8384000000000001
703 0.8384000000000001
704 0.8364000000000001
705 0.8340000000000002
706 0.8348000000000002
707 0.8368000000000003
708 0.8376000000000002
709 0.8376000000000002
710 0.8372000000000003
711 0.8384000000000001
712 0.8408
713 0.8440000000000001
714 0.848
715 0.8483999999999999
716 0.8483999999999999
717 0.8488
718 0.8495999999999999
719 0.8492000000000001
720 0.848
721 0.8472
722 0.8464
723 0.8439999999999999
724 0.8436
725 0.8419999999999999
726 0.8407999999999999
727 0.8403999999999999
728 0.8403999999999999
729 0.8396000000000001
730 0.8404
731 0.8420000000000002
732 0.8436000000000001
733 0.8428000000000001
734 0.8444000000000002
735 0.8488000000000002
736 0.8528000000000004
737 0.8548000000000003
738 0.8568000000000002
739 0.8588000000000002
740 0.8600000000000001
741 0.8596000000000003
742 0.8596000000000003
743 0.8584000000000003
744 0.8580000000000002
745 0.8580000000000002
746 0.8576000000000004
747 0.8560000000000003
748 0.8540000000000003
749 0.8528000000000004
750 0.8516000000000004
751 0.8516000000000002
752 0.8504000000000002
753 0.8488000000000003
754 0.8488000000000003
755 0.8504000000000005
756 0.8524000000000003
757 0.8548
758 0.8592000000000002
759 0.8600000000000001
760 0.8632000000000004
761 0.8672000000000003
762 0.8684000000000003
763 0.8684000000000003
764 0.8692000000000003
765 0.8680000000000002
766 0.8672000000000003
767 0.8648000000000002
768 0.8636000000000001
769 0.8624
770 0.8620000000000002
771 0.8608000000000001
772 0.8588
773 0.8575999999999998
774 0.8575999999999998
775 0.8567999999999998
776 0.8555999999999997
777 0.8539999999999998
778 0.8539999999999999
779 0.8551999999999998
780 0.8552
781 0.8576
782 0.8612000000000002
783 0.8628000000000003
784 0.8656000000000003
785 0.8688000000000002
786 0.8708000000000005
787 0.8696000000000003
788 0.8680000000000001
789 0.8656
790 0.8644000000000002
791 0.8636
792 0.8620000000000002
793 0.8612000000000001
794 0.8575999999999999
795 0.8548
796 0.8540000000000001
797 0.8524000000000003
798 0.8520000000000002
799 0.8488000000000002
800 0.8464000000000002
801 0.8452000000000003
802 0.8468000000000002
803 0.8456
804 0.8468000000000001
805 0.8515999999999999
806 0.8524
807 0.8524000000000003
808 0.8552000000000003
809 0.8592000000000002
810 0.8608
811 0.86
812 0.8584000000000002
813 0.8572
814 0.8564
815 0.8556
816 0.8548
817 0.8536000000000001
818 0.8524000000000003
819 0.8504000000000002
820 0.8484000000000003
821 0.8464000000000003
822 0.8464000000000003
823 0.8460000000000002
824 0.8452000000000004
825 0.8436000000000005
826 0.8444000000000004
827 0.8440000000000002
828 0.8436000000000002
829 0.8456000000000001
830 0.8452000000000003
831 0.8456000000000004
832 0.8480000000000001
833 0.8503999999999999
834 0.8528000000000001
835 0.8556000000000001
836 0.8556
837 0.8536
838 0.8532000000000001
839 0.8528
840 0.852
841 0.8496000000000002
842 0.8484000000000002
843 0.8464000000000003
844 0.8444000000000003
845 0.8436000000000001
846 0.8428000000000003
847 0.8412000000000003
848 0.8396000000000002
849 0.8392000000000002
850 0.8364000000000001
851 0.8356
852 0.8368000000000002
853 0.8392000000000001
854 0.8396000000000002
855 0.8412000000000002
856 0.8428000000000001
857 0.8408000000000002
858 0.8400000000000003
859 0.8384000000000004
860 0.8384000000000004
861 0.8380000000000003
862 0.8372000000000003
863 0.8364000000000003
864 0.8352000000000003
865 0.8332000000000004
866 0.8316000000000003
867 0.8300000000000003
868 0.8288000000000004
869 0.8284000000000004
870 0.8280000000000004
871 0.8276000000000004
872 0.8256000000000004
873 0.8248000000000004
874 0.8252000000000005
875 0.8284000000000004
876 0.8300000000000002
877 0.8324000000000001
878 0.8324000000000003
879 0.8360000000000004
880 0.8356000000000005
881 0.8380000000000003
882 0.8396000000000003
883 0.8420000000000003
884 0.8424000000000004
885 0.8420000000000004
886 0.8408000000000002
887 0.8388000000000002
888 0.8380000000000003
889 0.8372000000000003
890 0.8352000000000003
891 0.8352000000000003
892 0.8332000000000002
893 0.8328000000000003
894 0.8307999999999999
895 0.8287999999999998
896 0.8288
897 0.8296000000000001
898 0.8300000000000003
899 0.8328000000000002
900 0.8332000000000002
901 0.8340000000000002
902 0.8364
903 0.8396000000000001
904 0.8404000000000003
905 0.8424000000000003
906 0.8428000000000001
907 0.8443999999999999
908 0.8452
909 0.8439999999999999
910 0.8432000000000001
911 0.8408
912 0.8396000000000001
913 0.8392000000000001
914 0.8392000000000001
915 0.8375999999999999
916 0.8371999999999999
917 0.8367999999999999
918 0.8352
919 0.8339999999999997
920 0.8327999999999999
921 0.8323999999999999
922 0.8327999999999999
923 0.8343999999999998
924 0.8355999999999999
925 0.8367999999999999
926 0.8383999999999999
927 0.8455999999999997
928 0.8487999999999997
929 0.8507999999999999
930 0.8508000000000001
931 0.8512000000000001
932 0.8512000000000001
933 0.8508
934 0.8492000000000001
935 0.8455999999999999
936 0.8451999999999998
937 0.8432
938 0.8416
939 0.84
940 0.8384
941 0.8360000000000001
942 0.8360000000000001
943 0.8344
944 0.834
945 0.8320000000000002
946 0.8308000000000001
947 0.8303999999999999
948 0.8292
949 0.8303999999999999
950 0.8348
951 0.8348
952 0.836
953 0.8400000000000002
954 0.8456000000000001
955 0.8476000000000004
956 0.8476000000000002
957 0.8464000000000002
958 0.8468000000000002
959 0.8460000000000001
960 0.8448000000000002
961 0.8444000000000004
962 0.8424000000000004
963 0.8420000000000004
964 0.8400000000000004
965 0.8396000000000003
966 0.8376000000000003
967 0.8372000000000003
968 0.8356000000000003
969 0.8360000000000002
970 0.8352000000000004
971 0.8376
972 0.8380000000000003
973 0.8392000000000002
974 0.8440000000000002
975 0.8464000000000002
976 0.8464000000000002
977 0.8484
978 0.8508000000000001
979 0.8508000000000001
980 0.8508000000000002
981 0.8508000000000002
982 0.8496000000000004
983 0.8480000000000003
984 0.8468000000000003
985 0.8460000000000004
986 0.8432000000000004
987 0.8400000000000003
988 0.8384000000000004
989 0.8368000000000003
990 0.8360000000000004
991 0.8348000000000003
992 0.8324000000000003
993 0.8332000000000002
994 0.8324000000000001
995 0.8328000000000002
996 0.8352000000000003
997 0.8368000000000002
998 0.8400000000000003
999 0.8428000000000001
1000 0.8440000000000002
1001 0.8464000000000002
1002 0.8488000000000002
1003 0.8488000000000002
1004 0.8500000000000003
1005 0.8508000000000001
1006 0.8504000000000002
1007 0.8500000000000003
1008 0.8472000000000003
1009 0.8436000000000005
1010 0.8420000000000002
1011 0.8408000000000001
1012 0.8404000000000003
1013 0.8388000000000002
1014 0.8372000000000002
1015 0.8384
1016 0.8368000000000001
1017 0.8343999999999998
1018 0.8344
1019 0.8351999999999998
1020 0.8388000000000001
1021 0.84
1022 0.8428
1023 0.8432
1024 0.8452
1025 0.8484
1026 0.8484000000000002
1027 0.8484000000000002
1028 0.8480000000000001
1029 0.8464000000000002
1030 0.8448000000000003
1031 0.8420000000000003
1032 0.8400000000000002
1033 0.8376000000000003
1034 0.8348000000000002
1035 0.8320000000000002
1036 0.8304000000000004
1037 0.8296000000000002
1038 0.8280000000000003
1039 0.8248000000000002
1040 0.8224000000000002
1041 0.8216000000000002
1042 0.8200000000000004
1043 0.8200000000000003
1044 0.8216000000000002
1045 0.8240000000000002
1046 0.8260000000000001
1047 0.8272000000000002
1048 0.8303999999999999
1049 0.8340000000000001
1050 0.8352
1051 0.8371999999999999
1052 0.8364
1053 0.8348000000000002
1054 0.8348
1055 0.8324000000000001
1056 0.8296000000000002
1057 0.8280000000000003
1058 0.8232000000000004
1059 0.8212000000000004
1060 0.8196000000000002
1061 0.8184000000000003
1062 0.8168000000000003
1063 0.8156000000000003
1064 0.8148000000000004
1065 0.8116000000000002
1066 0.8116000000000002
1067 0.8120000000000003
1068 0.8124000000000001
1069 0.8148000000000004
1070 0.8144000000000002
1071 0.8168000000000002
1072 0.8228
1073 0.826
1074 0.8264000000000001
1075 0.8264000000000001
1076 0.8260000000000001
1077 0.8248000000000001
1078 0.8248000000000001
1079 0.8236000000000001
1080 0.8224000000000001
1081 0.8208000000000001
1082 0.8200000000000002
1083 0.8180000000000003
1084 0.8164000000000002
1085 0.8148000000000002
1086 0.8160000000000003
1087 0.8132
1088 0.8112
1089 0.8124000000000002
1090 0.8132000000000003
1091 0.8144000000000001
1092 0.8152000000000003
1093 0.8184
1094 0.8204
1095 0.8244
1096 0.8260000000000001
1097 0.8312000000000002
1098 0.8320000000000001
1099 0.8312000000000002
1100 0.8308
1101 0.8295999999999999
1102 0.8292000000000002
1103 0.8292
1104 0.8280000000000001
1105 0.8268000000000001
1106 0.8244000000000001
1107 0.8240000000000001
1108 0.8219999999999998
1109 0.8211999999999999
1110 0.8208
1111 0.8208
1112 0.8195999999999999
1113 0.8195999999999999
1114 0.8188
1115 0.8176000000000001
1116 0.8196000000000002
1117 0.8212000000000002
1118 0.8236000000000001
1119 0.828
1120 0.8304
1121 0.8308
1122 0.8316000000000002
1123 0.8344000000000001
1124 0.8332000000000002
1125 0.8332
1126 0.8328000000000002
1127 0.8316000000000001
1128 0.8308000000000001
1129 0.8292000000000002
1130 0.8288000000000001
1131 0.8264000000000001
1132 0.8216000000000001
1133 0.8184000000000003
1134 0.8172000000000003
1135 0.8168000000000002
1136 0.8140000000000002
1137 0.8144000000000001
1138 0.8140000000000001
1139 0.8135999999999999
1140 0.816
1141 0.8175999999999999
1142 0.8196000000000001
1143 0.8212
1144 0.8216000000000001
1145 0.8232000000000003
1146 0.8256000000000003
1147 0.8260000000000002
1148 0.8244000000000002
1149 0.8248000000000003
1150 0.8240000000000003
1151 0.8240000000000005
1152 0.8228000000000003
1153 0.8220000000000003
1154 0.8188000000000004
1155 0.8180000000000003
1156 0.8160000000000004
1157 0.8152000000000004
1158 0.8144000000000005
1159 0.8148000000000003
1160 0.8132000000000003
1161 0.8116000000000002
1162 0.8136000000000004
1163 0.8156000000000003
1164 0.8200000000000003
1165 0.8220000000000002
1166 0.8271999999999999
1167 0.8295999999999999
1168 0.8308
1169 0.8328000000000002
1170 0.8351999999999999
1171 0.836
1172 0.8371999999999998
1173 0.8367999999999998
1174 0.8356000000000001
1175 0.8348000000000002
1176 0.8320000000000002
1177 0.8300000000000002
1178 0.8272000000000002
1179 0.826
1180 0.8244
1181 0.8231999999999999
1182 0.8227999999999999
1183 0.8211999999999997
1184 0.8211999999999999
1185 0.8184
1186 0.8192
1187 0.8184
1188 0.8188000000000001
1189 0.8232000000000003
1190 0.8244
1191 0.8280000000000001
1192 0.8304000000000002
1193 0.8356
1194 0.8368000000000001
1195 0.8376
1196 0.8356000000000001
1197 0.8340000000000001
1198 0.8316
1199 0.8295999999999999
1200 0.8276
1201 0.8255999999999999
1202 0.8247999999999999
1203 0.8231999999999999
1204 0.8220000000000001
1205 0.8208000000000001
1206 0.8212000000000002
1207 0.8204000000000002
1208 0.8204000000000002
1209 0.8200000000000003
1210 0.8188000000000004
1211 0.8224000000000001
1212 0.8260000000000002
1213 0.8272000000000004
1214 0.8308000000000003
1215 0.8352000000000003
1216 0.8348000000000002
1217 0.8372000000000003
1218 0.8368000000000001
1219 0.8392000000000003
1220 0.8384000000000004
1221 0.8372000000000003
1222 0.8360000000000004
1223 0.8344000000000004
1224 0.8316000000000003
1225 0.8304000000000005
1226 0.8288000000000005
1227 0.8264000000000005
1228 0.8260000000000004
1229 0.8232000000000004
1230 0.8208000000000005
1231 0.8196000000000003
1232 0.8196000000000003
1233 0.8176000000000003
1234 0.8164000000000005
1235 0.8160000000000004
1236 0.8184000000000003
1237 0.8228000000000005
1238 0.8264000000000002
1239 0.8300000000000002
1240 0.8316
1241 0.8320000000000002
1242 0.8324000000000003
1243 0.8328000000000002
1244 0.8332
1245 0.8320000000000001
1246 0.8316000000000001
1247 0.8295999999999999
1248 0.8284000000000001
1249 0.8276
1250 0.8271999999999999
1251 0.826
1252 0.824
1253 0.8231999999999998
1254 0.8231999999999998
1255 0.8223999999999998
1256 0.8219999999999997
1257 0.8219999999999998
1258 0.8211999999999999
1259 0.8240000000000001
1260 0.8224000000000001
1261 0.8264000000000001
1262 0.8296000000000001
1263 0.834
1264 0.8371999999999999
1265 0.8391999999999998
1266 0.8392000000000001
1267 0.8388000000000001
1268 0.8387999999999998
1269 0.8363999999999997
1270 0.8335999999999997
1271 0.8323999999999999
1272 0.8312
1273 0.8292
1274 0.8276
1275 0.8264
1276 0.8256000000000001
1277 0.8252000000000002
1278 0.8256
1279 0.8244000000000001
1280 0.8236000000000001
1281 0.8232
1282 0.8248000000000001
1283 0.8244000000000001
1284 0.8260000000000002
1285 0.8268000000000001
1286 0.8272000000000002
1287 0.8296000000000001
1288 0.8328000000000002
1289 0.8355999999999999
1290 0.8359999999999999
1291 0.8367999999999999
1292 0.8367999999999999
1293 0.8347999999999999
1294 0.8344
1295 0.8323999999999999
1296 0.8303999999999998
1297 0.8295999999999999
1298 0.8283999999999999
1299 0.826
1300 0.8240000000000001
1301 0.8228
1302 0.8220000000000002
1303 0.8212000000000002
1304 0.8204000000000002
1305 0.8196000000000002
1306 0.8196000000000001
1307 0.8191999999999999
1308 0.8207999999999999
1309 0.824
1310 0.8264
1311 0.8292000000000002
1312 0.8304000000000002
1313 0.8340000000000002
1314 0.8328000000000002
1315 0.8316000000000002
1316 0.8296000000000002
1317 0.8272000000000003
1318 0.8256000000000003
1319 0.8240000000000003
1320 0.8220000000000003
1321 0.8216000000000002
1322 0.8192000000000002
1323 0.8148000000000003
1324 0.8136000000000004
1325 0.8132000000000004
1326 0.8128000000000003
1327 0.8128000000000003
1328 0.8112000000000001
1329 0.8104000000000003
1330 0.8100000000000003
1331 0.8116000000000002
1332 0.8160000000000004
1333 0.8176000000000002
1334 0.8203999999999999
1335 0.8219999999999998
1336 0.8231999999999999
1337 0.8244
1338 0.8267999999999998
1339 0.8271999999999997
1340 0.8271999999999998
1341 0.8271999999999998
1342 0.8247999999999999
1343 0.8247999999999999
1344 0.8228
1345 0.8203999999999999
1346 0.8192
1347 0.8163999999999999
1348 0.8131999999999998
1349 0.8123999999999998
1350 0.8112
1351 0.8108000000000001
1352 0.8096
1353 0.8088
1354 0.8075999999999999
1355 0.8075999999999998
1356 0.8067999999999997
1357 0.8088
1358 0.8096
1359 0.812
1360 0.8167999999999997
1361 0.8175999999999998
1362 0.8175999999999999
1363 0.8192
1364 0.8176000000000001
1365 0.8176000000000002
1366 0.8168000000000002
1367 0.8160000000000003
1368 0.8156000000000003
1369 0.8144000000000002
1370 0.8128000000000003
1371 0.8116000000000002
1372 0.8100000000000003
1373 0.8092000000000003
1374 0.8064000000000004
1375 0.8064000000000004
1376 0.8064000000000003
1377 0.8056000000000003
1378 0.8064000000000003
1379 0.8080000000000003
1380 0.8112000000000001
1381 0.8152000000000001
1382 0.8180000000000001
1383 0.8208000000000003
1384 0.8232000000000003
1385 0.8252000000000002
1386 0.8268000000000001
1387 0.8256000000000003
1388 0.8252000000000003
1389 0.8248000000000003
1390 0.8232000000000003
1391 0.8220000000000005
1392 0.8196000000000002
1393 0.8188000000000002
1394 0.8156000000000002
1395 0.8148000000000002
1396 0.8140000000000002
1397 0.8124000000000002
1398 0.8104000000000003
1399 0.8064000000000001
1400 0.8040000000000002
1401 0.8024000000000001
1402 0.802
1403 0.8051999999999999
1404 0.8064000000000001
1405 0.8072000000000001
1406 0.8084000000000002
1407 0.8112000000000001
1408 0.8132000000000003
1409 0.8164000000000001
1410 0.8200000000000002
1411 0.8204000000000002
1412 0.8208
1413 0.8192
1414 0.8175999999999999
1415 0.8172
1416 0.8172
1417 0.8175999999999999
1418 0.816
1419 0.8151999999999999
1420 0.8132
1421 0.8104
1422 0.8072
1423 0.8068
1424 0.8051999999999999
1425 0.8044
1426 0.804
1427 0.8048000000000001
1428 0.8064000000000001
1429 0.8100000000000003
1430 0.8140000000000001
1431 0.8160000000000001
1432 0.8195999999999999
1433 0.8215999999999998
1434 0.8228
1435 0.8251999999999998
1436 0.8263999999999999
1437 0.8255999999999999
1438 0.824
1439 0.8219999999999997
1440 0.8195999999999998
1441 0.8179999999999998
1442 0.8168
1443 0.8147999999999999
1444 0.8136
1445 0.812
1446 0.8088
1447 0.8076000000000001
1448 0.8072
1449 0.8064000000000001
1450 0.8072000000000001
1451 0.8075999999999999
1452 0.8116000000000001
1453 0.8123999999999998
1454 0.814
1455 0.8163999999999999
1456 0.82
1457 0.8232
1458 0.8264000000000001
1459 0.8260000000000001
1460 0.8252000000000002
1461 0.8248000000000002
1462 0.8240000000000002
1463 0.8232000000000003
1464 0.8220000000000003
1465 0.8204000000000002
1466 0.8192000000000003
1467 0.8160000000000003
1468 0.8136000000000003
1469 0.8116000000000002
1470 0.8104000000000003
1471 0.8104000000000002
1472 0.8096000000000002
1473 0.8092000000000003
1474 0.8112000000000001
1475 0.8128000000000003
1476 0.8120000000000003
1477 0.8148000000000002
1478 0.8164
1479 0.8200000000000003
1480 0.8240000000000003
1481 0.8264000000000002
1482 0.8260000000000001
1483 0.8280000000000003
1484 0.8264000000000002
1485 0.8240000000000002
1486 0.8228000000000002
1487 0.8220000000000002
1488 0.8204000000000002
1489 0.8192000000000002
1490 0.8180000000000004
1491 0.8176000000000003
1492 0.8148000000000003
1493 0.8128000000000002
1494 0.8116000000000001
1495 0.8116000000000002
1496 0.8103999999999999
1497 0.8108
1498 0.8123999999999999
1499 0.8112
1500 0.8156000000000002
1501 0.8180000000000004
1502 0.8180000000000003
1503 0.8224000000000004
1504 0.8248000000000003
1505 0.8280000000000004
1506 0.8328000000000002
1507 0.8348000000000002
1508 0.8340000000000002
1509 0.8324000000000003
1510 0.8320000000000002
1511 0.8296000000000001
1512 0.83
1513 0.8284
1514 0.8264
1515 0.8240000000000001
1516 0.8236000000000001
1517 0.8224000000000001
1518 0.8216000000000001
1519 0.8200000000000002
1520 0.8176000000000001
1521 0.8184
1522 0.8176000000000002
1523 0.8172000000000001
1524 0.8168000000000001
1525 0.8184000000000001
1526 0.8208000000000001
1527 0.8228000000000002
1528 0.8248000000000002
1529 0.8284000000000001
1530 0.8284000000000005
1531 0.8296000000000002
1532 0.8296000000000002
1533 0.8304000000000002
1534 0.8284000000000001
1535 0.8268000000000002
1536 0.8260000000000002
1537 0.8244000000000004
1538 0.8228000000000003
1539 0.8208000000000001
1540 0.8204
1541 0.8196000000000001
1542 0.8196000000000002
1543 0.82
1544 0.8192000000000002
1545 0.8180000000000001
1546 0.8184
1547 0.8212
1548 0.8224000000000001
1549 0.8240000000000001
1550 0.8236
1551 0.8251999999999999
1552 0.826
1553 0.826
1554 0.8271999999999999
1555 0.8271999999999999
1556 0.826
1557 0.8256
1558 0.8247999999999999
1559 0.8251999999999998
1560 0.8243999999999998
1561 0.8243999999999998
1562 0.8219999999999998
1563 0.8183999999999999
1564 0.8171999999999998
1565 0.8143999999999998
1566 0.8107999999999997
1567 0.8087999999999996
1568 0.8079999999999998
1569 0.8064
1570 0.8048000000000001
1571 0.8068000000000002
1572 0.8116000000000002
1573 0.8152000000000003
1574 0.8188000000000002
1575 0.8204
1576 0.8232000000000003
1577 0.8271999999999999
1578 0.8304
1579 0.8312000000000002
1580 0.8316
1581 0.83
1582 0.8275999999999999
1583 0.8268
1584 0.8247999999999998
1585 0.8239999999999997
1586 0.8207999999999999
1587 0.8195999999999998
1588 0.8171999999999998
1589 0.8151999999999997
1590 0.8119999999999995
1591 0.8075999999999997
1592 0.8059999999999996
1593 0.8071999999999997
1594 0.8048000000000001
1595 0.8056
1596 0.8092
1597 0.8120000000000003
1598 0.8148000000000002
1599 0.8156000000000002
1600 0.8184000000000001
1601 0.8220000000000003
1602 0.8244000000000002
1603 0.8252000000000003
1604 0.8244000000000001
1605 0.824
1606 0.8235999999999999
1607 0.8219999999999998
1608 0.8211999999999999
1609 0.8208
1610 0.8199999999999998
1611 0.8163999999999999
1612 0.8147999999999997
1613 0.8139999999999997
1614 0.8127999999999999
1615 0.8119999999999998
1616 0.8099999999999998
1617 0.8099999999999998
1618 0.8103999999999998
1619 0.8151999999999998
1620 0.8175999999999999
1621 0.8204
1622 0.8223999999999999
1623 0.8268
1624 0.8304000000000002
1625 0.8344000000000001
1626 0.8348000000000002
1627 0.8372000000000003
1628 0.8380000000000001
1629 0.8360000000000002
1630 0.8360000000000001
1631 0.8348000000000002
1632 0.8336000000000001
1633 0.8336000000000001
1634 0.8320000000000001
1635 0.8312
1636 0.8288000000000001
1637 0.8280000000000001
1638 0.8268000000000001
1639 0.8260000000000001
1640 0.8248000000000001
1641 0.8224000000000001
1642 0.8224000000000001
1643 0.8224000000000001
1644 0.8248000000000001
1645 0.8248000000000001
1646 0.8284000000000001
1647 0.8312
1648 0.8312
1649 0.8351999999999999
1650 0.836
1651 0.8363999999999998
1652 0.8375999999999998
1653 0.8355999999999998
1654 0.8343999999999997
1655 0.8331999999999996
1656 0.8315999999999997
1657 0.8299999999999997
1658 0.8279999999999998
1659 0.8275999999999998
1660 0.8259999999999998
1661 0.8227999999999999
1662 0.8211999999999999
1663 0.8207999999999999
1664 0.8219999999999998
1665 0.8231999999999999
1666 0.8227999999999999
1667 0.8243999999999998
1668 0.828
1669 0.8319999999999997
1670 0.8375999999999998
1671 0.8411999999999997
1672 0.8444000000000002
1673 0.8468000000000001
1674 0.8508000000000001
1675 0.8512000000000002
1676 0.8492000000000001
1677 0.8480000000000001
1678 0.8468000000000001
1679 0.8424000000000003
1680 0.8380000000000003
1681 0.8368000000000002
1682 0.8352000000000003
1683 0.8332
1684 0.8316
1685 0.8303999999999999
1686 0.83
1687 0.8292000000000002
1688 0.8292000000000002
1689 0.8284000000000001
1690 0.8280000000000001
1691 0.8300000000000002
1692 0.8308000000000001
1693 0.8336000000000001
1694 0.8348000000000002
1695 0.8360000000000002
1696 0.8376000000000002
1697 0.8380000000000003
1698 0.8380000000000001
1699 0.8424
1700 0.8420000000000001
1701 0.8416
1702 0.8408
1703 0.8392000000000002
1704 0.8367999999999999
1705 0.8348
1706 0.8336
1707 0.8328
1708 0.8280000000000001
1709 0.8252000000000002
1710 0.8236000000000001
1711 0.8228000000000002
1712 0.8220000000000002
1713 0.8208000000000003
1714 0.8200000000000003
1715 0.8216000000000001
1716 0.8220000000000002
1717 0.8256000000000001
1718 0.8300000000000003
1719 0.8324000000000003
1720 0.8336000000000002
1721 0.8352000000000003
1722 0.8372000000000003
1723 0.8372000000000004
1724 0.8380000000000003
1725 0.8376000000000003
1726 0.8364000000000003
1727 0.8356000000000003
1728 0.8328000000000002
1729 0.8304
1730 0.8292000000000002
1731 0.8271999999999999
1732 0.8240000000000001
1733 0.8220000000000001
1734 0.8212000000000002
1735 0.8212000000000002
1736 0.8212000000000002
1737 0.8204000000000002
1738 0.8200000000000002
1739 0.8228000000000002
1740 0.8268000000000002
1741 0.8264000000000001
1742 0.8260000000000001
1743 0.8268000000000001
1744 0.8288
1745 0.8311999999999999
1746 0.8323999999999999
1747 0.8324000000000001
1748 0.8320000000000002
1749 0.8316000000000002
1750 0.8304000000000002
1751 0.8272000000000002
1752 0.8268000000000001
1753 0.8252000000000002
1754 0.8240000000000001
1755 0.8212
1756 0.8204
1757 0.8176000000000001
1758 0.8168000000000001
1759 0.8172
1760 0.8156000000000002
1761 0.8152000000000001
1762 0.8128
1763 0.8144
1764 0.8156
1765 0.8183999999999999
1766 0.8220000000000001
1767 0.8228
1768 0.8256000000000001
1769 0.8284000000000001
1770 0.8324000000000003
1771 0.8328000000000002
1772 0.8336000000000001
1773 0.8316
1774 0.8308
1775 0.8284
1776 0.8268000000000001
1777 0.8264
1778 0.8251999999999999
1779 0.8220000000000001
1780 0.8211999999999999
1781 0.8188000000000001
1782 0.8176000000000002
1783 0.8160000000000003
1784 0.8144000000000002
1785 0.8124000000000002
1786 0.8132000000000004
1787 0.8128000000000002
1788 0.8132
1789 0.8164000000000001
1790 0.8192
1791 0.8192000000000002
1792 0.8208000000000003
1793 0.8224000000000002
1794 0.8220000000000002
1795 0.8220000000000002
1796 0.8220000000000002
1797 0.8184000000000001
1798 0.8168000000000002
1799 0.8148000000000002
1800 0.8120000000000002
1801 0.8091999999999999
1802 0.8068
1803 0.8044
1804 0.8024
1805 0.7992
1806 0.7972
1807 0.7959999999999999
1808 0.7935999999999998
1809 0.7943999999999997
1810 0.7935999999999995
1811 0.7931999999999997
1812 0.7963999999999998
1813 0.7996
1814 0.8059999999999998
1815 0.8087999999999996
1816 0.8131999999999999
1817 0.8156
1818 0.8176000000000001
1819 0.8176000000000002
1820 0.8164000000000001
1821 0.8152000000000001
1822 0.8103999999999999
1823 0.8075999999999999
1824 0.8059999999999999
1825 0.8055999999999999
1826 0.8032
1827 0.7999999999999998
1828 0.7988
1829 0.7971999999999998
1830 0.7952000000000001
1831 0.7952000000000002
1832 0.7952000000000001
1833 0.7956
1834 0.7944000000000001
1835 0.7935999999999999
1836 0.7963999999999999
1837 0.7968000000000001
1838 0.7976000000000001
1839 0.7999999999999998
1840 0.8011999999999999
1841 0.8059999999999999
1842 0.8099999999999998
1843 0.8116
1844 0.8136000000000001
1845 0.8136000000000001
1846 0.8124000000000001
1847 0.8112000000000001
1848 0.8096000000000001
1849 0.8075999999999998
1850 0.8048000000000001
1851 0.8031999999999999
1852 0.8016000000000001
1853 0.7972000000000001
1854 0.7952000000000001
1855 0.7936000000000001
1856 0.7928000000000002
1857 0.7928000000000002
1858 0.7916000000000003
1859 0.7944000000000001
1860 0.7979999999999999
1861 0.8019999999999999
1862 0.8064
1863 0.8088
1864 0.8112
1865 0.8144000000000002
1866 0.8168000000000003
1867 0.8172000000000003
1868 0.8176000000000003
1869 0.8140000000000002
1870 0.8140000000000002
1871 0.8144000000000002
1872 0.8128000000000002
1873 0.8108000000000001
1874 0.8096000000000001
1875 0.8068000000000002
1876 0.8052000000000001
1877 0.8036
1878 0.8032
1879 0.8036000000000001
1880 0.8024000000000001
1881 0.7999999999999998
1882 0.8019999999999999
1883 0.8031999999999999
1884 0.8051999999999999
1885 0.8083999999999999
1886 0.8096
1887 0.8116000000000001
1888 0.8172000000000003
1889 0.8192000000000003
1890 0.8228000000000002
1891 0.8228000000000002
1892 0.8196000000000002
1893 0.8168000000000001
1894 0.8144000000000001
1895 0.8128
1896 0.8116000000000001
1897 0.8088000000000001
1898 0.806
1899 0.8028000000000002
1900 0.7996000000000001
1901 0.7980000000000002
1902 0.7968000000000002
1903 0.7972000000000001
1904 0.7964000000000001
1905 0.7932000000000001
1906 0.7932000000000002
1907 0.7932000000000001
1908 0.7952000000000001
1909 0.7996000000000001
1910 0.8032000000000002
1911 0.806
1912 0.8039999999999999
1913 0.8031999999999999
1914 0.8044000000000002
1915 0.8044000000000001
1916 0.806
1917 0.8036
1918 0.8016000000000001
1919 0.8004000000000001
1920 0.7992000000000001
1921 0.7968000000000004
1922 0.7932000000000003
1923 0.7920000000000001
1924 0.7908000000000002
1925 0.7884000000000002
1926 0.7880000000000003
1927 0.7876000000000002
1928 0.7868000000000002
1929 0.7864000000000001
1930 0.7864000000000003
1931 0.7880000000000001
1932 0.7896000000000004
1933 0.7908000000000004
1934 0.7944000000000004
1935 0.7960000000000003
1936 0.8
1937 0.8031999999999999
1938 0.8056000000000002
1939 0.8084
1940 0.8072
1941 0.8072
1942 0.8052000000000001
1943 0.804
1944 0.8024000000000001
1945 0.8024
1946 0.8000000000000002
1947 0.7996000000000001
1948 0.7984000000000002
1949 0.7976000000000002
1950 0.7968000000000002
1951 0.7940000000000002
1952 0.7936000000000003
1953 0.7924000000000002
1954 0.7924000000000002
1955 0.7952000000000002
1956 0.7956000000000004
1957 0.7968000000000005
1958 0.8004000000000002
1959 0.8028000000000002
1960 0.8052000000000002
1961 0.8080000000000004
1962 0.8116000000000002
1963 0.8124000000000002
1964 0.8128000000000002
1965 0.8108000000000003
1966 0.8092000000000001
1967 0.8080000000000002
1968 0.8080000000000002
1969 0.8068000000000001
1970 0.8056
1971 0.8056
1972 0.8044000000000001
1973 0.8028000000000002
1974 0.802
1975 0.8024
1976 0.8008
1977 0.7988
1978 0.7988000000000001
1979 0.8008000000000002
1980 0.8028
1981 0.8056
1982 0.81
1983 0.8148000000000002
1984 0.8164000000000001
1985 0.8176000000000003
1986 0.8216000000000004
1987 0.8244000000000002
1988 0.8244000000000002
1989 0.8244000000000004
1990 0.8244000000000004
1991 0.8244000000000004
1992 0.8228000000000004
1993 0.8204000000000007
1994 0.8176000000000007
1995 0.8148000000000004
1996 0.8112000000000004
1997 0.8100000000000004
1998 0.8088000000000004
1999 0.8076000000000003
