1 1.0
2 1.0
3 1.0
4 1.0
5 1.0
6 0.9984000000000001
7 0.9984000000000001
8 0.9984000000000001
9 0.9984000000000001
10 0.9984000000000001
11 0.998
12 0.998
13 0.998
14 0.9975999999999999
15 0.9975999999999999
16 0.9975999999999999
17 0.9975999999999999
18 0.9975999999999999
19 0.9975999999999999
20 0.9975999999999999
21 0.9975999999999999
22 0.9975999999999999
23 0.9975999999999999
24 0.9975999999999999
25 0.9975999999999999
26 0.9975999999999999
27 0.9975999999999999
28 0.9975999999999999
29 0.9975999999999999
30 0.9975999999999999
31 0.9975999999999999
32 0.9975999999999999
33 0.9975999999999999
34 0.9975999999999999
35 0.9975999999999999
36 0.9975999999999999
37 0.9975999999999999
38 0.9975999999999999
39 0.9975999999999999
40 0.9975999999999999
41 0.9975999999999999
42 0.9971999999999999
43 0.9971999999999999
44 0.9971999999999999
45 0.9971999999999999
46 0.9971999999999999
47 0.9971999999999999
48 0.9971999999999999
49 0.9971999999999999
50 0.9971999999999999
51 0.9971999999999999
52 0.9971999999999999
53 0.9971999999999999
54 0.9971999999999999
55 0.9971999999999999
56 0.9971999999999999
57 0.9971999999999999
58 0.9971999999999999
59 0.9971999999999999
60 0.9971999999999999
61 0.9971999999999999
62 0.9971999999999999
63 0.9971999999999999
64 0.9971999999999999
65 0.9971999999999999
66 0.9971999999999999
67 0.9971999999999999
68 0.9971999999999999
69 0.9971999999999999
70 0.9971999999999999
71 0.9971999999999999
72 0.9971999999999999
73 0.9971999999999999
74 0.9971999999999999
75 0.9971999999999999
76 0.9971999999999999
77 0.9971999999999999
78 0.9971999999999999
79 0.9971999999999999
80 0.9971999999999999
81 0.9971999999999999
82 0.9971999999999999
83 0.9971999999999999
84 0.9971999999999999
85 0.9975999999999998
86 0.9975999999999998
87 0.9975999999999998
88 0.9971999999999998
89 0.9971999999999998
90 0.9975999999999998
91 0.9979999999999998
92 0.9979999999999998
93 0.9979999999999998
94 0.9979999999999998
95 0.9979999999999998
96 0.9979999999999998
97 0.9979999999999998
98 0.9979999999999998
99 0.9979999999999998
100 0.9979999999999998
101 0.9979999999999998
102 0.9979999999999998
103 0.9979999999999998
104 0.9979999999999998
105 0.9979999999999998
106 0.9979999999999998
107 0.9979999999999998
108 0.9979999999999998
109 0.9979999999999998
110 0.9979999999999998
111 0.9979999999999998
112 0.9979999999999998
113 0.9983999999999998
114 0.9983999999999998
115 0.9983999999999998
116 0.9983999999999998
117 0.9983999999999998
118 0.9983999999999998
119 0.9983999999999998
120 0.9983999999999998
121 0.9983999999999998
122 0.9983999999999998
123 0.9983999999999998
124 0.9983999999999998
125 0.9983999999999998
126 0.9983999999999998
127 0.9983999999999998
128 0.9983999999999998
129 0.9983999999999998
130 0.9983999999999998
131 0.9983999999999998
132 0.9983999999999998
133 0.9983999999999998
134 0.9987999999999999
135 0.9987999999999999
136 0.9987999999999999
137 0.9987999999999999
138 0.9987999999999999
139 0.9987999999999999
140 0.9987999999999999
141 0.9987999999999999
142 0.9987999999999999
143 0.9987999999999999
144 0.9987999999999999
145 0.9987999999999999
146 0.9987999999999999
147 0.9987999999999999
148 0.9987999999999999
149 0.9987999999999999
150 0.9987999999999999
151 0.9987999999999999
152 0.9987999999999999
153 0.9987999999999999
154 0.9987999999999999
155 0.9987999999999999
156 0.9987999999999999
157 0.9987999999999999
158 0.9987999999999999
159 0.9987999999999999
160 0.9987999999999999
161 0.9992
162 0.9992
163 0.9992
164 0.9992
165 0.9995999999999999
166 0.9995999999999999
167 0.9991999999999999
168 0.9991999999999999
169 0.9991999999999999
170 0.9991999999999999
171 0.9991999999999999
172 0.9991999999999999
173 0.9991999999999999
174 0.9991999999999999
175 0.9991999999999999
176 0.9991999999999999
177 0.9991999999999999
178 0.9991999999999999
179 0.9991999999999999
180 0.9991999999999999
181 0.9991999999999999
182 0.9991999999999999
183 0.9995999999999999
184 0.9995999999999999
185 0.9995999999999999
186 0.9995999999999999
187 0.9995999999999999
188 0.9995999999999999
189 0.9995999999999999
190 0.9995999999999999
191 0.9995999999999999
192 0.9995999999999999
193 0.9995999999999999
194 0.9995999999999999
195 0.9995999999999999
196 0.9995999999999999
197 0.9995999999999999
198 0.9995999999999999
199 0.9995999999999999
200 0.9995999999999999
201 0.9995999999999999
202 0.9995999999999999
203 0.9995999999999999
204 0.9995999999999999
205 0.9995999999999999
206 0.9995999999999999
207 0.9995999999999999
208 0.9995999999999999
209 0.9995999999999999
210 0.9995999999999999
211 0.9995999999999999
212 0.9995999999999999
213 0.9995999999999999
214 0.9995999999999999
215 0.9995999999999999
216 0.9995999999999999
217 0.9995999999999999
218 0.9995999999999999
219 0.9995999999999999
220 0.9995999999999999
221 0.9995999999999999
222 0.9995999999999999
223 0.9995999999999999
224 0.9995999999999999
225 0.9995999999999999
226 0.9995999999999999
227 0.9995999999999999
228 0.9995999999999999
229 0.9995999999999999
230 0.9995999999999999
231 0.9995999999999999
232 0.9995999999999999
233 0.9995999999999999
234 0.9995999999999999
235 0.9995999999999999
236 0.9995999999999999
237 0.9995999999999999
238 0.9995999999999999
239 0.9995999999999999
240 0.9995999999999999
241 0.9995999999999999
242 0.9995999999999999
243 0.9995999999999999
244 0.9995999999999999
245 0.9995999999999999
246 0.9995999999999999
247 0.9995999999999999
248 0.9995999999999999
249 0.9995999999999999
250 0.9995999999999999
251 0.9995999999999999
252 0.9995999999999999
253 1.0
254 1.0
255 1.0
256 1.0
257 1.0
258 1.0
259 1.0
260 1.0
261 1.0
262 1.0
263 1.0
264 1.0
265 1.0
266 1.0
267 1.0
268 1.0
269 1.0
270 1.0
271 1.0
272 1.0
273 1.0
274 1.0
275 1.0
276 1.0
277 1.0
278 1.0
279 1.0
280 1.0
281 1.0
282 1.0
283 1.0
284 1.0
285 1.0
286 1.0
287 1.0
288 1.0
289 1.0
290 1.0
291 1.0
292 1.0
293 1.0
294 1.0
295 1.0
296 1.0
297 1.0
298 1.0
299 1.0
300 1.0
301 1.0
302 1.0
303 1.0
304 1.0
305 1.0
306 1.0
307 1.0
308 1.0
309 1.0
310 1.0
311 1.0
312 1.0
313 1.0
314 1.0
315 1.0
316 1.0
317 1.0
318 1.0
319 1.0
320 1.0
321 1.0
322 1.0
323 1.0
324 1.0
325 1.0
326 1.0
327 1.0
328 1.0
329 1.0
330 1.0
331 1.0
332 1.0
333 1.0
334 1.0
335 1.0
336 1.0
337 1.0
338 1.0
339 1.0
340 1.0
341 1.0
342 1.0
343 1.0
344 1.0
345 1.0
346 1.0
347 1.0
348 1.0
349 1.0
350 1.0
351 1.0
352 1.0
353 1.0
354 1.0
355 1.0
356 1.0
357 1.0
358 1.0
359 1.0
360 1.0
361 1.0
362 1.0
363 1.0
364 1.0
365 1.0
366 1.0
367 1.0
368 1.0
369 1.0
370 1.0
371 1.0
372 1.0
373 1.0
374 1.0
375 1.0
376 1.0
377 1.0
378 1.0
379 1.0
380 1.0
381 1.0
382 1.0
383 1.0
384 1.0
385 1.0
386 1.0
387 1.0
388 1.0
389 1.0
390 1.0
391 1.0
392 1.0
393 1.0
394 1.0
395 1.0
396 1.0
397 1.0
398 1.0
399 1.0
400 1.0
401 1.0
402 1.0
403 1.0
404 1.0
405 1.0
406 1.0
407 1.0
408 1.0
409 1.0
410 1.0
411 1.0
412 1.0
413 1.0
414 1.0
415 1.0
416 1.0
417 1.0
418 1.0
419 1.0
420 1.0
421 1.0
422 1.0
423 1.0
424 1.0
425 1.0
426 1.0
427 1.0
428 1.0
429 1.0
430 1.0
431 1.0
432 1.0
433 1.0
434 1.0
435 1.0
436 1.0
437 1.0
438 1.0
439 1.0
440 1.0
441 1.0
442 1.0
443 1.0
444 1.0
445 1.0
446 1.0
447 1.0
448 1.0
449 1.0
450 1.0
451 1.0
452 1.0
453 1.0
454 1.0
455 1.0
456 1.0
457 1.0
458 1.0
459 1.0
460 1.0
461 1.0
462 1.0
463 1.0
464 1.0
465 1.0
466 1.0
467 1.0
468 1.0
469 1.0
470 1.0
471 1.0
472 1.0
473 1.0
474 1.0
475 1.0
476 1.0
477 0.9995999999999999
478 0.9995999999999999
479 0.9995999999999999
480 0.9995999999999999
481 0.9995999999999999
482 0.9995999999999999
483 0.9995999999999999
484 0.9995999999999999
485 0.9995999999999999
486 0.9995999999999999
487 0.9995999999999999
488 0.9995999999999999
489 0.9995999999999999
490 0.9995999999999999
491 0.9995999999999999
492 0.9995999999999999
493 0.9995999999999999
494 0.9995999999999999
495 0.9995999999999999
496 0.9995999999999999
497 0.9995999999999999
498 0.9995999999999999
499 0.9995999999999999
500 0.9995999999999999
501 0.9995999999999999
502 0.9995999999999999
503 0.9995999999999999
504 0.9995999999999999
505 0.9995999999999999
506 0.9995999999999999
507 0.9995999999999999
508 0.9995999999999999
509 0.9995999999999999
510 0.9995999999999999
511 0.9995999999999999
512 0.9995999999999999
513 0.9995999999999999
514 0.9995999999999999
515 0.9995999999999999
516 0.9995999999999999
517 0.9995999999999999
518 0.9995999999999999
519 0.9995999999999999
520 0.9995999999999999
521 0.9995999999999999
522 0.9995999999999999
523 0.9995999999999999
524 0.9995999999999999
525 0.9995999999999999
526 0.9995999999999999
527 0.9995999999999999
528 0.9995999999999999
529 0.9995999999999999
530 0.9995999999999999
531 0.9995999999999999
532 0.9995999999999999
533 0.9995999999999999
534 0.9995999999999999
535 0.9995999999999999
536 0.9995999999999999
537 0.9995999999999999
538 0.9995999999999999
539 0.9995999999999999
540 0.9995999999999999
541 0.9995999999999999
542 0.9995999999999999
543 0.9995999999999999
544 0.9995999999999999
545 0.9995999999999999
546 0.9995999999999999
547 0.9995999999999999
548 0.9995999999999999
549 0.9995999999999999
550 0.9995999999999999
551 0.9995999999999999
552 0.9995999999999999
553 0.9995999999999999
554 0.9995999999999999
555 0.9995999999999999
556 0.9995999999999999
557 0.9995999999999999
558 0.9995999999999999
559 0.9995999999999999
560 0.9995999999999999
561 0.9995999999999999
562 0.9995999999999999
563 0.9995999999999999
564 0.9995999999999999
565 0.9995999999999999
566 0.9995999999999999
567 0.9995999999999999
568 0.9995999999999999
569 0.9995999999999999
570 0.9995999999999999
571 0.9995999999999999
572 0.9995999999999999
573 0.9995999999999999
574 0.9995999999999999
575 0.9995999999999999
576 0.9995999999999999
577 0.9995999999999999
578 0.9995999999999999
579 0.9995999999999999
580 0.9995999999999999
581 0.9995999999999999
582 0.9995999999999999
583 0.9995999999999999
584 0.9995999999999999
585 0.9995999999999999
586 0.9995999999999999
587 0.9995999999999999
588 0.9995999999999999
589 0.9995999999999999
590 0.9995999999999999
591 0.9995999999999999
592 0.9995999999999999
593 0.9995999999999999
594 0.9995999999999999
595 0.9995999999999999
596 0.9995999999999999
597 0.9995999999999999
598 0.9995999999999999
599 0.9995999999999999
600 0.9995999999999999
601 0.9995999999999999
602 0.9995999999999999
603 0.9995999999999999
604 0.9995999999999999
605 0.9995999999999999
606 0.9995999999999999
607 0.9995999999999999
608 0.9995999999999999
609 0.9995999999999999
610 0.9995999999999999
611 0.9995999999999999
612 0.9995999999999999
613 0.9995999999999999
614 0.9995999999999999
615 0.9995999999999999
616 0.9995999999999999
617 0.9995999999999999
618 1.0
619 1.0
620 1.0
621 1.0
622 1.0
623 1.0
624 1.0
625 1.0
626 1.0
627 1.0
628 1.0
629 1.0
630 1.0
631 1.0
632 1.0
633 1.0
634 1.0
635 1.0
636 1.0
637 1.0
638 1.0
639 1.0
640 1.0
641 1.0
642 1.0
643 1.0
644 1.0
645 1.0
646 1.0
647 1.0
648 1.0
649 1.0
650 1.0
651 1.0
652 1.0
653 1.0
654 1.0
655 1.0
656 1.0
657 1.0
658 1.0
659 1.0
660 1.0
661 1.0
662 1.0
663 1.0
664 1.0
665 1.0
666 1.0
667 1.0
668 1.0
669 1.0
670 1.0
671 1.0
672 1.0
673 1.0
674 1.0
675 1.0
676 1.0
677 1.0
678 1.0
679 1.0
680 1.0
681 1.0
682 1.0
683 1.0
684 1.0
685 1.0
686 1.0
687 1.0
688 1.0
689 1.0
690 1.0
691 1.0
692 1.0
693 1.0
694 1.0
695 1.0
696 1.0
697 1.0
698 1.0
699 1.0
700 1.0
701 1.0
702 1.0
703 1.0
704 1.0
705 1.0
706 1.0
707 1.0
708 1.0
709 1.0
710 1.0
711 1.0
712 1.0
713 1.0
714 1.0
715 1.0
716 1.0
717 1.0
718 1.0
719 1.0
720 1.0
721 1.0
722 1.0
723 1.0
724 1.0
725 1.0
726 1.0
727 1.0
728 1.0
729 1.0
730 1.0
731 1.0
732 1.0
733 1.0
734 1.0
735 1.0
736 1.0
737 1.0
738 1.0
739 1.0
740 1.0
741 1.0
742 1.0
743 1.0
744 1.0
745 1.0
746 1.0
747 1.0
748 1.0
749 1.0
750 1.0
751 1.0
752 1.0
753 1.0
754 1.0
755 1.0
756 1.0
757 1.0
758 1.0
759 1.0
760 1.0
761 1.0
762 1.0
763 1.0
764 1.0
765 1.0
766 1.0
767 1.0
768 1.0
769 1.0
770 1.0
771 1.0
772 1.0
773 1.0
774 1.0
775 1.0
776 1.0
777 1.0
778 1.0
779 1.0
780 1.0
781 1.0
782 1.0
783 1.0
784 1.0
785 1.0
786 1.0
787 1.0
788 1.0
789 1.0
790 1.0
791 1.0
792 1.0
793 1.0
794 1.0
795 1.0
796 1.0
797 1.0
798 1.0
799 1.0
800 1.0
801 1.0
802 1.0
803 1.0
804 1.0
805 1.0
806 0.9996
807 0.9996
808 0.9996
809 0.9996
810 0.9996
811 0.9996
812 0.9996
813 0.9996
814 0.9996
815 0.9996
816 0.9996
817 0.9996
818 0.9996
819 0.9996
820 0.9996
821 0.9996
822 0.9996
823 0.9996
824 0.9996
825 0.9996
826 0.9996
827 0.9996
828 0.9996
829 0.9996
830 0.9996
831 0.9996
832 0.9996
833 0.9996
834 0.9996
835 0.9996
836 0.9996
837 0.9996
838 0.9996
839 0.9996
840 0.9996
841 0.9996
842 0.9996
843 0.9996
844 0.9996
845 0.9996
846 0.9996
847 0.9996
848 0.9996
849 0.9996
850 0.9996
851 0.9996
852 0.9996
853 0.9996
854 0.9996
855 0.9992
856 0.9992
857 0.9992
858 0.9992
859 0.9992
860 0.9992
861 0.9992
862 0.9992
863 0.9992
864 0.9992
865 0.9992
866 0.9992
867 0.9992
868 0.9992
869 0.9992
870 0.9992
871 0.9992
872 0.9992
873 0.9992
874 0.9992
875 0.9992
876 0.9992
877 0.9992
878 0.9992
879 0.9992
880 0.9992
881 0.9992
882 0.9992
883 0.9992
884 0.9992
885 0.9992
886 0.9992
887 0.9992
888 0.9992
889 0.9992
890 0.9992
891 0.9992
892 0.9992
893 0.9992
894 0.9992
895 0.9992
896 0.9992
897 0.9992
898 0.9992
899 0.9992
900 0.9992
901 0.9992
902 0.9992
903 0.9992
904 0.9992
905 0.9992
906 0.9992
907 0.9992
908 0.9992
909 0.9992
910 0.9992
911 0.9992
912 0.9992
913 0.9992
914 0.9992
915 0.9992
916 0.9992
917 0.9992
918 0.9992
919 0.9992
920 0.9992
921 0.9992
922 0.9992
923 0.9992
924 0.9992
925 0.9992
926 0.9992
927 0.9992
928 0.9992
929 0.9992
930 0.9992
931 0.9992
932 0.9992
933 0.9992
934 0.9992
935 0.9992
936 0.9992
937 0.9992
938 0.9992
939 0.9992
940 0.9992
941 0.9992
942 0.9992
943 0.9992
944 0.9992
945 0.9992
946 0.9992
947 0.9992
948 0.9995999999999999
949 0.9995999999999999
950 0.9995999999999999
951 0.9995999999999999
952 0.9995999999999999
953 0.9995999999999999
954 0.9995999999999999
955 0.9995999999999999
956 0.9995999999999999
957 0.9995999999999999
958 0.9995999999999999
959 0.9995999999999999
960 0.9995999999999999
961 0.9995999999999999
962 0.9995999999999999
963 0.9995999999999999
964 0.9995999999999999
965 0.9995999999999999
966 0.9995999999999999
967 0.9995999999999999
968 0.9995999999999999
969 0.9995999999999999
970 0.9995999999999999
971 0.9995999999999999
972 0.9995999999999999
973 0.9995999999999999
974 0.9995999999999999
975 0.9995999999999999
976 0.9995999999999999
977 0.9995999999999999
978 0.9995999999999999
979 0.9995999999999999
980 0.9995999999999999
981 0.9995999999999999
982 0.9995999999999999
983 0.9995999999999999
984 0.9995999999999999
985 0.9995999999999999
986 0.9995999999999999
987 0.9995999999999999
988 0.9995999999999999
989 0.9995999999999999
990 0.9995999999999999
991 0.9995999999999999
992 0.9995999999999999
993 0.9995999999999999
994 0.9995999999999999
995 0.9995999999999999
996 0.9995999999999999
997 1.0
998 1.0
999 1.0
1000 1.0
1001 1.0
1002 1.0
1003 1.0
1004 1.0
1005 1.0
1006 1.0
1007 1.0
1008 1.0
1009 1.0
1010 1.0
1011 1.0
1012 1.0
1013 1.0
1014 1.0
1015 1.0
1016 1.0
1017 1.0
1018 1.0
1019 1.0
1020 1.0
1021 1.0
1022 1.0
1023 1.0
1024 1.0
1025 1.0
1026 1.0
1027 1.0
1028 1.0
1029 1.0
1030 1.0
1031 1.0
1032 1.0
1033 1.0
1034 1.0
1035 1.0
1036 1.0
1037 1.0
1038 1.0
1039 1.0
1040 1.0
1041 1.0
1042 1.0
1043 1.0
1044 1.0
1045 1.0
1046 1.0
1047 1.0
1048 1.0
1049 1.0
1050 1.0
1051 1.0
1052 1.0
1053 1.0
1054 1.0
1055 1.0
1056 1.0
1057 1.0
1058 1.0
1059 1.0
1060 1.0
1061 1.0
1062 1.0
1063 1.0
1064 1.0
1065 1.0
1066 1.0
1067 1.0
1068 1.0
1069 1.0
1070 1.0
1071 1.0
1072 1.0
1073 1.0
1074 1.0
1075 1.0
1076 1.0
1077 1.0
1078 1.0
1079 1.0
1080 1.0
1081 1.0
1082 1.0
1083 1.0
1084 1.0
1085 1.0
1086 1.0
1087 1.0
1088 1.0
1089 1.0
1090 1.0
1091 1.0
1092 1.0
1093 1.0
1094 1.0
1095 1.0
1096 1.0
1097 1.0
1098 1.0
1099 1.0
1100 1.0
1101 1.0
1102 1.0
1103 1.0
1104 1.0
1105 1.0
1106 1.0
1107 1.0
1108 1.0
1109 1.0
1110 1.0
1111 1.0
1112 1.0
1113 1.0
1114 1.0
1115 1.0
1116 1.0
1117 1.0
1118 1.0
1119 1.0
1120 1.0
1121 1.0
1122 1.0
1123 1.0
1124 1.0
1125 1.0
1126 1.0
1127 1.0
1128 1.0
1129 1.0
1130 1.0
1131 1.0
1132 1.0
1133 1.0
1134 1.0
1135 1.0
1136 1.0
1137 1.0
1138 1.0
1139 1.0
1140 1.0
1141 1.0
1142 1.0
1143 1.0
1144 1.0
1145 1.0
1146 1.0
1147 1.0
1148 1.0
1149 1.0
1150 1.0
1151 1.0
1152 1.0
1153 1.0
1154 1.0
1155 1.0
1156 1.0
1157 1.0
1158 1.0
1159 1.0
1160 1.0
1161 1.0
1162 1.0
1163 1.0
1164 1.0
1165 1.0
1166 1.0
1167 1.0
1168 1.0
1169 1.0
1170 1.0
1171 1.0
1172 1.0
1173 1.0
1174 1.0
1175 1.0
1176 1.0
1177 1.0
1178 1.0
1179 1.0
1180 1.0
1181 1.0
1182 1.0
1183 1.0
1184 1.0
1185 1.0
1186 1.0
1187 1.0
1188 1.0
1189 1.0
1190 1.0
1191 1.0
1192 1.0
1193 1.0
1194 1.0
1195 1.0
1196 1.0
1197 1.0
1198 1.0
1199 1.0
1200 1.0
1201 1.0
1202 1.0
1203 1.0
1204 1.0
1205 1.0
1206 1.0
1207 1.0
1208 1.0
1209 1.0
1210 1.0
1211 1.0
1212 1.0
1213 1.0
1214 1.0
1215 1.0
1216 1.0
1217 1.0
1218 1.0
1219 1.0
1220 1.0
1221 1.0
1222 1.0
1223 1.0
1224 1.0
1225 1.0
1226 1.0
1227 1.0
1228 1.0
1229 1.0
1230 1.0
1231 1.0
1232 1.0
1233 1.0
1234 1.0
1235 1.0
1236 1.0
1237 1.0
1238 1.0
1239 1.0
1240 1.0
1241 1.0
1242 1.0
1243 1.0
1244 1.0
1245 1.0
1246 1.0
1247 1.0
1248 1.0
1249 1.0
1250 1.0
1251 1.0
1252 1.0
1253 1.0
1254 1.0
1255 1.0
1256 1.0
1257 1.0
1258 1.0
1259 1.0
1260 1.0
1261 1.0
1262 1.0
1263 1.0
1264 1.0
1265 1.0
1266 1.0
1267 1.0
1268 1.0
1269 1.0
1270 1.0
1271 1.0
1272 1.0
1273 1.0
1274 1.0
1275 1.0
1276 1.0
1277 1.0
1278 1.0
1279 1.0
1280 1.0
1281 1.0
1282 1.0
1283 1.0
1284 1.0
1285 1.0
1286 1.0
1287 1.0
1288 1.0
1289 1.0
1290 1.0
1291 1.0
1292 1.0
1293 1.0
1294 1.0
1295 1.0
1296 1.0
1297 1.0
1298 1.0
1299 1.0
1300 1.0
1301 1.0
1302 1.0
1303 1.0
1304 1.0
1305 1.0
1306 1.0
1307 1.0
1308 1.0
1309 1.0
1310 1.0
1311 1.0
1312 1.0
1313 1.0
1314 1.0
1315 1.0
1316 1.0
1317 1.0
1318 1.0
1319 1.0
1320 1.0
1321 1.0
1322 1.0
1323 1.0
1324 1.0
1325 1.0
1326 1.0
1327 1.0
1328 1.0
1329 1.0
1330 1.0
1331 1.0
1332 1.0
1333 1.0
1334 1.0
1335 1.0
1336 1.0
1337 1.0
1338 1.0
1339 1.0
1340 1.0
1341 1.0
1342 1.0
1343 1.0
1344 1.0
1345 0.9996
1346 0.9996
1347 0.9996
1348 0.9996
1349 0.9996
1350 0.9996
1351 0.9996
1352 0.9996
1353 0.9996
1354 0.9996
1355 0.9996
1356 0.9996
1357 0.9996
1358 0.9996
1359 0.9996
1360 0.9996
1361 0.9996
1362 0.9996
1363 0.9996
1364 0.9996
1365 0.9996
1366 0.9996
1367 0.9996
1368 0.9996
1369 0.9996
1370 0.9996
1371 0.9996
1372 0.9996
1373 0.9996
1374 0.9996
1375 0.9996
1376 0.9996
1377 0.9996
1378 0.9996
1379 0.9996
1380 0.9996
1381 0.9996
1382 0.9996
1383 0.9996
1384 0.9996
1385 0.9996
1386 0.9996
1387 0.9996
1388 0.9996
1389 0.9996
1390 0.9996
1391 0.9996
1392 0.9996
1393 0.9996
1394 0.9996
1395 0.9996
1396 0.9996
1397 0.9996
1398 0.9996
1399 0.9996
1400 0.9996
1401 0.9996
1402 0.9996
1403 0.9996
1404 0.9996
1405 0.9996
1406 0.9996
1407 0.9996
1408 0.9996
1409 0.9996
1410 0.9996
1411 0.9996
1412 0.9996
1413 0.9996
1414 0.9996
1415 0.9996
1416 0.9996
1417 0.9996
1418 0.9996
1419 0.9996
1420 0.9996
1421 0.9996
1422 0.9996
1423 0.9996
1424 0.9996
1425 0.9996
1426 0.9996
1427 0.9996
1428 0.9996
1429 1.0
1430 1.0
1431 1.0
1432 1.0
1433 1.0
1434 1.0
1435 1.0
1436 1.0
1437 1.0
1438 1.0
1439 1.0
1440 1.0
1441 1.0
1442 1.0
1443 1.0
1444 1.0
1445 1.0
1446 1.0
1447 1.0
1448 1.0
1449 1.0
1450 1.0
1451 1.0
1452 1.0
1453 1.0
1454 1.0
1455 0.9996
1456 0.9996
1457 0.9992
1458 0.9992
1459 0.9992
1460 0.9992
1461 0.9992
1462 0.9992
1463 0.9992
1464 0.9992
1465 0.9992
1466 0.9992
1467 0.9992
1468 0.9992
1469 0.9992
1470 0.9992
1471 0.9992
1472 0.9992
1473 0.9992
1474 0.9992
1475 0.9992
1476 0.9992
1477 0.9992
1478 0.9992
1479 0.9992
1480 0.9992
1481 0.9992
1482 0.9992
1483 0.9992
1484 0.9992
1485 0.9992
1486 0.9992
1487 0.9992
1488 0.9992
1489 0.9992
1490 0.9992
1491 0.9992
1492 0.9992
1493 0.9992
1494 0.9992
1495 0.9992
1496 0.9992
1497 0.9992
1498 0.9992
1499 0.9992
1500 0.9992
1501 0.9992
1502 0.9992
1503 0.9992
1504 0.9992
1505 0.9992
1506 0.9992
1507 0.9987999999999999
1508 0.9987999999999999
1509 0.9983999999999998
1510 0.9983999999999998
1511 0.9983999999999998
1512 0.9983999999999998
1513 0.9983999999999998
1514 0.9983999999999998
1515 0.9983999999999998
1516 0.9983999999999998
1517 0.9983999999999998
1518 0.9983999999999998
1519 0.9983999999999998
1520 0.9983999999999998
1521 0.9983999999999998
1522 0.9983999999999998
1523 0.9983999999999998
1524 0.9983999999999998
1525 0.9983999999999998
1526 0.9983999999999998
1527 0.9983999999999998
1528 0.9983999999999998
1529 0.9983999999999998
1530 0.9983999999999998
1531 0.9983999999999998
1532 0.9983999999999998
1533 0.9983999999999998
1534 0.9983999999999998
1535 0.9983999999999998
1536 0.9983999999999998
1537 0.9983999999999998
1538 0.9983999999999998
1539 0.9983999999999998
1540 0.9983999999999998
1541 0.9983999999999998
1542 0.9983999999999998
1543 0.9983999999999998
1544 0.9983999999999998
1545 0.9983999999999998
1546 0.9983999999999998
1547 0.9983999999999998
1548 0.9983999999999998
1549 0.9983999999999998
1550 0.9983999999999998
1551 0.9983999999999998
1552 0.9983999999999998
1553 0.9983999999999998
1554 0.9983999999999998
1555 0.9983999999999998
1556 0.9983999999999998
1557 0.9983999999999998
1558 0.9983999999999998
1559 0.9983999999999998
1560 0.9983999999999998
1561 0.9983999999999998
1562 0.9983999999999998
1563 0.9983999999999998
1564 0.9983999999999998
1565 0.9983999999999998
1566 0.9983999999999998
1567 0.9983999999999998
1568 0.9983999999999998
1569 0.9983999999999998
1570 0.9983999999999998
1571 0.9983999999999998
1572 0.9983999999999998
1573 0.9983999999999998
1574 0.9983999999999998
1575 0.9983999999999998
1576 0.9983999999999998
1577 0.9983999999999998
1578 0.9983999999999998
1579 0.9983999999999998
1580 0.9983999999999998
1581 0.9983999999999998
1582 0.9983999999999998
1583 0.9983999999999998
1584 0.9983999999999998
1585 0.9983999999999998
1586 0.9983999999999998
1587 0.9983999999999998
1588 0.9983999999999998
1589 0.9983999999999998
1590 0.9983999999999998
1591 0.9983999999999998
1592 0.9983999999999998
1593 0.9983999999999998
1594 0.9983999999999998
1595 0.9983999999999998
1596 0.9983999999999998
1597 0.9983999999999998
1598 0.9983999999999998
1599 0.9983999999999998
1600 0.9987999999999999
1601 0.9987999999999999
1602 0.9992
1603 0.9992
1604 0.9992
1605 0.9992
1606 0.9992
1607 0.9992
1608 0.9992
1609 0.9992
1610 0.9992
1611 0.9992
1612 0.9992
1613 0.9992
1614 0.9992
1615 0.9992
1616 0.9992
1617 0.9992
1618 0.9992
1619 0.9996
1620 0.9996
1621 0.9996
1622 0.9996
1623 0.9996
1624 0.9996
1625 0.9996
1626 0.9996
1627 0.9996
1628 0.9996
1629 0.9996
1630 0.9996
1631 0.9996
1632 0.9996
1633 0.9996
1634 0.9996
1635 0.9996
1636 0.9996
1637 0.9996
1638 0.9996
1639 0.9996
1640 0.9996
1641 0.9996
1642 0.9996
1643 0.9996
1644 0.9996
1645 0.9996
1646 0.9996
1647 0.9996
1648 0.9992
1649 0.9992
1650 0.9992
1651 0.9992
1652 0.9992
1653 0.9992
1654 0.9992
1655 0.9992
1656 0.9992
1657 0.9992
1658 0.9992
1659 0.9992
1660 0.9992
1661 0.9992
1662 0.9992
1663 0.9992
1664 0.9992
1665 0.9992
1666 0.9992
1667 0.9992
1668 0.9996
1669 0.9996
1670 0.9996
1671 0.9996
1672 0.9996
1673 0.9996
1674 0.9996
1675 0.9996
1676 0.9996
1677 0.9996
1678 0.9996
1679 0.9996
1680 0.9996
1681 0.9996
1682 0.9996
1683 0.9996
1684 0.9996
1685 0.9996
1686 0.9996
1687 0.9996
1688 0.9996
1689 0.9996
1690 0.9996
1691 0.9996
1692 0.9996
1693 0.9996
1694 0.9996
1695 0.9996
1696 0.9996
1697 0.9996
1698 0.9996
1699 0.9996
1700 0.9996
1701 0.9996
1702 0.9996
1703 0.9996
1704 0.9996
1705 0.9996
1706 0.9996
1707 0.9996
1708 0.9996
1709 0.9996
1710 0.9996
1711 0.9996
1712 0.9996
1713 0.9996
1714 0.9996
1715 0.9996
1716 0.9996
1717 0.9996
1718 0.9996
1719 1.0
1720 1.0
1721 1.0
1722 1.0
1723 1.0
1724 1.0
1725 1.0
1726 1.0
1727 1.0
1728 1.0
1729 1.0
1730 1.0
1731 1.0
1732 1.0
1733 1.0
1734 1.0
1735 1.0
1736 1.0
1737 1.0
1738 1.0
1739 1.0
1740 1.0
1741 1.0
1742 1.0
1743 1.0
1744 1.0
1745 1.0
1746 1.0
1747 1.0
1748 1.0
1749 1.0
1750 1.0
1751 1.0
1752 1.0
1753 1.0
1754 1.0
1755 1.0
1756 1.0
1757 1.0
1758 1.0
1759 1.0
1760 1.0
1761 1.0
1762 1.0
1763 1.0
1764 1.0
1765 1.0
1766 1.0
1767 1.0
1768 1.0
1769 1.0
1770 1.0
1771 1.0
1772 1.0
1773 1.0
1774 1.0
1775 1.0
1776 1.0
1777 1.0
1778 1.0
1779 1.0
1780 1.0
1781 1.0
1782 1.0
1783 1.0
1784 1.0
1785 1.0
1786 1.0
1787 1.0
1788 1.0
1789 1.0
1790 1.0
1791 1.0
1792 1.0
1793 1.0
1794 1.0
1795 1.0
1796 1.0
1797 1.0
1798 1.0
1799 1.0
1800 1.0
1801 1.0
1802 1.0
1803 1.0
1804 1.0
1805 1.0
1806 1.0
1807 1.0
1808 1.0
1809 1.0
1810 1.0
1811 1.0
1812 1.0
1813 1.0
1814 1.0
1815 1.0
1816 1.0
1817 1.0
1818 1.0
1819 1.0
1820 0.9996
1821 0.9996
1822 0.9996
1823 0.9996
1824 0.9996
1825 0.9996
1826 0.9996
1827 0.9996
1828 0.9996
1829 0.9996
1830 0.9996
1831 0.9996
1832 0.9996
1833 0.9996
1834 0.9996
1835 0.9996
1836 0.9996
1837 0.9996
1838 0.9996
1839 0.9996
1840 0.9996
1841 0.9996
1842 0.9996
1843 0.9996
1844 0.9996
1845 0.9996
1846 0.9996
1847 0.9996
1848 0.9996
1849 0.9996
1850 0.9996
1851 0.9996
1852 0.9996
1853 0.9996
1854 0.9996
1855 0.9996
1856 0.9996
1857 0.9996
1858 0.9996
1859 0.9996
1860 0.9996
1861 0.9996
1862 0.9996
1863 0.9996
1864 0.9996
1865 0.9996
1866 0.9996
1867 0.9996
1868 0.9996
1869 0.9996
1870 0.9996
1871 0.9996
1872 0.9996
1873 0.9996
1874 0.9996
1875 0.9996
1876 0.9996
1877 0.9996
1878 0.9996
1879 0.9996
1880 0.9996
1881 0.9996
1882 0.9996
1883 0.9996
1884 0.9996
1885 0.9996
1886 0.9996
1887 0.9996
1888 0.9996
1889 0.9996
1890 0.9996
1891 0.9996
1892 0.9996
1893 0.9996
1894 0.9996
1895 0.9996
1896 0.9996
1897 0.9996
1898 0.9996
1899 0.9996
1900 0.9996
1901 0.9996
1902 0.9996
1903 0.9996
1904 0.9996
1905 0.9996
1906 0.9996
1907 0.9996
1908 0.9996
1909 0.9996
1910 0.9996
1911 0.9996
1912 0.9996
1913 1.0
1914 1.0
1915 1.0
1916 1.0
1917 0.9996
1918 0.9996
1919 0.9996
1920 0.9996
1921 0.9996
1922 0.9996
1923 0.9996
1924 0.9996
1925 0.9996
1926 0.9992
1927 0.9992
1928 0.9992
1929 0.9992
1930 0.9992
1931 0.9992
1932 0.9992
1933 0.9992
1934 0.9992
1935 0.9992
1936 0.9992
1937 0.9992
1938 0.9992
1939 0.9992
1940 0.9992
1941 0.9992
1942 0.9992
1943 0.9992
1944 0.9992
1945 0.9992
1946 0.9992
1947 0.9992
1948 0.9992
1949 0.9992
1950 0.9992
1951 0.9992
1952 0.9992
1953 0.9992
1954 0.9992
1955 0.9992
1956 0.9992
1957 0.9992
1958 0.9992
1959 0.9992
1960 0.9992
1961 0.9992
1962 0.9992
1963 0.9992
1964 0.9992
1965 0.9992
1966 0.9992
1967 0.9992
1968 0.9992
1969 0.9992
1970 0.9992
1971 0.9992
1972 0.9992
1973 0.9992
1974 0.9992
1975 0.9992
1976 0.9992
1977 0.9992
1978 0.9992
1979 0.9992
1980 0.9992
1981 0.9992
1982 0.9992
1983 0.9992
1984 0.9992
1985 0.9992
1986 0.9992
1987 0.9992
1988 0.9992
1989 0.9992
1990 0.9992
1991 0.9992
1992 0.9992
1993 0.9992
1994 0.9992
1995 0.9992
1996 0.9992
1997 0.9992
1998 0.9992
1999 0.9992
