1 1.0
2 1.0
3 1.0
4 1.0
5 0.9995999999999999
6 0.9991999999999999
7 0.9987999999999999
8 0.9987999999999999
9 0.9979999999999998
10 0.9979999999999998
11 0.9971999999999999
12 0.9967999999999998
13 0.9963999999999997
14 0.9959999999999997
15 0.9955999999999997
16 0.9955999999999997
17 0.9943999999999998
18 0.9931999999999997
19 0.9927999999999999
20 0.9923999999999998
21 0.9896
22 0.9887999999999999
23 0.9875999999999999
24 0.9855999999999999
25 0.9851999999999999
26 0.9847999999999998
27 0.9835999999999998
28 0.9819999999999998
29 0.9803999999999998
30 0.9795999999999998
31 0.9787999999999998
32 0.9779999999999999
33 0.9775999999999998
34 0.9771999999999998
35 0.976
36 0.9739999999999999
37 0.9739999999999999
38 0.9727999999999999
39 0.9715999999999998
40 0.9699999999999998
41 0.9691999999999997
42 0.9683999999999997
43 0.9675999999999998
44 0.9643999999999998
45 0.9631999999999998
46 0.9619999999999996
47 0.9611999999999996
48 0.9599999999999997
49 0.9591999999999997
50 0.9571999999999997
51 0.9571999999999997
52 0.9567999999999997
53 0.9535999999999997
54 0.9511999999999997
55 0.9499999999999997
56 0.9483999999999998
57 0.9447999999999998
58 0.9435999999999999
59 0.9435999999999999
60 0.9431999999999999
61 0.9423999999999999
62 0.9420000000000001
63 0.9404
64 0.9392
65 0.9384
66 0.9384
67 0.9383999999999999
68 0.9368
69 0.9327999999999996
70 0.9319999999999997
71 0.9311999999999998
72 0.9283999999999998
73 0.9268
74 0.9268
75 0.9247999999999998
76 0.9247999999999998
77 0.9235999999999999
78 0.9223999999999998
79 0.9211999999999998
80 0.9195999999999998
81 0.9187999999999998
82 0.9175999999999997
83 0.9171999999999998
84 0.9159999999999999
85 0.9144
86 0.9144
87 0.9131999999999999
88 0.9119999999999999
89 0.9103999999999999
90 0.9088
91 0.9080000000000001
92 0.9060000000000002
93 0.9036000000000002
94 0.9028000000000002
95 0.9007999999999999
96 0.8996
97 0.8988
98 0.8980000000000001
99 0.8951999999999998
100 0.8923999999999999
101 0.8915999999999997
102 0.8895999999999998
103 0.8879999999999997
104 0.8875999999999997
105 0.8867999999999998
106 0.8859999999999998
107 0.8855999999999997
108 0.8843999999999997
109 0.8819999999999996
110 0.8823999999999996
111 0.8823999999999996
112 0.8835999999999997
113 0.8831999999999998
114 0.8819999999999998
115 0.8823999999999996
116 0.8803999999999997
117 0.8791999999999999
118 0.8783999999999998
119 0.8767999999999998
120 0.8739999999999999
121 0.8727999999999999
122 0.8699999999999999
123 0.8659999999999997
124 0.8647999999999998
125 0.8635999999999997
126 0.8615999999999998
127 0.8595999999999998
128 0.8575999999999999
129 0.8548
130 0.8536
131 0.8540000000000001
132 0.8540000000000001
133 0.8552
134 0.856
135 0.8568000000000001
136 0.8588000000000001
137 0.8608
138 0.8604
139 0.8592
140 0.8595999999999999
141 0.8600000000000001
142 0.8580000000000001
143 0.8568000000000001
144 0.8552000000000001
145 0.8540000000000001
146 0.852
147 0.848
148 0.8456
149 0.8420000000000002
150 0.8408000000000001
151 0.8384000000000001
152 0.8372000000000002
153 0.8360000000000001
154 0.8348
155 0.8364000000000001
156 0.8380000000000003
157 0.8396000000000001
158 0.8428000000000001
159 0.8428
160 0.8412000000000002
161 0.8392000000000001
162 0.8408
163 0.8403999999999999
164 0.84
165 0.8388000000000001
166 0.8364
167 0.8344000000000001
168 0.8323999999999999
169 0.8312
170 0.8300000000000002
171 0.8292000000000002
172 0.8276
173 0.8256000000000001
174 0.8244000000000001
175 0.8224000000000001
176 0.8200000000000003
177 0.8200000000000002
178 0.8180000000000001
179 0.8184000000000001
180 0.8192000000000003
181 0.8240000000000002
182 0.8260000000000001
183 0.8288000000000002
184 0.8316000000000006
185 0.8312000000000005
186 0.8316000000000003
187 0.8320000000000003
188 0.8292000000000003
189 0.8272000000000003
190 0.8260000000000002
191 0.8252000000000003
192 0.8224000000000002
193 0.8196000000000003
194 0.8176000000000003
195 0.8164000000000005
196 0.8144000000000005
197 0.8124000000000003
198 0.8116000000000004
199 0.8108000000000005
200 0.8064000000000004
201 0.8052000000000004
202 0.8044000000000004
203 0.8040000000000005
204 0.8068000000000002
205 0.8100000000000003
206 0.8124000000000002
207 0.8180000000000001
208 0.8236
209 0.8248000000000002
210 0.8240000000000001
211 0.8256
212 0.8244000000000002
213 0.8244000000000002
214 0.8232000000000003
215 0.8208000000000003
216 0.8184
217 0.8160000000000001
218 0.8103999999999999
219 0.8083999999999999
220 0.8048000000000001
221 0.8028000000000002
222 0.7996000000000002
223 0.7984000000000002
224 0.7952000000000001
225 0.7936000000000001
226 0.7928000000000002
227 0.7928000000000002
228 0.7972000000000001
229 0.8012000000000004
230 0.8024000000000002
231 0.8024000000000001
232 0.8052000000000001
233 0.8092
234 0.8119999999999998
235 0.8123999999999998
236 0.8123999999999999
237 0.8104
238 0.8088000000000001
239 0.8072000000000001
240 0.8064
241 0.8052000000000001
242 0.8032
243 0.8000000000000002
244 0.7980000000000002
245 0.7948
246 0.7911999999999999
247 0.7888
248 0.7872000000000001
249 0.7848
250 0.7867999999999999
251 0.7867999999999999
252 0.7867999999999999
253 0.7872
254 0.7892
255 0.7924000000000001
256 0.7928000000000002
257 0.7944000000000002
258 0.7976000000000002
259 0.7984
260 0.7988000000000001
261 0.7972000000000001
262 0.7956
263 0.7924000000000001
264 0.7904000000000001
265 0.7888000000000003
266 0.7852000000000002
267 0.7836000000000003
268 0.7820000000000004
269 0.7800000000000002
270 0.7792000000000001
271 0.7776000000000001
272 0.7744
273 0.7720000000000001
274 0.7748000000000002
275 0.7744
276 0.7744000000000001
277 0.7768
278 0.7804000000000001
279 0.7836000000000002
280 0.7864000000000001
281 0.7876000000000002
282 0.7884
283 0.7884000000000002
284 0.7872000000000002
285 0.7868000000000002
286 0.7856000000000002
287 0.7820000000000001
288 0.7812000000000002
289 0.7784000000000002
290 0.7764000000000002
291 0.7728000000000002
292 0.7704000000000002
293 0.7696000000000002
294 0.7684000000000002
295 0.7684000000000002
296 0.7656000000000002
297 0.7640000000000002
298 0.7628000000000001
299 0.7628000000000001
300 0.7640000000000002
301 0.7644000000000004
302 0.7692000000000001
303 0.7724000000000002
304 0.7768
305 0.7796
306 0.7807999999999998
307 0.7816
308 0.7807999999999999
309 0.7796
310 0.7784
311 0.7764000000000002
312 0.7736000000000002
313 0.7704000000000001
314 0.7684000000000001
315 0.7664000000000003
316 0.7636000000000002
317 0.7592000000000002
318 0.7572000000000003
319 0.7572000000000001
320 0.7555999999999998
321 0.7539999999999999
322 0.7528
323 0.7523999999999996
324 0.7531999999999998
325 0.7596000000000003
326 0.7655999999999998
327 0.7704000000000001
328 0.7732000000000001
329 0.7759999999999999
330 0.7780000000000002
331 0.7795999999999998
332 0.7804000000000001
333 0.7807999999999999
334 0.7787999999999999
335 0.7767999999999999
336 0.7755999999999998
337 0.7711999999999999
338 0.7679999999999998
339 0.7639999999999998
340 0.7599999999999999
341 0.7571999999999999
342 0.7556
343 0.7532
344 0.7515999999999997
345 0.7487999999999997
346 0.7495999999999998
347 0.7507999999999998
348 0.7527999999999999
349 0.7571999999999999
350 0.7619999999999999
351 0.7635999999999998
352 0.7652
353 0.7704
354 0.7756000000000002
355 0.7756000000000003
356 0.7752000000000003
357 0.7752000000000002
358 0.7720000000000001
359 0.7700000000000001
360 0.768
361 0.7660000000000001
362 0.7644
363 0.7619999999999999
364 0.7599999999999999
365 0.7571999999999999
366 0.7547999999999999
367 0.7536
368 0.7504
369 0.7463999999999998
370 0.7443999999999998
371 0.7444
372 0.7464
373 0.748
374 0.7528
375 0.7544000000000001
376 0.7576
377 0.7612000000000001
378 0.7624000000000001
379 0.7652
380 0.7648
381 0.7624000000000001
382 0.76
383 0.7575999999999999
384 0.7539999999999999
385 0.7524000000000001
386 0.7504
387 0.7475999999999999
388 0.7431999999999997
389 0.7407999999999998
390 0.7375999999999999
391 0.7364
392 0.7348
393 0.7332
394 0.7315999999999999
395 0.7324
396 0.7343999999999999
397 0.7387999999999998
398 0.7407999999999998
399 0.7443999999999998
400 0.7471999999999999
401 0.75
402 0.7528000000000002
403 0.7572000000000001
404 0.7567999999999999
405 0.7559999999999999
406 0.7544
407 0.7527999999999999
408 0.7511999999999999
409 0.748
410 0.7455999999999999
411 0.7439999999999999
412 0.7412000000000001
413 0.7408
414 0.7388000000000001
415 0.7364
416 0.7327999999999999
417 0.73
418 0.73
419 0.7288
420 0.7320000000000002
421 0.7368000000000001
422 0.7404000000000002
423 0.7448000000000004
424 0.7464000000000002
425 0.7468000000000002
426 0.7508000000000001
427 0.7524000000000004
428 0.7536000000000002
429 0.752
430 0.7512000000000001
431 0.75
432 0.7464
433 0.7428000000000001
434 0.7412000000000002
435 0.7384000000000003
436 0.7344000000000003
437 0.7296000000000002
438 0.7272000000000002
439 0.7276
440 0.7256
441 0.7248000000000002
442 0.7244000000000003
443 0.7252000000000003
444 0.7288000000000002
445 0.7316000000000003
446 0.7352000000000004
447 0.7404000000000004
448 0.7428000000000003
449 0.7476000000000002
450 0.752
451 0.7568000000000003
452 0.7559999999999999
453 0.7552
454 0.7528
455 0.7508000000000001
456 0.75
457 0.7488000000000001
458 0.7468
459 0.7428000000000001
460 0.7412000000000001
461 0.7392
462 0.7372
463 0.7359999999999998
464 0.7319999999999999
465 0.7311999999999999
466 0.7308
467 0.7304
468 0.7303999999999999
469 0.7375999999999999
470 0.74
471 0.7436000000000003
472 0.7492000000000004
473 0.7528000000000002
474 0.7536000000000004
475 0.7556000000000005
476 0.7556000000000002
477 0.7552000000000002
478 0.752
479 0.7496
480 0.746
481 0.7411999999999999
482 0.7384
483 0.7355999999999999
484 0.7331999999999997
485 0.73
486 0.7276
487 0.7224
488 0.7184
489 0.7148
490 0.7152
491 0.7172
492 0.7192000000000001
493 0.7256
494 0.7296
495 0.7340000000000001
496 0.7395999999999999
497 0.7432
498 0.7436
499 0.7456000000000002
500 0.7468
501 0.746
502 0.7415999999999999
503 0.738
504 0.7351999999999999
505 0.7343999999999998
506 0.7311999999999999
507 0.7283999999999997
508 0.7259999999999996
509 0.7243999999999998
510 0.7219999999999998
511 0.7192000000000001
512 0.7172
513 0.7160000000000001
514 0.7160000000000001
515 0.7164
516 0.7192000000000001
517 0.7216000000000001
518 0.726
519 0.7303999999999998
520 0.7355999999999999
521 0.74
522 0.7436
523 0.7439999999999999
524 0.7428
525 0.7427999999999999
526 0.7427999999999999
527 0.7411999999999999
528 0.7376
529 0.736
530 0.7336
531 0.7291999999999998
532 0.7264
533 0.7227999999999999
534 0.7219999999999999
535 0.7183999999999999
536 0.7152
537 0.7127999999999999
538 0.7116
539 0.7123999999999999
540 0.7132000000000001
541 0.7208
542 0.7235999999999998
543 0.728
544 0.7319999999999999
545 0.7339999999999999
546 0.7392
547 0.7432000000000001
548 0.7391999999999999
549 0.7384
550 0.736
551 0.732
552 0.7295999999999999
553 0.7276
554 0.7247999999999999
555 0.72
556 0.7168000000000001
557 0.7152
558 0.7147999999999999
559 0.7135999999999999
560 0.7119999999999999
561 0.7072000000000002
562 0.7060000000000001
563 0.7056
564 0.7068000000000001
565 0.7084
566 0.7115999999999998
567 0.7171999999999998
568 0.7207999999999997
569 0.7252
570 0.7287999999999998
571 0.7327999999999999
572 0.732
573 0.7292000000000002
574 0.7272
575 0.7239999999999999
576 0.7228
577 0.718
578 0.7164
579 0.7148
580 0.7119999999999999
581 0.7088
582 0.7064
583 0.7075999999999999
584 0.7048000000000001
585 0.704
586 0.7027999999999999
587 0.7019999999999997
588 0.7035999999999997
589 0.7075999999999999
590 0.7083999999999999
591 0.7095999999999998
592 0.714
593 0.7195999999999998
594 0.7223999999999999
595 0.7255999999999997
596 0.7243999999999997
597 0.7243999999999998
598 0.7223999999999997
599 0.7195999999999997
600 0.7155999999999998
601 0.7127999999999998
602 0.7115999999999998
603 0.7083999999999997
604 0.7079999999999999
605 0.704
606 0.7015999999999998
607 0.7023999999999998
608 0.7015999999999998
609 0.7003999999999998
610 0.6999999999999998
611 0.6995999999999999
612 0.7011999999999999
613 0.7011999999999999
614 0.7071999999999997
615 0.7103999999999999
616 0.7155999999999999
617 0.7207999999999999
618 0.7251999999999998
619 0.7275999999999999
620 0.728
621 0.726
622 0.7227999999999998
623 0.7207999999999999
624 0.7183999999999997
625 0.7171999999999998
626 0.7155999999999999
627 0.7111999999999997
628 0.7083999999999997
629 0.7067999999999998
630 0.7047999999999998
631 0.7027999999999998
632 0.6999999999999997
633 0.6975999999999998
634 0.6967999999999998
635 0.6975999999999998
636 0.7011999999999997
637 0.7039999999999996
638 0.7115999999999998
639 0.7151999999999997
640 0.7195999999999997
641 0.7259999999999998
642 0.7287999999999998
643 0.7295999999999998
644 0.7288000000000001
645 0.7267999999999999
646 0.7260000000000001
647 0.7223999999999998
648 0.7183999999999997
649 0.7151999999999998
650 0.7111999999999999
651 0.7095999999999998
652 0.7063999999999997
653 0.7011999999999999
654 0.6991999999999998
655 0.6935999999999999
656 0.6935999999999999
657 0.6923999999999998
658 0.6903999999999999
659 0.6955999999999999
660 0.7023999999999999
661 0.7083999999999999
662 0.7132
663 0.714
664 0.7179999999999999
665 0.7204
666 0.7212
667 0.7232
668 0.7227999999999999
669 0.7215999999999998
670 0.72
671 0.7184
672 0.7148
673 0.7112
674 0.7076
675 0.7051999999999999
676 0.7024000000000001
677 0.6964
678 0.6944
679 0.6903999999999999
680 0.6908
681 0.6875999999999999
682 0.6879999999999998
683 0.6867999999999997
684 0.6907999999999999
685 0.6960000000000001
686 0.7040000000000002
687 0.7096000000000001
688 0.7128
689 0.7147999999999999
690 0.7184
691 0.7212000000000001
692 0.7212000000000001
693 0.7184
694 0.7164000000000001
695 0.7144000000000001
696 0.7124000000000001
697 0.7095999999999999
698 0.7063999999999999
699 0.7031999999999999
700 0.7007999999999999
701 0.696
702 0.6936
703 0.6931999999999999
704 0.6923999999999999
705 0.6908
706 0.6923999999999998
707 0.694
708 0.6983999999999999
709 0.7027999999999999
710 0.7079999999999997
711 0.7116
712 0.7160000000000001
713 0.7191999999999998
714 0.7256
715 0.7263999999999997
716 0.7288
717 0.7272
718 0.7255999999999999
719 0.7224
720 0.7188000000000001
721 0.7156
722 0.7124000000000003
723 0.7092000000000002
724 0.7072000000000002
725 0.7036000000000001
726 0.7020000000000001
727 0.6992
728 0.6964
729 0.6924000000000001
730 0.6927999999999999
731 0.6951999999999999
732 0.6968
733 0.6995999999999998
734 0.7019999999999996
735 0.7087999999999998
736 0.7108
737 0.7147999999999999
738 0.7183999999999999
739 0.7203999999999999
740 0.7203999999999999
741 0.7183999999999999
742 0.7152
743 0.7116
744 0.7083999999999999
745 0.7075999999999999
746 0.7031999999999999
747 0.6995999999999999
748 0.6967999999999998
749 0.6928
750 0.6916
751 0.6884
752 0.6868
753 0.6855999999999999
754 0.6856
755 0.6880000000000002
756 0.6900000000000002
757 0.6951999999999999
758 0.6983999999999999
759 0.7043999999999998
760 0.7135999999999999
761 0.7199999999999998
762 0.7259999999999998
763 0.7251999999999998
764 0.7264
765 0.7232
766 0.7191999999999997
767 0.7151999999999998
768 0.7119999999999997
769 0.7099999999999997
770 0.7071999999999998
771 0.7023999999999999
772 0.7003999999999998
773 0.6959999999999998
774 0.6919999999999998
775 0.6883999999999999
776 0.6875999999999999
777 0.6880000000000002
778 0.6872000000000001
779 0.6892
780 0.6912
781 0.694
782 0.6967999999999998
783 0.7035999999999999
784 0.7075999999999998
785 0.7111999999999999
786 0.7151999999999997
787 0.7163999999999998
788 0.7147999999999999
789 0.7147999999999999
790 0.7099999999999999
791 0.7067999999999999
792 0.7051999999999999
793 0.7019999999999998
794 0.6975999999999999
795 0.6943999999999998
796 0.6883999999999999
797 0.6864
798 0.684
799 0.6819999999999999
800 0.6803999999999999
801 0.6808000000000001
802 0.68
803 0.6848000000000001
804 0.6875999999999999
805 0.6919999999999998
806 0.6988
807 0.7019999999999998
808 0.7051999999999997
809 0.7083999999999997
810 0.7143999999999998
811 0.7143999999999998
812 0.7131999999999998
813 0.7127999999999998
814 0.7087999999999998
815 0.7056
816 0.7032
817 0.7000000000000002
818 0.6968000000000001
819 0.6940000000000001
820 0.6908000000000001
821 0.6872000000000001
822 0.6856
823 0.682
824 0.6803999999999999
825 0.6759999999999999
826 0.6731999999999999
827 0.6736
828 0.6775999999999999
829 0.6812
830 0.6872
831 0.6931999999999999
832 0.6976
833 0.7003999999999999
834 0.6995999999999999
835 0.7007999999999999
836 0.6999999999999998
837 0.7015999999999998
838 0.6988000000000001
839 0.6964000000000001
840 0.6948000000000002
841 0.6896000000000001
842 0.6856
843 0.6812
844 0.6776000000000001
845 0.6744000000000001
846 0.6716
847 0.6712
848 0.6672
849 0.6652
850 0.666
851 0.6664
852 0.6716000000000001
853 0.6759999999999999
854 0.6852000000000001
855 0.6884
856 0.6892
857 0.6936
858 0.6968000000000001
859 0.6992
860 0.7004
861 0.6988
862 0.6968
863 0.6948000000000001
864 0.6920000000000001
865 0.6876000000000001
866 0.6852000000000001
867 0.6832
868 0.6812
869 0.6796000000000001
870 0.6772
871 0.6756
872 0.6728000000000001
873 0.6716
874 0.6736000000000001
875 0.6736
876 0.6784
877 0.6808
878 0.6872000000000001
879 0.6912000000000001
880 0.6968000000000002
881 0.7012000000000004
882 0.7067999999999999
883 0.7091999999999998
884 0.7071999999999998
885 0.7067999999999998
886 0.7067999999999999
887 0.7048000000000001
888 0.7031999999999999
889 0.7003999999999999
890 0.6976
891 0.6944
892 0.6904
893 0.6868000000000001
894 0.6856
895 0.6824000000000002
896 0.6816000000000002
897 0.6784000000000002
898 0.6780000000000003
899 0.6804000000000002
900 0.6852000000000001
901 0.6872000000000001
902 0.6944
903 0.7015999999999998
904 0.7116
905 0.7175999999999996
906 0.7192000000000001
907 0.7215999999999997
908 0.7215999999999996
909 0.7215999999999997
910 0.7167999999999998
911 0.7155999999999998
912 0.7147999999999998
913 0.7131999999999998
914 0.7115999999999998
915 0.7083999999999999
916 0.7023999999999999
917 0.6995999999999999
918 0.6968000000000001
919 0.6928
920 0.6908
921 0.6883999999999999
922 0.6891999999999999
923 0.6915999999999998
924 0.6928
925 0.6927999999999999
926 0.6971999999999998
927 0.7036
928 0.7084000000000001
929 0.7140000000000001
930 0.7152
931 0.716
932 0.7151999999999998
933 0.7131999999999998
934 0.7119999999999997
935 0.7087999999999998
936 0.7059999999999998
937 0.7031999999999998
938 0.6992
939 0.6947999999999999
940 0.6915999999999998
941 0.6888
942 0.6851999999999998
943 0.6815999999999999
944 0.6796
945 0.6779999999999999
946 0.6788
947 0.6800000000000002
948 0.6804000000000001
949 0.6839999999999999
950 0.6872
951 0.6899999999999998
952 0.6955999999999999
953 0.7016
954 0.7075999999999998
955 0.7103999999999999
956 0.7084
957 0.7092
958 0.7051999999999999
959 0.7028
960 0.6983999999999999
961 0.696
962 0.6951999999999999
963 0.6928
964 0.6912
965 0.6860000000000003
966 0.6836000000000001
967 0.6800000000000002
968 0.6784
969 0.6756
970 0.6784
971 0.6796
972 0.6843999999999998
973 0.6884
974 0.6959999999999998
975 0.7031999999999999
976 0.7067999999999999
977 0.7111999999999999
978 0.7120000000000001
979 0.7152
980 0.7143999999999999
981 0.7120000000000001
982 0.7108000000000001
983 0.7100000000000002
984 0.7064000000000001
985 0.7028000000000002
986 0.7000000000000002
987 0.6956000000000002
988 0.6912000000000001
989 0.6872000000000001
990 0.6828000000000002
991 0.6808000000000003
992 0.6776000000000002
993 0.6764000000000003
994 0.6764000000000003
995 0.6800000000000004
996 0.6852000000000003
997 0.6904000000000002
998 0.6956
999 0.7016000000000004
1000 0.7044000000000001
1001 0.7092000000000002
1002 0.7128
1003 0.7120000000000001
1004 0.7120000000000002
1005 0.7112
1006 0.7092
1007 0.708
1008 0.7048000000000001
1009 0.7016
1010 0.6964
1011 0.6924000000000002
1012 0.6896000000000001
1013 0.6864000000000001
1014 0.6848000000000002
1015 0.6820000000000002
1016 0.6804000000000002
1017 0.6776000000000002
1018 0.6788
1019 0.6792000000000001
1020 0.6811999999999999
1021 0.6896
1022 0.6955999999999999
1023 0.6983999999999999
1024 0.7048000000000001
1025 0.7071999999999999
1026 0.7124000000000001
1027 0.7128
1028 0.7120000000000001
1029 0.7112
1030 0.7072000000000002
1031 0.7020000000000002
1032 0.6992000000000002
1033 0.6968000000000001
1034 0.6936000000000001
1035 0.6916000000000001
1036 0.6876000000000002
1037 0.6824000000000002
1038 0.6808
1039 0.6796000000000001
1040 0.6756
1041 0.6744
1042 0.6756
1043 0.68
1044 0.6836
1045 0.6884000000000001
1046 0.6936000000000001
1047 0.6956000000000002
1048 0.7004
1049 0.7028000000000002
1050 0.7060000000000002
1051 0.7064
1052 0.7067999999999999
1053 0.7028000000000002
1054 0.698
1055 0.6955999999999999
1056 0.6936
1057 0.6919999999999998
1058 0.6884
1059 0.6848000000000002
1060 0.6812
1061 0.6779999999999999
1062 0.6748000000000002
1063 0.6728000000000001
1064 0.6704000000000001
1065 0.6672
1066 0.6683999999999999
1067 0.6691999999999999
1068 0.6712
1069 0.6748000000000001
1070 0.6768000000000001
1071 0.6828000000000002
1072 0.6892000000000001
1073 0.6968000000000001
1074 0.6992
1075 0.6992
1076 0.698
1077 0.696
1078 0.6940000000000001
1079 0.6923999999999999
1080 0.6903999999999999
1081 0.6872000000000001
1082 0.6848000000000001
1083 0.6808000000000001
1084 0.6772
1085 0.6752000000000001
1086 0.6716000000000001
1087 0.6684
1088 0.6676000000000001
1089 0.6635999999999999
1090 0.6639999999999999
1091 0.6679999999999999
1092 0.6688
1093 0.6759999999999999
1094 0.6811999999999999
1095 0.6851999999999998
1096 0.6915999999999998
1097 0.6955999999999999
1098 0.7007999999999999
1099 0.7003999999999998
1100 0.7007999999999999
1101 0.6991999999999997
1102 0.6991999999999998
1103 0.6955999999999998
1104 0.6919999999999997
1105 0.6899999999999997
1106 0.6839999999999996
1107 0.6803999999999998
1108 0.6771999999999997
1109 0.6743999999999999
1110 0.6699999999999998
1111 0.6676000000000001
1112 0.6688
1113 0.6668000000000001
1114 0.6659999999999999
1115 0.6688
1116 0.6675999999999999
1117 0.6747999999999998
1118 0.68
1119 0.684
1120 0.6872
1121 0.6927999999999999
1122 0.6936
1123 0.6964
1124 0.7
1125 0.6992
1126 0.6968
1127 0.6951999999999999
1128 0.6931999999999999
1129 0.6903999999999998
1130 0.6859999999999998
1131 0.6827999999999999
1132 0.6792
1133 0.6764
1134 0.6764
1135 0.6759999999999999
1136 0.674
1137 0.6688
1138 0.6699999999999998
1139 0.6723999999999998
1140 0.6704000000000002
1141 0.6748000000000001
1142 0.6812
1143 0.6848000000000001
1144 0.6884
1145 0.6920000000000001
1146 0.694
1147 0.6940000000000001
1148 0.6984
1149 0.6948000000000002
1150 0.6916000000000002
1151 0.6896000000000002
1152 0.6868000000000002
1153 0.6844000000000002
1154 0.6800000000000002
1155 0.676
1156 0.6716
1157 0.6688
1158 0.6639999999999999
1159 0.662
1160 0.6603999999999999
1161 0.6607999999999998
1162 0.6587999999999999
1163 0.6623999999999998
1164 0.6683999999999998
1165 0.6731999999999998
1166 0.6787999999999998
1167 0.6823999999999999
1168 0.6868
1169 0.6899999999999998
1170 0.6951999999999998
1171 0.698
1172 0.6972
1173 0.6935999999999999
1174 0.6915999999999998
1175 0.6887999999999999
1176 0.6843999999999998
1177 0.6799999999999997
1178 0.6775999999999998
1179 0.6739999999999999
1180 0.6715999999999999
1181 0.6679999999999999
1182 0.6644000000000001
1183 0.6600000000000001
1184 0.6556000000000001
1185 0.6548
1186 0.6536
1187 0.6568
1188 0.66
1189 0.6652
1190 0.6696
1191 0.6759999999999999
1192 0.6859999999999998
1193 0.6936000000000001
1194 0.6968000000000001
1195 0.6976
1196 0.6968000000000002
1197 0.6948000000000001
1198 0.6892
1199 0.6892
1200 0.6875999999999999
1201 0.6848000000000001
1202 0.6784
1203 0.6724
1204 0.6704000000000001
1205 0.6672
1206 0.6636000000000002
1207 0.662
1208 0.6600000000000001
1209 0.6599999999999998
1210 0.6583999999999999
1211 0.6603999999999999
1212 0.6623999999999998
1213 0.6635999999999997
1214 0.6719999999999999
1215 0.6775999999999998
1216 0.6819999999999999
1217 0.6876000000000001
1218 0.6907999999999999
1219 0.6919999999999997
1220 0.6907999999999999
1221 0.6872
1222 0.6863999999999999
1223 0.6835999999999999
1224 0.6827999999999999
1225 0.6803999999999999
1226 0.6772
1227 0.6732
1228 0.6704000000000001
1229 0.6676000000000001
1230 0.6648000000000001
1231 0.6624
1232 0.6587999999999998
1233 0.6567999999999999
1234 0.6568
1235 0.6556000000000002
1236 0.6572000000000001
1237 0.6612000000000002
1238 0.666
1239 0.6708000000000002
1240 0.676
1241 0.682
1242 0.6848000000000001
1243 0.6876000000000001
1244 0.688
1245 0.6883999999999999
1246 0.6856
1247 0.6852000000000001
1248 0.6796000000000001
1249 0.6756
1250 0.6736000000000001
1251 0.6712000000000002
1252 0.6676000000000002
1253 0.6644000000000002
1254 0.6600000000000001
1255 0.6572000000000001
1256 0.6536000000000002
1257 0.6516000000000003
1258 0.6508000000000002
1259 0.6528000000000002
1260 0.6576000000000001
1261 0.6648000000000002
1262 0.6664000000000001
1263 0.6696000000000002
1264 0.676
1265 0.6796000000000001
1266 0.6851999999999998
1267 0.688
1268 0.6868
1269 0.6828
1270 0.682
1271 0.6784000000000002
1272 0.676
1273 0.6716
1274 0.6696
1275 0.6644
1276 0.6611999999999999
1277 0.6579999999999999
1278 0.6519999999999999
1279 0.6471999999999999
1280 0.6435999999999998
1281 0.6435999999999998
1282 0.6431999999999999
1283 0.6452
1284 0.6519999999999999
1285 0.6547999999999999
1286 0.66
1287 0.6651999999999998
1288 0.6719999999999999
1289 0.6751999999999998
1290 0.6796
1291 0.6848000000000001
1292 0.6827999999999999
1293 0.6811999999999999
1294 0.6795999999999998
1295 0.6775999999999999
1296 0.6743999999999999
1297 0.6731999999999999
1298 0.67
1299 0.6639999999999999
1300 0.6580000000000001
1301 0.6540000000000002
1302 0.652
1303 0.6516000000000001
1304 0.6504000000000001
1305 0.6488
1306 0.6492000000000001
1307 0.6516000000000001
1308 0.6568
1309 0.6583999999999999
1310 0.6659999999999999
1311 0.6724000000000001
1312 0.6804000000000001
1313 0.6839999999999999
1314 0.6856
1315 0.69
1316 0.69
1317 0.6903999999999999
1318 0.6883999999999998
1319 0.6835999999999999
1320 0.6815999999999999
1321 0.6788
1322 0.6763999999999999
1323 0.6708
1324 0.6675999999999999
1325 0.6664
1326 0.6628000000000001
1327 0.6607999999999999
1328 0.6588
1329 0.6568
1330 0.6564000000000001
1331 0.6536000000000002
1332 0.6604000000000001
1333 0.6644000000000001
1334 0.6688
1335 0.6784
1336 0.6835999999999999
1337 0.69
1338 0.6964
1339 0.6976
1340 0.6992
1341 0.6984
1342 0.6960000000000001
1343 0.6928
1344 0.6888
1345 0.6836
1346 0.6808
1347 0.6752000000000001
1348 0.6711999999999999
1349 0.6683999999999999
1350 0.6636
1351 0.6632000000000001
1352 0.6611999999999999
1353 0.6588
1354 0.6560000000000001
1355 0.6588000000000003
1356 0.6608000000000002
1357 0.6632000000000001
1358 0.6688000000000001
1359 0.6719999999999999
1360 0.6775999999999999
1361 0.6792
1362 0.6796
1363 0.6796
1364 0.6796000000000001
1365 0.6788
1366 0.674
1367 0.672
1368 0.6687999999999998
1369 0.6635999999999999
1370 0.66
1371 0.6572
1372 0.6547999999999999
1373 0.6527999999999998
1374 0.6516
1375 0.6499999999999999
1376 0.6483999999999999
1377 0.6483999999999999
1378 0.6512
1379 0.6548
1380 0.6580000000000001
1381 0.6631999999999999
1382 0.6668000000000001
1383 0.6679999999999999
1384 0.6728000000000001
1385 0.6779999999999999
1386 0.6768000000000001
1387 0.6796000000000001
1388 0.6824000000000001
1389 0.6808
1390 0.6768000000000001
1391 0.6744
1392 0.6724
1393 0.6672
1394 0.6624000000000001
1395 0.6579999999999999
1396 0.6548
1397 0.6499999999999999
1398 0.6483999999999999
1399 0.6463999999999999
1400 0.6463999999999999
1401 0.6452
1402 0.6447999999999999
1403 0.6436
1404 0.6464
1405 0.65
1406 0.6544000000000001
1407 0.6611999999999999
1408 0.6656
1409 0.6728000000000001
1410 0.6748000000000001
1411 0.6776000000000001
1412 0.6787999999999998
1413 0.6767999999999997
1414 0.6723999999999997
1415 0.6703999999999997
1416 0.6675999999999997
1417 0.6647999999999997
1418 0.6623999999999997
1419 0.6599999999999998
1420 0.6571999999999997
1421 0.6547999999999997
1422 0.6527999999999998
1423 0.6523999999999998
1424 0.6491999999999999
1425 0.6452
1426 0.6459999999999999
1427 0.6484000000000002
1428 0.6548
1429 0.6596
1430 0.6619999999999999
1431 0.6688000000000001
1432 0.6747999999999998
1433 0.6779999999999998
1434 0.6835999999999999
1435 0.6859999999999998
1436 0.6864
1437 0.6851999999999999
1438 0.6819999999999999
1439 0.6779999999999999
1440 0.6731999999999999
1441 0.6668
1442 0.6652
1443 0.6639999999999999
1444 0.6615999999999999
1445 0.6583999999999999
1446 0.6536
1447 0.6496
1448 0.6451999999999998
1449 0.6439999999999999
1450 0.6447999999999997
1451 0.6467999999999998
1452 0.6511999999999999
1453 0.6596000000000001
1454 0.6632000000000001
1455 0.6684000000000002
1456 0.6728000000000003
1457 0.6768000000000005
1458 0.6768000000000004
1459 0.6804000000000001
1460 0.6784
1461 0.6780000000000002
1462 0.6756
1463 0.6732
1464 0.6700000000000002
1465 0.6684000000000002
1466 0.6648000000000001
1467 0.6604000000000001
1468 0.6591999999999999
1469 0.6575999999999997
1470 0.6531999999999998
1471 0.6527999999999997
1472 0.6507999999999998
1473 0.6503999999999999
1474 0.6491999999999999
1475 0.6487999999999999
1476 0.6539999999999999
1477 0.6584000000000002
1478 0.6644000000000001
1479 0.6704000000000001
1480 0.6744000000000001
1481 0.6792000000000001
1482 0.6852000000000001
1483 0.6851999999999999
1484 0.6844000000000001
1485 0.6856
1486 0.6836
1487 0.6803999999999999
1488 0.6803999999999999
1489 0.6771999999999998
1490 0.6751999999999999
1491 0.6731999999999999
1492 0.6711999999999999
1493 0.6683999999999999
1494 0.6652
1495 0.6624
1496 0.6612
1497 0.6603999999999999
1498 0.6587999999999999
1499 0.6591999999999999
1500 0.6612
1501 0.6652
1502 0.6656
1503 0.6728000000000002
1504 0.6764
1505 0.6816
1506 0.6891999999999997
1507 0.6911999999999999
1508 0.6888
1509 0.6872
1510 0.6839999999999999
1511 0.6823999999999999
1512 0.6811999999999999
1513 0.6756
1514 0.6716
1515 0.67
1516 0.6656
1517 0.662
1518 0.6576000000000001
1519 0.6532000000000001
1520 0.6488
1521 0.6464000000000002
1522 0.644
1523 0.6448
1524 0.6488
1525 0.6527999999999998
1526 0.6635999999999999
1527 0.6711999999999998
1528 0.6723999999999998
1529 0.6783999999999999
1530 0.6799999999999998
1531 0.6816
1532 0.6812
1533 0.6804000000000001
1534 0.6776000000000001
1535 0.6728000000000003
1536 0.6680000000000003
1537 0.6624000000000002
1538 0.6580000000000003
1539 0.6544000000000003
1540 0.6516000000000001
1541 0.6472000000000001
1542 0.6452
1543 0.6416
1544 0.6392
1545 0.6364
1546 0.6352000000000001
1547 0.6368
1548 0.64
1549 0.6492
1550 0.6524000000000001
1551 0.6556000000000001
1552 0.6576000000000001
1553 0.6616
1554 0.6635999999999999
1555 0.6647999999999997
1556 0.6636
1557 0.6608000000000002
1558 0.6576000000000001
1559 0.6547999999999999
1560 0.654
1561 0.652
1562 0.6459999999999999
1563 0.6431999999999999
1564 0.6392
1565 0.6367999999999999
1566 0.6355999999999998
1567 0.6335999999999999
1568 0.6323999999999999
1569 0.6319999999999999
1570 0.632
1571 0.6368
1572 0.6387999999999999
1573 0.6463999999999999
1574 0.6511999999999999
1575 0.6559999999999998
1576 0.6595999999999997
1577 0.6635999999999997
1578 0.6631999999999999
1579 0.6659999999999999
1580 0.6651999999999998
1581 0.6663999999999999
1582 0.6647999999999997
1583 0.6623999999999998
1584 0.6603999999999999
1585 0.6560000000000001
1586 0.6535999999999998
1587 0.6476
1588 0.6455999999999998
1589 0.6431999999999999
1590 0.6415999999999998
1591 0.6392
1592 0.6392
1593 0.6356
1594 0.6352
1595 0.6355999999999999
1596 0.6408
1597 0.6455999999999998
1598 0.6524
1599 0.6604000000000001
1600 0.6632000000000001
1601 0.6696000000000001
1602 0.6740000000000002
1603 0.6764000000000001
1604 0.6792
1605 0.6772
1606 0.674
1607 0.6708
1608 0.6672
1609 0.6628000000000002
1610 0.6608000000000002
1611 0.6579999999999999
1612 0.6511999999999999
1613 0.6467999999999999
1614 0.6432000000000001
1615 0.6404000000000002
1616 0.6376000000000001
1617 0.6352000000000001
1618 0.6340000000000001
1619 0.634
1620 0.6368000000000001
1621 0.6428000000000003
1622 0.6488
1623 0.6532000000000001
1624 0.6559999999999999
1625 0.6612
1626 0.664
1627 0.6668000000000001
1628 0.6696
1629 0.6672
1630 0.6639999999999999
1631 0.6607999999999999
1632 0.6576000000000001
1633 0.6524
1634 0.6476
1635 0.6460000000000001
1636 0.6436000000000002
1637 0.6404000000000001
1638 0.6384
1639 0.6371999999999999
1640 0.6367999999999999
1641 0.6359999999999999
1642 0.632
1643 0.6312
1644 0.6396000000000001
1645 0.6460000000000001
1646 0.6507999999999999
1647 0.6556000000000001
1648 0.662
1649 0.666
1650 0.6711999999999999
1651 0.6735999999999999
1652 0.6711999999999999
1653 0.6676000000000001
1654 0.6648000000000001
1655 0.6596
1656 0.6555999999999998
1657 0.6511999999999999
1658 0.6467999999999999
1659 0.6436
1660 0.6392
1661 0.6352
1662 0.6327999999999999
1663 0.6295999999999999
1664 0.628
1665 0.6255999999999999
1666 0.6248
1667 0.628
1668 0.6332
1669 0.6404
1670 0.644
1671 0.6476
1672 0.6507999999999999
1673 0.6579999999999998
1674 0.6599999999999998
1675 0.6624
1676 0.6607999999999998
1677 0.6576
1678 0.6552
1679 0.6507999999999999
1680 0.6484000000000001
1681 0.6444000000000001
1682 0.6432000000000001
1683 0.6416000000000001
1684 0.6384000000000001
1685 0.6347999999999999
1686 0.6335999999999999
1687 0.6308
1688 0.6272
1689 0.6244000000000001
1690 0.6248
1691 0.6299999999999999
1692 0.6343999999999999
1693 0.6412
1694 0.6459999999999999
1695 0.6519999999999999
1696 0.6531999999999999
1697 0.6572
1698 0.6624
1699 0.6640000000000001
1700 0.6644000000000002
1701 0.6628000000000002
1702 0.6604000000000003
1703 0.6576000000000001
1704 0.654
1705 0.6496000000000001
1706 0.648
1707 0.6468
1708 0.644
1709 0.6416000000000001
1710 0.6380000000000001
1711 0.6380000000000001
1712 0.6364000000000002
1713 0.6356000000000003
1714 0.6352000000000001
1715 0.6336000000000002
1716 0.6380000000000003
1717 0.6504000000000002
1718 0.6556000000000002
1719 0.6628000000000001
1720 0.6676000000000001
1721 0.672
1722 0.6751999999999999
1723 0.6747999999999998
1724 0.6751999999999999
1725 0.6724
1726 0.6652
1727 0.6611999999999999
1728 0.66
1729 0.6583999999999999
1730 0.6555999999999998
1731 0.6511999999999999
1732 0.6463999999999999
1733 0.6436
1734 0.6411999999999999
1735 0.6387999999999999
1736 0.6359999999999999
1737 0.6331999999999999
1738 0.6348
1739 0.6376
1740 0.6428000000000001
1741 0.6452000000000002
1742 0.6532000000000001
1743 0.6636
1744 0.6708
1745 0.6780000000000002
1746 0.6828000000000003
1747 0.6832000000000003
1748 0.6800000000000002
1749 0.6784000000000002
1750 0.6764000000000001
1751 0.6720000000000002
1752 0.6704000000000002
1753 0.6684
1754 0.6648000000000002
1755 0.6616000000000003
1756 0.6592
1757 0.6559999999999999
1758 0.6531999999999999
1759 0.648
1760 0.6468
1761 0.6432000000000001
1762 0.642
1763 0.64
1764 0.6448000000000002
1765 0.6492
1766 0.6548
1767 0.66
1768 0.6696
1769 0.6792
1770 0.6796
1771 0.6788
1772 0.6788
1773 0.6779999999999999
1774 0.6747999999999997
1775 0.6711999999999999
1776 0.6668000000000001
1777 0.6652
1778 0.6616
1779 0.6576000000000001
1780 0.6527999999999998
1781 0.65
1782 0.648
1783 0.6444
1784 0.6408
1785 0.638
1786 0.6384
1787 0.6384000000000001
1788 0.6432000000000001
1789 0.6488
1790 0.6555999999999998
1791 0.6587999999999999
1792 0.6659999999999999
1793 0.6728000000000001
1794 0.6751999999999999
1795 0.6747999999999998
1796 0.6755999999999999
1797 0.6719999999999999
1798 0.6668
1799 0.6635999999999999
1800 0.6603999999999999
1801 0.6559999999999999
1802 0.6531999999999999
1803 0.65
1804 0.6475999999999997
1805 0.6435999999999998
1806 0.6423999999999999
1807 0.6399999999999998
1808 0.6363999999999999
1809 0.6324
1810 0.6308
1811 0.6331999999999999
1812 0.6359999999999999
1813 0.6419999999999999
1814 0.6476
1815 0.6519999999999999
1816 0.6559999999999999
1817 0.6599999999999998
1818 0.6603999999999998
1819 0.6639999999999999
1820 0.6631999999999999
1821 0.6636
1822 0.6600000000000001
1823 0.6564
1824 0.6552000000000001
1825 0.6512
1826 0.6483999999999999
1827 0.6459999999999999
1828 0.6411999999999999
1829 0.6396000000000001
1830 0.6372
1831 0.6335999999999998
1832 0.6295999999999998
1833 0.6267999999999998
1834 0.6275999999999999
1835 0.6311999999999999
1836 0.634
1837 0.6384
1838 0.6428
1839 0.6484000000000001
1840 0.6544
1841 0.6576
1842 0.6615999999999996
1843 0.6647999999999997
1844 0.6635999999999997
1845 0.6599999999999998
1846 0.6583999999999999
1847 0.6555999999999998
1848 0.6524
1849 0.6487999999999999
1850 0.6459999999999999
1851 0.6428
1852 0.6396000000000001
1853 0.6368
1854 0.634
1855 0.6312000000000001
1856 0.626
1857 0.6235999999999998
1858 0.6244
1859 0.624
1860 0.6259999999999999
1861 0.6323999999999999
1862 0.6396
1863 0.6487999999999999
1864 0.6559999999999999
1865 0.6603999999999999
1866 0.6619999999999999
1867 0.6655999999999999
1868 0.6652000000000001
1869 0.6624
1870 0.6603999999999999
1871 0.6587999999999999
1872 0.6572
1873 0.6543999999999999
1874 0.6499999999999999
1875 0.6447999999999997
1876 0.6407999999999998
1877 0.6375999999999997
1878 0.6335999999999998
1879 0.6311999999999999
1880 0.6287999999999999
1881 0.6252
1882 0.6236
1883 0.6256
1884 0.6315999999999999
1885 0.6356
1886 0.64
1887 0.6484000000000001
1888 0.6555999999999997
1889 0.6615999999999996
1890 0.664
1891 0.6688
1892 0.6728000000000002
1893 0.6712000000000002
1894 0.6676000000000001
1895 0.664
1896 0.6599999999999998
1897 0.6564
1898 0.6507999999999999
1899 0.6463999999999999
1900 0.6431999999999998
1901 0.6395999999999998
1902 0.6379999999999998
1903 0.6327999999999999
1904 0.6292
1905 0.6252
1906 0.6259999999999999
1907 0.6295999999999999
1908 0.6295999999999998
1909 0.6363999999999999
1910 0.6439999999999999
1911 0.6527999999999998
1912 0.6596
1913 0.6652
1914 0.6688000000000001
1915 0.6703999999999999
1916 0.6712
1917 0.6724000000000002
1918 0.6711999999999999
1919 0.6672
1920 0.6652
1921 0.6591999999999999
1922 0.6571999999999999
1923 0.6547999999999999
1924 0.6487999999999998
1925 0.6455999999999998
1926 0.6415999999999998
1927 0.6379999999999999
1928 0.6339999999999999
1929 0.6331999999999999
1930 0.6296
1931 0.6315999999999999
1932 0.6359999999999998
1933 0.6436
1934 0.6483999999999999
1935 0.6559999999999999
1936 0.6607999999999998
1937 0.6679999999999999
1938 0.672
1939 0.6728000000000001
1940 0.6708
1941 0.6691999999999999
1942 0.6659999999999998
1943 0.6631999999999998
1944 0.6579999999999999
1945 0.6528
1946 0.6472
1947 0.6452
1948 0.642
1949 0.6376
1950 0.6352
1951 0.6324
1952 0.6292
1953 0.6264
1954 0.6264
1955 0.6295999999999999
1956 0.6371999999999999
1957 0.6435999999999997
1958 0.6467999999999998
1959 0.6531999999999999
1960 0.6587999999999998
1961 0.6647999999999997
1962 0.6683999999999998
1963 0.6711999999999998
1964 0.6691999999999997
1965 0.6691999999999997
1966 0.6635999999999997
1967 0.6611999999999999
1968 0.6567999999999999
1969 0.6539999999999999
1970 0.6507999999999997
1971 0.6483999999999998
1972 0.6451999999999998
1973 0.6399999999999998
1974 0.6359999999999997
1975 0.6351999999999998
1976 0.6331999999999998
1977 0.6311999999999999
1978 0.6331999999999999
1979 0.6343999999999999
1980 0.6327999999999997
1981 0.6375999999999998
1982 0.6459999999999998
1983 0.6519999999999997
1984 0.6607999999999998
1985 0.6651999999999997
1986 0.6707999999999997
1987 0.6703999999999998
1988 0.6715999999999999
1989 0.6683999999999998
1990 0.6663999999999999
1991 0.6611999999999998
1992 0.6567999999999998
1993 0.6535999999999998
1994 0.6499999999999999
1995 0.6455999999999996
1996 0.6407999999999996
1997 0.6367999999999997
1998 0.6351999999999998
1999 0.6315999999999999
