1 1.0
2 1.0
3 1.0
4 1.0
5 1.0
6 1.0
7 1.0
8 1.0
9 1.0
10 1.0
11 1.0
12 1.0
13 1.0
14 1.0
15 1.0
16 1.0
17 1.0
18 1.0
19 1.0
20 1.0
21 1.0
22 1.0
23 1.0
24 1.0
25 1.0
26 1.0
27 1.0
28 1.0
29 1.0
30 1.0
31 1.0
32 1.0
33 1.0
34 1.0
35 1.0
36 1.0
37 1.0
38 1.0
39 1.0
40 1.0
41 1.0
42 1.0
43 1.0
44 1.0
45 1.0
46 1.0
47 1.0
48 1.0
49 1.0
50 1.0
51 1.0
52 1.0
53 1.0
54 1.0
55 1.0
56 1.0
57 1.0
58 1.0
59 1.0
60 1.0
61 1.0
62 1.0
63 1.0
64 1.0
65 1.0
66 1.0
67 1.0
68 1.0
69 1.0
70 1.0
71 1.0
72 1.0
73 1.0
74 1.0
75 1.0
76 1.0
77 1.0
78 1.0
79 1.0
80 1.0
81 1.0
82 1.0
83 1.0
84 1.0
85 1.0
86 1.0
87 1.0
88 1.0
89 1.0
90 1.0
91 1.0
92 1.0
93 1.0
94 1.0
95 1.0
96 1.0
97 1.0
98 1.0
99 1.0
100 1.0
101 1.0
102 1.0
103 1.0
104 1.0
105 1.0
106 1.0
107 1.0
108 1.0
109 1.0
110 1.0
111 1.0
112 1.0
113 1.0
114 1.0
115 1.0
116 1.0
117 1.0
118 1.0
119 1.0
120 1.0
121 1.0
122 1.0
123 1.0
124 1.0
125 1.0
126 1.0
127 1.0
128 1.0
129 1.0
130 1.0
131 1.0
132 1.0
133 1.0
134 1.0
135 1.0
136 1.0
137 1.0
138 1.0
139 1.0
140 1.0
141 1.0
142 1.0
143 1.0
144 1.0
145 1.0
146 1.0
147 1.0
148 1.0
149 1.0
150 1.0
151 1.0
152 1.0
153 1.0
154 1.0
155 1.0
156 1.0
157 1.0
158 1.0
159 1.0
160 1.0
161 1.0
162 1.0
163 1.0
164 1.0
165 1.0
166 1.0
167 1.0
168 1.0
169 1.0
170 1.0
171 1.0
172 1.0
173 1.0
174 1.0
175 1.0
176 1.0
177 1.0
178 1.0
179 1.0
180 1.0
181 1.0
182 1.0
183 1.0
184 1.0
185 1.0
186 1.0
187 1.0
188 1.0
189 1.0
190 1.0
191 1.0
192 1.0
193 1.0
194 1.0
195 1.0
196 1.0
197 1.0
198 1.0
199 1.0
200 1.0
201 1.0
202 1.0
203 1.0
204 1.0
205 1.0
206 1.0
207 1.0
208 1.0
209 1.0
210 1.0
211 1.0
212 1.0
213 1.0
214 1.0
215 1.0
216 1.0
217 1.0
218 1.0
219 1.0
220 1.0
221 1.0
222 1.0
223 1.0
224 1.0
225 1.0
226 1.0
227 1.0
228 1.0
229 1.0
230 1.0
231 1.0
232 1.0
233 1.0
234 1.0
235 1.0
236 1.0
237 1.0
238 1.0
239 1.0
240 1.0
241 1.0
242 1.0
243 1.0
244 1.0
245 1.0
246 1.0
247 1.0
248 1.0
249 1.0
250 1.0
251 1.0
252 1.0
253 1.0
254 1.0
255 1.0
256 1.0
257 1.0
258 1.0
259 1.0
260 1.0
261 1.0
262 1.0
263 1.0
264 1.0
265 1.0
266 1.0
267 1.0
268 1.0
269 1.0
270 1.0
271 1.0
272 1.0
273 1.0
274 1.0
275 1.0
276 1.0
277 1.0
278 1.0
279 1.0
280 1.0
281 1.0
282 1.0
283 1.0
284 1.0
285 1.0
286 1.0
287 1.0
288 1.0
289 1.0
290 1.0
291 1.0
292 1.0
293 1.0
294 1.0
295 1.0
296 1.0
297 1.0
298 1.0
299 1.0
300 1.0
301 1.0
302 1.0
303 1.0
304 1.0
305 1.0
306 1.0
307 1.0
308 1.0
309 1.0
310 1.0
311 1.0
312 1.0
313 1.0
314 1.0
315 1.0
316 1.0
317 1.0
318 1.0
319 1.0
320 1.0
321 1.0
322 1.0
323 1.0
324 1.0
325 1.0
326 1.0
327 1.0
328 1.0
329 1.0
330 1.0
331 1.0
332 1.0
333 1.0
334 1.0
335 1.0
336 1.0
337 1.0
338 1.0
339 1.0
340 1.0
341 1.0
342 1.0
343 1.0
344 1.0
345 1.0
346 1.0
347 1.0
348 1.0
349 1.0
350 1.0
351 1.0
352 1.0
353 1.0
354 1.0
355 1.0
356 1.0
357 1.0
358 1.0
359 1.0
360 1.0
361 1.0
362 1.0
363 1.0
364 1.0
365 1.0
366 1.0
367 1.0
368 1.0
369 1.0
370 1.0
371 1.0
372 1.0
373 1.0
374 1.0
375 1.0
376 1.0
377 1.0
378 1.0
379 1.0
380 1.0
381 1.0
382 1.0
383 1.0
384 1.0
385 1.0
386 1.0
387 1.0
388 1.0
389 1.0
390 1.0
391 1.0
392 1.0
393 1.0
394 1.0
395 1.0
396 1.0
397 1.0
398 1.0
399 1.0
400 1.0
401 1.0
402 1.0
403 1.0
404 1.0
405 1.0
406 1.0
407 1.0
408 1.0
409 1.0
410 1.0
411 1.0
412 1.0
413 1.0
414 1.0
415 1.0
416 1.0
417 1.0
418 1.0
419 1.0
420 1.0
421 1.0
422 1.0
423 1.0
424 1.0
425 1.0
426 1.0
427 1.0
428 1.0
429 1.0
430 1.0
431 1.0
432 1.0
433 1.0
434 1.0
435 1.0
436 1.0
437 1.0
438 1.0
439 1.0
440 1.0
441 1.0
442 1.0
443 1.0
444 1.0
445 1.0
446 1.0
447 1.0
448 1.0
449 1.0
450 1.0
451 1.0
452 1.0
453 1.0
454 1.0
455 1.0
456 1.0
457 1.0
458 1.0
459 1.0
460 1.0
461 1.0
462 1.0
463 1.0
464 1.0
465 1.0
466 1.0
467 1.0
468 1.0
469 1.0
470 1.0
471 1.0
472 1.0
473 1.0
474 1.0
475 1.0
476 1.0
477 1.0
478 1.0
479 1.0
480 1.0
481 1.0
482 1.0
483 1.0
484 1.0
485 1.0
486 1.0
487 1.0
488 1.0
489 1.0
490 1.0
491 1.0
492 1.0
493 1.0
494 1.0
495 1.0
496 1.0
497 1.0
498 1.0
499 1.0
500 1.0
501 1.0
502 1.0
503 1.0
504 1.0
505 1.0
506 1.0
507 1.0
508 1.0
509 1.0
510 1.0
511 1.0
512 1.0
513 1.0
514 1.0
515 1.0
516 1.0
517 1.0
518 1.0
519 1.0
520 1.0
521 1.0
522 1.0
523 1.0
524 1.0
525 1.0
526 1.0
527 1.0
528 1.0
529 1.0
530 1.0
531 1.0
532 1.0
533 1.0
534 1.0
535 1.0
536 1.0
537 1.0
538 1.0
539 1.0
540 1.0
541 1.0
542 1.0
543 1.0
544 1.0
545 1.0
546 1.0
547 1.0
548 1.0
549 1.0
550 1.0
551 1.0
552 1.0
553 1.0
554 1.0
555 1.0
556 1.0
557 1.0
558 1.0
559 1.0
560 1.0
561 1.0
562 1.0
563 1.0
564 1.0
565 1.0
566 1.0
567 1.0
568 1.0
569 1.0
570 1.0
571 1.0
572 1.0
573 1.0
574 1.0
575 1.0
576 1.0
577 1.0
578 1.0
579 1.0
580 1.0
581 1.0
582 1.0
583 1.0
584 1.0
585 1.0
586 1.0
587 1.0
588 1.0
589 1.0
590 1.0
591 1.0
592 1.0
593 1.0
594 1.0
595 1.0
596 1.0
597 1.0
598 1.0
599 1.0
600 1.0
601 1.0
602 1.0
603 1.0
604 1.0
605 1.0
606 1.0
607 1.0
608 1.0
609 1.0
610 1.0
611 1.0
612 1.0
613 1.0
614 1.0
615 1.0
616 1.0
617 1.0
618 1.0
619 1.0
620 1.0
621 1.0
622 1.0
623 1.0
624 1.0
625 1.0
626 1.0
627 1.0
628 1.0
629 1.0
630 1.0
631 1.0
632 1.0
633 1.0
634 1.0
635 1.0
636 1.0
637 1.0
638 1.0
639 1.0
640 1.0
641 1.0
642 1.0
643 1.0
644 1.0
645 1.0
646 1.0
647 1.0
648 1.0
649 1.0
650 1.0
651 1.0
652 1.0
653 1.0
654 1.0
655 1.0
656 1.0
657 1.0
658 1.0
659 1.0
660 1.0
661 1.0
662 1.0
663 1.0
664 1.0
665 1.0
666 1.0
667 1.0
668 1.0
669 1.0
670 1.0
671 1.0
672 1.0
673 1.0
674 1.0
675 1.0
676 1.0
677 1.0
678 1.0
679 1.0
680 1.0
681 1.0
682 1.0
683 1.0
684 1.0
685 1.0
686 1.0
687 1.0
688 1.0
689 1.0
690 1.0
691 1.0
692 1.0
693 1.0
694 1.0
695 1.0
696 1.0
697 1.0
698 1.0
699 1.0
700 1.0
701 1.0
702 1.0
703 1.0
704 1.0
705 1.0
706 1.0
707 1.0
708 1.0
709 1.0
710 1.0
711 1.0
712 1.0
713 1.0
714 1.0
715 1.0
716 1.0
717 1.0
718 1.0
719 1.0
720 1.0
721 1.0
722 1.0
723 1.0
724 1.0
725 1.0
726 1.0
727 1.0
728 1.0
729 1.0
730 1.0
731 1.0
732 1.0
733 1.0
734 1.0
735 1.0
736 1.0
737 1.0
738 1.0
739 1.0
740 1.0
741 1.0
742 1.0
743 1.0
744 1.0
745 1.0
746 1.0
747 1.0
748 1.0
749 1.0
750 1.0
751 1.0
752 1.0
753 1.0
754 1.0
755 1.0
756 1.0
757 1.0
758 1.0
759 1.0
760 1.0
761 1.0
762 1.0
763 1.0
764 1.0
765 1.0
766 1.0
767 1.0
768 1.0
769 1.0
770 1.0
771 1.0
772 1.0
773 1.0
774 1.0
775 1.0
776 1.0
777 1.0
778 1.0
779 1.0
780 1.0
781 1.0
782 1.0
783 1.0
784 1.0
785 1.0
786 1.0
787 1.0
788 1.0
789 1.0
790 1.0
791 1.0
792 1.0
793 1.0
794 1.0
795 1.0
796 1.0
797 1.0
798 1.0
799 1.0
800 1.0
801 1.0
802 1.0
803 1.0
804 1.0
805 1.0
806 1.0
807 1.0
808 1.0
809 1.0
810 1.0
811 1.0
812 1.0
813 1.0
814 1.0
815 1.0
816 1.0
817 1.0
818 1.0
819 1.0
820 1.0
821 1.0
822 1.0
823 1.0
824 1.0
825 1.0
826 1.0
827 1.0
828 1.0
829 1.0
830 1.0
831 1.0
832 1.0
833 1.0
834 1.0
835 1.0
836 1.0
837 1.0
838 1.0
839 1.0
840 1.0
841 1.0
842 1.0
843 1.0
844 1.0
845 1.0
846 1.0
847 1.0
848 1.0
849 1.0
850 1.0
851 1.0
852 1.0
853 1.0
854 1.0
855 1.0
856 1.0
857 1.0
858 1.0
859 1.0
860 1.0
861 1.0
862 1.0
863 1.0
864 1.0
865 1.0
866 1.0
867 1.0
868 1.0
869 1.0
870 1.0
871 1.0
872 1.0
873 1.0
874 1.0
875 1.0
876 1.0
877 1.0
878 1.0
879 1.0
880 1.0
881 1.0
882 1.0
883 1.0
884 1.0
885 1.0
886 1.0
887 1.0
888 1.0
889 1.0
890 1.0
891 1.0
892 1.0
893 1.0
894 1.0
895 1.0
896 1.0
897 1.0
898 1.0
899 1.0
900 1.0
901 1.0
902 1.0
903 1.0
904 1.0
905 1.0
906 1.0
907 1.0
908 1.0
909 1.0
910 1.0
911 1.0
912 1.0
913 1.0
914 1.0
915 1.0
916 1.0
917 1.0
918 1.0
919 1.0
920 1.0
921 1.0
922 1.0
923 1.0
924 1.0
925 1.0
926 1.0
927 1.0
928 1.0
929 1.0
930 1.0
931 1.0
932 1.0
933 1.0
934 1.0
935 1.0
936 1.0
937 1.0
938 1.0
939 1.0
940 1.0
941 1.0
942 1.0
943 1.0
944 1.0
945 1.0
946 1.0
947 1.0
948 1.0
949 1.0
950 1.0
951 1.0
952 1.0
953 1.0
954 1.0
955 1.0
956 1.0
957 1.0
958 1.0
959 1.0
960 1.0
961 1.0
962 1.0
963 1.0
964 1.0
965 1.0
966 1.0
967 1.0
968 1.0
969 1.0
970 1.0
971 1.0
972 1.0
973 1.0
974 1.0
975 1.0
976 1.0
977 1.0
978 1.0
979 1.0
980 1.0
981 1.0
982 1.0
983 1.0
984 1.0
985 1.0
986 1.0
987 1.0
988 1.0
989 1.0
990 1.0
991 1.0
992 1.0
993 1.0
994 1.0
995 1.0
996 1.0
997 1.0
998 1.0
999 1.0
1000 1.0
1001 1.0
1002 1.0
1003 1.0
1004 1.0
1005 1.0
1006 1.0
1007 1.0
1008 1.0
1009 1.0
1010 1.0
1011 1.0
1012 1.0
1013 1.0
1014 1.0
1015 1.0
1016 1.0
1017 1.0
1018 1.0
1019 1.0
1020 1.0
1021 1.0
1022 1.0
1023 1.0
1024 1.0
1025 1.0
1026 1.0
1027 1.0
1028 1.0
1029 1.0
1030 1.0
1031 1.0
1032 1.0
1033 1.0
1034 1.0
1035 1.0
1036 1.0
1037 1.0
1038 1.0
1039 1.0
1040 1.0
1041 1.0
1042 1.0
1043 1.0
1044 1.0
1045 1.0
1046 1.0
1047 1.0
1048 1.0
1049 1.0
1050 1.0
1051 1.0
1052 1.0
1053 1.0
1054 1.0
1055 1.0
1056 1.0
1057 1.0
1058 1.0
1059 1.0
1060 1.0
1061 1.0
1062 1.0
1063 1.0
1064 1.0
1065 1.0
1066 1.0
1067 1.0
1068 1.0
1069 1.0
1070 1.0
1071 1.0
1072 1.0
1073 1.0
1074 1.0
1075 1.0
1076 1.0
1077 1.0
1078 1.0
1079 1.0
1080 1.0
1081 1.0
1082 1.0
1083 1.0
1084 1.0
1085 1.0
1086 1.0
1087 1.0
1088 1.0
1089 1.0
1090 1.0
1091 1.0
1092 1.0
1093 1.0
1094 1.0
1095 1.0
1096 1.0
1097 1.0
1098 1.0
1099 1.0
1100 1.0
1101 1.0
1102 1.0
1103 1.0
1104 1.0
1105 1.0
1106 1.0
1107 1.0
1108 1.0
1109 1.0
1110 1.0
1111 0.9996
1112 0.9996
1113 0.9996
1114 0.9996
1115 0.9996
1116 0.9996
1117 0.9996
1118 0.9996
1119 0.9996
1120 0.9996
1121 0.9996
1122 0.9996
1123 0.9996
1124 0.9996
1125 0.9996
1126 0.9996
1127 0.9996
1128 0.9996
1129 0.9996
1130 0.9996
1131 0.9996
1132 0.9996
1133 0.9996
1134 0.9996
1135 0.9996
1136 0.9996
1137 0.9996
1138 0.9996
1139 0.9996
1140 0.9996
1141 0.9996
1142 0.9996
1143 0.9996
1144 0.9996
1145 0.9996
1146 0.9996
1147 0.9996
1148 0.9996
1149 0.9996
1150 0.9996
1151 0.9996
1152 0.9996
1153 0.9996
1154 0.9996
1155 0.9996
1156 0.9996
1157 0.9996
1158 0.9996
1159 0.9996
1160 0.9996
1161 0.9996
1162 0.9996
1163 0.9996
1164 0.9996
1165 0.9996
1166 0.9996
1167 0.9996
1168 0.9996
1169 0.9996
1170 0.9996
1171 0.9996
1172 0.9996
1173 0.9996
1174 0.9996
1175 0.9996
1176 0.9996
1177 0.9996
1178 0.9996
1179 0.9996
1180 0.9996
1181 0.9996
1182 0.9996
1183 0.9996
1184 0.9996
1185 0.9996
1186 0.9996
1187 0.9996
1188 0.9996
1189 0.9996
1190 0.9996
1191 0.9996
1192 0.9996
1193 0.9996
1194 0.9996
1195 0.9996
1196 0.9996
1197 0.9996
1198 0.9996
1199 0.9996
1200 0.9996
1201 0.9996
1202 0.9996
1203 0.9996
1204 0.9996
1205 0.9996
1206 0.9996
1207 0.9996
1208 0.9996
1209 0.9996
1210 0.9996
1211 0.9996
1212 0.9996
1213 0.9996
1214 0.9996
1215 0.9996
1216 0.9996
1217 0.9996
1218 0.9996
1219 0.9996
1220 0.9996
1221 0.9996
1222 0.9996
1223 0.9996
1224 0.9996
1225 0.9996
1226 0.9996
1227 0.9996
1228 0.9996
1229 0.9996
1230 0.9996
1231 0.9996
1232 0.9996
1233 0.9996
1234 0.9996
1235 0.9996
1236 0.9996
1237 0.9996
1238 0.9996
1239 0.9996
1240 0.9996
1241 0.9996
1242 0.9996
1243 0.9996
1244 0.9996
1245 0.9996
1246 0.9996
1247 0.9996
1248 0.9996
1249 0.9996
1250 0.9996
1251 0.9996
1252 0.9996
1253 0.9996
1254 0.9996
1255 0.9996
1256 0.9996
1257 0.9996
1258 0.9996
1259 0.9996
1260 0.9996
1261 0.9996
1262 0.9996
1263 0.9996
1264 0.9996
1265 0.9996
1266 0.9996
1267 0.9996
1268 0.9996
1269 0.9996
1270 0.9996
1271 0.9996
1272 0.9996
1273 0.9996
1274 0.9996
1275 0.9996
1276 0.9996
1277 0.9996
1278 0.9996
1279 0.9996
1280 0.9996
1281 0.9996
1282 0.9996
1283 0.9996
1284 0.9996
1285 0.9996
1286 0.9996
1287 0.9996
1288 0.9996
1289 0.9996
1290 0.9996
1291 0.9996
1292 0.9996
1293 0.9996
1294 0.9996
1295 0.9996
1296 0.9996
1297 0.9996
1298 0.9996
1299 0.9996
1300 0.9996
1301 0.9996
1302 0.9996
1303 0.9996
1304 0.9996
1305 0.9996
1306 0.9996
1307 0.9996
1308 0.9996
1309 0.9996
1310 0.9996
1311 0.9996
1312 0.9996
1313 0.9996
1314 0.9996
1315 0.9996
1316 0.9996
1317 0.9996
1318 0.9996
1319 0.9996
1320 0.9996
1321 0.9996
1322 0.9996
1323 0.9996
1324 0.9996
1325 0.9996
1326 0.9996
1327 0.9996
1328 0.9996
1329 0.9996
1330 0.9996
1331 0.9996
1332 0.9996
1333 0.9996
1334 0.9996
1335 0.9996
1336 0.9996
1337 0.9996
1338 0.9996
1339 0.9996
1340 0.9996
1341 0.9996
1342 0.9996
1343 0.9996
1344 0.9996
1345 0.9996
1346 0.9996
1347 0.9996
1348 0.9996
1349 0.9996
1350 0.9996
1351 0.9996
1352 0.9996
1353 0.9996
1354 0.9996
1355 0.9996
1356 0.9996
1357 0.9996
1358 0.9996
1359 0.9996
1360 0.9996
1361 0.9996
1362 0.9996
1363 0.9996
1364 0.9996
1365 0.9996
1366 0.9996
1367 0.9996
1368 0.9996
1369 0.9996
1370 0.9996
1371 0.9996
1372 0.9996
1373 0.9996
1374 0.9996
1375 0.9996
1376 0.9996
1377 0.9996
1378 0.9996
1379 0.9996
1380 0.9996
1381 0.9996
1382 0.9996
1383 0.9996
1384 0.9996
1385 0.9996
1386 0.9996
1387 0.9996
1388 0.9996
1389 0.9996
1390 0.9996
1391 0.9996
1392 0.9996
1393 0.9996
1394 0.9996
1395 0.9996
1396 0.9996
1397 0.9996
1398 0.9996
1399 0.9996
1400 0.9996
1401 0.9996
1402 0.9996
1403 0.9996
1404 0.9996
1405 0.9996
1406 0.9996
1407 0.9996
1408 0.9996
1409 0.9996
1410 0.9996
1411 0.9996
1412 0.9996
1413 0.9996
1414 0.9996
1415 0.9996
1416 0.9996
1417 0.9996
1418 0.9996
1419 0.9996
1420 0.9996
1421 0.9996
1422 0.9996
1423 0.9996
1424 0.9996
1425 0.9996
1426 0.9996
1427 0.9996
1428 0.9996
1429 0.9996
1430 0.9996
1431 0.9996
1432 0.9996
1433 0.9996
1434 0.9996
1435 0.9996
1436 0.9996
1437 0.9996
1438 0.9996
1439 0.9996
1440 0.9996
1441 0.9996
1442 0.9996
1443 0.9996
1444 0.9996
1445 0.9996
1446 0.9996
1447 0.9996
1448 0.9996
1449 0.9996
1450 0.9996
1451 0.9996
1452 0.9996
1453 0.9996
1454 0.9996
1455 0.9996
1456 0.9996
1457 0.9996
1458 0.9996
1459 0.9996
1460 0.9996
1461 0.9996
1462 0.9996
1463 0.9996
1464 0.9996
1465 0.9996
1466 0.9996
1467 0.9996
1468 0.9996
1469 0.9996
1470 0.9996
1471 0.9996
1472 0.9996
1473 0.9996
1474 0.9996
1475 0.9996
1476 0.9996
1477 0.9996
1478 0.9996
1479 0.9996
1480 0.9996
1481 0.9996
1482 0.9996
1483 0.9996
1484 0.9996
1485 0.9996
1486 0.9996
1487 0.9996
1488 0.9996
1489 0.9996
1490 0.9996
1491 0.9996
1492 0.9996
1493 0.9996
1494 0.9996
1495 0.9996
1496 0.9996
1497 0.9996
1498 0.9996
1499 0.9996
1500 0.9996
1501 0.9996
1502 0.9996
1503 0.9996
1504 0.9996
1505 0.9996
1506 0.9996
1507 0.9996
1508 0.9996
1509 0.9996
1510 0.9996
1511 0.9996
1512 0.9996
1513 0.9996
1514 0.9996
1515 0.9996
1516 0.9996
1517 0.9996
1518 0.9996
1519 0.9996
1520 0.9996
1521 0.9996
1522 0.9996
1523 0.9996
1524 0.9996
1525 0.9996
1526 0.9996
1527 0.9996
1528 0.9996
1529 0.9996
1530 0.9996
1531 0.9996
1532 0.9996
1533 0.9996
1534 0.9996
1535 0.9996
1536 0.9996
1537 0.9996
1538 0.9996
1539 0.9996
1540 0.9996
1541 0.9996
1542 0.9996
1543 0.9996
1544 0.9996
1545 0.9996
1546 0.9996
1547 0.9996
1548 0.9996
1549 0.9996
1550 0.9996
1551 0.9996
1552 0.9996
1553 0.9996
1554 0.9996
1555 0.9996
1556 0.9996
1557 0.9996
1558 0.9996
1559 0.9996
1560 0.9996
1561 0.9996
1562 0.9996
1563 0.9996
1564 0.9996
1565 0.9996
1566 0.9996
1567 0.9996
1568 0.9996
1569 0.9996
1570 0.9996
1571 0.9996
1572 0.9996
1573 0.9996
1574 0.9996
1575 0.9996
1576 0.9996
1577 0.9996
1578 0.9996
1579 0.9996
1580 0.9996
1581 0.9996
1582 0.9996
1583 0.9996
1584 0.9996
1585 0.9996
1586 0.9996
1587 0.9996
1588 0.9996
1589 0.9996
1590 0.9996
1591 0.9996
1592 0.9996
1593 0.9996
1594 0.9996
1595 0.9996
1596 0.9996
1597 0.9996
1598 0.9996
1599 0.9996
1600 0.9996
1601 0.9996
1602 0.9996
1603 0.9996
1604 0.9996
1605 0.9996
1606 0.9996
1607 0.9996
1608 0.9996
1609 0.9996
1610 0.9996
1611 0.9996
1612 0.9996
1613 0.9996
1614 0.9996
1615 0.9996
1616 0.9996
1617 0.9996
1618 0.9996
1619 0.9996
1620 0.9996
1621 0.9996
1622 0.9996
1623 0.9996
1624 0.9996
1625 0.9996
1626 0.9996
1627 0.9996
1628 0.9996
1629 0.9996
1630 0.9996
1631 0.9996
1632 0.9996
1633 0.9996
1634 0.9996
1635 0.9996
1636 0.9996
1637 0.9996
1638 0.9996
1639 0.9996
1640 0.9996
1641 0.9996
1642 0.9996
1643 0.9996
1644 0.9996
1645 0.9996
1646 0.9996
1647 0.9996
1648 0.9996
1649 0.9996
1650 0.9996
1651 0.9996
1652 0.9996
1653 0.9996
1654 0.9996
1655 0.9996
1656 0.9996
1657 0.9996
1658 0.9996
1659 0.9996
1660 0.9996
1661 0.9996
1662 0.9996
1663 0.9996
1664 0.9996
1665 0.9996
1666 0.9996
1667 0.9996
1668 0.9996
1669 0.9996
1670 0.9996
1671 0.9996
1672 0.9996
1673 0.9996
1674 0.9996
1675 0.9996
1676 0.9996
1677 0.9996
1678 0.9996
1679 0.9996
1680 0.9996
1681 0.9996
1682 0.9996
1683 0.9996
1684 0.9996
1685 0.9996
1686 0.9996
1687 0.9996
1688 0.9996
1689 0.9996
1690 0.9996
1691 0.9992
1692 0.9992
1693 0.9992
1694 0.9992
1695 0.9992
1696 0.9992
1697 0.9992
1698 0.9992
1699 0.9992
1700 0.9992
1701 0.9992
1702 0.9992
1703 0.9992
1704 0.9992
1705 0.9992
1706 0.9992
1707 0.9992
1708 0.9992
1709 0.9992
1710 0.9992
1711 0.9992
1712 0.9992
1713 0.9992
1714 0.9992
1715 0.9992
1716 0.9992
1717 0.9992
1718 0.9992
1719 0.9992
1720 0.9992
1721 0.9992
1722 0.9992
1723 0.9992
1724 0.9992
1725 0.9992
1726 0.9992
1727 0.9992
1728 0.9992
1729 0.9992
1730 0.9992
1731 0.9992
1732 0.9992
1733 0.9992
1734 0.9992
1735 0.9992
1736 0.9992
1737 0.9992
1738 0.9992
1739 0.9992
1740 0.9992
1741 0.9992
1742 0.9992
1743 0.9992
1744 0.9992
1745 0.9992
1746 0.9992
1747 0.9992
1748 0.9992
1749 0.9992
1750 0.9992
1751 0.9992
1752 0.9992
1753 0.9992
1754 0.9992
1755 0.9992
1756 0.9992
1757 0.9992
1758 0.9992
1759 0.9992
1760 0.9992
1761 0.9992
1762 0.9992
1763 0.9992
1764 0.9992
1765 0.9992
1766 0.9992
1767 0.9992
1768 0.9992
1769 0.9992
1770 0.9992
1771 0.9992
1772 0.9992
1773 0.9992
1774 0.9992
1775 0.9992
1776 0.9992
1777 0.9992
1778 0.9992
1779 0.9992
1780 0.9992
1781 0.9992
1782 0.9992
1783 0.9992
1784 0.9992
1785 0.9992
1786 0.9992
1787 0.9992
1788 0.9992
1789 0.9992
1790 0.9992
1791 0.9992
1792 0.9992
1793 0.9992
1794 0.9992
1795 0.9992
1796 0.9992
1797 0.9992
1798 0.9992
1799 0.9992
1800 0.9992
1801 0.9992
1802 0.9992
1803 0.9992
1804 0.9992
1805 0.9992
1806 0.9992
1807 0.9992
1808 0.9992
1809 0.9992
1810 0.9992
1811 0.9992
1812 0.9992
1813 0.9992
1814 0.9992
1815 0.9992
1816 0.9992
1817 0.9992
1818 0.9992
1819 0.9992
1820 0.9992
1821 0.9992
1822 0.9992
1823 0.9992
1824 0.9992
1825 0.9992
1826 0.9992
1827 0.9992
1828 0.9992
1829 0.9992
1830 0.9992
1831 0.9992
1832 0.9992
1833 0.9992
1834 0.9992
1835 0.9992
1836 0.9992
1837 0.9992
1838 0.9992
1839 0.9992
1840 0.9992
1841 0.9992
1842 0.9992
1843 0.9992
1844 0.9992
1845 0.9992
1846 0.9992
1847 0.9992
1848 0.9992
1849 0.9992
1850 0.9992
1851 0.9992
1852 0.9992
1853 0.9992
1854 0.9992
1855 0.9992
1856 0.9992
1857 0.9992
1858 0.9992
1859 0.9992
1860 0.9992
1861 0.9992
1862 0.9992
1863 0.9992
1864 0.9992
1865 0.9992
1866 0.9992
1867 0.9992
1868 0.9992
1869 0.9992
1870 0.9992
1871 0.9992
1872 0.9992
1873 0.9992
1874 0.9992
1875 0.9992
1876 0.9992
1877 0.9992
1878 0.9992
1879 0.9992
1880 0.9992
1881 0.9992
1882 0.9992
1883 0.9992
1884 0.9992
1885 0.9992
1886 0.9992
1887 0.9992
1888 0.9992
1889 0.9992
1890 0.9992
1891 0.9992
1892 0.9992
1893 0.9992
1894 0.9992
1895 0.9992
1896 0.9992
1897 0.9992
1898 0.9992
1899 0.9992
1900 0.9992
1901 0.9992
1902 0.9992
1903 0.9992
1904 0.9992
1905 0.9992
1906 0.9992
1907 0.9992
1908 0.9992
1909 0.9992
1910 0.9992
1911 0.9992
1912 0.9992
1913 0.9992
1914 0.9992
1915 0.9992
1916 0.9992
1917 0.9992
1918 0.9992
1919 0.9992
1920 0.9992
1921 0.9992
1922 0.9992
1923 0.9992
1924 0.9992
1925 0.9992
1926 0.9992
1927 0.9992
1928 0.9992
1929 0.9992
1930 0.9992
1931 0.9992
1932 0.9992
1933 0.9992
1934 0.9992
1935 0.9992
1936 0.9987999999999999
1937 0.9987999999999999
1938 0.9987999999999999
1939 0.9987999999999999
1940 0.9987999999999999
1941 0.9987999999999999
1942 0.9987999999999999
1943 0.9987999999999999
1944 0.9987999999999999
1945 0.9987999999999999
1946 0.9987999999999999
1947 0.9987999999999999
1948 0.9987999999999999
1949 0.9987999999999999
1950 0.9987999999999999
1951 0.9987999999999999
1952 0.9987999999999999
1953 0.9987999999999999
1954 0.9987999999999999
1955 0.9987999999999999
1956 0.9987999999999999
1957 0.9987999999999999
1958 0.9987999999999999
1959 0.9987999999999999
1960 0.9987999999999999
1961 0.9987999999999999
1962 0.9987999999999999
1963 0.9987999999999999
1964 0.9987999999999999
1965 0.9987999999999999
1966 0.9987999999999999
1967 0.9987999999999999
1968 0.9987999999999999
1969 0.9987999999999999
1970 0.9987999999999999
1971 0.9987999999999999
1972 0.9987999999999999
1973 0.9987999999999999
1974 0.9987999999999999
1975 0.9987999999999999
1976 0.9987999999999999
1977 0.9987999999999999
1978 0.9987999999999999
1979 0.9987999999999999
1980 0.9987999999999999
1981 0.9987999999999999
1982 0.9987999999999999
1983 0.9987999999999999
1984 0.9987999999999999
1985 0.9987999999999999
1986 0.9987999999999999
1987 0.9987999999999999
1988 0.9987999999999999
1989 0.9987999999999999
1990 0.9987999999999999
1991 0.9987999999999999
1992 0.9987999999999999
1993 0.9987999999999999
1994 0.9987999999999999
1995 0.9987999999999999
1996 0.9987999999999999
1997 0.9987999999999999
1998 0.9987999999999999
1999 0.9987999999999999
