1 1.0
2 1.0
3 1.0
4 1.0
5 1.0
6 1.0
7 1.0
8 1.0
9 1.0
10 0.9995999999999999
11 0.9992
12 0.9987999999999999
13 0.9983999999999998
14 0.9979999999999998
15 0.9975999999999999
16 0.9975999999999999
17 0.9971999999999999
18 0.9971999999999999
19 0.9959999999999998
20 0.9955999999999997
21 0.9951999999999996
22 0.9939999999999997
23 0.9935999999999996
24 0.9935999999999996
25 0.9935999999999996
26 0.9935999999999996
27 0.9931999999999996
28 0.9919999999999998
29 0.9903999999999997
30 0.9883999999999997
31 0.9875999999999998
32 0.9859999999999998
33 0.9851999999999999
34 0.9851999999999999
35 0.9851999999999999
36 0.9851999999999999
37 0.9835999999999998
38 0.9827999999999999
39 0.9819999999999999
40 0.9803999999999999
41 0.9791999999999998
42 0.9783999999999999
43 0.9771999999999998
44 0.9743999999999998
45 0.9731999999999996
46 0.9723999999999997
47 0.9711999999999997
48 0.9699999999999998
49 0.9679999999999999
50 0.9671999999999998
51 0.9663999999999998
52 0.9655999999999999
53 0.9651999999999998
54 0.9635999999999997
55 0.9587999999999998
56 0.9583999999999997
57 0.9571999999999998
58 0.9547999999999999
59 0.9531999999999999
60 0.9504
61 0.9492
62 0.9484
63 0.9464
64 0.9444
65 0.9424000000000001
66 0.9416
67 0.9404
68 0.9400000000000002
69 0.9384
70 0.9356000000000002
71 0.9344000000000002
72 0.9324000000000001
73 0.9304000000000002
74 0.9272000000000002
75 0.9252000000000004
76 0.9232000000000004
77 0.9212000000000005
78 0.9204000000000004
79 0.9200000000000004
80 0.9188000000000005
81 0.9176000000000003
82 0.9160000000000004
83 0.9132000000000002
84 0.9116000000000001
85 0.9092000000000001
86 0.9076000000000002
87 0.9068000000000004
88 0.9048000000000003
89 0.9016000000000003
90 0.9008000000000003
91 0.8984000000000003
92 0.8968000000000003
93 0.8948000000000002
94 0.8928000000000003
95 0.8904000000000001
96 0.8888000000000003
97 0.8884000000000003
98 0.8876000000000002
99 0.8860000000000002
100 0.8844000000000003
101 0.8832000000000002
102 0.8816000000000002
103 0.8796
104 0.8792000000000002
105 0.8772
106 0.8760000000000001
107 0.8752
108 0.8740000000000001
109 0.8724
110 0.8695999999999999
111 0.8687999999999999
112 0.8684000000000001
113 0.8676
114 0.8652
115 0.8643999999999998
116 0.8624
117 0.8604
118 0.86
119 0.8584
120 0.8572000000000002
121 0.8552000000000003
122 0.8540000000000002
123 0.8516000000000001
124 0.85
125 0.8488000000000001
126 0.8472
127 0.8455999999999999
128 0.8423999999999998
129 0.8419999999999997
130 0.8395999999999998
131 0.8383999999999999
132 0.8367999999999999
133 0.8351999999999999
134 0.834
135 0.8308000000000001
136 0.8284
137 0.828
138 0.8268000000000001
139 0.8256
140 0.8219999999999998
141 0.8208
142 0.8199999999999998
143 0.8188
144 0.818
145 0.8159999999999998
146 0.8143999999999998
147 0.814
148 0.8128
149 0.8116
150 0.8107999999999999
151 0.8096
152 0.8079999999999999
153 0.8068000000000001
154 0.8044000000000001
155 0.8040000000000002
156 0.8028000000000003
157 0.8004000000000002
158 0.7992000000000001
159 0.7980000000000002
160 0.7968000000000001
161 0.7952000000000001
162 0.7944000000000002
163 0.7936000000000001
164 0.792
165 0.7892
166 0.7872000000000001
167 0.7864
168 0.7852000000000001
169 0.7832000000000001
170 0.782
171 0.7816000000000001
172 0.7800000000000001
173 0.7788
174 0.7768
175 0.7764
176 0.7756000000000001
177 0.7731999999999999
178 0.7728
179 0.772
180 0.7707999999999999
181 0.7696
182 0.7687999999999999
183 0.7671999999999999
184 0.7663999999999999
185 0.7647999999999999
186 0.7635999999999998
187 0.7619999999999999
188 0.7608
189 0.7587999999999999
190 0.7572
191 0.7559999999999999
192 0.7552
193 0.7539999999999998
194 0.7535999999999998
195 0.7523999999999998
196 0.7515999999999998
197 0.7515999999999998
198 0.7503999999999997
199 0.7495999999999998
200 0.7471999999999998
201 0.7467999999999997
202 0.7451999999999995
203 0.7447999999999995
204 0.7439999999999994
205 0.7439999999999994
206 0.7427999999999996
207 0.7423999999999995
208 0.7415999999999996
209 0.7391999999999996
210 0.7387999999999996
211 0.7375999999999996
212 0.7371999999999997
213 0.7367999999999998
214 0.7363999999999997
215 0.7359999999999998
216 0.7339999999999998
217 0.7323999999999998
218 0.7311999999999999
219 0.7307999999999999
220 0.7295999999999998
221 0.7287999999999998
222 0.7287999999999998
223 0.7275999999999999
224 0.7272
225 0.7256
226 0.7247999999999999
227 0.7236
228 0.722
229 0.7204
230 0.7195999999999999
231 0.7192000000000001
232 0.7184
233 0.7184
234 0.7168000000000001
235 0.716
236 0.7156
237 0.7148
238 0.7143999999999999
239 0.7136
240 0.7124000000000001
241 0.7112
242 0.7104
243 0.7096000000000001
244 0.7080000000000001
245 0.7068000000000001
246 0.7060000000000001
247 0.7056
248 0.7044
249 0.7032
250 0.7028
251 0.7024000000000001
252 0.7024000000000001
253 0.7012
254 0.7003999999999999
255 0.7
256 0.6995999999999999
257 0.6991999999999998
258 0.6988
259 0.6983999999999999
260 0.6968
261 0.6952000000000002
262 0.6928000000000002
263 0.6920000000000001
264 0.6904
265 0.6904
266 0.69
267 0.6892
268 0.6892
269 0.6888000000000001
270 0.6884
271 0.6875999999999999
272 0.6863999999999999
273 0.6863999999999999
274 0.6855999999999999
275 0.6847999999999999
276 0.6843999999999998
277 0.6835999999999999
278 0.6823999999999998
279 0.6815999999999999
280 0.6791999999999997
281 0.6783999999999998
282 0.6771999999999997
283 0.6767999999999996
284 0.6763999999999997
285 0.6759999999999997
286 0.6755999999999998
287 0.6751999999999997
288 0.6747999999999997
289 0.6739999999999998
290 0.6731999999999998
291 0.6719999999999999
292 0.6719999999999999
293 0.6707999999999998
294 0.6699999999999998
295 0.6691999999999999
296 0.6691999999999999
297 0.6688
298 0.6672
299 0.6659999999999999
300 0.6652
301 0.664
302 0.6631999999999999
303 0.6628000000000001
304 0.6628000000000001
305 0.6616
306 0.6607999999999999
307 0.66
308 0.6596
309 0.6579999999999999
310 0.6576
311 0.6572
312 0.6567999999999999
313 0.6564
314 0.6559999999999999
315 0.6539999999999999
316 0.6531999999999999
317 0.6531999999999999
318 0.6519999999999999
319 0.6507999999999998
320 0.6499999999999999
321 0.6483999999999999
322 0.6479999999999998
323 0.6471999999999999
324 0.6463999999999999
325 0.6459999999999999
326 0.6455999999999998
327 0.6443999999999999
328 0.6424
329 0.6416
330 0.6404
331 0.6392
332 0.6384
333 0.6376
334 0.6367999999999998
335 0.6359999999999999
336 0.6351999999999999
337 0.6351999999999999
338 0.6351999999999999
339 0.6351999999999999
340 0.6347999999999998
341 0.6331999999999999
342 0.6327999999999999
343 0.6327999999999999
344 0.6319999999999999
345 0.6307999999999999
346 0.6304
347 0.6304
348 0.6295999999999998
349 0.6295999999999998
350 0.6291999999999999
351 0.6291999999999999
352 0.6283999999999998
353 0.6279999999999999
354 0.6275999999999998
355 0.6271999999999999
356 0.6271999999999999
357 0.6263999999999998
358 0.6259999999999999
359 0.6251999999999999
360 0.6251999999999999
361 0.6239999999999999
362 0.6239999999999999
363 0.6235999999999999
364 0.6235999999999999
365 0.6235999999999999
366 0.6223999999999998
367 0.6211999999999998
368 0.6211999999999998
369 0.6199999999999998
370 0.6187999999999998
371 0.6183999999999997
372 0.6183999999999997
373 0.6179999999999997
374 0.6175999999999997
375 0.6171999999999997
376 0.6171999999999997
377 0.6163999999999997
378 0.6151999999999997
379 0.6143999999999997
380 0.6135999999999997
381 0.6127999999999997
382 0.6123999999999997
383 0.6119999999999998
384 0.6115999999999997
385 0.6111999999999997
386 0.6111999999999997
387 0.6107999999999998
388 0.6103999999999998
389 0.6103999999999998
390 0.6099999999999998
391 0.6095999999999997
392 0.6095999999999997
393 0.6091999999999997
394 0.6079999999999998
395 0.6075999999999998
396 0.6063999999999998
397 0.6051999999999998
398 0.6043999999999998
399 0.6043999999999998
400 0.6043999999999998
401 0.6043999999999998
402 0.6043999999999998
403 0.6039999999999999
404 0.6031999999999998
405 0.6027999999999999
406 0.6023999999999998
407 0.6012
408 0.5995999999999999
409 0.5995999999999999
410 0.5995999999999999
411 0.5983999999999999
412 0.5983999999999999
413 0.5983999999999999
414 0.5972
415 0.5963999999999998
416 0.5963999999999998
417 0.5963999999999998
418 0.5959999999999999
419 0.5955999999999999
420 0.5951999999999998
421 0.5951999999999998
422 0.5951999999999998
423 0.5947999999999999
424 0.5947999999999999
425 0.5939999999999999
426 0.5935999999999999
427 0.5927999999999999
428 0.5923999999999999
429 0.5915999999999999
430 0.5907999999999999
431 0.59
432 0.59
433 0.5895999999999999
434 0.5895999999999999
435 0.5895999999999999
436 0.5883999999999999
437 0.5883999999999999
438 0.5879999999999999
439 0.5879999999999999
440 0.5875999999999999
441 0.586
442 0.586
443 0.5855999999999999
444 0.5851999999999999
445 0.5848
446 0.5844
447 0.584
448 0.5828
449 0.5824
450 0.5820000000000001
451 0.5816
452 0.5816
453 0.5808000000000001
454 0.5804
455 0.5792
456 0.5792
457 0.5788
458 0.578
459 0.5771999999999999
460 0.5768
461 0.5764
462 0.5760000000000001
463 0.5756
464 0.5752
465 0.5744
466 0.5740000000000001
467 0.5736000000000001
468 0.5736000000000001
469 0.5720000000000001
470 0.5712
471 0.5712
472 0.5704
473 0.5700000000000001
474 0.5696
475 0.5696
476 0.5692
477 0.5692
478 0.5684
479 0.5684
480 0.5672
481 0.5663999999999999
482 0.5663999999999999
483 0.5656
484 0.5656
485 0.5647999999999999
486 0.5647999999999999
487 0.5643999999999999
488 0.5635999999999999
489 0.5627999999999999
490 0.5627999999999999
491 0.5623999999999999
492 0.5623999999999999
493 0.5615999999999999
494 0.5615999999999999
495 0.5615999999999999
496 0.5615999999999999
497 0.5611999999999999
498 0.5608
499 0.5595999999999999
500 0.5587999999999999
501 0.5587999999999999
502 0.5579999999999999
503 0.5579999999999999
504 0.5575999999999999
505 0.5567999999999999
506 0.5563999999999999
507 0.5563999999999999
508 0.5563999999999999
509 0.5559999999999998
510 0.5555999999999998
511 0.5551999999999998
512 0.5547999999999998
513 0.5539999999999998
514 0.5539999999999998
515 0.5539999999999998
516 0.5539999999999998
517 0.5539999999999998
518 0.5535999999999999
519 0.5535999999999999
520 0.5535999999999999
521 0.5531999999999999
522 0.5519999999999998
523 0.5511999999999998
524 0.5507999999999998
525 0.5503999999999999
526 0.5499999999999998
527 0.5491999999999999
528 0.5491999999999999
529 0.5491999999999999
530 0.5491999999999999
531 0.5491999999999999
532 0.5483999999999999
533 0.5479999999999999
534 0.5479999999999999
535 0.5471999999999999
536 0.5468
537 0.5463999999999999
538 0.5456
539 0.5451999999999999
540 0.5451999999999999
541 0.5436
542 0.5431999999999999
543 0.5431999999999999
544 0.5423999999999999
545 0.5423999999999999
546 0.5423999999999999
547 0.5419999999999999
548 0.5415999999999999
549 0.5415999999999999
550 0.5403999999999999
551 0.5399999999999998
552 0.5387999999999998
553 0.5383999999999999
554 0.5383999999999999
555 0.5375999999999997
556 0.5363999999999998
557 0.5351999999999999
558 0.5343999999999998
559 0.5343999999999998
560 0.5335999999999999
561 0.5327999999999998
562 0.5327999999999998
563 0.5323999999999999
564 0.5311999999999999
565 0.5307999999999998
566 0.5299999999999998
567 0.5299999999999998
568 0.5295999999999998
569 0.5295999999999998
570 0.5295999999999998
571 0.5295999999999998
572 0.5291999999999998
573 0.5291999999999998
574 0.5291999999999998
575 0.5291999999999998
576 0.5287999999999998
577 0.5279999999999998
578 0.5271999999999999
579 0.5267999999999998
580 0.5259999999999999
581 0.5259999999999999
582 0.5251999999999998
583 0.5251999999999998
584 0.5251999999999998
585 0.5247999999999998
586 0.5239999999999998
587 0.5235999999999998
588 0.5227999999999998
589 0.5227999999999998
590 0.5227999999999998
591 0.5223999999999999
592 0.5223999999999999
593 0.5223999999999999
594 0.5219999999999999
595 0.5215999999999998
596 0.5215999999999998
597 0.5211999999999999
598 0.5207999999999999
599 0.5207999999999999
600 0.5207999999999999
601 0.5204
602 0.5204
603 0.5204
604 0.5199999999999999
605 0.5196
606 0.5196
607 0.5192
608 0.5192
609 0.5187999999999999
610 0.5184
611 0.518
612 0.5176
613 0.5172
614 0.5172
615 0.5164
616 0.5164
617 0.5164
618 0.5156
619 0.5152
620 0.5152
621 0.5152
622 0.5147999999999999
623 0.5144
624 0.5144
625 0.5144
626 0.514
627 0.514
628 0.514
629 0.514
630 0.5131999999999999
631 0.5124
632 0.512
633 0.512
634 0.5108
635 0.5092
636 0.5088
637 0.5076
638 0.5072
639 0.5068
640 0.5068
641 0.5068
642 0.5064
643 0.5064
644 0.5059999999999999
645 0.5059999999999999
646 0.5055999999999999
647 0.5051999999999999
648 0.5044
649 0.5039999999999999
650 0.5039999999999999
651 0.5039999999999999
652 0.5035999999999999
653 0.5035999999999999
654 0.5032
655 0.5027999999999999
656 0.5019999999999999
657 0.5019999999999999
658 0.5015999999999999
659 0.5015999999999999
660 0.5015999999999999
661 0.5011999999999999
662 0.5007999999999999
663 0.49999999999999994
664 0.49999999999999994
665 0.49999999999999994
666 0.4991999999999999
667 0.4987999999999999
668 0.4987999999999999
669 0.49839999999999984
670 0.49839999999999984
671 0.49839999999999984
672 0.49839999999999984
673 0.49799999999999983
674 0.4975999999999998
675 0.4975999999999998
676 0.49719999999999975
677 0.4967999999999998
678 0.4959999999999998
679 0.4959999999999998
680 0.4955999999999998
681 0.4955999999999998
682 0.4955999999999998
683 0.49479999999999985
684 0.49359999999999987
685 0.49319999999999986
686 0.49279999999999985
687 0.49279999999999985
688 0.4923999999999999
689 0.4923999999999999
690 0.49159999999999987
691 0.49159999999999987
692 0.49119999999999986
693 0.49079999999999985
694 0.49079999999999985
695 0.4899999999999999
696 0.4899999999999999
697 0.48919999999999986
698 0.4883999999999999
699 0.4875999999999998
700 0.4875999999999998
701 0.4875999999999998
702 0.48679999999999984
703 0.4855999999999998
704 0.4851999999999998
705 0.4851999999999998
706 0.4851999999999998
707 0.48479999999999984
708 0.48439999999999983
709 0.4835999999999998
710 0.4835999999999998
711 0.4831999999999998
712 0.48239999999999983
713 0.4819999999999998
714 0.4819999999999998
715 0.4819999999999998
716 0.4819999999999998
717 0.48119999999999985
718 0.48119999999999985
719 0.48119999999999985
720 0.4803999999999998
721 0.47999999999999987
722 0.47999999999999987
723 0.47959999999999986
724 0.47959999999999986
725 0.47959999999999986
726 0.47919999999999985
727 0.47919999999999985
728 0.47919999999999985
729 0.47919999999999985
730 0.4787999999999999
731 0.4787999999999999
732 0.4787999999999999
733 0.4783999999999999
734 0.4783999999999999
735 0.4783999999999999
736 0.4779999999999999
737 0.4779999999999999
738 0.4779999999999999
739 0.4775999999999999
740 0.47679999999999995
741 0.47679999999999995
742 0.47679999999999995
743 0.47679999999999995
744 0.47559999999999997
745 0.47559999999999997
746 0.47519999999999996
747 0.47519999999999996
748 0.47519999999999996
749 0.4744
750 0.4744
751 0.4744
752 0.4744
753 0.4744
754 0.4732
755 0.4728
756 0.4728
757 0.4728
758 0.47240000000000004
759 0.47240000000000004
760 0.47200000000000003
761 0.47159999999999996
762 0.47159999999999996
763 0.4711999999999999
764 0.4711999999999999
765 0.4707999999999999
766 0.47039999999999993
767 0.4699999999999999
768 0.4699999999999999
769 0.4699999999999999
770 0.4699999999999999
771 0.46919999999999995
772 0.46919999999999995
773 0.46919999999999995
774 0.46919999999999995
775 0.46919999999999995
776 0.4684
777 0.46799999999999997
778 0.46759999999999996
779 0.46759999999999996
780 0.4671999999999999
781 0.46679999999999994
782 0.46679999999999994
783 0.46679999999999994
784 0.46679999999999994
785 0.46679999999999994
786 0.4663999999999999
787 0.4663999999999999
788 0.4663999999999999
789 0.4663999999999999
790 0.4663999999999999
791 0.4663999999999999
792 0.4663999999999999
793 0.46599999999999997
794 0.46599999999999997
795 0.46559999999999996
796 0.46559999999999996
797 0.46519999999999995
798 0.4647999999999999
799 0.4643999999999999
800 0.4635999999999999
801 0.46319999999999995
802 0.46319999999999995
803 0.46319999999999995
804 0.46319999999999995
805 0.46279999999999993
806 0.46239999999999987
807 0.4607999999999998
808 0.4607999999999998
809 0.4607999999999998
810 0.4607999999999998
811 0.4607999999999998
812 0.4607999999999998
813 0.46039999999999986
814 0.46039999999999986
815 0.4591999999999999
816 0.4591999999999999
817 0.4587999999999999
818 0.4587999999999999
819 0.4587999999999999
820 0.4583999999999999
821 0.4579999999999999
822 0.4579999999999999
823 0.4579999999999999
824 0.4575999999999999
825 0.4575999999999999
826 0.4575999999999999
827 0.4575999999999999
828 0.4575999999999999
829 0.4575999999999999
830 0.45639999999999986
831 0.45599999999999985
832 0.45599999999999985
833 0.45599999999999985
834 0.45599999999999985
835 0.4551999999999999
836 0.4551999999999999
837 0.4551999999999999
838 0.4551999999999999
839 0.4551999999999999
840 0.4551999999999999
841 0.4551999999999999
842 0.45479999999999987
843 0.4543999999999999
844 0.45359999999999984
845 0.4531999999999999
846 0.45279999999999987
847 0.45239999999999986
848 0.45239999999999986
849 0.45239999999999986
850 0.4519999999999999
851 0.45159999999999983
852 0.4511999999999998
853 0.45079999999999976
854 0.4503999999999998
855 0.4503999999999998
856 0.4499999999999998
857 0.4499999999999998
858 0.4495999999999998
859 0.4491999999999998
860 0.4487999999999998
861 0.4483999999999998
862 0.44799999999999984
863 0.44759999999999983
864 0.44759999999999983
865 0.44759999999999983
866 0.44759999999999983
867 0.4471999999999998
868 0.4471999999999998
869 0.4471999999999998
870 0.4471999999999998
871 0.4471999999999998
872 0.44679999999999986
873 0.44679999999999986
874 0.44679999999999986
875 0.44639999999999985
876 0.44639999999999985
877 0.44639999999999985
878 0.44639999999999985
879 0.4455999999999999
880 0.4451999999999999
881 0.4451999999999999
882 0.4451999999999999
883 0.4447999999999999
884 0.4443999999999999
885 0.44359999999999994
886 0.4427999999999999
887 0.4427999999999999
888 0.4427999999999999
889 0.4423999999999999
890 0.4423999999999999
891 0.4419999999999999
892 0.4419999999999999
893 0.4415999999999999
894 0.4411999999999999
895 0.4407999999999999
896 0.4403999999999999
897 0.4403999999999999
898 0.4403999999999999
899 0.43999999999999995
900 0.43999999999999995
901 0.43999999999999995
902 0.43959999999999994
903 0.43959999999999994
904 0.4391999999999999
905 0.43879999999999997
906 0.43839999999999996
907 0.43799999999999994
908 0.43799999999999994
909 0.43799999999999994
910 0.43759999999999993
911 0.4371999999999999
912 0.4371999999999999
913 0.4371999999999999
914 0.4371999999999999
915 0.4371999999999999
916 0.4371999999999999
917 0.4368
918 0.4368
919 0.436
920 0.436
921 0.436
922 0.436
923 0.436
924 0.436
925 0.43560000000000004
926 0.43560000000000004
927 0.43560000000000004
928 0.43520000000000003
929 0.43479999999999996
930 0.43479999999999996
931 0.43479999999999996
932 0.43479999999999996
933 0.43479999999999996
934 0.43479999999999996
935 0.43439999999999995
936 0.434
937 0.434
938 0.434
939 0.434
940 0.434
941 0.434
942 0.434
943 0.434
944 0.434
945 0.434
946 0.434
947 0.434
948 0.434
949 0.434
950 0.4336
951 0.4336
952 0.4328
953 0.4328
954 0.4328
955 0.4328
956 0.4328
957 0.4328
958 0.4324
959 0.43160000000000004
960 0.43160000000000004
961 0.4312
962 0.43040000000000006
963 0.43040000000000006
964 0.43040000000000006
965 0.43040000000000006
966 0.43000000000000005
967 0.4296000000000001
968 0.4296000000000001
969 0.4296000000000001
970 0.4292000000000001
971 0.42880000000000007
972 0.42880000000000007
973 0.4284000000000001
974 0.4284000000000001
975 0.4284000000000001
976 0.4280000000000001
977 0.4280000000000001
978 0.4280000000000001
979 0.4280000000000001
980 0.4280000000000001
981 0.4280000000000001
982 0.4280000000000001
983 0.4280000000000001
984 0.4280000000000001
985 0.42760000000000004
986 0.42760000000000004
987 0.42760000000000004
988 0.42760000000000004
989 0.42760000000000004
990 0.4272000000000001
991 0.4272000000000001
992 0.4272000000000001
993 0.4272000000000001
994 0.4272000000000001
995 0.42680000000000007
996 0.42680000000000007
997 0.426
998 0.4252
999 0.42440000000000005
1000 0.42440000000000005
1001 0.42400000000000004
1002 0.42400000000000004
1003 0.4232000000000001
1004 0.4232000000000001
1005 0.4232000000000001
1006 0.4232000000000001
1007 0.4224000000000001
1008 0.4224000000000001
1009 0.4224000000000001
1010 0.4224000000000001
1011 0.4224000000000001
1012 0.4224000000000001
1013 0.4224000000000001
1014 0.4224000000000001
1015 0.4224000000000001
1016 0.4224000000000001
1017 0.4216000000000001
1018 0.4216000000000001
1019 0.4216000000000001
1020 0.4216000000000001
1021 0.42120000000000013
1022 0.42120000000000013
1023 0.4208000000000001
1024 0.4208000000000001
1025 0.4208000000000001
1026 0.4204000000000001
1027 0.42000000000000015
1028 0.42000000000000015
1029 0.42000000000000015
1030 0.42000000000000015
1031 0.42000000000000015
1032 0.41960000000000014
1033 0.41880000000000017
1034 0.41880000000000017
1035 0.41880000000000017
1036 0.41880000000000017
1037 0.41880000000000017
1038 0.41880000000000017
1039 0.41880000000000017
1040 0.41880000000000017
1041 0.41880000000000017
1042 0.4184000000000001
1043 0.4180000000000001
1044 0.4180000000000001
1045 0.4180000000000001
1046 0.4180000000000001
1047 0.4180000000000001
1048 0.41760000000000014
1049 0.41720000000000007
1050 0.41720000000000007
1051 0.41720000000000007
1052 0.41720000000000007
1053 0.41680000000000006
1054 0.41680000000000006
1055 0.41680000000000006
1056 0.41680000000000006
1057 0.41680000000000006
1058 0.41680000000000006
1059 0.41680000000000006
1060 0.4164000000000001
1061 0.4164000000000001
1062 0.4164000000000001
1063 0.4164000000000001
1064 0.4160000000000001
1065 0.4160000000000001
1066 0.4152000000000001
1067 0.4148000000000001
1068 0.4148000000000001
1069 0.4148000000000001
1070 0.4148000000000001
1071 0.4148000000000001
1072 0.4144000000000001
1073 0.4144000000000001
1074 0.4144000000000001
1075 0.41400000000000015
1076 0.41360000000000013
1077 0.41360000000000013
1078 0.41360000000000013
1079 0.41360000000000013
1080 0.41360000000000013
1081 0.41360000000000013
1082 0.4132000000000001
1083 0.4132000000000001
1084 0.4132000000000001
1085 0.41280000000000006
1086 0.41280000000000006
1087 0.4124000000000001
1088 0.4120000000000001
1089 0.4120000000000001
1090 0.4120000000000001
1091 0.41160000000000013
1092 0.4112000000000001
1093 0.4112000000000001
1094 0.4112000000000001
1095 0.4108000000000001
1096 0.4108000000000001
1097 0.41040000000000004
1098 0.41040000000000004
1099 0.41040000000000004
1100 0.41040000000000004
1101 0.4100000000000001
1102 0.4100000000000001
1103 0.40920000000000006
1104 0.40920000000000006
1105 0.40920000000000006
1106 0.4088000000000001
1107 0.4088000000000001
1108 0.4088000000000001
1109 0.40800000000000014
1110 0.40800000000000014
1111 0.40800000000000014
1112 0.40800000000000014
1113 0.40800000000000014
1114 0.40800000000000014
1115 0.40800000000000014
1116 0.40800000000000014
1117 0.40800000000000014
1118 0.40800000000000014
1119 0.40760000000000013
1120 0.40760000000000013
1121 0.4072000000000001
1122 0.4072000000000001
1123 0.40680000000000016
1124 0.40680000000000016
1125 0.40680000000000016
1126 0.40680000000000016
1127 0.40640000000000015
1128 0.40640000000000015
1129 0.40600000000000014
1130 0.40600000000000014
1131 0.4056000000000002
1132 0.4056000000000002
1133 0.40520000000000017
1134 0.40520000000000017
1135 0.40520000000000017
1136 0.40520000000000017
1137 0.40480000000000016
1138 0.40480000000000016
1139 0.40480000000000016
1140 0.40480000000000016
1141 0.40480000000000016
1142 0.40480000000000016
1143 0.40480000000000016
1144 0.40480000000000016
1145 0.40480000000000016
1146 0.40480000000000016
1147 0.40480000000000016
1148 0.40480000000000016
1149 0.4044000000000002
1150 0.4040000000000002
1151 0.4036000000000002
1152 0.4036000000000002
1153 0.40280000000000016
1154 0.40280000000000016
1155 0.40240000000000015
1156 0.40240000000000015
1157 0.4016000000000002
1158 0.4016000000000002
1159 0.4016000000000002
1160 0.40120000000000017
1161 0.40040000000000014
1162 0.40040000000000014
1163 0.40040000000000014
1164 0.40040000000000014
1165 0.40040000000000014
1166 0.40000000000000013
1167 0.3996000000000002
1168 0.3996000000000002
1169 0.3996000000000002
1170 0.3996000000000002
1171 0.3996000000000002
1172 0.39920000000000017
1173 0.39920000000000017
1174 0.39920000000000017
1175 0.39920000000000017
1176 0.3984000000000002
1177 0.3980000000000002
1178 0.3980000000000002
1179 0.3980000000000002
1180 0.3976000000000001
1181 0.3976000000000001
1182 0.3976000000000001
1183 0.3976000000000001
1184 0.3976000000000001
1185 0.3972000000000001
1186 0.39680000000000004
1187 0.39680000000000004
1188 0.3964000000000001
1189 0.3964000000000001
1190 0.3960000000000001
1191 0.3956000000000001
1192 0.3956000000000001
1193 0.3956000000000001
1194 0.3956000000000001
1195 0.3956000000000001
1196 0.3952000000000001
1197 0.3948000000000001
1198 0.3948000000000001
1199 0.3948000000000001
1200 0.3948000000000001
1201 0.3948000000000001
1202 0.3948000000000001
1203 0.39440000000000003
1204 0.39440000000000003
1205 0.3940000000000001
1206 0.3940000000000001
1207 0.3940000000000001
1208 0.3940000000000001
1209 0.3940000000000001
1210 0.3940000000000001
1211 0.3940000000000001
1212 0.3940000000000001
1213 0.3940000000000001
1214 0.3940000000000001
1215 0.3940000000000001
1216 0.3940000000000001
1217 0.3940000000000001
1218 0.3940000000000001
1219 0.3940000000000001
1220 0.3940000000000001
1221 0.3940000000000001
1222 0.3940000000000001
1223 0.3940000000000001
1224 0.3940000000000001
1225 0.3936
1226 0.3936
1227 0.3936
1228 0.39319999999999994
1229 0.39279999999999987
1230 0.39279999999999987
1231 0.39279999999999987
1232 0.39279999999999987
1233 0.39279999999999987
1234 0.39239999999999986
1235 0.3919999999999999
1236 0.3919999999999999
1237 0.3919999999999999
1238 0.3915999999999999
1239 0.3915999999999999
1240 0.3915999999999999
1241 0.3915999999999999
1242 0.3911999999999999
1243 0.3903999999999999
1244 0.3899999999999999
1245 0.38959999999999995
1246 0.38959999999999995
1247 0.38919999999999993
1248 0.38919999999999993
1249 0.3888
1250 0.3883999999999999
1251 0.3883999999999999
1252 0.3875999999999999
1253 0.38719999999999993
1254 0.38719999999999993
1255 0.38719999999999993
1256 0.3867999999999999
1257 0.3867999999999999
1258 0.3867999999999999
1259 0.3867999999999999
1260 0.3867999999999999
1261 0.3867999999999999
1262 0.3867999999999999
1263 0.3867999999999999
1264 0.3867999999999999
1265 0.3863999999999999
1266 0.3863999999999999
1267 0.3863999999999999
1268 0.38559999999999994
1269 0.38559999999999994
1270 0.3852
1271 0.38439999999999996
1272 0.38439999999999996
1273 0.38439999999999996
1274 0.38439999999999996
1275 0.38439999999999996
1276 0.38439999999999996
1277 0.38439999999999996
1278 0.38439999999999996
1279 0.38439999999999996
1280 0.38439999999999996
1281 0.384
1282 0.38359999999999994
1283 0.38359999999999994
1284 0.38359999999999994
1285 0.38359999999999994
1286 0.38359999999999994
1287 0.38319999999999993
1288 0.38319999999999993
1289 0.38319999999999993
1290 0.38319999999999993
1291 0.38319999999999993
1292 0.38319999999999993
1293 0.38319999999999993
1294 0.38319999999999993
1295 0.38319999999999993
1296 0.38319999999999993
1297 0.38319999999999993
1298 0.3827999999999999
1299 0.38239999999999996
1300 0.38239999999999996
1301 0.38239999999999996
1302 0.38239999999999996
1303 0.38239999999999996
1304 0.38199999999999995
1305 0.3815999999999999
1306 0.3815999999999999
1307 0.3815999999999999
1308 0.38119999999999993
1309 0.38119999999999993
1310 0.38119999999999993
1311 0.3807999999999999
1312 0.3807999999999999
1313 0.3803999999999999
1314 0.3803999999999999
1315 0.3803999999999999
1316 0.37999999999999995
1317 0.37999999999999995
1318 0.37999999999999995
1319 0.37999999999999995
1320 0.37959999999999994
1321 0.37959999999999994
1322 0.37959999999999994
1323 0.37959999999999994
1324 0.37959999999999994
1325 0.37959999999999994
1326 0.37959999999999994
1327 0.3791999999999999
1328 0.3791999999999999
1329 0.3791999999999999
1330 0.37879999999999997
1331 0.37879999999999997
1332 0.37879999999999997
1333 0.37839999999999996
1334 0.37799999999999995
1335 0.37799999999999995
1336 0.37799999999999995
1337 0.37799999999999995
1338 0.37799999999999995
1339 0.37799999999999995
1340 0.37799999999999995
1341 0.37799999999999995
1342 0.37799999999999995
1343 0.37799999999999995
1344 0.37799999999999995
1345 0.37799999999999995
1346 0.37799999999999995
1347 0.3776
1348 0.3772
1349 0.3772
1350 0.3772
1351 0.3768
1352 0.3768
1353 0.3768
1354 0.3764
1355 0.3764
1356 0.37599999999999995
1357 0.37599999999999995
1358 0.37599999999999995
1359 0.37599999999999995
1360 0.37599999999999995
1361 0.37599999999999995
1362 0.37599999999999995
1363 0.37599999999999995
1364 0.37599999999999995
1365 0.37599999999999995
1366 0.37559999999999993
1367 0.3752
1368 0.3752
1369 0.3752
1370 0.3752
1371 0.3752
1372 0.3752
1373 0.3752
1374 0.37479999999999997
1375 0.37479999999999997
1376 0.374
1377 0.374
1378 0.3732
1379 0.3732
1380 0.3728
1381 0.3728
1382 0.3724
1383 0.3724
1384 0.3724
1385 0.37200000000000005
1386 0.37200000000000005
1387 0.37200000000000005
1388 0.37200000000000005
1389 0.37200000000000005
1390 0.37200000000000005
1391 0.37200000000000005
1392 0.37160000000000004
1393 0.37160000000000004
1394 0.37160000000000004
1395 0.37160000000000004
1396 0.37160000000000004
1397 0.37160000000000004
1398 0.37160000000000004
1399 0.37120000000000003
1400 0.3708000000000001
1401 0.37040000000000006
1402 0.37040000000000006
1403 0.37040000000000006
1404 0.37000000000000005
1405 0.37000000000000005
1406 0.37000000000000005
1407 0.37000000000000005
1408 0.37000000000000005
1409 0.37000000000000005
1410 0.37000000000000005
1411 0.37000000000000005
1412 0.37000000000000005
1413 0.37000000000000005
1414 0.37000000000000005
1415 0.37000000000000005
1416 0.37000000000000005
1417 0.37000000000000005
1418 0.37000000000000005
1419 0.3696
1420 0.3696
1421 0.36920000000000003
1422 0.36920000000000003
1423 0.3688
1424 0.3688
1425 0.3688
1426 0.3688
1427 0.3688
1428 0.3688
1429 0.3688
1430 0.36840000000000006
1431 0.36840000000000006
1432 0.36840000000000006
1433 0.36840000000000006
1434 0.36840000000000006
1435 0.36840000000000006
1436 0.368
1437 0.3676
1438 0.36719999999999997
1439 0.36719999999999997
1440 0.36719999999999997
1441 0.36719999999999997
1442 0.36719999999999997
1443 0.36719999999999997
1444 0.3668
1445 0.3664
1446 0.366
1447 0.366
1448 0.366
1449 0.366
1450 0.366
1451 0.366
1452 0.366
1453 0.36560000000000004
1454 0.36560000000000004
1455 0.36560000000000004
1456 0.36560000000000004
1457 0.36560000000000004
1458 0.36560000000000004
1459 0.36560000000000004
1460 0.36560000000000004
1461 0.3652
1462 0.3652
1463 0.3648
1464 0.3648
1465 0.3648
1466 0.36440000000000006
1467 0.36440000000000006
1468 0.36440000000000006
1469 0.3636000000000001
1470 0.3636000000000001
1471 0.3636000000000001
1472 0.3628
1473 0.36200000000000004
1474 0.36160000000000003
1475 0.36160000000000003
1476 0.36160000000000003
1477 0.36160000000000003
1478 0.36080000000000007
1479 0.36080000000000007
1480 0.36080000000000007
1481 0.36080000000000007
1482 0.36080000000000007
1483 0.36080000000000007
1484 0.36080000000000007
1485 0.36040000000000005
1486 0.36040000000000005
1487 0.36040000000000005
1488 0.36040000000000005
1489 0.36040000000000005
1490 0.36040000000000005
1491 0.36040000000000005
1492 0.36040000000000005
1493 0.36040000000000005
1494 0.36040000000000005
1495 0.36040000000000005
1496 0.36040000000000005
1497 0.36040000000000005
1498 0.36040000000000005
1499 0.36040000000000005
1500 0.36040000000000005
1501 0.3600000000000001
1502 0.3600000000000001
1503 0.3600000000000001
1504 0.3600000000000001
1505 0.3600000000000001
1506 0.3600000000000001
1507 0.3600000000000001
1508 0.3600000000000001
1509 0.3600000000000001
1510 0.3600000000000001
1511 0.3600000000000001
1512 0.3592000000000001
1513 0.3592000000000001
1514 0.3592000000000001
1515 0.3592000000000001
1516 0.3592000000000001
1517 0.3588
1518 0.3588
1519 0.3588
1520 0.35840000000000005
1521 0.35800000000000004
1522 0.35800000000000004
1523 0.35800000000000004
1524 0.35800000000000004
1525 0.35800000000000004
1526 0.35760000000000003
1527 0.35760000000000003
1528 0.35760000000000003
1529 0.35760000000000003
1530 0.3572000000000001
1531 0.3572000000000001
1532 0.3572000000000001
1533 0.3572000000000001
1534 0.3572000000000001
1535 0.3572000000000001
1536 0.3572000000000001
1537 0.3572000000000001
1538 0.3572000000000001
1539 0.35640000000000005
1540 0.35640000000000005
1541 0.35640000000000005
1542 0.35640000000000005
1543 0.3560000000000001
1544 0.3556000000000001
1545 0.3556000000000001
1546 0.3556000000000001
1547 0.3556000000000001
1548 0.3556000000000001
1549 0.3556000000000001
1550 0.3556000000000001
1551 0.3556000000000001
1552 0.3556000000000001
1553 0.3556000000000001
1554 0.3556000000000001
1555 0.3556000000000001
1556 0.3552000000000001
1557 0.3548000000000001
1558 0.3548000000000001
1559 0.3548000000000001
1560 0.3544000000000001
1561 0.3544000000000001
1562 0.3544000000000001
1563 0.3544000000000001
1564 0.3544000000000001
1565 0.3544000000000001
1566 0.3544000000000001
1567 0.3544000000000001
1568 0.3544000000000001
1569 0.3544000000000001
1570 0.35360000000000014
1571 0.35360000000000014
1572 0.35360000000000014
1573 0.35360000000000014
1574 0.35360000000000014
1575 0.35360000000000014
1576 0.3532000000000001
1577 0.3532000000000001
1578 0.3532000000000001
1579 0.3532000000000001
1580 0.3532000000000001
1581 0.3532000000000001
1582 0.35280000000000017
1583 0.35280000000000017
1584 0.35280000000000017
1585 0.35240000000000016
1586 0.35240000000000016
1587 0.35240000000000016
1588 0.35240000000000016
1589 0.35240000000000016
1590 0.35240000000000016
1591 0.35240000000000016
1592 0.35240000000000016
1593 0.35240000000000016
1594 0.35240000000000016
1595 0.35240000000000016
1596 0.35240000000000016
1597 0.35240000000000016
1598 0.35240000000000016
1599 0.35240000000000016
1600 0.3520000000000001
1601 0.3520000000000001
1602 0.3520000000000001
1603 0.3520000000000001
1604 0.3520000000000001
1605 0.3520000000000001
1606 0.3520000000000001
1607 0.3520000000000001
1608 0.3520000000000001
1609 0.35160000000000013
1610 0.3512000000000001
1611 0.3508000000000001
1612 0.3508000000000001
1613 0.3508000000000001
1614 0.3508000000000001
1615 0.3508000000000001
1616 0.3508000000000001
1617 0.3508000000000001
1618 0.3508000000000001
1619 0.3508000000000001
1620 0.3508000000000001
1621 0.3508000000000001
1622 0.3508000000000001
1623 0.3508000000000001
1624 0.3508000000000001
1625 0.3508000000000001
1626 0.3508000000000001
1627 0.3508000000000001
1628 0.3508000000000001
1629 0.3508000000000001
1630 0.35040000000000016
1631 0.35040000000000016
1632 0.35000000000000014
1633 0.35000000000000014
1634 0.35000000000000014
1635 0.35000000000000014
1636 0.35000000000000014
1637 0.34920000000000007
1638 0.34920000000000007
1639 0.34920000000000007
1640 0.34920000000000007
1641 0.34920000000000007
1642 0.34920000000000007
1643 0.34920000000000007
1644 0.34920000000000007
1645 0.34920000000000007
1646 0.3488000000000001
1647 0.3488000000000001
1648 0.34840000000000004
1649 0.34840000000000004
1650 0.34840000000000004
1651 0.34840000000000004
1652 0.34840000000000004
1653 0.34800000000000003
1654 0.3476000000000001
1655 0.3476000000000001
1656 0.3476000000000001
1657 0.34720000000000006
1658 0.34720000000000006
1659 0.34720000000000006
1660 0.34720000000000006
1661 0.34720000000000006
1662 0.34720000000000006
1663 0.34720000000000006
1664 0.34720000000000006
1665 0.34720000000000006
1666 0.34680000000000005
1667 0.3464000000000001
1668 0.3464000000000001
1669 0.3464000000000001
1670 0.3464000000000001
1671 0.3464000000000001
1672 0.3464000000000001
1673 0.3456000000000001
1674 0.3456000000000001
1675 0.3456000000000001
1676 0.3452000000000001
1677 0.3452000000000001
1678 0.3452000000000001
1679 0.3452000000000001
1680 0.3448000000000001
1681 0.3448000000000001
1682 0.3448000000000001
1683 0.3448000000000001
1684 0.3444000000000001
1685 0.3444000000000001
1686 0.34400000000000014
1687 0.34400000000000014
1688 0.3436000000000001
1689 0.34320000000000006
1690 0.34320000000000006
1691 0.34320000000000006
1692 0.34320000000000006
1693 0.34320000000000006
1694 0.34320000000000006
1695 0.3428
1696 0.342
1697 0.342
1698 0.34080000000000005
1699 0.34040000000000004
1700 0.34040000000000004
1701 0.34040000000000004
1702 0.34040000000000004
1703 0.34040000000000004
1704 0.34040000000000004
1705 0.34040000000000004
1706 0.34040000000000004
1707 0.34040000000000004
1708 0.34040000000000004
1709 0.34040000000000004
1710 0.34040000000000004
1711 0.34040000000000004
1712 0.34040000000000004
1713 0.34040000000000004
1714 0.3400000000000001
1715 0.33960000000000007
1716 0.33960000000000007
1717 0.33960000000000007
1718 0.33960000000000007
1719 0.33960000000000007
1720 0.33960000000000007
1721 0.33960000000000007
1722 0.33960000000000007
1723 0.33960000000000007
1724 0.33960000000000007
1725 0.3392000000000001
1726 0.3392000000000001
1727 0.3392000000000001
1728 0.3392000000000001
1729 0.3392000000000001
1730 0.3392000000000001
1731 0.3392000000000001
1732 0.3392000000000001
1733 0.3392000000000001
1734 0.3392000000000001
1735 0.3392000000000001
1736 0.33880000000000005
1737 0.33840000000000003
1738 0.33840000000000003
1739 0.33840000000000003
1740 0.33840000000000003
1741 0.33840000000000003
1742 0.33840000000000003
1743 0.33840000000000003
1744 0.33840000000000003
1745 0.33840000000000003
1746 0.33840000000000003
1747 0.33840000000000003
1748 0.33840000000000003
1749 0.33840000000000003
1750 0.33840000000000003
1751 0.33840000000000003
1752 0.33840000000000003
1753 0.33840000000000003
1754 0.33840000000000003
1755 0.33840000000000003
1756 0.33840000000000003
1757 0.33840000000000003
1758 0.33840000000000003
1759 0.33840000000000003
1760 0.33840000000000003
1761 0.33840000000000003
1762 0.33840000000000003
1763 0.33840000000000003
1764 0.33840000000000003
1765 0.338
1766 0.338
1767 0.33760000000000007
1768 0.33760000000000007
1769 0.33760000000000007
1770 0.33760000000000007
1771 0.33760000000000007
1772 0.33760000000000007
1773 0.33760000000000007
1774 0.33760000000000007
1775 0.33760000000000007
1776 0.33760000000000007
1777 0.33760000000000007
1778 0.33760000000000007
1779 0.3372000000000001
1780 0.3372000000000001
1781 0.33680000000000015
1782 0.33680000000000015
1783 0.33680000000000015
1784 0.33680000000000015
1785 0.33640000000000014
1786 0.3360000000000001
1787 0.3360000000000001
1788 0.3356000000000001
1789 0.3352000000000001
1790 0.3352000000000001
1791 0.3352000000000001
1792 0.3352000000000001
1793 0.3352000000000001
1794 0.3352000000000001
1795 0.3352000000000001
1796 0.3352000000000001
1797 0.3352000000000001
1798 0.3352000000000001
1799 0.3348000000000001
1800 0.3348000000000001
1801 0.3348000000000001
1802 0.3348000000000001
1803 0.3348000000000001
1804 0.3348000000000001
1805 0.33440000000000003
1806 0.33440000000000003
1807 0.33440000000000003
1808 0.33440000000000003
1809 0.33440000000000003
1810 0.33440000000000003
1811 0.33440000000000003
1812 0.33440000000000003
1813 0.33320000000000005
1814 0.33320000000000005
1815 0.3328000000000001
1816 0.3328000000000001
1817 0.3328000000000001
1818 0.3328000000000001
1819 0.3328000000000001
1820 0.3328000000000001
1821 0.3328000000000001
1822 0.3328000000000001
1823 0.3328000000000001
1824 0.3328000000000001
1825 0.3328000000000001
1826 0.3324000000000001
1827 0.3324000000000001
1828 0.3324000000000001
1829 0.3324000000000001
1830 0.3320000000000001
1831 0.3320000000000001
1832 0.3320000000000001
1833 0.3320000000000001
1834 0.3320000000000001
1835 0.3316000000000001
1836 0.3316000000000001
1837 0.3316000000000001
1838 0.3312000000000001
1839 0.3312000000000001
1840 0.3312000000000001
1841 0.3312000000000001
1842 0.3312000000000001
1843 0.3312000000000001
1844 0.3312000000000001
1845 0.3312000000000001
1846 0.3312000000000001
1847 0.3312000000000001
1848 0.3312000000000001
1849 0.3312000000000001
1850 0.33080000000000015
1851 0.33080000000000015
1852 0.33080000000000015
1853 0.33080000000000015
1854 0.33040000000000014
1855 0.33040000000000014
1856 0.3300000000000001
1857 0.3300000000000001
1858 0.3300000000000001
1859 0.3300000000000001
1860 0.3300000000000001
1861 0.3300000000000001
1862 0.3300000000000001
1863 0.3300000000000001
1864 0.3300000000000001
1865 0.3300000000000001
1866 0.3300000000000001
1867 0.32960000000000017
1868 0.32960000000000017
1869 0.32960000000000017
1870 0.32960000000000017
1871 0.32920000000000016
1872 0.32920000000000016
1873 0.32920000000000016
1874 0.32920000000000016
1875 0.32920000000000016
1876 0.32920000000000016
1877 0.32920000000000016
1878 0.32920000000000016
1879 0.32920000000000016
1880 0.32920000000000016
1881 0.3288000000000001
1882 0.3288000000000001
1883 0.3288000000000001
1884 0.3288000000000001
1885 0.3288000000000001
1886 0.3288000000000001
1887 0.3288000000000001
1888 0.3288000000000001
1889 0.3288000000000001
1890 0.3288000000000001
1891 0.3288000000000001
1892 0.3288000000000001
1893 0.3288000000000001
1894 0.3288000000000001
1895 0.3284
1896 0.3284
1897 0.3284
1898 0.3284
1899 0.3284
1900 0.3284
1901 0.3284
1902 0.3284
1903 0.3284
1904 0.3284
1905 0.3284
1906 0.3284
1907 0.3284
1908 0.3284
1909 0.3284
1910 0.3284
1911 0.3284
1912 0.3284
1913 0.3284
1914 0.3284
1915 0.3284
1916 0.3284
1917 0.3284
1918 0.3284
1919 0.3284
1920 0.3284
1921 0.3284
1922 0.3284
1923 0.32800000000000007
1924 0.32800000000000007
1925 0.32800000000000007
1926 0.32800000000000007
1927 0.32800000000000007
1928 0.32800000000000007
1929 0.32800000000000007
1930 0.32720000000000005
1931 0.32720000000000005
1932 0.3264000000000001
1933 0.3264000000000001
1934 0.32600000000000007
1935 0.32600000000000007
1936 0.3256000000000001
1937 0.3256000000000001
1938 0.32520000000000004
1939 0.32520000000000004
1940 0.32480000000000003
1941 0.32480000000000003
1942 0.32480000000000003
1943 0.32480000000000003
1944 0.32480000000000003
1945 0.32480000000000003
1946 0.32480000000000003
1947 0.32480000000000003
1948 0.32480000000000003
1949 0.32480000000000003
1950 0.32480000000000003
1951 0.32480000000000003
1952 0.32480000000000003
1953 0.32480000000000003
1954 0.32480000000000003
1955 0.32480000000000003
1956 0.32480000000000003
1957 0.3244
1958 0.3244
1959 0.3244
1960 0.3244
1961 0.3244
1962 0.3244
1963 0.32400000000000007
1964 0.32400000000000007
1965 0.32400000000000007
1966 0.32400000000000007
1967 0.32400000000000007
1968 0.32400000000000007
1969 0.32400000000000007
1970 0.32360000000000005
1971 0.32360000000000005
1972 0.32360000000000005
1973 0.3232000000000001
1974 0.3232000000000001
1975 0.3232000000000001
1976 0.3232000000000001
1977 0.3232000000000001
1978 0.3232000000000001
1979 0.3228000000000001
1980 0.3228000000000001
1981 0.3228000000000001
1982 0.3224000000000001
1983 0.3224000000000001
1984 0.3224000000000001
1985 0.3224000000000001
1986 0.3224000000000001
1987 0.3220000000000001
1988 0.3220000000000001
1989 0.3220000000000001
1990 0.3220000000000001
1991 0.3220000000000001
1992 0.3220000000000001
1993 0.3220000000000001
1994 0.3220000000000001
1995 0.3220000000000001
1996 0.3220000000000001
1997 0.3220000000000001
1998 0.3220000000000001
1999 0.3220000000000001
