1 1.0
2 1.0
3 1.0
4 1.0
5 1.0
6 0.9987999999999999
7 0.9983999999999998
8 0.9971999999999999
9 0.9951999999999999
10 0.9943999999999998
11 0.9936
12 0.9915999999999998
13 0.9887999999999998
14 0.9884
15 0.9871999999999999
16 0.9863999999999997
17 0.9855999999999997
18 0.9847999999999999
19 0.9835999999999997
20 0.9831999999999997
21 0.9827999999999997
22 0.9823999999999998
23 0.9815999999999998
24 0.9795999999999998
25 0.9779999999999999
26 0.9771999999999998
27 0.9767999999999998
28 0.9751999999999996
29 0.9747999999999997
30 0.9731999999999998
31 0.9727999999999998
32 0.9719999999999999
33 0.9699999999999998
34 0.9687999999999997
35 0.9683999999999997
36 0.9663999999999998
37 0.9651999999999998
38 0.9651999999999998
39 0.9647999999999999
40 0.9643999999999998
41 0.9635999999999999
42 0.9619999999999997
43 0.9607999999999997
44 0.9591999999999996
45 0.9587999999999997
46 0.9583999999999997
47 0.9579999999999999
48 0.9567999999999998
49 0.9563999999999999
50 0.9563999999999999
51 0.9563999999999999
52 0.9555999999999998
53 0.9555999999999998
54 0.9555999999999998
55 0.9543999999999998
56 0.9539999999999997
57 0.9527999999999998
58 0.9496000000000001
59 0.9479999999999998
60 0.9464
61 0.946
62 0.9452000000000002
63 0.9431999999999999
64 0.9431999999999999
65 0.9431999999999999
66 0.9423999999999998
67 0.9407999999999999
68 0.9403999999999999
69 0.9399999999999998
70 0.9399999999999998
71 0.9387999999999999
72 0.9363999999999999
73 0.9359999999999999
74 0.9359999999999999
75 0.9351999999999999
76 0.9339999999999999
77 0.9331999999999998
78 0.9319999999999997
79 0.9303999999999998
80 0.9283999999999998
81 0.9279999999999998
82 0.9271999999999998
83 0.9259999999999998
84 0.9259999999999998
85 0.9251999999999998
86 0.9239999999999998
87 0.9239999999999999
88 0.9231999999999998
89 0.9231999999999998
90 0.9219999999999996
91 0.9223999999999996
92 0.9211999999999995
93 0.9199999999999996
94 0.9195999999999995
95 0.9191999999999995
96 0.9179999999999996
97 0.9179999999999996
98 0.9171999999999997
99 0.9163999999999998
100 0.9163999999999998
101 0.9151999999999997
102 0.9139999999999996
103 0.9127999999999997
104 0.9119999999999999
105 0.9111999999999998
106 0.9087999999999999
107 0.9087999999999999
108 0.9096
109 0.9104000000000001
110 0.9103999999999999
111 0.9099999999999998
112 0.9099999999999998
113 0.9083999999999999
114 0.9091999999999999
115 0.9076
116 0.9079999999999998
117 0.9076
118 0.9075999999999997
119 0.9063999999999999
120 0.9059999999999999
121 0.9048
122 0.9031999999999999
123 0.9028
124 0.9028
125 0.9024
126 0.9007999999999999
127 0.9
128 0.8996
129 0.9003999999999999
130 0.8999999999999999
131 0.9003999999999999
132 0.9011999999999999
133 0.9023999999999998
134 0.9028
135 0.9039999999999999
136 0.904
137 0.9039999999999999
138 0.9055999999999998
139 0.9039999999999998
140 0.9035999999999998
141 0.9031999999999999
142 0.9011999999999999
143 0.8995999999999998
144 0.8991999999999999
145 0.8983999999999999
146 0.8976
147 0.8964
148 0.8964
149 0.8952
150 0.894
151 0.8932000000000001
152 0.8916
153 0.8908
154 0.8915999999999998
155 0.892
156 0.8932000000000001
157 0.894
158 0.8948
159 0.8956000000000001
160 0.8955999999999998
161 0.8943999999999999
162 0.8931999999999999
163 0.8939999999999999
164 0.8932000000000001
165 0.892
166 0.8912000000000002
167 0.8904
168 0.8896
169 0.8887999999999999
170 0.8872000000000003
171 0.8860000000000002
172 0.8832000000000001
173 0.882
174 0.882
175 0.88
176 0.8787999999999999
177 0.8784000000000001
178 0.8776
179 0.8772
180 0.8767999999999999
181 0.8780000000000001
182 0.8804000000000001
183 0.8848
184 0.8856000000000002
185 0.8856
186 0.8852
187 0.8864000000000002
188 0.8868
189 0.8856
190 0.8844
191 0.8835999999999999
192 0.8828
193 0.8824
194 0.8816000000000002
195 0.8796
196 0.8784000000000002
197 0.8780000000000002
198 0.8772000000000001
199 0.8776000000000002
200 0.8772000000000001
201 0.8764000000000002
202 0.8764
203 0.8768
204 0.8792000000000002
205 0.8808000000000002
206 0.8848000000000001
207 0.8852000000000002
208 0.8872000000000004
209 0.8860000000000001
210 0.8872000000000001
211 0.8864000000000002
212 0.8848000000000001
213 0.8840000000000002
214 0.8828000000000001
215 0.8808000000000001
216 0.8784000000000003
217 0.8772000000000001
218 0.8764000000000003
219 0.8748000000000004
220 0.8732000000000003
221 0.8720000000000003
222 0.8704000000000004
223 0.8696000000000003
224 0.8696000000000003
225 0.8680000000000001
226 0.8684000000000002
227 0.8692000000000002
228 0.8676
229 0.8700000000000001
230 0.8732000000000002
231 0.8751999999999999
232 0.8775999999999999
233 0.8792
234 0.8796
235 0.8787999999999999
236 0.8776000000000002
237 0.8772000000000001
238 0.8772000000000001
239 0.8748000000000001
240 0.8736000000000003
241 0.8728000000000002
242 0.8728000000000002
243 0.8728000000000002
244 0.8708000000000002
245 0.8700000000000003
246 0.8688000000000002
247 0.8684000000000002
248 0.8684000000000002
249 0.8664000000000002
250 0.8668
251 0.8672
252 0.8683999999999998
253 0.87
254 0.8716000000000002
255 0.8736000000000002
256 0.8752000000000001
257 0.8768
258 0.8784000000000002
259 0.8776000000000004
260 0.8784000000000003
261 0.8756000000000003
262 0.8756000000000002
263 0.8748000000000004
264 0.8732000000000002
265 0.8724000000000003
266 0.8704000000000002
267 0.8688000000000001
268 0.8676000000000001
269 0.8668000000000002
270 0.8656
271 0.8636000000000001
272 0.8632000000000001
273 0.8636000000000001
274 0.8632000000000001
275 0.8660000000000001
276 0.8692
277 0.8680000000000001
278 0.8680000000000001
279 0.868
280 0.8688000000000001
281 0.8684000000000001
282 0.8695999999999999
283 0.8667999999999998
284 0.866
285 0.8652
286 0.8628
287 0.8604000000000002
288 0.8576000000000001
289 0.8560000000000001
290 0.8532000000000002
291 0.8520000000000002
292 0.8508000000000001
293 0.8484000000000002
294 0.8472000000000002
295 0.8468000000000001
296 0.8472000000000002
297 0.8460000000000001
298 0.8444000000000002
299 0.8432000000000002
300 0.8460000000000001
301 0.8483999999999999
302 0.8503999999999998
303 0.8536
304 0.8551999999999998
305 0.8559999999999998
306 0.8575999999999998
307 0.8575999999999998
308 0.8583999999999999
309 0.8579999999999999
310 0.8559999999999998
311 0.8539999999999999
312 0.8527999999999999
313 0.8496000000000001
314 0.848
315 0.846
316 0.8447999999999999
317 0.8431999999999998
318 0.8403999999999996
319 0.8395999999999997
320 0.8391999999999997
321 0.8379999999999999
322 0.8359999999999999
323 0.8371999999999997
324 0.8367999999999999
325 0.8391999999999998
326 0.8412
327 0.8419999999999999
328 0.8412
329 0.8424
330 0.8432000000000001
331 0.8443999999999999
332 0.8432
333 0.8423999999999999
334 0.8416000000000001
335 0.8392000000000002
336 0.8388000000000002
337 0.8364000000000003
338 0.8340000000000003
339 0.8328000000000003
340 0.8320000000000002
341 0.8304000000000002
342 0.8292000000000003
343 0.8296000000000003
344 0.8288000000000004
345 0.8276000000000004
346 0.8288000000000005
347 0.8288000000000004
348 0.8300000000000002
349 0.8344000000000003
350 0.8356000000000001
351 0.8380000000000001
352 0.8396000000000001
353 0.8395999999999999
354 0.8408000000000001
355 0.8408000000000001
356 0.8399999999999999
357 0.8391999999999998
358 0.8375999999999999
359 0.8364
360 0.8351999999999999
361 0.8344000000000001
362 0.8328000000000002
363 0.8316000000000002
364 0.8304000000000002
365 0.8300000000000002
366 0.8300000000000002
367 0.8288000000000002
368 0.8292000000000002
369 0.8296000000000003
370 0.8296000000000003
371 0.8288000000000002
372 0.8304000000000002
373 0.8320000000000001
374 0.8368000000000003
375 0.8388000000000002
376 0.8416000000000002
377 0.8436000000000001
378 0.8460000000000001
379 0.8460000000000001
380 0.8452
381 0.8447999999999999
382 0.8435999999999999
383 0.8416
384 0.8392000000000001
385 0.8364
386 0.8344000000000001
387 0.8320000000000001
388 0.83
389 0.8284
390 0.8264000000000001
391 0.8251999999999999
392 0.8243999999999998
393 0.8235999999999999
394 0.8223999999999998
395 0.8256
396 0.8275999999999999
397 0.8299999999999998
398 0.8307999999999999
399 0.8324000000000001
400 0.8351999999999998
401 0.8355999999999999
402 0.8344000000000003
403 0.8348
404 0.8344000000000001
405 0.8344
406 0.834
407 0.8316
408 0.8319999999999999
409 0.8311999999999999
410 0.8295999999999999
411 0.8268
412 0.8256
413 0.8240000000000001
414 0.8240000000000001
415 0.8228000000000002
416 0.8220000000000001
417 0.8212000000000002
418 0.8212000000000002
419 0.8240000000000001
420 0.8264
421 0.8284
422 0.8292000000000002
423 0.8304000000000002
424 0.8323999999999999
425 0.8340000000000001
426 0.8368000000000003
427 0.8368000000000002
428 0.8380000000000001
429 0.8372000000000003
430 0.8360000000000002
431 0.8356000000000003
432 0.8328000000000002
433 0.8320000000000003
434 0.8316000000000003
435 0.8300000000000003
436 0.8296000000000002
437 0.8284000000000001
438 0.8268000000000002
439 0.8260000000000004
440 0.8252000000000004
441 0.8228000000000002
442 0.8256000000000001
443 0.8260000000000001
444 0.8280000000000001
445 0.8284000000000001
446 0.8296000000000001
447 0.8312000000000004
448 0.8340000000000005
449 0.8376000000000003
450 0.8420000000000001
451 0.8436
452 0.8420000000000001
453 0.8392000000000001
454 0.8372000000000002
455 0.8348
456 0.8324000000000003
457 0.8312000000000002
458 0.8284000000000004
459 0.8272000000000003
460 0.8248000000000002
461 0.8244000000000001
462 0.8220000000000001
463 0.8228000000000003
464 0.8224000000000002
465 0.8216000000000002
466 0.8228000000000002
467 0.8228000000000002
468 0.8260000000000001
469 0.8292
470 0.8316
471 0.836
472 0.84
473 0.8403999999999999
474 0.8395999999999999
475 0.8396000000000001
476 0.8384000000000004
477 0.8388000000000001
478 0.8368000000000001
479 0.8340000000000001
480 0.8328
481 0.8316000000000001
482 0.8296000000000001
483 0.8280000000000001
484 0.8260000000000002
485 0.8248000000000002
486 0.8232000000000003
487 0.8232
488 0.8232
489 0.8220000000000003
490 0.8220000000000003
491 0.8260000000000001
492 0.8284
493 0.8288000000000001
494 0.8311999999999999
495 0.8356
496 0.838
497 0.8388000000000001
498 0.8412000000000001
499 0.8416000000000001
500 0.8428000000000001
501 0.8444000000000002
502 0.8432000000000002
503 0.8400000000000002
504 0.8388000000000002
505 0.8376000000000002
506 0.8364000000000003
507 0.8336000000000002
508 0.8316000000000001
509 0.8304
510 0.8288000000000001
511 0.8280000000000001
512 0.8284
513 0.8276
514 0.8280000000000003
515 0.8280000000000003
516 0.8308000000000001
517 0.8324000000000003
518 0.8348000000000002
519 0.8368000000000005
520 0.8344000000000001
521 0.8312000000000005
522 0.8304000000000002
523 0.8300000000000003
524 0.8300000000000004
525 0.8296000000000003
526 0.8288000000000004
527 0.8264000000000002
528 0.8244000000000002
529 0.8228000000000002
530 0.8216000000000001
531 0.8196000000000002
532 0.8184000000000001
533 0.8164000000000001
534 0.8160000000000001
535 0.8160000000000001
536 0.8164
537 0.816
538 0.8151999999999999
539 0.8168
540 0.82
541 0.8212000000000002
542 0.8244000000000002
543 0.8268000000000002
544 0.8288000000000001
545 0.8280000000000003
546 0.8316000000000001
547 0.8340000000000003
548 0.8324000000000004
549 0.8304000000000004
550 0.8288000000000002
551 0.8276000000000003
552 0.8256000000000003
553 0.8240000000000003
554 0.8224000000000002
555 0.8196000000000003
556 0.8172000000000004
557 0.8168000000000003
558 0.8140000000000004
559 0.8128000000000003
560 0.8120000000000003
561 0.8120000000000005
562 0.8132000000000004
563 0.8144000000000002
564 0.8176000000000002
565 0.8196000000000002
566 0.8208000000000001
567 0.8228000000000002
568 0.8252000000000003
569 0.8252000000000002
570 0.8276000000000003
571 0.8288000000000002
572 0.8268000000000001
573 0.8256000000000001
574 0.8232000000000003
575 0.8216000000000002
576 0.8196000000000002
577 0.8188000000000001
578 0.8172
579 0.8168
580 0.8156
581 0.8140000000000001
582 0.8136000000000001
583 0.8124000000000001
584 0.812
585 0.8120000000000002
586 0.8100000000000002
587 0.8120000000000002
588 0.8144000000000001
589 0.8156
590 0.8175999999999998
591 0.82
592 0.8208
593 0.8223999999999999
594 0.8240000000000001
595 0.8244
596 0.8228
597 0.8224000000000001
598 0.8212
599 0.8168000000000001
600 0.8148000000000001
601 0.8128
602 0.8103999999999999
603 0.8072
604 0.8047999999999998
605 0.8039999999999999
606 0.8031999999999999
607 0.8027999999999998
608 0.8023999999999998
609 0.8035999999999999
610 0.8048000000000001
611 0.8056
612 0.8088000000000002
613 0.8124000000000001
614 0.8144
615 0.8188000000000001
616 0.8179999999999997
617 0.8195999999999997
618 0.8208
619 0.8212
620 0.8184000000000001
621 0.8172000000000001
622 0.8147999999999999
623 0.8128
624 0.8108000000000001
625 0.8084000000000002
626 0.8072000000000001
627 0.8064000000000001
628 0.806
629 0.8052000000000001
630 0.8044000000000001
631 0.8036
632 0.8036000000000001
633 0.8036
634 0.8036
635 0.8052000000000001
636 0.8076000000000001
637 0.8111999999999999
638 0.8104
639 0.8111999999999999
640 0.8131999999999999
641 0.8171999999999997
642 0.8207999999999999
643 0.8232
644 0.8220000000000001
645 0.8204
646 0.8188000000000001
647 0.8180000000000001
648 0.8156
649 0.8156
650 0.8143999999999998
651 0.8131999999999999
652 0.8119999999999998
653 0.8103999999999998
654 0.81
655 0.81
656 0.8096000000000001
657 0.8092
658 0.8100000000000003
659 0.8112
660 0.814
661 0.8135999999999999
662 0.8136
663 0.8180000000000003
664 0.8188000000000001
665 0.8235999999999999
666 0.8244
667 0.8244
668 0.8220000000000001
669 0.8227999999999999
670 0.8215999999999998
671 0.8188
672 0.816
673 0.8147999999999999
674 0.8144
675 0.8127999999999999
676 0.8111999999999999
677 0.8091999999999999
678 0.8091999999999999
679 0.8079999999999999
680 0.8092
681 0.8079999999999999
682 0.8092
683 0.8088
684 0.8140000000000001
685 0.816
686 0.8196000000000002
687 0.8223999999999999
688 0.8227999999999999
689 0.8243999999999997
690 0.8263999999999997
691 0.8263999999999997
692 0.826
693 0.8240000000000001
694 0.8232
695 0.8224000000000001
696 0.8212
697 0.8191999999999999
698 0.8164
699 0.8156
700 0.8128
701 0.8108000000000001
702 0.8100000000000002
703 0.8092000000000001
704 0.8088000000000001
705 0.8084
706 0.8079999999999999
707 0.8088
708 0.8123999999999999
709 0.8164000000000001
710 0.8196000000000001
711 0.8220000000000002
712 0.8256
713 0.8299999999999998
714 0.8319999999999999
715 0.8328
716 0.8316
717 0.83
718 0.8284
719 0.8271999999999998
720 0.8219999999999996
721 0.8207999999999998
722 0.8183999999999996
723 0.8175999999999997
724 0.8159999999999996
725 0.8147999999999996
726 0.8135999999999997
727 0.8127999999999997
728 0.8123999999999997
729 0.8099999999999998
730 0.8099999999999998
731 0.8123999999999999
732 0.8147999999999999
733 0.8204000000000002
734 0.8216000000000001
735 0.8256
736 0.8268000000000001
737 0.8276
738 0.8284
739 0.8292000000000002
740 0.8288000000000001
741 0.8284
742 0.8256000000000001
743 0.8232000000000003
744 0.8216000000000002
745 0.8180000000000003
746 0.8160000000000003
747 0.8156000000000003
748 0.8148000000000002
749 0.8144000000000002
750 0.8144000000000001
751 0.8128000000000002
752 0.8108000000000001
753 0.8116000000000002
754 0.8136000000000003
755 0.8148000000000003
756 0.8184000000000001
757 0.8228000000000002
758 0.8252000000000003
759 0.8264
760 0.8312000000000002
761 0.8324000000000003
762 0.8328000000000004
763 0.8336000000000005
764 0.8344000000000003
765 0.8328000000000002
766 0.8316000000000002
767 0.8292000000000002
768 0.8284
769 0.8271999999999999
770 0.8256
771 0.8232
772 0.8208
773 0.8191999999999999
774 0.8188
775 0.8175999999999999
776 0.8164
777 0.8136
778 0.8128000000000002
779 0.8132000000000003
780 0.8136
781 0.8168000000000003
782 0.8220000000000001
783 0.8256
784 0.8275999999999999
785 0.8280000000000001
786 0.8264
787 0.8256
788 0.8252000000000002
789 0.8236
790 0.8231999999999999
791 0.82
792 0.8180000000000001
793 0.8156
794 0.814
795 0.8132
796 0.8115999999999999
797 0.8103999999999998
798 0.8091999999999997
799 0.8087999999999999
800 0.8087999999999999
801 0.8067999999999997
802 0.8059999999999998
803 0.8063999999999997
804 0.8096
805 0.8131999999999999
806 0.8144
807 0.8179999999999998
808 0.8200000000000002
809 0.8240000000000001
810 0.8244000000000001
811 0.8224000000000001
812 0.8216000000000001
813 0.8220000000000002
814 0.82
815 0.816
816 0.8135999999999999
817 0.8115999999999999
818 0.8115999999999999
819 0.8099999999999998
820 0.8079999999999998
821 0.8055999999999998
822 0.8055999999999998
823 0.8031999999999998
824 0.8031999999999998
825 0.8023999999999998
826 0.8027999999999997
827 0.8047999999999997
828 0.8079999999999998
829 0.8139999999999997
830 0.8143999999999997
831 0.8143999999999998
832 0.8143999999999998
833 0.8171999999999994
834 0.8159999999999998
835 0.8155999999999998
836 0.8155999999999999
837 0.814
838 0.8123999999999998
839 0.8115999999999999
840 0.8099999999999998
841 0.8091999999999999
842 0.8071999999999998
843 0.8047999999999997
844 0.8035999999999998
845 0.8031999999999998
846 0.8027999999999998
847 0.8023999999999998
848 0.8015999999999999
849 0.8011999999999999
850 0.8015999999999999
851 0.8028
852 0.8068
853 0.8096
854 0.8124000000000001
855 0.8151999999999999
856 0.8191999999999997
857 0.8227999999999999
858 0.8255999999999999
859 0.8264
860 0.8236
861 0.8220000000000001
862 0.8212
863 0.8204
864 0.8196000000000001
865 0.8168000000000001
866 0.8156
867 0.8148000000000001
868 0.8128
869 0.8116000000000001
870 0.8100000000000002
871 0.8092000000000001
872 0.8076000000000002
873 0.8056
874 0.8047999999999998
875 0.8075999999999999
876 0.8092
877 0.812
878 0.8123999999999997
879 0.8131999999999998
880 0.816
881 0.8191999999999999
882 0.8207999999999999
883 0.8219999999999997
884 0.8195999999999999
885 0.8172
886 0.816
887 0.8151999999999999
888 0.8123999999999999
889 0.8099999999999998
890 0.8084
891 0.8072
892 0.8056
893 0.8052000000000001
894 0.8036
895 0.8028000000000002
896 0.802
897 0.8016000000000001
898 0.802
899 0.8035999999999999
900 0.8068000000000001
901 0.8104000000000003
902 0.8128
903 0.8131999999999999
904 0.8163999999999999
905 0.8203999999999998
906 0.8223999999999999
907 0.8236
908 0.8219999999999998
909 0.8207999999999999
910 0.8187999999999999
911 0.8159999999999998
912 0.8143999999999997
913 0.8131999999999998
914 0.8127999999999999
915 0.8108
916 0.8083999999999999
917 0.8075999999999999
918 0.8063999999999999
919 0.8047999999999997
920 0.8031999999999998
921 0.8015999999999999
922 0.8008
923 0.8035999999999998
924 0.8075999999999998
925 0.8131999999999999
926 0.816
927 0.8187999999999999
928 0.8203999999999998
929 0.8263999999999999
930 0.8308000000000001
931 0.8300000000000002
932 0.83
933 0.83
934 0.8275999999999999
935 0.8256
936 0.8232
937 0.8204
938 0.8176000000000001
939 0.8160000000000001
940 0.8148000000000001
941 0.8123999999999999
942 0.8103999999999999
943 0.8091999999999999
944 0.8072
945 0.8075999999999999
946 0.8059999999999998
947 0.8063999999999999
948 0.8083999999999999
949 0.81
950 0.8164000000000001
951 0.8200000000000002
952 0.8208
953 0.8207999999999999
954 0.8231999999999999
955 0.8228
956 0.8240000000000001
957 0.8220000000000002
958 0.8220000000000002
959 0.8192000000000002
960 0.8176000000000002
961 0.8156000000000002
962 0.8144000000000001
963 0.8123999999999999
964 0.8116
965 0.8103999999999999
966 0.8096
967 0.8096
968 0.8075999999999999
969 0.8071999999999998
970 0.8091999999999999
971 0.8083999999999999
972 0.8107999999999999
973 0.8143999999999998
974 0.8188000000000001
975 0.8220000000000001
976 0.8240000000000002
977 0.8256
978 0.8275999999999998
979 0.8288
980 0.8283999999999999
981 0.826
982 0.8256
983 0.8256
984 0.8232
985 0.8216
986 0.8184
987 0.818
988 0.8155999999999999
989 0.8143999999999998
990 0.8123999999999999
991 0.8116
992 0.8096
993 0.8083999999999999
994 0.8051999999999999
995 0.8064
996 0.8104
997 0.8151999999999999
998 0.8192
999 0.8208
1000 0.8199999999999998
1001 0.8223999999999999
1002 0.8223999999999999
1003 0.8223999999999999
1004 0.8199999999999998
1005 0.82
1006 0.8191999999999999
1007 0.8175999999999999
1008 0.8151999999999997
1009 0.8131999999999998
1010 0.8103999999999998
1011 0.8087999999999999
1012 0.8079999999999998
1013 0.8059999999999998
1014 0.8047999999999998
1015 0.8039999999999998
1016 0.8039999999999998
1017 0.8023999999999998
1018 0.8031999999999998
1019 0.8031999999999999
1020 0.8047999999999997
1021 0.8091999999999999
1022 0.8147999999999996
1023 0.8195999999999997
1024 0.8219999999999998
1025 0.8268000000000001
1026 0.8268000000000001
1027 0.8268
1028 0.826
1029 0.8228
1030 0.8216000000000001
1031 0.8188000000000001
1032 0.8172
1033 0.8140000000000002
1034 0.8116000000000001
1035 0.8080000000000002
1036 0.8072000000000001
1037 0.8068000000000001
1038 0.8056000000000002
1039 0.8056000000000003
1040 0.8056000000000002
1041 0.806
1042 0.8064
1043 0.8080000000000002
1044 0.8116000000000002
1045 0.8168000000000002
1046 0.8208000000000001
1047 0.8204000000000002
1048 0.8204
1049 0.8219999999999998
1050 0.8244
1051 0.8264000000000001
1052 0.8244000000000001
1053 0.8228
1054 0.8192
1055 0.8172000000000001
1056 0.8160000000000001
1057 0.8148000000000002
1058 0.8124000000000001
1059 0.8104
1060 0.8080000000000002
1061 0.8072
1062 0.8064
1063 0.8052000000000001
1064 0.804
1065 0.804
1066 0.8024
1067 0.8039999999999999
1068 0.8063999999999999
1069 0.8083999999999999
1070 0.8103999999999999
1071 0.8127999999999999
1072 0.8171999999999998
1073 0.8168000000000002
1074 0.8164
1075 0.8175999999999999
1076 0.8160000000000001
1077 0.8143999999999998
1078 0.8123999999999998
1079 0.8115999999999997
1080 0.8095999999999995
1081 0.8087999999999995
1082 0.8083999999999996
1083 0.8059999999999996
1084 0.8023999999999998
1085 0.8019999999999997
1086 0.8003999999999998
1087 0.7987999999999998
1088 0.7996
1089 0.7988
1090 0.7996
1091 0.7991999999999997
1092 0.8019999999999999
1093 0.8044
1094 0.8076000000000001
1095 0.8108
1096 0.8152000000000001
1097 0.8188000000000001
1098 0.8204000000000002
1099 0.8212
1100 0.8208000000000003
1101 0.8176000000000002
1102 0.8160000000000003
1103 0.8140000000000002
1104 0.8124000000000001
1105 0.8088000000000001
1106 0.8076000000000002
1107 0.8060000000000003
1108 0.8040000000000002
1109 0.8020000000000002
1110 0.7996000000000001
1111 0.7979999999999999
1112 0.7968000000000001
1113 0.7968000000000001
1114 0.796
1115 0.7992000000000001
1116 0.8012000000000001
1117 0.8044000000000004
1118 0.8056000000000004
1119 0.8084000000000003
1120 0.8108000000000003
1121 0.8120000000000003
1122 0.8132000000000003
1123 0.8152000000000001
1124 0.8140000000000002
1125 0.8140000000000001
1126 0.8144000000000001
1127 0.8111999999999999
1128 0.8083999999999999
1129 0.8063999999999999
1130 0.8056
1131 0.8024
1132 0.8003999999999999
1133 0.7988
1134 0.7975999999999999
1135 0.7976000000000001
1136 0.7964
1137 0.7959999999999998
1138 0.7959999999999999
1139 0.7983999999999999
1140 0.7988
1141 0.8016000000000001
1142 0.8064
1143 0.8103999999999998
1144 0.8135999999999999
1145 0.8163999999999996
1146 0.8163999999999999
1147 0.8151999999999997
1148 0.8155999999999998
1149 0.8143999999999997
1150 0.8131999999999998
1151 0.8103999999999995
1152 0.8087999999999996
1153 0.8079999999999997
1154 0.8063999999999999
1155 0.8047999999999998
1156 0.8035999999999999
1157 0.8003999999999999
1158 0.7988
1159 0.7955999999999999
1160 0.7943999999999999
1161 0.7943999999999999
1162 0.7955999999999998
1163 0.7975999999999999
1164 0.8048000000000001
1165 0.8072000000000001
1166 0.8104
1167 0.8108
1168 0.8151999999999999
1169 0.8163999999999999
1170 0.8175999999999999
1171 0.8171999999999998
1172 0.8175999999999999
1173 0.8155999999999998
1174 0.8143999999999996
1175 0.8131999999999998
1176 0.8111999999999998
1177 0.8103999999999997
1178 0.8079999999999997
1179 0.8055999999999998
1180 0.8043999999999997
1181 0.8027999999999997
1182 0.8019999999999997
1183 0.8007999999999998
1184 0.8007999999999998
1185 0.8011999999999999
1186 0.8011999999999998
1187 0.8011999999999998
1188 0.8039999999999998
1189 0.8055999999999999
1190 0.8080000000000002
1191 0.8096000000000001
1192 0.8128000000000003
1193 0.8176000000000001
1194 0.8192000000000002
1195 0.8180000000000003
1196 0.8160000000000003
1197 0.8148000000000003
1198 0.8144000000000002
1199 0.8112000000000004
1200 0.8104000000000003
1201 0.8064000000000001
1202 0.8056
1203 0.8036000000000001
1204 0.8020000000000002
1205 0.8000000000000002
1206 0.7988000000000001
1207 0.7980000000000002
1208 0.7972000000000001
1209 0.7964000000000001
1210 0.7968000000000001
1211 0.7988000000000001
1212 0.8020000000000002
1213 0.8036000000000001
1214 0.8052000000000002
1215 0.8048000000000003
1216 0.8072000000000003
1217 0.8103999999999999
1218 0.8123999999999998
1219 0.8116
1220 0.8111999999999999
1221 0.8104
1222 0.8092
1223 0.8076000000000002
1224 0.8072000000000001
1225 0.8064000000000001
1226 0.8048000000000001
1227 0.8036000000000001
1228 0.8024000000000001
1229 0.8008
1230 0.8
1231 0.7979999999999999
1232 0.7975999999999999
1233 0.7959999999999999
1234 0.7975999999999999
1235 0.8003999999999999
1236 0.802
1237 0.8044
1238 0.8088000000000001
1239 0.8144
1240 0.8156
1241 0.82
1242 0.8199999999999998
1243 0.8192
1244 0.8188000000000001
1245 0.8200000000000002
1246 0.8176000000000002
1247 0.8152000000000001
1248 0.8144
1249 0.8123999999999999
1250 0.8111999999999998
1251 0.81
1252 0.8092
1253 0.806
1254 0.8051999999999999
1255 0.8036000000000001
1256 0.8032000000000002
1257 0.8019999999999999
1258 0.8
1259 0.802
1260 0.8028000000000002
1261 0.8048000000000001
1262 0.806
1263 0.8076000000000001
1264 0.8111999999999998
1265 0.8116
1266 0.8115999999999999
1267 0.812
1268 0.8119999999999997
1269 0.8079999999999998
1270 0.8063999999999999
1271 0.8051999999999998
1272 0.8036
1273 0.7995999999999998
1274 0.7955999999999998
1275 0.7931999999999998
1276 0.7915999999999999
1277 0.7892
1278 0.7884
1279 0.7876000000000002
1280 0.7888
1281 0.7859999999999999
1282 0.7884
1283 0.7896000000000001
1284 0.7936000000000001
1285 0.7988000000000001
1286 0.8027999999999998
1287 0.8048000000000002
1288 0.8084000000000002
1289 0.8132000000000003
1290 0.8168000000000001
1291 0.8192000000000002
1292 0.8176000000000003
1293 0.8148000000000002
1294 0.8140000000000002
1295 0.8120000000000002
1296 0.8076000000000002
1297 0.8060000000000003
1298 0.8044000000000002
1299 0.8024000000000002
1300 0.8000000000000002
1301 0.7992
1302 0.7984
1303 0.7951999999999999
1304 0.7916
1305 0.7916000000000001
1306 0.7904000000000001
1307 0.7916
1308 0.7984000000000002
1309 0.8016
1310 0.8039999999999999
1311 0.8075999999999999
1312 0.8091999999999997
1313 0.8131999999999999
1314 0.8135999999999999
1315 0.8135999999999999
1316 0.8115999999999999
1317 0.8103999999999999
1318 0.8091999999999999
1319 0.8075999999999998
1320 0.8055999999999999
1321 0.8024
1322 0.8008
1323 0.8
1324 0.7992
1325 0.7980000000000002
1326 0.7976000000000001
1327 0.796
1328 0.796
1329 0.7964
1330 0.7948
1331 0.7963999999999999
1332 0.7971999999999998
1333 0.7988
1334 0.802
1335 0.8040000000000002
1336 0.8072000000000001
1337 0.8099999999999998
1338 0.8127999999999997
1339 0.8143999999999998
1340 0.8119999999999997
1341 0.8103999999999998
1342 0.8095999999999998
1343 0.8075999999999999
1344 0.8059999999999999
1345 0.8048000000000001
1346 0.8031999999999999
1347 0.8028
1348 0.8024
1349 0.8008
1350 0.8016
1351 0.8019999999999999
1352 0.8008
1353 0.7999999999999998
1354 0.7988
1355 0.7988000000000001
1356 0.8015999999999999
1357 0.8056
1358 0.8075999999999999
1359 0.8116000000000002
1360 0.8168000000000002
1361 0.8211999999999999
1362 0.8271999999999999
1363 0.8276
1364 0.8256000000000001
1365 0.8220000000000002
1366 0.8184000000000001
1367 0.8168000000000002
1368 0.8144000000000001
1369 0.8112
1370 0.8096000000000001
1371 0.8084000000000003
1372 0.806
1373 0.804
1374 0.8024000000000001
1375 0.8008000000000002
1376 0.7992000000000001
1377 0.7972000000000001
1378 0.7979999999999999
1379 0.7980000000000002
1380 0.8008000000000002
1381 0.8032
1382 0.8059999999999999
1383 0.8091999999999997
1384 0.8111999999999998
1385 0.8111999999999999
1386 0.8116
1387 0.81
1388 0.812
1389 0.8079999999999999
1390 0.8072
1391 0.8047999999999998
1392 0.8016
1393 0.7996
1394 0.7963999999999999
1395 0.7951999999999998
1396 0.7943999999999999
1397 0.7935999999999999
1398 0.7923999999999998
1399 0.7904000000000001
1400 0.7896
1401 0.7896000000000001
1402 0.7916
1403 0.7948000000000001
1404 0.7959999999999999
1405 0.8008000000000003
1406 0.8032000000000002
1407 0.8056000000000002
1408 0.8091999999999999
1409 0.8083999999999999
1410 0.8084
1411 0.8068000000000001
1412 0.8052000000000001
1413 0.8016000000000001
1414 0.7975999999999999
1415 0.7952000000000001
1416 0.794
1417 0.7920000000000001
1418 0.7900000000000001
1419 0.7896000000000001
1420 0.7892
1421 0.7888000000000001
1422 0.7880000000000001
1423 0.7868
1424 0.7856000000000002
1425 0.7852000000000001
1426 0.7868000000000002
1427 0.7872000000000002
1428 0.7908000000000002
1429 0.7951999999999999
1430 0.7972
1431 0.8003999999999999
1432 0.8024
1433 0.8032
1434 0.8032
1435 0.8072000000000001
1436 0.8084
1437 0.8072
1438 0.8044000000000001
1439 0.802
1440 0.8012
1441 0.8004000000000001
1442 0.7992
1443 0.7948000000000001
1444 0.7932000000000001
1445 0.7924000000000001
1446 0.7911999999999999
1447 0.7908
1448 0.7908000000000002
1449 0.7892
1450 0.7904000000000001
1451 0.7912
1452 0.7939999999999999
1453 0.7979999999999999
1454 0.7992
1455 0.8016
1456 0.8076000000000002
1457 0.8076000000000003
1458 0.8072000000000003
1459 0.8056
1460 0.8044
1461 0.8031999999999999
1462 0.8016
1463 0.7979999999999999
1464 0.7959999999999999
1465 0.7947999999999997
1466 0.7924
1467 0.7912
1468 0.7904000000000001
1469 0.7888000000000001
1470 0.7860000000000004
1471 0.7856000000000003
1472 0.7844000000000002
1473 0.7832000000000002
1474 0.7828000000000002
1475 0.7856000000000003
1476 0.7904000000000001
1477 0.7944
1478 0.7988000000000003
1479 0.8004000000000002
1480 0.8036000000000001
1481 0.8068000000000002
1482 0.8088000000000004
1483 0.8028000000000004
1484 0.8016000000000002
1485 0.8012000000000001
1486 0.7984
1487 0.7956000000000002
1488 0.7940000000000004
1489 0.7932000000000003
1490 0.7912000000000003
1491 0.7912000000000003
1492 0.7896000000000004
1493 0.7888000000000004
1494 0.7868000000000005
1495 0.7856000000000003
1496 0.7848000000000003
1497 0.7836000000000003
1498 0.7852000000000002
1499 0.7876000000000002
1500 0.7916000000000001
1501 0.7979999999999999
1502 0.8011999999999999
1503 0.8008000000000003
1504 0.8028000000000003
1505 0.806
1506 0.8075999999999999
1507 0.8072
1508 0.8064
1509 0.8032000000000002
1510 0.8016000000000002
1511 0.7996000000000002
1512 0.7964
1513 0.794
1514 0.7924000000000001
1515 0.7916000000000001
1516 0.7900000000000003
1517 0.7884000000000003
1518 0.7876000000000003
1519 0.7872000000000002
1520 0.7856000000000003
1521 0.7848000000000003
1522 0.7844000000000002
1523 0.7872000000000001
1524 0.7892
1525 0.7908000000000002
1526 0.7932000000000001
1527 0.7952000000000001
1528 0.7948
1529 0.7972
1530 0.7979999999999999
1531 0.7984
1532 0.7980000000000002
1533 0.7956
1534 0.7944000000000001
1535 0.7944000000000001
1536 0.7944000000000001
1537 0.7924000000000001
1538 0.7900000000000001
1539 0.7880000000000001
1540 0.786
1541 0.7848000000000002
1542 0.7836000000000002
1543 0.7824000000000002
1544 0.7820000000000004
1545 0.7816000000000001
1546 0.7816000000000001
1547 0.7848
1548 0.79
1549 0.7931999999999999
1550 0.7948
1551 0.7979999999999999
1552 0.7992
1553 0.8012
1554 0.8028
1555 0.8036
1556 0.8008
1557 0.8000000000000002
1558 0.7984000000000002
1559 0.7960000000000003
1560 0.7936000000000003
1561 0.7916
1562 0.7899999999999998
1563 0.7879999999999999
1564 0.7879999999999999
1565 0.7856000000000001
1566 0.7852
1567 0.7847999999999999
1568 0.7839999999999999
1569 0.7831999999999999
1570 0.7828
1571 0.7844
1572 0.7872
1573 0.79
1574 0.7928000000000001
1575 0.7984000000000002
1576 0.8011999999999999
1577 0.8044
1578 0.8068000000000001
1579 0.8075999999999999
1580 0.8052000000000001
1581 0.8051999999999999
1582 0.8000000000000002
1583 0.796
1584 0.7956000000000002
1585 0.7932000000000001
1586 0.7932000000000001
1587 0.7916000000000001
1588 0.79
1589 0.7876000000000002
1590 0.7864000000000001
1591 0.7852
1592 0.7828000000000002
1593 0.7832000000000001
1594 0.7840000000000003
1595 0.7872000000000001
1596 0.7876000000000001
1597 0.7904000000000001
1598 0.7968
1599 0.7980000000000002
1600 0.8008000000000002
1601 0.8024
1602 0.8028000000000002
1603 0.8044000000000001
1604 0.8028000000000003
1605 0.8016000000000004
1606 0.8016000000000002
1607 0.7996000000000002
1608 0.7980000000000003
1609 0.7960000000000003
1610 0.7936000000000001
1611 0.7920000000000001
1612 0.7904000000000002
1613 0.7892000000000001
1614 0.7888000000000001
1615 0.7884000000000002
1616 0.7864000000000001
1617 0.7856000000000002
1618 0.7868000000000002
1619 0.7876000000000003
1620 0.7904000000000003
1621 0.7928000000000003
1622 0.7964000000000003
1623 0.7964000000000003
1624 0.7984000000000002
1625 0.8008000000000002
1626 0.8024000000000002
1627 0.8048000000000002
1628 0.8048000000000001
1629 0.8032000000000002
1630 0.8028000000000002
1631 0.8008000000000003
1632 0.7996000000000002
1633 0.7976000000000002
1634 0.7932000000000003
1635 0.7924000000000002
1636 0.7912000000000003
1637 0.7904000000000003
1638 0.7892000000000005
1639 0.7872000000000005
1640 0.7868000000000002
1641 0.7868000000000002
1642 0.7888
1643 0.7911999999999999
1644 0.7951999999999999
1645 0.7992000000000001
1646 0.8027999999999998
1647 0.8075999999999999
1648 0.8099999999999998
1649 0.8096
1650 0.8132
1651 0.8140000000000002
1652 0.8136000000000001
1653 0.8131999999999999
1654 0.8128
1655 0.8116
1656 0.8108000000000003
1657 0.8088000000000001
1658 0.8072000000000001
1659 0.8060000000000003
1660 0.8048000000000002
1661 0.8012000000000001
1662 0.8008
1663 0.8000000000000002
1664 0.7988000000000001
1665 0.7980000000000003
1666 0.7968000000000002
1667 0.7996000000000002
1668 0.8016000000000002
1669 0.8040000000000004
1670 0.8068000000000005
1671 0.8088000000000004
1672 0.8108000000000004
1673 0.8128000000000002
1674 0.8156000000000003
1675 0.8128
1676 0.8112
1677 0.8076000000000001
1678 0.8044000000000001
1679 0.8012000000000001
1680 0.7979999999999999
1681 0.7948000000000001
1682 0.7932000000000002
1683 0.7928000000000002
1684 0.7908000000000002
1685 0.7884000000000002
1686 0.7872000000000001
1687 0.7864
1688 0.7864
1689 0.7864
1690 0.7884
1691 0.7924
1692 0.7951999999999999
1693 0.7980000000000002
1694 0.7992000000000001
1695 0.8008000000000004
1696 0.8056000000000002
1697 0.8080000000000004
1698 0.8088000000000001
1699 0.8108000000000001
1700 0.8080000000000004
1701 0.8064000000000004
1702 0.8012000000000001
1703 0.7996000000000002
1704 0.7972000000000001
1705 0.7936000000000001
1706 0.7916000000000001
1707 0.7888000000000001
1708 0.7867999999999999
1709 0.7847999999999999
1710 0.7843999999999999
1711 0.7831999999999998
1712 0.7827999999999998
1713 0.7827999999999998
1714 0.7824
1715 0.7844
1716 0.7872000000000001
1717 0.7936
1718 0.7955999999999999
1719 0.7983999999999998
1720 0.7996000000000001
1721 0.7979999999999998
1722 0.7983999999999999
1723 0.7984
1724 0.7992
1725 0.7964000000000001
1726 0.7928000000000002
1727 0.7916000000000003
1728 0.7900000000000003
1729 0.7876000000000002
1730 0.786
1731 0.7836000000000002
1732 0.7808000000000002
1733 0.7792
1734 0.7787999999999999
1735 0.7767999999999998
1736 0.7763999999999999
1737 0.7771999999999999
1738 0.7767999999999998
1739 0.7787999999999999
1740 0.7799999999999998
1741 0.7844000000000001
1742 0.7904000000000002
1743 0.7951999999999999
1744 0.7964
1745 0.7991999999999997
1746 0.8007999999999998
1747 0.7972
1748 0.7943999999999999
1749 0.7916
1750 0.7907999999999998
1751 0.7879999999999998
1752 0.7859999999999998
1753 0.7851999999999997
1754 0.7831999999999998
1755 0.7827999999999998
1756 0.7823999999999998
1757 0.7803999999999996
1758 0.7791999999999996
1759 0.7775999999999996
1760 0.7771999999999997
1761 0.7759999999999997
1762 0.7755999999999998
1763 0.7743999999999999
1764 0.7759999999999998
1765 0.7799999999999998
1766 0.7831999999999998
1767 0.7859999999999999
1768 0.7896000000000001
1769 0.7944000000000001
1770 0.7948000000000001
1771 0.794
1772 0.7936000000000001
1773 0.7919999999999999
1774 0.7899999999999998
1775 0.7867999999999998
1776 0.7851999999999998
1777 0.7839999999999998
1778 0.7823999999999998
1779 0.7819999999999999
1780 0.7803999999999998
1781 0.7799999999999998
1782 0.7787999999999998
1783 0.7759999999999999
1784 0.7755999999999998
1785 0.7747999999999999
1786 0.7776000000000001
1787 0.7796000000000001
1788 0.7820000000000001
1789 0.7847999999999999
1790 0.7879999999999998
1791 0.7928000000000002
1792 0.7951999999999999
1793 0.7979999999999998
1794 0.8027999999999998
1795 0.8024
1796 0.7988
1797 0.7976000000000001
1798 0.7952000000000001
1799 0.7936000000000001
1800 0.7924000000000001
1801 0.7900000000000001
1802 0.7879999999999999
1803 0.7859999999999999
1804 0.7852
1805 0.7824
1806 0.7816
1807 0.7819999999999999
1808 0.7815999999999999
1809 0.7803999999999999
1810 0.7807999999999999
1811 0.7828
1812 0.784
1813 0.7876000000000001
1814 0.7896000000000002
1815 0.7936000000000001
1816 0.7948000000000002
1817 0.8004000000000001
1818 0.8036
1819 0.8027999999999998
1820 0.7996
1821 0.7968000000000001
1822 0.7936
1823 0.7864000000000001
1824 0.7820000000000001
1825 0.7800000000000001
1826 0.7784
1827 0.7760000000000001
1828 0.7743999999999999
1829 0.7727999999999997
1830 0.7719999999999998
1831 0.7719999999999999
1832 0.7719999999999999
1833 0.7711999999999999
1834 0.7699999999999999
1835 0.7731999999999999
1836 0.7804000000000001
1837 0.784
1838 0.7871999999999997
1839 0.7919999999999999
1840 0.7951999999999998
1841 0.7972
1842 0.7971999999999998
1843 0.7959999999999998
1844 0.7963999999999999
1845 0.7951999999999998
1846 0.7931999999999998
1847 0.7903999999999998
1848 0.7875999999999997
1849 0.7871999999999997
1850 0.7847999999999997
1851 0.7823999999999998
1852 0.7819999999999999
1853 0.7803999999999998
1854 0.7779999999999997
1855 0.7783999999999998
1856 0.7759999999999998
1857 0.7739999999999996
1858 0.7731999999999998
1859 0.7751999999999998
1860 0.7783999999999999
1861 0.7839999999999996
1862 0.7855999999999994
1863 0.7899999999999997
1864 0.7919999999999999
1865 0.7931999999999998
1866 0.7904000000000001
1867 0.79
1868 0.7876000000000001
1869 0.7859999999999999
1870 0.7848
1871 0.7836000000000002
1872 0.7812
1873 0.7796000000000001
1874 0.7784
1875 0.7772000000000001
1876 0.7744000000000003
1877 0.7724000000000002
1878 0.7716000000000001
1879 0.7708000000000002
1880 0.7700000000000001
1881 0.7696000000000002
1882 0.7688000000000003
1883 0.7688000000000001
1884 0.7724000000000001
1885 0.7744000000000001
1886 0.7776000000000001
1887 0.7808000000000002
1888 0.7848
1889 0.7867999999999999
1890 0.7879999999999999
1891 0.7903999999999999
1892 0.7876000000000001
1893 0.7852000000000001
1894 0.7852000000000001
1895 0.7839999999999999
1896 0.782
1897 0.7812
1898 0.7808000000000002
1899 0.7796000000000001
1900 0.7792
1901 0.7776000000000001
1902 0.778
1903 0.7771999999999999
1904 0.7755999999999998
1905 0.7751999999999998
1906 0.7759999999999998
1907 0.7787999999999998
1908 0.782
1909 0.7855999999999997
1910 0.7888000000000001
1911 0.7888
1912 0.7904000000000001
1913 0.7932000000000001
1914 0.7968000000000002
1915 0.7948000000000001
1916 0.7932000000000002
1917 0.7931999999999999
1918 0.7916
1919 0.7908
1920 0.7879999999999999
1921 0.7836000000000002
1922 0.782
1923 0.7812
1924 0.7784
1925 0.778
1926 0.7776000000000001
1927 0.7755999999999998
1928 0.7752
1929 0.7735999999999998
1930 0.7743999999999999
1931 0.7775999999999997
1932 0.7803999999999998
1933 0.7867999999999996
1934 0.7947999999999997
1935 0.7955999999999998
1936 0.7992
1937 0.7979999999999998
1938 0.7979999999999998
1939 0.7988
1940 0.7971999999999998
1941 0.7959999999999998
1942 0.7935999999999998
1943 0.7899999999999998
1944 0.7871999999999999
1945 0.7835999999999999
1946 0.7811999999999998
1947 0.7791999999999998
1948 0.7775999999999997
1949 0.7752
1950 0.774
1951 0.7736
1952 0.7732000000000001
1953 0.7732000000000001
1954 0.7716000000000001
1955 0.774
1956 0.7756000000000002
1957 0.78
1958 0.7836
1959 0.7879999999999999
1960 0.7908
1961 0.7943999999999999
1962 0.7960000000000003
1963 0.7956000000000003
1964 0.7924000000000003
1965 0.7916000000000003
1966 0.7908000000000002
1967 0.7876000000000001
1968 0.7864
1969 0.7867999999999999
1970 0.7867999999999999
1971 0.7864
1972 0.7852
1973 0.7844
1974 0.7836
1975 0.7832000000000001
1976 0.7828
1977 0.782
1978 0.782
1979 0.7828
1980 0.7863999999999999
1981 0.7891999999999999
1982 0.7919999999999999
1983 0.7952000000000002
1984 0.7956000000000002
1985 0.8008000000000002
1986 0.8024
1987 0.8051999999999999
1988 0.8032
1989 0.8008000000000002
1990 0.7980000000000002
1991 0.7936000000000001
1992 0.7904000000000002
1993 0.7884000000000002
1994 0.7872
1995 0.7859999999999999
1996 0.7831999999999999
1997 0.7807999999999999
1998 0.78
1999 0.7796000000000001
