1 1.0
2 1.0
3 1.0
4 1.0
5 0.9987999999999999
6 0.9984000000000001
7 0.9980000000000001
8 0.9975999999999999
9 0.9968
10 0.9968
11 0.9964
12 0.9964
13 0.996
14 0.9955999999999999
15 0.9947999999999999
16 0.9944
17 0.9944
18 0.9936
19 0.9927999999999999
20 0.9915999999999999
21 0.9907999999999998
22 0.9899999999999999
23 0.988
24 0.9867999999999998
25 0.9863999999999998
26 0.9851999999999996
27 0.9843999999999998
28 0.9827999999999997
29 0.9823999999999997
30 0.9803999999999998
31 0.9791999999999997
32 0.9779999999999999
33 0.9767999999999999
34 0.976
35 0.9756
36 0.9735999999999998
37 0.9716
38 0.9708
39 0.9691999999999997
40 0.9679999999999999
41 0.9671999999999998
42 0.9655999999999998
43 0.9643999999999998
44 0.9627999999999998
45 0.9619999999999997
46 0.9611999999999997
47 0.9603999999999998
48 0.9599999999999997
49 0.9599999999999997
50 0.9591999999999997
51 0.9587999999999998
52 0.9587999999999998
53 0.9579999999999999
54 0.9571999999999997
55 0.9567999999999998
56 0.9559999999999998
57 0.9559999999999998
58 0.9559999999999998
59 0.9544
60 0.9531999999999999
61 0.9515999999999998
62 0.9511999999999999
63 0.9499999999999998
64 0.9487999999999999
65 0.9483999999999999
66 0.9471999999999998
67 0.9459999999999998
68 0.9459999999999998
69 0.9447999999999999
70 0.944
71 0.9427999999999999
72 0.9403999999999998
73 0.9403999999999998
74 0.9403999999999998
75 0.9395999999999998
76 0.9375999999999997
77 0.9367999999999996
78 0.9363999999999996
79 0.9355999999999995
80 0.9347999999999996
81 0.9335999999999998
82 0.9331999999999997
83 0.9327999999999997
84 0.9307999999999998
85 0.9299999999999997
86 0.9275999999999999
87 0.9255999999999999
88 0.9251999999999998
89 0.9239999999999998
90 0.9231999999999999
91 0.9224
92 0.9216
93 0.9192
94 0.9176000000000001
95 0.9168
96 0.9164
97 0.9164
98 0.9148
99 0.9148
100 0.9148
101 0.9148
102 0.914
103 0.9128000000000001
104 0.9124
105 0.912
106 0.9107999999999999
107 0.9104000000000001
108 0.91
109 0.9096000000000001
110 0.9092
111 0.9076000000000001
112 0.9076000000000001
113 0.9068
114 0.9064
115 0.9056000000000001
116 0.9056000000000001
117 0.9056000000000001
118 0.9044
119 0.9032000000000001
120 0.9016
121 0.9007999999999999
122 0.8999999999999999
123 0.8991999999999999
124 0.8987999999999999
125 0.8964
126 0.8959999999999999
127 0.8948
128 0.8944
129 0.8924
130 0.8916
131 0.8911999999999999
132 0.8904
133 0.8896
134 0.888
135 0.8871999999999999
136 0.8867999999999999
137 0.8859999999999999
138 0.8856
139 0.8856
140 0.8843999999999999
141 0.8824
142 0.8819999999999999
143 0.8811999999999999
144 0.8811999999999999
145 0.88
146 0.8796
147 0.8783999999999998
148 0.8776
149 0.8767999999999999
150 0.8752
151 0.8747999999999999
152 0.8732
153 0.8724
154 0.8711999999999999
155 0.8692
156 0.8680000000000001
157 0.8668000000000002
158 0.8648000000000002
159 0.8628000000000001
160 0.8624
161 0.8616000000000001
162 0.8612000000000001
163 0.8608000000000001
164 0.8608000000000001
165 0.8592
166 0.8580000000000001
167 0.8576
168 0.8572000000000002
169 0.8564000000000002
170 0.8560000000000001
171 0.8544000000000002
172 0.8536
173 0.8536
174 0.8512000000000001
175 0.8496000000000001
176 0.8488000000000001
177 0.8484
178 0.8464
179 0.8456
180 0.8456
181 0.8456
182 0.8452000000000001
183 0.8448
184 0.8440000000000001
185 0.8423999999999998
186 0.8415999999999997
187 0.8411999999999997
188 0.8407999999999997
189 0.8403999999999998
190 0.8383999999999997
191 0.8371999999999998
192 0.836
193 0.8355999999999999
194 0.8348
195 0.8344000000000001
196 0.8340000000000001
197 0.8340000000000001
198 0.8328
199 0.8324000000000001
200 0.8308000000000001
201 0.8308000000000001
202 0.8300000000000002
203 0.8288000000000001
204 0.8288000000000001
205 0.8268000000000002
206 0.8264000000000002
207 0.8264000000000002
208 0.8244000000000002
209 0.8236000000000003
210 0.8232000000000003
211 0.8224000000000002
212 0.8216000000000001
213 0.8212
214 0.8200000000000002
215 0.8196000000000002
216 0.8196000000000002
217 0.8188000000000002
218 0.8176000000000003
219 0.8172000000000003
220 0.8156000000000003
221 0.8144000000000002
222 0.8140000000000004
223 0.8132000000000003
224 0.8108000000000003
225 0.8100000000000002
226 0.8092000000000001
227 0.8080000000000003
228 0.8076000000000002
229 0.8060000000000003
230 0.8056000000000002
231 0.8048000000000001
232 0.8048000000000001
233 0.804
234 0.8024
235 0.8024
236 0.802
237 0.8003999999999999
238 0.7996
239 0.7988
240 0.7984
241 0.7984
242 0.7979999999999999
243 0.7975999999999999
244 0.7975999999999999
245 0.7959999999999999
246 0.7951999999999999
247 0.7951999999999999
248 0.7951999999999999
249 0.7951999999999999
250 0.7939999999999999
251 0.7939999999999999
252 0.7936
253 0.7931999999999999
254 0.7931999999999999
255 0.7919999999999999
256 0.7908
257 0.79
258 0.7896
259 0.7896
260 0.7896
261 0.7896
262 0.7888
263 0.7884
264 0.7879999999999999
265 0.7879999999999999
266 0.7876000000000001
267 0.7864
268 0.7864
269 0.7851999999999998
270 0.7847999999999997
271 0.7843999999999999
272 0.7839999999999998
273 0.7835999999999999
274 0.7823999999999998
275 0.7819999999999999
276 0.7803999999999999
277 0.7803999999999999
278 0.7799999999999998
279 0.7799999999999998
280 0.7787999999999999
281 0.7783999999999999
282 0.778
283 0.7764000000000002
284 0.7756000000000002
285 0.7752000000000001
286 0.7748000000000002
287 0.7744000000000001
288 0.7736000000000002
289 0.7728000000000002
290 0.7728000000000002
291 0.7728000000000002
292 0.772
293 0.772
294 0.7716000000000001
295 0.7712
296 0.7704000000000001
297 0.77
298 0.7696000000000001
299 0.7688000000000001
300 0.7688000000000001
301 0.7680000000000001
302 0.7680000000000001
303 0.7680000000000001
304 0.7672000000000001
305 0.7668000000000003
306 0.7664000000000003
307 0.7664000000000003
308 0.7656000000000002
309 0.7648000000000001
310 0.7648000000000001
311 0.7644000000000003
312 0.7644000000000003
313 0.7644000000000003
314 0.7640000000000002
315 0.7632000000000002
316 0.7620000000000001
317 0.7612000000000002
318 0.7604000000000001
319 0.7596
320 0.7587999999999999
321 0.7575999999999999
322 0.7559999999999999
323 0.7555999999999998
324 0.7543999999999998
325 0.7531999999999998
326 0.7531999999999998
327 0.7531999999999998
328 0.7523999999999998
329 0.7523999999999998
330 0.7511999999999999
331 0.7508
332 0.7495999999999999
333 0.7495999999999999
334 0.7491999999999999
335 0.7487999999999999
336 0.748
337 0.748
338 0.7467999999999999
339 0.7456
340 0.7456
341 0.7456
342 0.7456
343 0.7452
344 0.7444000000000002
345 0.7444000000000002
346 0.7424
347 0.742
348 0.7415999999999999
349 0.7411999999999999
350 0.7404000000000001
351 0.74
352 0.7396
353 0.7396
354 0.7388000000000001
355 0.7388000000000001
356 0.7384000000000001
357 0.7380000000000001
358 0.7372000000000001
359 0.7364
360 0.7356
361 0.7352
362 0.7352
363 0.7347999999999999
364 0.7339999999999999
365 0.7332
366 0.7332
367 0.7332
368 0.7328
369 0.7319999999999999
370 0.7308
371 0.7304
372 0.7292000000000001
373 0.7288000000000001
374 0.7276
375 0.7276
376 0.7272000000000002
377 0.7268000000000001
378 0.7264000000000002
379 0.7256
380 0.7240000000000001
381 0.7236
382 0.7232
383 0.7228
384 0.722
385 0.72
386 0.7195999999999999
387 0.7188
388 0.7188
389 0.7183999999999999
390 0.7175999999999999
391 0.7167999999999999
392 0.7167999999999999
393 0.7163999999999998
394 0.7163999999999998
395 0.7163999999999998
396 0.7163999999999998
397 0.716
398 0.716
399 0.7155999999999999
400 0.7152
401 0.7143999999999999
402 0.7132
403 0.7132
404 0.7124000000000001
405 0.7120000000000001
406 0.7116000000000001
407 0.7116000000000001
408 0.7108000000000001
409 0.7096000000000001
410 0.7080000000000001
411 0.7076
412 0.7076
413 0.7076
414 0.7076
415 0.7076
416 0.7072000000000002
417 0.7064000000000001
418 0.7044000000000001
419 0.7020000000000001
420 0.7012
421 0.7008
422 0.6988
423 0.6988
424 0.6968
425 0.6964
426 0.6955999999999999
427 0.6955999999999999
428 0.6944
429 0.6944
430 0.694
431 0.6936
432 0.6936
433 0.6936
434 0.6931999999999999
435 0.6927999999999999
436 0.6927999999999999
437 0.6923999999999999
438 0.6919999999999998
439 0.6916
440 0.6911999999999999
441 0.6911999999999999
442 0.6911999999999999
443 0.6911999999999999
444 0.6908
445 0.6908
446 0.6903999999999999
447 0.69
448 0.6896
449 0.6888
450 0.688
451 0.6864
452 0.6864
453 0.6859999999999999
454 0.6859999999999999
455 0.6847999999999999
456 0.6843999999999998
457 0.6843999999999998
458 0.6831999999999998
459 0.6819999999999999
460 0.6815999999999999
461 0.6811999999999999
462 0.6799999999999998
463 0.6796
464 0.6791999999999999
465 0.6791999999999999
466 0.6788
467 0.6783999999999999
468 0.6783999999999999
469 0.6783999999999999
470 0.6783999999999999
471 0.6775999999999999
472 0.6775999999999999
473 0.6775999999999999
474 0.6763999999999999
475 0.6763999999999999
476 0.6759999999999999
477 0.6755999999999999
478 0.6755999999999999
479 0.6751999999999998
480 0.6751999999999998
481 0.6747999999999997
482 0.6747999999999997
483 0.6739999999999998
484 0.6739999999999998
485 0.6731999999999998
486 0.6731999999999998
487 0.6731999999999998
488 0.6731999999999998
489 0.6727999999999997
490 0.6723999999999998
491 0.6715999999999999
492 0.6715999999999999
493 0.6715999999999999
494 0.6707999999999998
495 0.6699999999999998
496 0.6687999999999998
497 0.6687999999999998
498 0.6679999999999998
499 0.6675999999999997
500 0.6667999999999998
501 0.6659999999999998
502 0.6659999999999998
503 0.6655999999999997
504 0.6655999999999997
505 0.6651999999999998
506 0.6647999999999997
507 0.6635999999999999
508 0.6631999999999998
509 0.6627999999999998
510 0.6623999999999998
511 0.6623999999999998
512 0.6623999999999998
513 0.6623999999999998
514 0.6615999999999999
515 0.6615999999999999
516 0.6615999999999999
517 0.6615999999999999
518 0.6615999999999999
519 0.6611999999999999
520 0.6607999999999998
521 0.6607999999999998
522 0.6599999999999998
523 0.6599999999999998
524 0.6595999999999997
525 0.6595999999999997
526 0.6591999999999999
527 0.6583999999999999
528 0.6579999999999998
529 0.6575999999999997
530 0.6575999999999997
531 0.6567999999999998
532 0.6563999999999998
533 0.6551999999999998
534 0.6543999999999999
535 0.6543999999999999
536 0.6531999999999999
537 0.6527999999999998
538 0.6519999999999999
539 0.65
540 0.6496
541 0.6496
542 0.6496
543 0.6496
544 0.6496
545 0.6492
546 0.6487999999999999
547 0.6484000000000001
548 0.648
549 0.6468
550 0.6460000000000001
551 0.6460000000000001
552 0.6460000000000001
553 0.6460000000000001
554 0.6456000000000001
555 0.6452000000000001
556 0.6444
557 0.6435999999999998
558 0.6431999999999999
559 0.6431999999999999
560 0.6427999999999998
561 0.6419999999999999
562 0.6407999999999998
563 0.6407999999999998
564 0.6399999999999999
565 0.6392
566 0.6392
567 0.6392
568 0.6384
569 0.6384
570 0.6375999999999998
571 0.6371999999999999
572 0.6371999999999999
573 0.6371999999999999
574 0.6367999999999998
575 0.6363999999999999
576 0.6359999999999999
577 0.6355999999999998
578 0.6355999999999998
579 0.6347999999999999
580 0.6339999999999999
581 0.6332
582 0.6332
583 0.6327999999999999
584 0.6324
585 0.6319999999999999
586 0.6311999999999999
587 0.6307999999999999
588 0.6307999999999999
589 0.6299999999999999
590 0.6295999999999999
591 0.6292
592 0.6292
593 0.6279999999999998
594 0.6271999999999999
595 0.6263999999999998
596 0.6251999999999999
597 0.6247999999999998
598 0.6247999999999998
599 0.6243999999999998
600 0.6239999999999999
601 0.6235999999999998
602 0.6227999999999999
603 0.6215999999999999
604 0.6211999999999999
605 0.6192
606 0.6187999999999999
607 0.6187999999999999
608 0.6187999999999999
609 0.6187999999999999
610 0.618
611 0.6168
612 0.6164000000000001
613 0.6156
614 0.6152000000000001
615 0.6152000000000001
616 0.6144000000000001
617 0.6144000000000001
618 0.6144000000000001
619 0.6140000000000001
620 0.6136
621 0.6136
622 0.6132000000000001
623 0.6132000000000001
624 0.6132000000000001
625 0.6132000000000001
626 0.6123999999999999
627 0.6123999999999999
628 0.6123999999999999
629 0.6123999999999999
630 0.6123999999999999
631 0.6123999999999999
632 0.612
633 0.6112
634 0.6112
635 0.6108
636 0.6103999999999999
637 0.61
638 0.61
639 0.61
640 0.6088
641 0.6088
642 0.6084
643 0.6080000000000001
644 0.6080000000000001
645 0.6076
646 0.6068000000000001
647 0.6060000000000001
648 0.6060000000000001
649 0.6056000000000001
650 0.6052000000000001
651 0.6048
652 0.6044
653 0.6036
654 0.6036
655 0.6036
656 0.6028000000000001
657 0.6028000000000001
658 0.6024
659 0.6024
660 0.602
661 0.6016
662 0.6008
663 0.6004
664 0.6000000000000001
665 0.5992000000000001
666 0.5988
667 0.5988
668 0.5984
669 0.5984
670 0.5984
671 0.5980000000000001
672 0.5972000000000001
673 0.5968000000000001
674 0.5964
675 0.5960000000000001
676 0.5952000000000001
677 0.5952000000000001
678 0.5948000000000001
679 0.5948000000000001
680 0.5944000000000002
681 0.5940000000000001
682 0.5940000000000001
683 0.5940000000000001
684 0.5936
685 0.5936
686 0.5928000000000001
687 0.5924
688 0.5920000000000001
689 0.5912000000000002
690 0.5900000000000001
691 0.5900000000000001
692 0.5900000000000001
693 0.5896000000000001
694 0.5888000000000001
695 0.5884
696 0.5884
697 0.5884
698 0.5884
699 0.5880000000000001
700 0.5860000000000001
701 0.5856000000000001
702 0.5856000000000001
703 0.5852000000000002
704 0.5852000000000002
705 0.5844000000000001
706 0.5840000000000002
707 0.5840000000000002
708 0.5836000000000001
709 0.5832
710 0.5832
711 0.5828
712 0.5824000000000001
713 0.5816
714 0.5816
715 0.5816
716 0.5803999999999999
717 0.5795999999999999
718 0.5791999999999999
719 0.5788
720 0.5783999999999999
721 0.5776
722 0.5768
723 0.5763999999999999
724 0.5763999999999999
725 0.5763999999999999
726 0.5756
727 0.5756
728 0.5751999999999999
729 0.574
730 0.574
731 0.574
732 0.5736
733 0.5732
734 0.5728
735 0.5716
736 0.5708
737 0.5708
738 0.5704
739 0.5704
740 0.5696
741 0.5688
742 0.5680000000000001
743 0.5676000000000001
744 0.5668000000000001
745 0.5664000000000001
746 0.5660000000000001
747 0.5656000000000001
748 0.5656000000000001
749 0.5648000000000001
750 0.5644000000000001
751 0.5644000000000001
752 0.5632
753 0.5624000000000001
754 0.562
755 0.562
756 0.5616
757 0.5611999999999999
758 0.5604
759 0.56
760 0.5596
761 0.5588
762 0.5583999999999999
763 0.5575999999999999
764 0.5568
765 0.5563999999999999
766 0.5559999999999999
767 0.5551999999999999
768 0.5548
769 0.5539999999999999
770 0.5536
771 0.5532
772 0.5528
773 0.5528
774 0.5528
775 0.5516000000000001
776 0.5512
777 0.5504
778 0.5492
779 0.5484
780 0.5484
781 0.5484
782 0.5484
783 0.5476000000000001
784 0.5476000000000001
785 0.5472
786 0.5472
787 0.5472
788 0.5472
789 0.5468000000000001
790 0.5468000000000001
791 0.5464
792 0.5464
793 0.546
794 0.5448000000000001
795 0.5440000000000002
796 0.5436000000000001
797 0.5436000000000001
798 0.5428000000000002
799 0.5428000000000002
800 0.5428000000000002
801 0.5420000000000001
802 0.5420000000000001
803 0.5408000000000002
804 0.5408000000000002
805 0.5400000000000003
806 0.5396000000000002
807 0.5392000000000002
808 0.5392000000000002
809 0.5392000000000002
810 0.5392000000000002
811 0.5384000000000002
812 0.5384000000000002
813 0.5384000000000002
814 0.5380000000000001
815 0.5380000000000001
816 0.5380000000000001
817 0.5380000000000001
818 0.5380000000000001
819 0.5380000000000001
820 0.5376000000000001
821 0.5368000000000002
822 0.5364000000000001
823 0.5364000000000001
824 0.5356000000000002
825 0.5356000000000002
826 0.5352000000000001
827 0.5352000000000001
828 0.5352000000000001
829 0.5348000000000002
830 0.5332000000000002
831 0.5328000000000003
832 0.5320000000000003
833 0.5320000000000003
834 0.5312000000000002
835 0.5312000000000002
836 0.5312000000000002
837 0.5312000000000002
838 0.5312000000000002
839 0.5308000000000002
840 0.5308000000000002
841 0.5300000000000002
842 0.5300000000000002
843 0.5296000000000002
844 0.5296000000000002
845 0.5296000000000002
846 0.5292000000000001
847 0.5288000000000002
848 0.5284000000000002
849 0.5284000000000002
850 0.5284000000000002
851 0.5276000000000002
852 0.5272000000000002
853 0.5264000000000002
854 0.5264000000000002
855 0.5264000000000002
856 0.5264000000000002
857 0.5256000000000003
858 0.5256000000000003
859 0.5256000000000003
860 0.5248000000000003
861 0.5244000000000003
862 0.5240000000000002
863 0.5236000000000003
864 0.5224000000000002
865 0.5224000000000002
866 0.5220000000000002
867 0.5212000000000002
868 0.5204000000000001
869 0.5204000000000001
870 0.5204000000000001
871 0.5204000000000001
872 0.5204000000000001
873 0.5204000000000001
874 0.5200000000000001
875 0.5196000000000002
876 0.5196000000000002
877 0.5196000000000002
878 0.5192000000000001
879 0.5192000000000001
880 0.5192000000000001
881 0.5188000000000001
882 0.518
883 0.5172
884 0.5172
885 0.5172
886 0.5172
887 0.5172
888 0.5172
889 0.5172
890 0.5164
891 0.5164
892 0.5156
893 0.5152
894 0.5152
895 0.5147999999999999
896 0.5147999999999999
897 0.5144
898 0.5144
899 0.5144
900 0.514
901 0.5136
902 0.5128
903 0.5128
904 0.5128
905 0.5128
906 0.5124
907 0.512
908 0.5115999999999999
909 0.5112
910 0.5108
911 0.5108
912 0.5108
913 0.5108
914 0.5104
915 0.5104
916 0.5104
917 0.5104
918 0.5104
919 0.5104
920 0.5104
921 0.5104
922 0.5096
923 0.5096
924 0.5092
925 0.5092
926 0.5088
927 0.5084000000000001
928 0.5084000000000001
929 0.508
930 0.508
931 0.5072000000000001
932 0.5072000000000001
933 0.5072000000000001
934 0.5072000000000001
935 0.5068000000000001
936 0.5064000000000002
937 0.5064000000000002
938 0.5060000000000001
939 0.5060000000000001
940 0.5060000000000001
941 0.5056000000000002
942 0.5052000000000001
943 0.5052000000000001
944 0.5048000000000001
945 0.5040000000000001
946 0.5036000000000002
947 0.5032000000000001
948 0.5028000000000001
949 0.5028000000000001
950 0.5024000000000002
951 0.5020000000000002
952 0.5020000000000002
953 0.5020000000000002
954 0.5020000000000002
955 0.5020000000000002
956 0.5020000000000002
957 0.5020000000000002
958 0.5016000000000002
959 0.5016000000000002
960 0.5016000000000002
961 0.5016000000000002
962 0.5012000000000002
963 0.5012000000000002
964 0.5008000000000002
965 0.5004000000000002
966 0.5000000000000001
967 0.5000000000000001
968 0.5000000000000001
969 0.5000000000000001
970 0.5000000000000001
971 0.5000000000000001
972 0.5000000000000001
973 0.49960000000000016
974 0.49960000000000016
975 0.49960000000000016
976 0.49960000000000016
977 0.49960000000000016
978 0.49920000000000014
979 0.4988000000000002
980 0.4988000000000002
981 0.4988000000000002
982 0.4988000000000002
983 0.4984000000000002
984 0.4984000000000002
985 0.49760000000000004
986 0.4972000000000001
987 0.4972000000000001
988 0.4972000000000001
989 0.4972000000000001
990 0.4972000000000001
991 0.4972000000000001
992 0.4972000000000001
993 0.4972000000000001
994 0.4960000000000001
995 0.4960000000000001
996 0.4960000000000001
997 0.4960000000000001
998 0.4960000000000001
999 0.4956000000000001
1000 0.4956000000000001
1001 0.4956000000000001
1002 0.4956000000000001
1003 0.494
1004 0.494
1005 0.4932
1006 0.4932
1007 0.4932
1008 0.4928
1009 0.4928
1010 0.4928
1011 0.4928
1012 0.4928
1013 0.4924
1014 0.4924
1015 0.49200000000000005
1016 0.49200000000000005
1017 0.49200000000000005
1018 0.49200000000000005
1019 0.49160000000000004
1020 0.49160000000000004
1021 0.4912
1022 0.4912
1023 0.4912
1024 0.4912
1025 0.49080000000000007
1026 0.4904
1027 0.4904
1028 0.4904
1029 0.4904
1030 0.49
1031 0.49
1032 0.48960000000000004
1033 0.4892
1034 0.4892
1035 0.4888
1036 0.4888
1037 0.4888
1038 0.4888
1039 0.4888
1040 0.4888
1041 0.4888
1042 0.4888
1043 0.4888
1044 0.48840000000000006
1045 0.48800000000000004
1046 0.48760000000000003
1047 0.48760000000000003
1048 0.48760000000000003
1049 0.48760000000000003
1050 0.48760000000000003
1051 0.48680000000000007
1052 0.4856000000000001
1053 0.4856000000000001
1054 0.4856000000000001
1055 0.4856000000000001
1056 0.4852000000000001
1057 0.4852000000000001
1058 0.48480000000000006
1059 0.48440000000000005
1060 0.48440000000000005
1061 0.48440000000000005
1062 0.48440000000000005
1063 0.48400000000000004
1064 0.48400000000000004
1065 0.48400000000000004
1066 0.48400000000000004
1067 0.48400000000000004
1068 0.48400000000000004
1069 0.48400000000000004
1070 0.48400000000000004
1071 0.48400000000000004
1072 0.48400000000000004
1073 0.4836000000000001
1074 0.4836000000000001
1075 0.4836000000000001
1076 0.4836000000000001
1077 0.4836000000000001
1078 0.4836000000000001
1079 0.4836000000000001
1080 0.4836000000000001
1081 0.4836000000000001
1082 0.4836000000000001
1083 0.4836000000000001
1084 0.4836000000000001
1085 0.4832000000000001
1086 0.4832000000000001
1087 0.4832000000000001
1088 0.4832000000000001
1089 0.4832000000000001
1090 0.4832000000000001
1091 0.48280000000000006
1092 0.48280000000000006
1093 0.48280000000000006
1094 0.4824
1095 0.4824
1096 0.4824
1097 0.4824
1098 0.4824
1099 0.4824
1100 0.4824
1101 0.4815999999999999
1102 0.4815999999999999
1103 0.4815999999999999
1104 0.4815999999999999
1105 0.4815999999999999
1106 0.4815999999999999
1107 0.4815999999999999
1108 0.4815999999999999
1109 0.4815999999999999
1110 0.4815999999999999
1111 0.4811999999999999
1112 0.4807999999999999
1113 0.48039999999999994
1114 0.48039999999999994
1115 0.48039999999999994
1116 0.48039999999999994
1117 0.48039999999999994
1118 0.4799999999999999
1119 0.4799999999999999
1120 0.4799999999999999
1121 0.4795999999999999
1122 0.4795999999999999
1123 0.4795999999999999
1124 0.4795999999999999
1125 0.47919999999999996
1126 0.47919999999999996
1127 0.47919999999999996
1128 0.47919999999999996
1129 0.47879999999999995
1130 0.47879999999999995
1131 0.47879999999999995
1132 0.47839999999999994
1133 0.47839999999999994
1134 0.47839999999999994
1135 0.47839999999999994
1136 0.47839999999999994
1137 0.47839999999999994
1138 0.478
1139 0.478
1140 0.478
1141 0.478
1142 0.478
1143 0.478
1144 0.478
1145 0.478
1146 0.47759999999999997
1147 0.47759999999999997
1148 0.47759999999999997
1149 0.4772
1150 0.4772
1151 0.4768
1152 0.4768
1153 0.4768
1154 0.4764
1155 0.4764
1156 0.4764
1157 0.4764
1158 0.47600000000000003
1159 0.47479999999999994
1160 0.47479999999999994
1161 0.47479999999999994
1162 0.47479999999999994
1163 0.47479999999999994
1164 0.47479999999999994
1165 0.47479999999999994
1166 0.47479999999999994
1167 0.47479999999999994
1168 0.47479999999999994
1169 0.47479999999999994
1170 0.47479999999999994
1171 0.47479999999999994
1172 0.47479999999999994
1173 0.47479999999999994
1174 0.47479999999999994
1175 0.47479999999999994
1176 0.47479999999999994
1177 0.47479999999999994
1178 0.47479999999999994
1179 0.47479999999999994
1180 0.4744
1181 0.4744
1182 0.4744
1183 0.474
1184 0.474
1185 0.474
1186 0.474
1187 0.474
1188 0.474
1189 0.474
1190 0.474
1191 0.4736
1192 0.47319999999999995
1193 0.47319999999999995
1194 0.47319999999999995
1195 0.47319999999999995
1196 0.47319999999999995
1197 0.47319999999999995
1198 0.47319999999999995
1199 0.47319999999999995
1200 0.47319999999999995
1201 0.47279999999999994
1202 0.47279999999999994
1203 0.47279999999999994
1204 0.47279999999999994
1205 0.47279999999999994
1206 0.47239999999999993
1207 0.47239999999999993
1208 0.47239999999999993
1209 0.47239999999999993
1210 0.47159999999999996
1211 0.47159999999999996
1212 0.47159999999999996
1213 0.47159999999999996
1214 0.47159999999999996
1215 0.47119999999999995
1216 0.47119999999999995
1217 0.47119999999999995
1218 0.47119999999999995
1219 0.47119999999999995
1220 0.4704
1221 0.4696
1222 0.4696
1223 0.4696
1224 0.4696
1225 0.46880000000000005
1226 0.46880000000000005
1227 0.46880000000000005
1228 0.46880000000000005
1229 0.46880000000000005
1230 0.46840000000000004
1231 0.46840000000000004
1232 0.46840000000000004
1233 0.468
1234 0.468
1235 0.468
1236 0.468
1237 0.46760000000000007
1238 0.46760000000000007
1239 0.46760000000000007
1240 0.46720000000000006
1241 0.46680000000000005
1242 0.46680000000000005
1243 0.46680000000000005
1244 0.46680000000000005
1245 0.4664000000000001
1246 0.4664000000000001
1247 0.4664000000000001
1248 0.4660000000000001
1249 0.4660000000000001
1250 0.4660000000000001
1251 0.4660000000000001
1252 0.46560000000000007
1253 0.46560000000000007
1254 0.46560000000000007
1255 0.46560000000000007
1256 0.46560000000000007
1257 0.46560000000000007
1258 0.4652000000000001
1259 0.4652000000000001
1260 0.46480000000000005
1261 0.46480000000000005
1262 0.46399999999999997
1263 0.4632
1264 0.4628
1265 0.4628
1266 0.462
1267 0.4616
1268 0.46120000000000005
1269 0.46120000000000005
1270 0.46120000000000005
1271 0.46080000000000004
1272 0.46080000000000004
1273 0.46080000000000004
1274 0.45960000000000006
1275 0.4588000000000001
1276 0.4588000000000001
1277 0.4588000000000001
1278 0.45760000000000006
1279 0.45760000000000006
1280 0.45760000000000006
1281 0.45760000000000006
1282 0.45760000000000006
1283 0.4568000000000001
1284 0.4564000000000001
1285 0.4564000000000001
1286 0.4564000000000001
1287 0.4564000000000001
1288 0.4564000000000001
1289 0.4564000000000001
1290 0.4564000000000001
1291 0.45600000000000007
1292 0.45600000000000007
1293 0.45600000000000007
1294 0.45600000000000007
1295 0.45600000000000007
1296 0.45600000000000007
1297 0.4556000000000001
1298 0.4556000000000001
1299 0.4552000000000001
1300 0.4552000000000001
1301 0.4552000000000001
1302 0.4548000000000001
1303 0.4548000000000001
1304 0.4548000000000001
1305 0.4548000000000001
1306 0.45440000000000014
1307 0.45440000000000014
1308 0.45440000000000014
1309 0.45440000000000014
1310 0.4540000000000001
1311 0.4540000000000001
1312 0.4540000000000001
1313 0.4540000000000001
1314 0.4528000000000001
1315 0.4528000000000001
1316 0.4528000000000001
1317 0.4528000000000001
1318 0.4528000000000001
1319 0.4528000000000001
1320 0.4528000000000001
1321 0.4528000000000001
1322 0.4524000000000001
1323 0.4524000000000001
1324 0.4524000000000001
1325 0.4524000000000001
1326 0.4524000000000001
1327 0.4524000000000001
1328 0.4524000000000001
1329 0.4524000000000001
1330 0.4524000000000001
1331 0.4524000000000001
1332 0.4524000000000001
1333 0.4524000000000001
1334 0.4524000000000001
1335 0.4524000000000001
1336 0.4524000000000001
1337 0.4524000000000001
1338 0.4524000000000001
1339 0.4524000000000001
1340 0.4524000000000001
1341 0.4520000000000001
1342 0.4520000000000001
1343 0.4516000000000001
1344 0.4516000000000001
1345 0.4516000000000001
1346 0.4516000000000001
1347 0.4516000000000001
1348 0.4512000000000001
1349 0.4512000000000001
1350 0.4512000000000001
1351 0.4512000000000001
1352 0.4512000000000001
1353 0.4512000000000001
1354 0.4512000000000001
1355 0.4512000000000001
1356 0.4512000000000001
1357 0.4512000000000001
1358 0.4512000000000001
1359 0.4512000000000001
1360 0.45040000000000013
1361 0.45040000000000013
1362 0.45000000000000007
1363 0.4492000000000001
1364 0.4492000000000001
1365 0.4488000000000001
1366 0.4488000000000001
1367 0.4488000000000001
1368 0.4488000000000001
1369 0.44840000000000013
1370 0.44840000000000013
1371 0.4480000000000001
1372 0.4480000000000001
1373 0.4480000000000001
1374 0.4476000000000001
1375 0.4476000000000001
1376 0.4476000000000001
1377 0.4476000000000001
1378 0.4476000000000001
1379 0.4476000000000001
1380 0.44720000000000015
1381 0.44720000000000015
1382 0.44720000000000015
1383 0.44720000000000015
1384 0.44720000000000015
1385 0.4468000000000001
1386 0.44600000000000006
1387 0.44600000000000006
1388 0.44600000000000006
1389 0.44480000000000003
1390 0.444
1391 0.444
1392 0.444
1393 0.444
1394 0.444
1395 0.444
1396 0.444
1397 0.444
1398 0.444
1399 0.4431999999999999
1400 0.4428
1401 0.4428
1402 0.4428
1403 0.4428
1404 0.4428
1405 0.4428
1406 0.4424
1407 0.4424
1408 0.4424
1409 0.4424
1410 0.442
1411 0.442
1412 0.442
1413 0.442
1414 0.442
1415 0.442
1416 0.442
1417 0.442
1418 0.442
1419 0.44160000000000005
1420 0.44120000000000004
1421 0.4408000000000001
1422 0.44040000000000007
1423 0.44000000000000006
1424 0.44000000000000006
1425 0.44000000000000006
1426 0.44000000000000006
1427 0.44000000000000006
1428 0.4396
1429 0.4396
1430 0.4396
1431 0.4396
1432 0.4396
1433 0.4396
1434 0.4396
1435 0.4396
1436 0.4396
1437 0.43920000000000003
1438 0.43920000000000003
1439 0.43920000000000003
1440 0.4388
1441 0.4384
1442 0.43800000000000006
1443 0.43760000000000004
1444 0.43760000000000004
1445 0.43720000000000003
1446 0.43720000000000003
1447 0.43720000000000003
1448 0.4368000000000001
1449 0.4368000000000001
1450 0.4368000000000001
1451 0.4368000000000001
1452 0.4368000000000001
1453 0.4368000000000001
1454 0.4368000000000001
1455 0.4368000000000001
1456 0.4368000000000001
1457 0.4368000000000001
1458 0.43640000000000007
1459 0.4360000000000001
1460 0.4356000000000001
1461 0.4356000000000001
1462 0.43520000000000003
1463 0.43520000000000003
1464 0.4348
1465 0.43440000000000006
1466 0.43440000000000006
1467 0.43440000000000006
1468 0.43440000000000006
1469 0.43440000000000006
1470 0.43440000000000006
1471 0.43440000000000006
1472 0.43440000000000006
1473 0.43400000000000005
1474 0.43400000000000005
1475 0.43400000000000005
1476 0.43400000000000005
1477 0.43400000000000005
1478 0.43400000000000005
1479 0.43400000000000005
1480 0.43400000000000005
1481 0.4336
1482 0.4336
1483 0.4336
1484 0.4336
1485 0.4336
1486 0.4336
1487 0.4331999999999999
1488 0.4331999999999999
1489 0.4331999999999999
1490 0.4331999999999999
1491 0.4331999999999999
1492 0.43279999999999996
1493 0.43279999999999996
1494 0.43279999999999996
1495 0.43279999999999996
1496 0.43279999999999996
1497 0.43279999999999996
1498 0.43279999999999996
1499 0.43279999999999996
1500 0.43279999999999996
1501 0.43279999999999996
1502 0.43239999999999995
1503 0.43239999999999995
1504 0.4316
1505 0.4316
1506 0.4316
1507 0.4316
1508 0.4316
1509 0.4316
1510 0.4316
1511 0.4316
1512 0.4316
1513 0.4316
1514 0.4316
1515 0.4316
1516 0.4316
1517 0.4316
1518 0.4316
1519 0.4316
1520 0.43119999999999997
1521 0.43119999999999997
1522 0.43119999999999997
1523 0.43119999999999997
1524 0.43119999999999997
1525 0.43079999999999996
1526 0.43079999999999996
1527 0.43079999999999996
1528 0.43079999999999996
1529 0.43079999999999996
1530 0.4304
1531 0.4304
1532 0.43
1533 0.43
1534 0.43
1535 0.43
1536 0.43
1537 0.43
1538 0.4292
1539 0.4292
1540 0.4292
1541 0.4292
1542 0.4292
1543 0.42879999999999996
1544 0.42879999999999996
1545 0.4275999999999999
1546 0.42719999999999997
1547 0.42719999999999997
1548 0.42719999999999997
1549 0.42719999999999997
1550 0.4268
1551 0.4268
1552 0.4268
1553 0.4268
1554 0.4268
1555 0.4268
1556 0.4268
1557 0.4268
1558 0.4268
1559 0.4268
1560 0.4268
1561 0.4268
1562 0.4268
1563 0.4268
1564 0.4268
1565 0.4268
1566 0.4268
1567 0.4268
1568 0.4268
1569 0.4268
1570 0.4268
1571 0.4268
1572 0.4268
1573 0.4264
1574 0.4264
1575 0.426
1576 0.426
1577 0.426
1578 0.426
1579 0.42560000000000003
1580 0.42560000000000003
1581 0.42560000000000003
1582 0.4252
1583 0.42480000000000007
1584 0.42480000000000007
1585 0.42480000000000007
1586 0.42480000000000007
1587 0.42480000000000007
1588 0.42480000000000007
1589 0.42440000000000005
1590 0.42400000000000004
1591 0.42400000000000004
1592 0.42400000000000004
1593 0.4236000000000001
1594 0.4236000000000001
1595 0.4232000000000001
1596 0.42280000000000006
1597 0.42280000000000006
1598 0.4224000000000001
1599 0.4224000000000001
1600 0.4224000000000001
1601 0.4220000000000001
1602 0.4220000000000001
1603 0.4220000000000001
1604 0.4220000000000001
1605 0.4220000000000001
1606 0.4216000000000001
1607 0.4216000000000001
1608 0.4208000000000001
1609 0.4208000000000001
1610 0.4208000000000001
1611 0.4208000000000001
1612 0.4208000000000001
1613 0.4204000000000001
1614 0.4204000000000001
1615 0.42000000000000015
1616 0.41960000000000014
1617 0.41960000000000014
1618 0.41960000000000014
1619 0.41960000000000014
1620 0.4192000000000002
1621 0.4192000000000002
1622 0.4192000000000002
1623 0.41880000000000017
1624 0.41880000000000017
1625 0.41880000000000017
1626 0.41840000000000016
1627 0.41840000000000016
1628 0.4180000000000001
1629 0.4180000000000001
1630 0.4180000000000001
1631 0.4180000000000001
1632 0.41760000000000014
1633 0.41760000000000014
1634 0.41760000000000014
1635 0.41760000000000014
1636 0.41760000000000014
1637 0.41760000000000014
1638 0.41760000000000014
1639 0.41760000000000014
1640 0.41760000000000014
1641 0.41760000000000014
1642 0.41760000000000014
1643 0.41760000000000014
1644 0.41760000000000014
1645 0.41760000000000014
1646 0.41760000000000014
1647 0.41760000000000014
1648 0.41760000000000014
1649 0.41760000000000014
1650 0.41760000000000014
1651 0.41760000000000014
1652 0.41760000000000014
1653 0.41760000000000014
1654 0.4172000000000001
1655 0.4168000000000001
1656 0.4168000000000001
1657 0.4168000000000001
1658 0.4168000000000001
1659 0.4168000000000001
1660 0.4168000000000001
1661 0.4168000000000001
1662 0.41640000000000016
1663 0.41640000000000016
1664 0.41640000000000016
1665 0.41640000000000016
1666 0.41640000000000016
1667 0.41600000000000015
1668 0.41600000000000015
1669 0.41600000000000015
1670 0.41600000000000015
1671 0.4156000000000002
1672 0.4156000000000002
1673 0.4152000000000002
1674 0.4152000000000002
1675 0.4152000000000002
1676 0.4152000000000002
1677 0.4144000000000001
1678 0.41360000000000013
1679 0.4132000000000001
1680 0.41280000000000017
1681 0.41280000000000017
1682 0.41240000000000016
1683 0.41240000000000016
1684 0.41200000000000014
1685 0.41200000000000014
1686 0.41200000000000014
1687 0.41200000000000014
1688 0.41200000000000014
1689 0.4116000000000002
1690 0.4116000000000002
1691 0.4116000000000002
1692 0.4116000000000002
1693 0.4116000000000002
1694 0.4116000000000002
1695 0.4116000000000002
1696 0.4112000000000002
1697 0.4108000000000001
1698 0.4108000000000001
1699 0.4108000000000001
1700 0.41040000000000015
1701 0.41040000000000015
1702 0.41000000000000014
1703 0.41000000000000014
1704 0.40960000000000013
1705 0.40960000000000013
1706 0.4092000000000002
1707 0.4092000000000002
1708 0.4092000000000002
1709 0.40880000000000016
1710 0.40800000000000014
1711 0.40800000000000014
1712 0.40800000000000014
1713 0.40760000000000013
1714 0.40760000000000013
1715 0.40760000000000013
1716 0.4072000000000001
1717 0.4072000000000001
1718 0.40680000000000016
1719 0.40680000000000016
1720 0.40680000000000016
1721 0.40680000000000016
1722 0.40680000000000016
1723 0.40680000000000016
1724 0.40680000000000016
1725 0.40640000000000015
1726 0.40600000000000014
1727 0.40600000000000014
1728 0.40600000000000014
1729 0.40600000000000014
1730 0.40600000000000014
1731 0.40600000000000014
1732 0.40600000000000014
1733 0.40600000000000014
1734 0.40600000000000014
1735 0.40600000000000014
1736 0.40600000000000014
1737 0.40600000000000014
1738 0.40600000000000014
1739 0.4056000000000002
1740 0.4056000000000002
1741 0.4056000000000002
1742 0.40520000000000017
1743 0.40520000000000017
1744 0.40520000000000017
1745 0.40520000000000017
1746 0.40520000000000017
1747 0.40520000000000017
1748 0.40520000000000017
1749 0.4044000000000001
1750 0.40400000000000014
1751 0.40400000000000014
1752 0.40400000000000014
1753 0.40400000000000014
1754 0.4036000000000001
1755 0.4036000000000001
1756 0.4036000000000001
1757 0.4036000000000001
1758 0.4036000000000001
1759 0.4036000000000001
1760 0.4036000000000001
1761 0.4036000000000001
1762 0.4036000000000001
1763 0.4036000000000001
1764 0.4036000000000001
1765 0.4036000000000001
1766 0.40320000000000017
1767 0.40320000000000017
1768 0.40320000000000017
1769 0.40320000000000017
1770 0.40320000000000017
1771 0.40320000000000017
1772 0.40320000000000017
1773 0.40280000000000016
1774 0.40280000000000016
1775 0.40280000000000016
1776 0.40280000000000016
1777 0.40280000000000016
1778 0.40240000000000015
1779 0.40240000000000015
1780 0.40240000000000015
1781 0.4020000000000002
1782 0.4020000000000002
1783 0.4020000000000002
1784 0.4020000000000002
1785 0.4020000000000002
1786 0.4020000000000002
1787 0.4020000000000002
1788 0.4020000000000002
1789 0.4020000000000002
1790 0.4016000000000002
1791 0.4016000000000002
1792 0.4016000000000002
1793 0.4016000000000002
1794 0.4016000000000002
1795 0.4012000000000001
1796 0.4012000000000001
1797 0.40040000000000014
1798 0.40040000000000014
1799 0.40040000000000014
1800 0.40040000000000014
1801 0.40000000000000013
1802 0.40000000000000013
1803 0.40000000000000013
1804 0.3996000000000002
1805 0.39920000000000017
1806 0.39920000000000017
1807 0.39920000000000017
1808 0.39920000000000017
1809 0.39920000000000017
1810 0.39920000000000017
1811 0.39920000000000017
1812 0.39920000000000017
1813 0.39920000000000017
1814 0.39880000000000015
1815 0.39880000000000015
1816 0.39880000000000015
1817 0.39880000000000015
1818 0.39880000000000015
1819 0.39880000000000015
1820 0.39880000000000015
1821 0.39880000000000015
1822 0.39880000000000015
1823 0.39880000000000015
1824 0.39880000000000015
1825 0.39880000000000015
1826 0.39880000000000015
1827 0.39880000000000015
1828 0.39880000000000015
1829 0.39880000000000015
1830 0.39880000000000015
1831 0.39880000000000015
1832 0.39880000000000015
1833 0.39880000000000015
1834 0.39880000000000015
1835 0.39880000000000015
1836 0.39880000000000015
1837 0.39880000000000015
1838 0.39880000000000015
1839 0.39880000000000015
1840 0.3984000000000002
1841 0.3980000000000002
1842 0.3980000000000002
1843 0.3980000000000002
1844 0.3980000000000002
1845 0.3980000000000002
1846 0.3980000000000002
1847 0.3980000000000002
1848 0.3980000000000002
1849 0.3980000000000002
1850 0.3980000000000002
1851 0.3980000000000002
1852 0.3980000000000002
1853 0.3980000000000002
1854 0.3980000000000002
1855 0.3980000000000002
1856 0.3980000000000002
1857 0.3980000000000002
1858 0.3980000000000002
1859 0.3980000000000002
1860 0.3980000000000002
1861 0.3980000000000002
1862 0.3980000000000002
1863 0.3980000000000002
1864 0.3980000000000002
1865 0.3980000000000002
1866 0.3980000000000002
1867 0.3976000000000002
1868 0.3976000000000002
1869 0.3976000000000002
1870 0.3976000000000002
1871 0.3976000000000002
1872 0.3976000000000002
1873 0.3976000000000002
1874 0.3976000000000002
1875 0.3976000000000002
1876 0.3976000000000002
1877 0.3976000000000002
1878 0.3976000000000002
1879 0.3976000000000002
1880 0.3976000000000002
1881 0.3976000000000002
1882 0.3976000000000002
1883 0.3972000000000002
1884 0.3972000000000002
1885 0.3972000000000002
1886 0.3968000000000002
1887 0.3968000000000002
1888 0.3968000000000002
1889 0.3968000000000002
1890 0.3968000000000002
1891 0.3968000000000002
1892 0.3968000000000002
1893 0.3964000000000002
1894 0.3964000000000002
1895 0.3964000000000002
1896 0.3964000000000002
1897 0.3964000000000002
1898 0.3964000000000002
1899 0.3964000000000002
1900 0.3964000000000002
1901 0.3964000000000002
1902 0.3964000000000002
1903 0.3964000000000002
1904 0.3964000000000002
1905 0.3964000000000002
1906 0.3964000000000002
1907 0.3964000000000002
1908 0.3964000000000002
1909 0.3964000000000002
1910 0.3964000000000002
1911 0.3964000000000002
1912 0.39600000000000024
1913 0.39600000000000024
1914 0.39600000000000024
1915 0.39600000000000024
1916 0.39600000000000024
1917 0.39600000000000024
1918 0.39600000000000024
1919 0.39600000000000024
1920 0.39600000000000024
1921 0.39600000000000024
1922 0.39600000000000024
1923 0.39600000000000024
1924 0.39600000000000024
1925 0.39600000000000024
1926 0.39600000000000024
1927 0.39600000000000024
1928 0.39600000000000024
1929 0.39600000000000024
1930 0.39600000000000024
1931 0.39600000000000024
1932 0.39600000000000024
1933 0.39600000000000024
1934 0.39600000000000024
1935 0.39600000000000024
1936 0.3956000000000002
1937 0.3956000000000002
1938 0.3956000000000002
1939 0.3956000000000002
1940 0.3956000000000002
1941 0.3956000000000002
1942 0.3956000000000002
1943 0.3956000000000002
1944 0.3956000000000002
1945 0.3956000000000002
1946 0.3956000000000002
1947 0.3956000000000002
1948 0.3952000000000001
1949 0.3952000000000001
1950 0.3952000000000001
1951 0.3952000000000001
1952 0.3952000000000001
1953 0.3952000000000001
1954 0.3952000000000001
1955 0.3952000000000001
1956 0.3952000000000001
1957 0.3952000000000001
1958 0.3952000000000001
1959 0.3952000000000001
1960 0.3948000000000001
1961 0.39440000000000014
1962 0.39440000000000014
1963 0.39440000000000014
1964 0.39440000000000014
1965 0.39400000000000013
1966 0.39400000000000013
1967 0.39400000000000013
1968 0.3936000000000001
1969 0.3936000000000001
1970 0.3936000000000001
1971 0.39320000000000016
1972 0.39320000000000016
1973 0.39320000000000016
1974 0.39320000000000016
1975 0.39320000000000016
1976 0.39320000000000016
1977 0.3924000000000001
1978 0.3924000000000001
1979 0.3924000000000001
1980 0.3924000000000001
1981 0.3924000000000001
1982 0.3924000000000001
1983 0.3924000000000001
1984 0.3924000000000001
1985 0.3924000000000001
1986 0.3924000000000001
1987 0.3924000000000001
1988 0.3924000000000001
1989 0.3920000000000001
1990 0.3920000000000001
1991 0.3920000000000001
1992 0.3920000000000001
1993 0.3920000000000001
1994 0.3916000000000001
1995 0.3916000000000001
1996 0.3916000000000001
1997 0.3916000000000001
1998 0.3916000000000001
1999 0.3916000000000001
