1 1.0
2 1.0
3 1.0
4 1.0
5 0.9995999999999999
6 0.9991999999999999
7 0.9991999999999999
8 0.9991999999999999
9 0.9991999999999999
10 0.9991999999999999
11 0.9991999999999999
12 0.9991999999999999
13 0.9991999999999999
14 0.9991999999999999
15 0.9991999999999999
16 0.9987999999999999
17 0.9987999999999999
18 0.9987999999999999
19 0.9987999999999999
20 0.9987999999999999
21 0.9987999999999999
22 0.9987999999999999
23 0.9987999999999999
24 0.9987999999999999
25 0.9987999999999999
26 0.9987999999999999
27 0.9987999999999999
28 0.9987999999999999
29 0.9987999999999999
30 0.9987999999999999
31 0.9987999999999999
32 0.9987999999999999
33 0.9987999999999999
34 0.9987999999999999
35 0.9987999999999999
36 0.9987999999999999
37 0.9987999999999999
38 0.9987999999999999
39 0.9987999999999999
40 0.9987999999999999
41 0.9987999999999999
42 0.9987999999999999
43 0.9987999999999999
44 0.9987999999999999
45 0.9987999999999999
46 0.9987999999999999
47 0.9987999999999999
48 0.9987999999999999
49 0.9987999999999999
50 0.9987999999999999
51 0.9987999999999999
52 0.9987999999999999
53 0.9987999999999999
54 0.9987999999999999
55 0.9987999999999999
56 0.9987999999999999
57 0.9987999999999999
58 0.9987999999999999
59 0.9987999999999999
60 0.9987999999999999
61 0.9987999999999999
62 0.9987999999999999
63 0.9987999999999999
64 0.9987999999999999
65 0.9987999999999999
66 0.9987999999999999
67 0.9992
68 0.9992
69 0.9992
70 0.9992
71 0.9992
72 0.9992
73 0.9992
74 0.9992
75 0.9992
76 0.9992
77 0.9992
78 0.9992
79 0.9992
80 0.9992
81 0.9992
82 0.9992
83 0.9992
84 0.9992
85 0.9992
86 0.9992
87 0.9992
88 0.9992
89 0.9992
90 0.9992
91 0.9992
92 0.9992
93 0.9992
94 0.9992
95 0.9992
96 0.9992
97 0.9992
98 0.9992
99 0.9992
100 0.9992
101 0.9992
102 0.9992
103 0.9992
104 0.9992
105 0.9992
106 0.9992
107 0.9992
108 0.9992
109 0.9995999999999999
110 0.9995999999999999
111 0.9995999999999999
112 0.9995999999999999
113 0.9995999999999999
114 0.9995999999999999
115 0.9995999999999999
116 0.9995999999999999
117 0.9995999999999999
118 0.9995999999999999
119 0.9995999999999999
120 0.9995999999999999
121 0.9995999999999999
122 0.9995999999999999
123 0.9995999999999999
124 0.9995999999999999
125 0.9995999999999999
126 0.9995999999999999
127 0.9995999999999999
128 0.9995999999999999
129 0.9995999999999999
130 0.9995999999999999
131 0.9995999999999999
132 0.9995999999999999
133 0.9995999999999999
134 0.9995999999999999
135 0.9995999999999999
136 0.9995999999999999
137 0.9995999999999999
138 0.9995999999999999
139 0.9995999999999999
140 0.9995999999999999
141 0.9995999999999999
142 1.0
143 1.0
144 1.0
145 1.0
146 1.0
147 1.0
148 1.0
149 0.9995999999999999
150 0.9995999999999999
151 0.9995999999999999
152 0.9995999999999999
153 0.9995999999999999
154 0.9995999999999999
155 0.9995999999999999
156 0.9995999999999999
157 0.9995999999999999
158 0.9995999999999999
159 0.9995999999999999
160 0.9995999999999999
161 0.9995999999999999
162 0.9995999999999999
163 0.9995999999999999
164 0.9995999999999999
165 0.9995999999999999
166 0.9995999999999999
167 0.9995999999999999
168 0.9995999999999999
169 0.9995999999999999
170 0.9995999999999999
171 0.9995999999999999
172 0.9995999999999999
173 0.9995999999999999
174 0.9995999999999999
175 0.9995999999999999
176 0.9995999999999999
177 0.9995999999999999
178 0.9995999999999999
179 0.9995999999999999
180 0.9995999999999999
181 0.9995999999999999
182 0.9995999999999999
183 0.9995999999999999
184 0.9995999999999999
185 0.9995999999999999
186 0.9995999999999999
187 0.9995999999999999
188 0.9995999999999999
189 0.9995999999999999
190 0.9995999999999999
191 0.9995999999999999
192 0.9995999999999999
193 0.9995999999999999
194 0.9995999999999999
195 0.9995999999999999
196 0.9995999999999999
197 0.9995999999999999
198 0.9995999999999999
199 0.9995999999999999
200 0.9995999999999999
201 0.9995999999999999
202 0.9995999999999999
203 0.9995999999999999
204 0.9995999999999999
205 0.9995999999999999
206 0.9995999999999999
207 0.9995999999999999
208 0.9995999999999999
209 0.9995999999999999
210 0.9995999999999999
211 0.9995999999999999
212 0.9995999999999999
213 0.9995999999999999
214 0.9995999999999999
215 0.9995999999999999
216 0.9995999999999999
217 0.9995999999999999
218 0.9995999999999999
219 0.9995999999999999
220 0.9995999999999999
221 0.9995999999999999
222 0.9995999999999999
223 0.9995999999999999
224 0.9995999999999999
225 0.9995999999999999
226 0.9995999999999999
227 0.9995999999999999
228 0.9995999999999999
229 0.9995999999999999
230 0.9995999999999999
231 0.9995999999999999
232 0.9995999999999999
233 0.9995999999999999
234 0.9995999999999999
235 0.9995999999999999
236 1.0
237 1.0
238 1.0
239 1.0
240 1.0
241 1.0
242 1.0
243 1.0
244 1.0
245 1.0
246 1.0
247 1.0
248 1.0
249 1.0
250 1.0
251 1.0
252 1.0
253 1.0
254 1.0
255 1.0
256 1.0
257 1.0
258 1.0
259 1.0
260 1.0
261 1.0
262 1.0
263 1.0
264 1.0
265 1.0
266 1.0
267 1.0
268 1.0
269 1.0
270 1.0
271 1.0
272 1.0
273 1.0
274 1.0
275 1.0
276 1.0
277 1.0
278 1.0
279 1.0
280 1.0
281 1.0
282 1.0
283 1.0
284 1.0
285 1.0
286 1.0
287 1.0
288 1.0
289 1.0
290 1.0
291 1.0
292 1.0
293 1.0
294 1.0
295 1.0
296 1.0
297 1.0
298 1.0
299 1.0
300 1.0
301 1.0
302 1.0
303 1.0
304 1.0
305 0.9995999999999999
306 0.9995999999999999
307 0.9995999999999999
308 0.9995999999999999
309 0.9995999999999999
310 0.9995999999999999
311 0.9995999999999999
312 0.9995999999999999
313 0.9995999999999999
314 0.9995999999999999
315 0.9995999999999999
316 0.9995999999999999
317 0.9995999999999999
318 0.9995999999999999
319 0.9995999999999999
320 0.9995999999999999
321 0.9995999999999999
322 0.9995999999999999
323 0.9995999999999999
324 0.9995999999999999
325 0.9995999999999999
326 0.9995999999999999
327 0.9995999999999999
328 0.9995999999999999
329 0.9995999999999999
330 0.9995999999999999
331 0.9995999999999999
332 0.9995999999999999
333 0.9995999999999999
334 0.9995999999999999
335 0.9995999999999999
336 0.9995999999999999
337 0.9995999999999999
338 0.9995999999999999
339 0.9995999999999999
340 0.9995999999999999
341 0.9995999999999999
342 0.9995999999999999
343 0.9995999999999999
344 0.9995999999999999
345 0.9995999999999999
346 0.9995999999999999
347 0.9995999999999999
348 0.9995999999999999
349 0.9995999999999999
350 0.9995999999999999
351 0.9995999999999999
352 0.9995999999999999
353 0.9995999999999999
354 0.9995999999999999
355 0.9995999999999999
356 0.9995999999999999
357 0.9995999999999999
358 0.9995999999999999
359 0.9995999999999999
360 0.9995999999999999
361 0.9995999999999999
362 0.9995999999999999
363 0.9995999999999999
364 0.9995999999999999
365 0.9995999999999999
366 0.9995999999999999
367 0.9995999999999999
368 0.9995999999999999
369 0.9995999999999999
370 0.9995999999999999
371 0.9995999999999999
372 0.9995999999999999
373 0.9995999999999999
374 0.9995999999999999
375 0.9995999999999999
376 0.9995999999999999
377 0.9995999999999999
378 0.9995999999999999
379 0.9995999999999999
380 0.9995999999999999
381 0.9995999999999999
382 0.9995999999999999
383 0.9995999999999999
384 0.9995999999999999
385 0.9995999999999999
386 0.9995999999999999
387 0.9995999999999999
388 0.9995999999999999
389 0.9995999999999999
390 0.9995999999999999
391 0.9995999999999999
392 0.9995999999999999
393 0.9995999999999999
394 0.9995999999999999
395 0.9995999999999999
396 0.9995999999999999
397 0.9995999999999999
398 0.9995999999999999
399 0.9995999999999999
400 0.9995999999999999
401 0.9995999999999999
402 0.9995999999999999
403 0.9995999999999999
404 0.9995999999999999
405 0.9995999999999999
406 0.9995999999999999
407 0.9995999999999999
408 0.9995999999999999
409 0.9995999999999999
410 0.9995999999999999
411 0.9995999999999999
412 0.9995999999999999
413 0.9995999999999999
414 0.9995999999999999
415 0.9995999999999999
416 0.9995999999999999
417 0.9995999999999999
418 0.9995999999999999
419 0.9995999999999999
420 0.9995999999999999
421 0.9995999999999999
422 0.9995999999999999
423 0.9995999999999999
424 0.9995999999999999
425 0.9995999999999999
426 0.9995999999999999
427 0.9995999999999999
428 0.9995999999999999
429 0.9995999999999999
430 0.9995999999999999
431 0.9995999999999999
432 0.9995999999999999
433 0.9995999999999999
434 0.9995999999999999
435 0.9995999999999999
436 0.9995999999999999
437 0.9995999999999999
438 0.9995999999999999
439 0.9995999999999999
440 0.9995999999999999
441 0.9995999999999999
442 0.9995999999999999
443 0.9995999999999999
444 0.9995999999999999
445 0.9995999999999999
446 0.9995999999999999
447 0.9995999999999999
448 0.9995999999999999
449 0.9995999999999999
450 0.9995999999999999
451 0.9995999999999999
452 0.9995999999999999
453 0.9995999999999999
454 0.9995999999999999
455 0.9995999999999999
456 0.9995999999999999
457 0.9995999999999999
458 0.9995999999999999
459 0.9995999999999999
460 0.9995999999999999
461 0.9995999999999999
462 0.9995999999999999
463 0.9995999999999999
464 0.9995999999999999
465 0.9995999999999999
466 0.9995999999999999
467 0.9995999999999999
468 0.9995999999999999
469 0.9995999999999999
470 0.9995999999999999
471 0.9995999999999999
472 0.9995999999999999
473 0.9995999999999999
474 0.9995999999999999
475 0.9995999999999999
476 0.9995999999999999
477 0.9995999999999999
478 0.9995999999999999
479 0.9995999999999999
480 0.9995999999999999
481 0.9995999999999999
482 0.9995999999999999
483 0.9995999999999999
484 0.9995999999999999
485 0.9995999999999999
486 0.9995999999999999
487 0.9995999999999999
488 0.9995999999999999
489 0.9995999999999999
490 0.9995999999999999
491 0.9995999999999999
492 0.9995999999999999
493 1.0
494 1.0
495 1.0
496 1.0
497 1.0
498 1.0
499 1.0
500 1.0
501 1.0
502 1.0
503 1.0
504 1.0
505 1.0
506 1.0
507 1.0
508 1.0
509 1.0
510 1.0
511 1.0
512 1.0
513 1.0
514 1.0
515 1.0
516 1.0
517 1.0
518 1.0
519 1.0
520 1.0
521 1.0
522 1.0
523 1.0
524 1.0
525 1.0
526 1.0
527 1.0
528 1.0
529 1.0
530 1.0
531 1.0
532 1.0
533 1.0
534 1.0
535 1.0
536 1.0
537 1.0
538 1.0
539 1.0
540 1.0
541 1.0
542 1.0
543 1.0
544 1.0
545 1.0
546 1.0
547 1.0
548 1.0
549 1.0
550 1.0
551 1.0
552 1.0
553 1.0
554 1.0
555 1.0
556 1.0
557 1.0
558 1.0
559 1.0
560 1.0
561 1.0
562 1.0
563 1.0
564 1.0
565 1.0
566 1.0
567 1.0
568 1.0
569 1.0
570 1.0
571 1.0
572 1.0
573 1.0
574 1.0
575 1.0
576 1.0
577 1.0
578 1.0
579 1.0
580 1.0
581 1.0
582 1.0
583 1.0
584 1.0
585 1.0
586 1.0
587 1.0
588 1.0
589 1.0
590 1.0
591 1.0
592 1.0
593 1.0
594 1.0
595 1.0
596 1.0
597 1.0
598 1.0
599 1.0
600 1.0
601 1.0
602 1.0
603 1.0
604 1.0
605 1.0
606 1.0
607 1.0
608 1.0
609 1.0
610 1.0
611 1.0
612 1.0
613 1.0
614 1.0
615 1.0
616 1.0
617 1.0
618 1.0
619 1.0
620 1.0
621 1.0
622 1.0
623 1.0
624 1.0
625 1.0
626 1.0
627 1.0
628 1.0
629 1.0
630 1.0
631 1.0
632 1.0
633 1.0
634 1.0
635 1.0
636 1.0
637 1.0
638 1.0
639 1.0
640 1.0
641 1.0
642 1.0
643 1.0
644 1.0
645 1.0
646 1.0
647 1.0
648 1.0
649 1.0
650 1.0
651 1.0
652 1.0
653 1.0
654 1.0
655 1.0
656 1.0
657 1.0
658 1.0
659 1.0
660 1.0
661 1.0
662 1.0
663 1.0
664 1.0
665 1.0
666 1.0
667 1.0
668 1.0
669 1.0
670 1.0
671 1.0
672 1.0
673 1.0
674 1.0
675 1.0
676 1.0
677 1.0
678 1.0
679 1.0
680 1.0
681 1.0
682 1.0
683 1.0
684 1.0
685 1.0
686 1.0
687 1.0
688 1.0
689 1.0
690 1.0
691 1.0
692 1.0
693 1.0
694 1.0
695 1.0
696 1.0
697 1.0
698 1.0
699 1.0
700 1.0
701 1.0
702 1.0
703 1.0
704 1.0
705 1.0
706 1.0
707 1.0
708 1.0
709 1.0
710 1.0
711 1.0
712 1.0
713 1.0
714 1.0
715 1.0
716 1.0
717 1.0
718 1.0
719 1.0
720 1.0
721 1.0
722 1.0
723 1.0
724 0.9995999999999999
725 0.9995999999999999
726 0.9995999999999999
727 0.9995999999999999
728 0.9995999999999999
729 0.9995999999999999
730 0.9995999999999999
731 0.9995999999999999
732 0.9995999999999999
733 0.9995999999999999
734 0.9995999999999999
735 0.9995999999999999
736 0.9995999999999999
737 0.9995999999999999
738 0.9995999999999999
739 0.9995999999999999
740 0.9995999999999999
741 0.9995999999999999
742 0.9995999999999999
743 0.9995999999999999
744 0.9995999999999999
745 0.9995999999999999
746 0.9995999999999999
747 0.9995999999999999
748 0.9995999999999999
749 0.9995999999999999
750 0.9995999999999999
751 0.9995999999999999
752 0.9995999999999999
753 0.9995999999999999
754 0.9995999999999999
755 0.9995999999999999
756 0.9995999999999999
757 0.9995999999999999
758 0.9995999999999999
759 0.9995999999999999
760 0.9995999999999999
761 0.9995999999999999
762 0.9995999999999999
763 0.9995999999999999
764 0.9995999999999999
765 0.9995999999999999
766 0.9995999999999999
767 0.9995999999999999
768 0.9995999999999999
769 0.9995999999999999
770 0.9995999999999999
771 0.9995999999999999
772 0.9995999999999999
773 0.9995999999999999
774 0.9995999999999999
775 0.9995999999999999
776 0.9995999999999999
777 0.9995999999999999
778 0.9995999999999999
779 0.9995999999999999
780 0.9995999999999999
781 0.9995999999999999
782 0.9995999999999999
783 0.9995999999999999
784 0.9995999999999999
785 0.9995999999999999
786 0.9995999999999999
787 0.9995999999999999
788 0.9995999999999999
789 0.9995999999999999
790 0.9995999999999999
791 0.9995999999999999
792 0.9995999999999999
793 0.9995999999999999
794 0.9995999999999999
795 0.9995999999999999
796 0.9995999999999999
797 0.9995999999999999
798 0.9995999999999999
799 0.9995999999999999
800 0.9995999999999999
801 0.9995999999999999
802 0.9995999999999999
803 0.9995999999999999
804 0.9995999999999999
805 0.9995999999999999
806 1.0
807 1.0
808 1.0
809 1.0
810 1.0
811 1.0
812 1.0
813 1.0
814 1.0
815 1.0
816 1.0
817 1.0
818 1.0
819 1.0
820 1.0
821 1.0
822 1.0
823 1.0
824 1.0
825 1.0
826 1.0
827 1.0
828 1.0
829 1.0
830 1.0
831 1.0
832 1.0
833 1.0
834 1.0
835 1.0
836 1.0
837 1.0
838 1.0
839 1.0
840 1.0
841 1.0
842 1.0
843 1.0
844 1.0
845 1.0
846 1.0
847 1.0
848 1.0
849 1.0
850 1.0
851 1.0
852 1.0
853 1.0
854 1.0
855 1.0
856 1.0
857 1.0
858 1.0
859 1.0
860 1.0
861 1.0
862 1.0
863 1.0
864 1.0
865 1.0
866 1.0
867 1.0
868 1.0
869 1.0
870 1.0
871 1.0
872 1.0
873 1.0
874 1.0
875 1.0
876 1.0
877 1.0
878 1.0
879 1.0
880 1.0
881 1.0
882 1.0
883 1.0
884 1.0
885 1.0
886 1.0
887 1.0
888 1.0
889 1.0
890 1.0
891 1.0
892 1.0
893 1.0
894 1.0
895 1.0
896 1.0
897 1.0
898 1.0
899 1.0
900 1.0
901 1.0
902 1.0
903 1.0
904 1.0
905 1.0
906 1.0
907 1.0
908 1.0
909 1.0
910 1.0
911 1.0
912 1.0
913 1.0
914 1.0
915 1.0
916 1.0
917 1.0
918 1.0
919 1.0
920 1.0
921 1.0
922 1.0
923 1.0
924 1.0
925 1.0
926 1.0
927 1.0
928 1.0
929 1.0
930 1.0
931 1.0
932 1.0
933 1.0
934 1.0
935 1.0
936 1.0
937 1.0
938 1.0
939 1.0
940 1.0
941 1.0
942 1.0
943 1.0
944 1.0
945 1.0
946 1.0
947 1.0
948 1.0
949 1.0
950 1.0
951 1.0
952 1.0
953 1.0
954 1.0
955 1.0
956 1.0
957 1.0
958 1.0
959 1.0
960 1.0
961 1.0
962 1.0
963 1.0
964 1.0
965 0.9996
966 0.9996
967 0.9996
968 0.9996
969 0.9996
970 0.9996
971 0.9996
972 0.9996
973 0.9996
974 0.9996
975 0.9996
976 0.9996
977 0.9996
978 0.9996
979 0.9996
980 0.9996
981 0.9996
982 0.9996
983 0.9996
984 0.9996
985 0.9996
986 0.9996
987 0.9996
988 0.9996
989 0.9996
990 0.9996
991 0.9996
992 0.9996
993 0.9996
994 0.9996
995 0.9996
996 0.9996
997 0.9996
998 0.9996
999 0.9996
1000 0.9996
1001 0.9996
1002 0.9996
1003 0.9996
1004 0.9996
1005 0.9996
1006 0.9996
1007 0.9996
1008 0.9996
1009 0.9996
1010 0.9996
1011 0.9996
1012 0.9996
1013 0.9996
1014 0.9996
1015 0.9996
1016 0.9996
1017 0.9996
1018 0.9996
1019 0.9996
1020 0.9996
1021 0.9996
1022 0.9996
1023 0.9996
1024 0.9996
1025 0.9996
1026 0.9996
1027 0.9996
1028 0.9996
1029 0.9996
1030 0.9996
1031 0.9996
1032 0.9996
1033 0.9996
1034 0.9996
1035 0.9996
1036 0.9996
1037 0.9996
1038 0.9996
1039 0.9996
1040 0.9996
1041 0.9996
1042 0.9996
1043 0.9996
1044 0.9996
1045 0.9996
1046 0.9996
1047 0.9996
1048 0.9996
1049 0.9996
1050 0.9996
1051 0.9996
1052 0.9996
1053 0.9996
1054 0.9996
1055 0.9996
1056 0.9996
1057 0.9996
1058 0.9996
1059 0.9996
1060 0.9996
1061 0.9996
1062 0.9996
1063 0.9996
1064 0.9996
1065 0.9996
1066 0.9996
1067 0.9996
1068 0.9996
1069 0.9996
1070 0.9996
1071 0.9996
1072 0.9996
1073 0.9996
1074 0.9996
1075 0.9996
1076 0.9996
1077 0.9996
1078 0.9996
1079 0.9996
1080 0.9996
1081 0.9996
1082 0.9996
1083 0.9996
1084 0.9996
1085 0.9996
1086 0.9996
1087 0.9996
1088 0.9996
1089 0.9996
1090 0.9996
1091 0.9996
1092 0.9996
1093 0.9996
1094 0.9996
1095 0.9996
1096 0.9996
1097 0.9996
1098 0.9996
1099 0.9996
1100 0.9996
1101 0.9996
1102 0.9996
1103 0.9996
1104 0.9996
1105 0.9996
1106 0.9996
1107 0.9996
1108 0.9996
1109 0.9996
1110 0.9996
1111 0.9996
1112 0.9996
1113 0.9996
1114 0.9996
1115 0.9996
1116 0.9996
1117 0.9996
1118 0.9996
1119 0.9996
1120 0.9996
1121 1.0
1122 1.0
1123 1.0
1124 1.0
1125 1.0
1126 1.0
1127 1.0
1128 1.0
1129 1.0
1130 1.0
1131 1.0
1132 1.0
1133 1.0
1134 1.0
1135 1.0
1136 1.0
1137 1.0
1138 1.0
1139 1.0
1140 1.0
1141 1.0
1142 1.0
1143 1.0
1144 1.0
1145 1.0
1146 1.0
1147 1.0
1148 1.0
1149 1.0
1150 1.0
1151 1.0
1152 1.0
1153 1.0
1154 1.0
1155 1.0
1156 1.0
1157 1.0
1158 1.0
1159 1.0
1160 1.0
1161 1.0
1162 1.0
1163 1.0
1164 1.0
1165 1.0
1166 1.0
1167 1.0
1168 1.0
1169 1.0
1170 1.0
1171 1.0
1172 1.0
1173 1.0
1174 1.0
1175 1.0
1176 1.0
1177 1.0
1178 1.0
1179 1.0
1180 1.0
1181 1.0
1182 1.0
1183 1.0
1184 1.0
1185 1.0
1186 1.0
1187 1.0
1188 1.0
1189 1.0
1190 1.0
1191 1.0
1192 1.0
1193 1.0
1194 1.0
1195 1.0
1196 1.0
1197 1.0
1198 1.0
1199 1.0
1200 1.0
1201 1.0
1202 1.0
1203 1.0
1204 1.0
1205 1.0
1206 1.0
1207 1.0
1208 1.0
1209 1.0
1210 1.0
1211 1.0
1212 1.0
1213 1.0
1214 1.0
1215 1.0
1216 1.0
1217 1.0
1218 1.0
1219 1.0
1220 1.0
1221 1.0
1222 1.0
1223 1.0
1224 1.0
1225 1.0
1226 1.0
1227 1.0
1228 1.0
1229 1.0
1230 1.0
1231 1.0
1232 1.0
1233 1.0
1234 1.0
1235 1.0
1236 1.0
1237 1.0
1238 1.0
1239 1.0
1240 1.0
1241 1.0
1242 1.0
1243 1.0
1244 1.0
1245 1.0
1246 1.0
1247 1.0
1248 1.0
1249 1.0
1250 1.0
1251 1.0
1252 1.0
1253 1.0
1254 1.0
1255 1.0
1256 1.0
1257 1.0
1258 1.0
1259 1.0
1260 1.0
1261 1.0
1262 1.0
1263 1.0
1264 1.0
1265 1.0
1266 1.0
1267 1.0
1268 1.0
1269 1.0
1270 1.0
1271 1.0
1272 1.0
1273 1.0
1274 1.0
1275 1.0
1276 1.0
1277 1.0
1278 1.0
1279 1.0
1280 1.0
1281 1.0
1282 1.0
1283 1.0
1284 1.0
1285 1.0
1286 1.0
1287 1.0
1288 1.0
1289 1.0
1290 1.0
1291 1.0
1292 1.0
1293 1.0
1294 1.0
1295 1.0
1296 1.0
1297 1.0
1298 1.0
1299 1.0
1300 1.0
1301 1.0
1302 1.0
1303 1.0
1304 1.0
1305 1.0
1306 1.0
1307 1.0
1308 1.0
1309 1.0
1310 1.0
1311 1.0
1312 1.0
1313 1.0
1314 1.0
1315 1.0
1316 1.0
1317 1.0
1318 1.0
1319 1.0
1320 1.0
1321 1.0
1322 1.0
1323 1.0
1324 1.0
1325 1.0
1326 1.0
1327 1.0
1328 1.0
1329 1.0
1330 1.0
1331 1.0
1332 1.0
1333 1.0
1334 1.0
1335 1.0
1336 1.0
1337 1.0
1338 1.0
1339 1.0
1340 1.0
1341 1.0
1342 1.0
1343 1.0
1344 1.0
1345 1.0
1346 1.0
1347 1.0
1348 1.0
1349 1.0
1350 1.0
1351 1.0
1352 1.0
1353 1.0
1354 1.0
1355 1.0
1356 1.0
1357 1.0
1358 1.0
1359 1.0
1360 1.0
1361 1.0
1362 1.0
1363 1.0
1364 1.0
1365 1.0
1366 1.0
1367 1.0
1368 1.0
1369 1.0
1370 1.0
1371 1.0
1372 1.0
1373 1.0
1374 0.9995999999999999
1375 0.9995999999999999
1376 0.9995999999999999
1377 0.9995999999999999
1378 0.9995999999999999
1379 0.9995999999999999
1380 0.9995999999999999
1381 0.9995999999999999
1382 0.9995999999999999
1383 0.9995999999999999
1384 0.9995999999999999
1385 0.9995999999999999
1386 0.9995999999999999
1387 0.9995999999999999
1388 0.9995999999999999
1389 0.9995999999999999
1390 0.9995999999999999
1391 0.9995999999999999
1392 0.9995999999999999
1393 0.9995999999999999
1394 0.9995999999999999
1395 0.9995999999999999
1396 0.9995999999999999
1397 0.9995999999999999
1398 0.9995999999999999
1399 0.9995999999999999
1400 0.9995999999999999
1401 0.9995999999999999
1402 0.9995999999999999
1403 0.9995999999999999
1404 0.9995999999999999
1405 0.9995999999999999
1406 0.9995999999999999
1407 0.9995999999999999
1408 0.9995999999999999
1409 0.9995999999999999
1410 0.9995999999999999
1411 0.9995999999999999
1412 0.9995999999999999
1413 0.9995999999999999
1414 0.9995999999999999
1415 0.9995999999999999
1416 0.9995999999999999
1417 0.9995999999999999
1418 0.9995999999999999
1419 0.9995999999999999
1420 0.9995999999999999
1421 0.9995999999999999
1422 0.9995999999999999
1423 0.9995999999999999
1424 0.9995999999999999
1425 0.9995999999999999
1426 0.9995999999999999
1427 0.9995999999999999
1428 0.9995999999999999
1429 0.9995999999999999
1430 0.9995999999999999
1431 0.9995999999999999
1432 0.9995999999999999
1433 0.9995999999999999
1434 0.9995999999999999
1435 0.9995999999999999
1436 0.9995999999999999
1437 0.9995999999999999
1438 0.9995999999999999
1439 0.9995999999999999
1440 0.9995999999999999
1441 0.9995999999999999
1442 0.9995999999999999
1443 0.9995999999999999
1444 0.9995999999999999
1445 0.9995999999999999
1446 0.9995999999999999
1447 0.9995999999999999
1448 0.9995999999999999
1449 0.9995999999999999
1450 0.9995999999999999
1451 0.9995999999999999
1452 0.9995999999999999
1453 0.9995999999999999
1454 1.0
1455 1.0
1456 1.0
1457 1.0
1458 1.0
1459 1.0
1460 1.0
1461 1.0
1462 1.0
1463 1.0
1464 1.0
1465 1.0
1466 1.0
1467 1.0
1468 1.0
1469 1.0
1470 1.0
1471 1.0
1472 1.0
1473 1.0
1474 1.0
1475 1.0
1476 1.0
1477 1.0
1478 1.0
1479 1.0
1480 1.0
1481 1.0
1482 1.0
1483 1.0
1484 1.0
1485 1.0
1486 1.0
1487 1.0
1488 1.0
1489 1.0
1490 1.0
1491 1.0
1492 1.0
1493 1.0
1494 1.0
1495 1.0
1496 1.0
1497 1.0
1498 1.0
1499 1.0
1500 1.0
1501 1.0
1502 1.0
1503 1.0
1504 1.0
1505 1.0
1506 1.0
1507 1.0
1508 1.0
1509 1.0
1510 1.0
1511 1.0
1512 1.0
1513 1.0
1514 1.0
1515 1.0
1516 1.0
1517 1.0
1518 1.0
1519 1.0
1520 1.0
1521 1.0
1522 1.0
1523 1.0
1524 1.0
1525 1.0
1526 1.0
1527 1.0
1528 1.0
1529 1.0
1530 1.0
1531 1.0
1532 1.0
1533 1.0
1534 1.0
1535 1.0
1536 1.0
1537 1.0
1538 1.0
1539 1.0
1540 1.0
1541 1.0
1542 1.0
1543 1.0
1544 1.0
1545 1.0
1546 1.0
1547 1.0
1548 1.0
1549 1.0
1550 1.0
1551 1.0
1552 1.0
1553 1.0
1554 1.0
1555 1.0
1556 1.0
1557 1.0
1558 1.0
1559 1.0
1560 1.0
1561 1.0
1562 1.0
1563 1.0
1564 1.0
1565 1.0
1566 1.0
1567 1.0
1568 1.0
1569 1.0
1570 1.0
1571 1.0
1572 1.0
1573 1.0
1574 1.0
1575 1.0
1576 1.0
1577 1.0
1578 1.0
1579 1.0
1580 1.0
1581 1.0
1582 1.0
1583 1.0
1584 1.0
1585 1.0
1586 1.0
1587 1.0
1588 1.0
1589 1.0
1590 1.0
1591 1.0
1592 1.0
1593 1.0
1594 1.0
1595 1.0
1596 1.0
1597 1.0
1598 1.0
1599 1.0
1600 1.0
1601 1.0
1602 0.9995999999999999
1603 0.9995999999999999
1604 0.9995999999999999
1605 0.9995999999999999
1606 0.9995999999999999
1607 0.9995999999999999
1608 0.9995999999999999
1609 0.9995999999999999
1610 0.9995999999999999
1611 0.9995999999999999
1612 0.9995999999999999
1613 0.9995999999999999
1614 0.9995999999999999
1615 0.9995999999999999
1616 0.9995999999999999
1617 0.9995999999999999
1618 0.9995999999999999
1619 0.9995999999999999
1620 0.9995999999999999
1621 0.9995999999999999
1622 0.9995999999999999
1623 0.9995999999999999
1624 0.9995999999999999
1625 0.9995999999999999
1626 0.9995999999999999
1627 0.9995999999999999
1628 0.9995999999999999
1629 0.9995999999999999
1630 0.9995999999999999
1631 0.9995999999999999
1632 0.9995999999999999
1633 0.9995999999999999
1634 0.9995999999999999
1635 0.9995999999999999
1636 0.9995999999999999
1637 0.9995999999999999
1638 0.9995999999999999
1639 0.9995999999999999
1640 0.9995999999999999
1641 0.9995999999999999
1642 0.9995999999999999
1643 0.9995999999999999
1644 0.9995999999999999
1645 0.9995999999999999
1646 0.9995999999999999
1647 0.9995999999999999
1648 0.9995999999999999
1649 0.9995999999999999
1650 0.9995999999999999
1651 0.9995999999999999
1652 0.9995999999999999
1653 0.9995999999999999
1654 0.9995999999999999
1655 0.9995999999999999
1656 0.9995999999999999
1657 0.9995999999999999
1658 0.9995999999999999
1659 0.9995999999999999
1660 0.9995999999999999
1661 0.9995999999999999
1662 0.9995999999999999
1663 0.9992
1664 0.9992
1665 0.9992
1666 0.9992
1667 0.9992
1668 0.9992
1669 0.9992
1670 0.9992
1671 0.9992
1672 0.9992
1673 0.9992
1674 0.9992
1675 0.9992
1676 0.9992
1677 0.9992
1678 0.9992
1679 0.9992
1680 0.9992
1681 0.9992
1682 0.9992
1683 0.9992
1684 0.9992
1685 0.9992
1686 0.9992
1687 0.9992
1688 0.9992
1689 0.9992
1690 0.9992
1691 0.9992
1692 0.9992
1693 0.9992
1694 0.9992
1695 0.9992
1696 0.9992
1697 0.9992
1698 0.9992
1699 0.9992
1700 0.9992
1701 0.9992
1702 0.9992
1703 0.9992
1704 0.9992
1705 0.9992
1706 0.9992
1707 0.9992
1708 0.9992
1709 0.9992
1710 0.9992
1711 0.9992
1712 0.9992
1713 0.9992
1714 0.9996
1715 0.9996
1716 0.9996
1717 0.9996
1718 0.9996
1719 0.9996
1720 0.9996
1721 0.9996
1722 0.9996
1723 0.9996
1724 0.9996
1725 0.9996
1726 0.9996
1727 0.9996
1728 0.9996
1729 0.9996
1730 0.9996
1731 0.9996
1732 0.9996
1733 0.9996
1734 0.9996
1735 0.9996
1736 0.9996
1737 0.9996
1738 0.9996
1739 0.9996
1740 0.9996
1741 0.9996
1742 0.9996
1743 0.9996
1744 0.9996
1745 0.9996
1746 0.9996
1747 0.9996
1748 0.9996
1749 0.9996
1750 0.9996
1751 1.0
1752 1.0
1753 1.0
1754 1.0
1755 1.0
1756 1.0
1757 1.0
1758 1.0
1759 1.0
1760 1.0
1761 1.0
1762 1.0
1763 1.0
1764 1.0
1765 1.0
1766 1.0
1767 1.0
1768 1.0
1769 1.0
1770 1.0
1771 1.0
1772 1.0
1773 1.0
1774 1.0
1775 1.0
1776 1.0
1777 1.0
1778 1.0
1779 1.0
1780 1.0
1781 1.0
1782 1.0
1783 1.0
1784 1.0
1785 1.0
1786 1.0
1787 1.0
1788 1.0
1789 1.0
1790 1.0
1791 1.0
1792 1.0
1793 1.0
1794 1.0
1795 1.0
1796 1.0
1797 1.0
1798 1.0
1799 1.0
1800 1.0
1801 1.0
1802 1.0
1803 1.0
1804 1.0
1805 1.0
1806 1.0
1807 1.0
1808 1.0
1809 1.0
1810 1.0
1811 1.0
1812 1.0
1813 1.0
1814 1.0
1815 1.0
1816 1.0
1817 1.0
1818 1.0
1819 1.0
1820 1.0
1821 1.0
1822 1.0
1823 1.0
1824 1.0
1825 1.0
1826 1.0
1827 1.0
1828 1.0
1829 1.0
1830 1.0
1831 1.0
1832 1.0
1833 1.0
1834 1.0
1835 1.0
1836 1.0
1837 1.0
1838 1.0
1839 1.0
1840 1.0
1841 1.0
1842 1.0
1843 1.0
1844 1.0
1845 1.0
1846 1.0
1847 1.0
1848 1.0
1849 1.0
1850 1.0
1851 1.0
1852 1.0
1853 1.0
1854 1.0
1855 1.0
1856 1.0
1857 1.0
1858 1.0
1859 1.0
1860 1.0
1861 1.0
1862 1.0
1863 1.0
1864 1.0
1865 1.0
1866 1.0
1867 1.0
1868 1.0
1869 1.0
1870 1.0
1871 1.0
1872 1.0
1873 1.0
1874 1.0
1875 1.0
1876 1.0
1877 1.0
1878 1.0
1879 1.0
1880 1.0
1881 1.0
1882 1.0
1883 1.0
1884 1.0
1885 1.0
1886 1.0
1887 1.0
1888 1.0
1889 1.0
1890 1.0
1891 1.0
1892 1.0
1893 1.0
1894 1.0
1895 1.0
1896 1.0
1897 1.0
1898 1.0
1899 1.0
1900 1.0
1901 1.0
1902 1.0
1903 1.0
1904 1.0
1905 1.0
1906 1.0
1907 1.0
1908 1.0
1909 1.0
1910 1.0
1911 1.0
1912 1.0
1913 1.0
1914 1.0
1915 1.0
1916 1.0
1917 1.0
1918 1.0
1919 1.0
1920 1.0
1921 1.0
1922 1.0
1923 1.0
1924 1.0
1925 1.0
1926 1.0
1927 1.0
1928 1.0
1929 1.0
1930 1.0
1931 1.0
1932 1.0
1933 1.0
1934 1.0
1935 1.0
1936 1.0
1937 1.0
1938 1.0
1939 1.0
1940 1.0
1941 1.0
1942 1.0
1943 1.0
1944 1.0
1945 1.0
1946 1.0
1947 1.0
1948 1.0
1949 1.0
1950 1.0
1951 1.0
1952 1.0
1953 1.0
1954 1.0
1955 1.0
1956 0.9995999999999999
1957 0.9995999999999999
1958 0.9995999999999999
1959 0.9995999999999999
1960 0.9995999999999999
1961 0.9995999999999999
1962 0.9995999999999999
1963 0.9995999999999999
1964 0.9995999999999999
1965 0.9995999999999999
1966 0.9995999999999999
1967 0.9995999999999999
1968 0.9995999999999999
1969 0.9995999999999999
1970 0.9995999999999999
1971 0.9995999999999999
1972 0.9995999999999999
1973 0.9995999999999999
1974 0.9995999999999999
1975 0.9995999999999999
1976 0.9995999999999999
1977 0.9995999999999999
1978 0.9995999999999999
1979 0.9995999999999999
1980 0.9995999999999999
1981 0.9995999999999999
1982 0.9995999999999999
1983 0.9995999999999999
1984 0.9995999999999999
1985 0.9995999999999999
1986 0.9995999999999999
1987 0.9995999999999999
1988 0.9995999999999999
1989 0.9995999999999999
1990 0.9995999999999999
1991 0.9995999999999999
1992 0.9995999999999999
1993 0.9995999999999999
1994 0.9995999999999999
1995 0.9995999999999999
1996 0.9995999999999999
1997 0.9995999999999999
1998 0.9995999999999999
1999 0.9995999999999999
