1 1.0
2 1.0
3 1.0
4 1.0
5 1.0
6 0.9996
7 0.9996
8 0.9992
9 0.9972
10 0.9948
11 0.9948
12 0.9944000000000002
13 0.9932000000000001
14 0.9928
15 0.9924
16 0.9904
17 0.9904
18 0.9895999999999999
19 0.9895999999999999
20 0.9887999999999999
21 0.988
22 0.9875999999999999
23 0.9863999999999997
24 0.9851999999999999
25 0.9843999999999997
26 0.9839999999999998
27 0.9839999999999998
28 0.9835999999999998
29 0.9832
30 0.9819999999999999
31 0.9807999999999999
32 0.9788000000000001
33 0.9772
34 0.9752000000000001
35 0.9743999999999999
36 0.9736000000000001
37 0.9719999999999999
38 0.9703999999999999
39 0.9692000000000001
40 0.9684
41 0.9664
42 0.9656
43 0.9656
44 0.9640000000000001
45 0.9620000000000001
46 0.9608000000000001
47 0.9588
48 0.9575999999999999
49 0.9568000000000001
50 0.9568000000000001
51 0.9560000000000001
52 0.9532
53 0.9512
54 0.9500000000000002
55 0.9480000000000001
56 0.9476000000000002
57 0.9472000000000002
58 0.9460000000000001
59 0.9444
60 0.9440000000000001
61 0.9428000000000002
62 0.9400000000000002
63 0.9396000000000001
64 0.9388000000000001
65 0.9384000000000001
66 0.9376000000000002
67 0.9348000000000002
68 0.9340000000000004
69 0.9332000000000004
70 0.9316000000000004
71 0.9312000000000005
72 0.9308000000000004
73 0.9304000000000004
74 0.9296000000000005
75 0.9284000000000004
76 0.9284000000000004
77 0.9272000000000002
78 0.9260000000000004
79 0.9244000000000002
80 0.9232000000000002
81 0.9220000000000003
82 0.9220000000000003
83 0.9212000000000004
84 0.9204000000000004
85 0.9196000000000004
86 0.9196000000000004
87 0.9196000000000004
88 0.9184000000000004
89 0.9192000000000004
90 0.9176000000000005
91 0.9176000000000005
92 0.9172000000000005
93 0.9168000000000004
94 0.9152000000000003
95 0.9140000000000005
96 0.9124000000000002
97 0.9112000000000002
98 0.9108000000000003
99 0.9104000000000002
100 0.9104000000000002
101 0.9092000000000001
102 0.9080000000000003
103 0.9080000000000003
104 0.9060000000000002
105 0.9060000000000002
106 0.9060000000000002
107 0.9056000000000002
108 0.9064000000000003
109 0.9068000000000002
110 0.9068000000000004
111 0.9080000000000003
112 0.9084000000000003
113 0.9084000000000003
114 0.9080000000000003
115 0.9076000000000003
116 0.9064000000000003
117 0.9044000000000004
118 0.9044000000000004
119 0.9036000000000004
120 0.9032000000000003
121 0.9016000000000005
122 0.9000000000000005
123 0.8988000000000005
124 0.8988000000000005
125 0.8976000000000005
126 0.8972000000000006
127 0.8948000000000005
128 0.8932000000000005
129 0.8932000000000005
130 0.8940000000000005
131 0.8940000000000003
132 0.8936000000000003
133 0.8944000000000003
134 0.8952000000000001
135 0.8952000000000001
136 0.8960000000000001
137 0.8960000000000001
138 0.8980000000000001
139 0.8968000000000003
140 0.8972000000000002
141 0.8976000000000003
142 0.8964000000000002
143 0.8956000000000002
144 0.8956000000000001
145 0.8944000000000003
146 0.8940000000000002
147 0.8920000000000003
148 0.8916000000000003
149 0.8912000000000002
150 0.8908000000000003
151 0.8900000000000005
152 0.8888000000000004
153 0.8876000000000004
154 0.8876000000000004
155 0.8880000000000001
156 0.8868
157 0.8867999999999999
158 0.8896
159 0.8919999999999999
160 0.8956000000000001
161 0.8976000000000002
162 0.8972
163 0.8968
164 0.8956000000000002
165 0.894
166 0.8916000000000001
167 0.8908
168 0.8887999999999999
169 0.8860000000000002
170 0.8848
171 0.8836000000000003
172 0.8816000000000003
173 0.8808000000000002
174 0.8804000000000001
175 0.8800000000000001
176 0.8792
177 0.8804
178 0.8808
179 0.8804
180 0.8816000000000002
181 0.8828000000000001
182 0.884
183 0.8859999999999999
184 0.8880000000000003
185 0.8916000000000003
186 0.8924000000000002
187 0.8932000000000002
188 0.8920000000000001
189 0.8912000000000002
190 0.8916000000000001
191 0.8904000000000001
192 0.8896000000000002
193 0.8892000000000003
194 0.8884000000000003
195 0.8868000000000003
196 0.8860000000000001
197 0.8844000000000001
198 0.8832000000000001
199 0.8815999999999999
200 0.8808000000000001
201 0.88
202 0.8812000000000002
203 0.8816000000000003
204 0.8820000000000001
205 0.882
206 0.8848
207 0.8852000000000001
208 0.8880000000000001
209 0.8892000000000002
210 0.8900000000000001
211 0.89
212 0.8896000000000001
213 0.8892000000000002
214 0.8876000000000001
215 0.8856
216 0.8832000000000002
217 0.8816000000000003
218 0.8796000000000004
219 0.8776000000000005
220 0.8772000000000004
221 0.8768000000000004
222 0.8756000000000003
223 0.8744000000000003
224 0.8732000000000001
225 0.8724000000000001
226 0.8724000000000001
227 0.8720000000000002
228 0.8744000000000004
229 0.8772000000000003
230 0.8772000000000001
231 0.8772000000000001
232 0.8796
233 0.8799999999999999
234 0.8815999999999999
235 0.8828
236 0.8824000000000001
237 0.8812000000000002
238 0.88
239 0.88
240 0.8784000000000001
241 0.8768
242 0.8739999999999999
243 0.8724
244 0.8715999999999999
245 0.8708
246 0.8704000000000001
247 0.87
248 0.87
249 0.8684000000000001
250 0.8671999999999999
251 0.866
252 0.8672
253 0.8683999999999998
254 0.8716000000000002
255 0.8756000000000002
256 0.8784000000000002
257 0.8796000000000003
258 0.8808000000000002
259 0.8804000000000002
260 0.8796000000000003
261 0.8792
262 0.8776000000000002
263 0.8772000000000001
264 0.8760000000000001
265 0.8748000000000001
266 0.8744000000000001
267 0.8728
268 0.8724
269 0.8716000000000002
270 0.8708000000000002
271 0.8688000000000002
272 0.8664000000000002
273 0.8660000000000001
274 0.8644000000000002
275 0.8644000000000002
276 0.8656000000000003
277 0.8660000000000003
278 0.8676000000000004
279 0.8708000000000002
280 0.8736000000000002
281 0.8744000000000003
282 0.8756000000000002
283 0.8764000000000002
284 0.8748000000000001
285 0.8736000000000003
286 0.8720000000000003
287 0.8712000000000003
288 0.8688000000000002
289 0.8648
290 0.8632000000000001
291 0.8604000000000002
292 0.8592000000000002
293 0.8584000000000003
294 0.8572000000000004
295 0.8560000000000003
296 0.8540000000000003
297 0.8536000000000005
298 0.8544000000000003
299 0.8532000000000004
300 0.8564000000000003
301 0.8572000000000004
302 0.8596000000000004
303 0.8624000000000004
304 0.8652000000000001
305 0.8676
306 0.87
307 0.8684000000000002
308 0.8664000000000002
309 0.8648000000000002
310 0.8640000000000003
311 0.8640000000000003
312 0.8632000000000004
313 0.8616000000000003
314 0.8604
315 0.8592000000000002
316 0.8564000000000002
317 0.8556000000000001
318 0.8540000000000003
319 0.8536000000000002
320 0.8532000000000004
321 0.8520000000000002
322 0.8512000000000002
323 0.8508000000000001
324 0.8532
325 0.8548
326 0.8560000000000002
327 0.8552
328 0.8563999999999997
329 0.8592
330 0.8604
331 0.8588
332 0.858
333 0.8563999999999998
334 0.8532
335 0.8500000000000001
336 0.8500000000000001
337 0.8492000000000002
338 0.8484000000000002
339 0.8476
340 0.8468000000000001
341 0.8456
342 0.8432000000000001
343 0.8408000000000001
344 0.8412000000000001
345 0.8416000000000001
346 0.8436
347 0.8419999999999999
348 0.8424
349 0.8448
350 0.8467999999999998
351 0.8488
352 0.8512000000000001
353 0.8543999999999999
354 0.8552
355 0.8552
356 0.8555999999999999
357 0.8543999999999998
358 0.8539999999999999
359 0.8539999999999999
360 0.8515999999999999
361 0.8512
362 0.8495999999999999
363 0.8479999999999999
364 0.8467999999999999
365 0.8447999999999998
366 0.8439999999999996
367 0.8443999999999997
368 0.8435999999999996
369 0.8431999999999996
370 0.8435999999999997
371 0.8443999999999997
372 0.8467999999999998
373 0.8471999999999998
374 0.8499999999999999
375 0.8536
376 0.8555999999999999
377 0.8603999999999999
378 0.8627999999999999
379 0.8631999999999997
380 0.8631999999999997
381 0.8627999999999997
382 0.8619999999999997
383 0.8603999999999995
384 0.8571999999999997
385 0.8563999999999997
386 0.8547999999999998
387 0.8531999999999997
388 0.8515999999999998
389 0.85
390 0.8488000000000001
391 0.8460000000000001
392 0.8452000000000001
393 0.8436000000000001
394 0.8436000000000001
395 0.8448000000000002
396 0.8460000000000001
397 0.8472000000000003
398 0.8504000000000002
399 0.8520000000000002
400 0.8524000000000003
401 0.8552000000000003
402 0.8576000000000001
403 0.8588000000000002
404 0.8588000000000003
405 0.8560000000000002
406 0.8552000000000003
407 0.8536000000000001
408 0.8508000000000001
409 0.8488000000000001
410 0.8468000000000002
411 0.8452000000000001
412 0.8428000000000001
413 0.8416000000000001
414 0.8412000000000002
415 0.8396000000000001
416 0.8392000000000001
417 0.8388000000000001
418 0.8380000000000001
419 0.8384000000000001
420 0.8404000000000003
421 0.8424000000000003
422 0.8432000000000002
423 0.8452
424 0.8504
425 0.8500000000000001
426 0.852
427 0.8523999999999999
428 0.8515999999999999
429 0.8515999999999998
430 0.8487999999999998
431 0.8471999999999998
432 0.8464
433 0.8443999999999999
434 0.8420000000000002
435 0.8412000000000002
436 0.8392000000000002
437 0.8380000000000003
438 0.8372000000000003
439 0.8368000000000003
440 0.8360000000000002
441 0.8356000000000003
442 0.8356000000000003
443 0.8380000000000003
444 0.8392000000000002
445 0.8408000000000002
446 0.8428000000000003
447 0.8440000000000002
448 0.8476000000000002
449 0.8480000000000001
450 0.8484000000000002
451 0.8488000000000002
452 0.8468000000000002
453 0.8460000000000002
454 0.8448000000000002
455 0.8432000000000002
456 0.8408000000000001
457 0.8400000000000002
458 0.8376
459 0.8368000000000002
460 0.8356000000000001
461 0.8328000000000002
462 0.8296000000000001
463 0.8276000000000002
464 0.8276
465 0.8268000000000001
466 0.8276000000000002
467 0.8288000000000002
468 0.8292000000000002
469 0.8308
470 0.8344000000000003
471 0.8360000000000002
472 0.8376000000000002
473 0.8416000000000002
474 0.8424
475 0.8440000000000002
476 0.8428000000000003
477 0.8412000000000002
478 0.8412000000000002
479 0.8408000000000002
480 0.8412000000000003
481 0.8404000000000004
482 0.8392000000000003
483 0.8380000000000003
484 0.8372000000000003
485 0.8356000000000003
486 0.8352000000000004
487 0.8328000000000003
488 0.8320000000000002
489 0.8304000000000002
490 0.8300000000000002
491 0.8316000000000001
492 0.8355999999999999
493 0.8392000000000002
494 0.8416000000000001
495 0.8440000000000003
496 0.8448
497 0.8464000000000002
498 0.8472000000000003
499 0.8484000000000002
500 0.8476
501 0.8484
502 0.8480000000000001
503 0.8468000000000001
504 0.8443999999999999
505 0.8439999999999999
506 0.8436
507 0.8416000000000001
508 0.8392000000000001
509 0.8376
510 0.8364
511 0.8360000000000001
512 0.8356
513 0.8351999999999999
514 0.8344
515 0.8327999999999999
516 0.8359999999999996
517 0.8371999999999997
518 0.8383999999999996
519 0.8419999999999999
520 0.8419999999999999
521 0.8455999999999999
522 0.8455999999999999
523 0.8467999999999999
524 0.8463999999999998
525 0.8455999999999997
526 0.8451999999999998
527 0.8432000000000001
528 0.8420000000000001
529 0.8395999999999999
530 0.8363999999999998
531 0.8351999999999999
532 0.8331999999999999
533 0.8312
534 0.8308000000000001
535 0.8304
536 0.8304
537 0.8288000000000001
538 0.8292000000000003
539 0.8284000000000001
540 0.8303999999999999
541 0.8319999999999999
542 0.8356
543 0.8384
544 0.8412000000000002
545 0.8419999999999999
546 0.8415999999999998
547 0.8412000000000001
548 0.8404
549 0.8368000000000001
550 0.8348
551 0.8336
552 0.8323999999999999
553 0.8312
554 0.8304
555 0.8284
556 0.8268000000000001
557 0.8260000000000001
558 0.8244
559 0.8231999999999999
560 0.8236000000000001
561 0.8220000000000001
562 0.8224000000000001
563 0.8223999999999999
564 0.8232
565 0.8252000000000002
566 0.8256
567 0.8292
568 0.8311999999999999
569 0.8324000000000001
570 0.8331999999999999
571 0.8363999999999998
572 0.8359999999999999
573 0.8355999999999998
574 0.8359999999999999
575 0.8351999999999998
576 0.8316000000000001
577 0.8271999999999999
578 0.8256
579 0.8236
580 0.8223999999999999
581 0.8207999999999999
582 0.8203999999999999
583 0.82
584 0.8188
585 0.8175999999999999
586 0.8171999999999998
587 0.8163999999999997
588 0.8171999999999997
589 0.8219999999999997
590 0.8231999999999998
591 0.8259999999999998
592 0.8275999999999999
593 0.8307999999999999
594 0.8316
595 0.8320000000000001
596 0.8319999999999999
597 0.8316000000000001
598 0.8304000000000002
599 0.8300000000000002
600 0.8288000000000002
601 0.8280000000000003
602 0.8268000000000003
603 0.8252000000000003
604 0.8224000000000002
605 0.8196000000000002
606 0.8176000000000001
607 0.8172000000000001
608 0.816
609 0.8147999999999999
610 0.814
611 0.8148000000000001
612 0.8176000000000001
613 0.8208000000000001
614 0.8248000000000002
615 0.8252000000000003
616 0.8288000000000004
617 0.8324000000000004
618 0.8360000000000002
619 0.8376000000000002
620 0.8384000000000004
621 0.8376000000000003
622 0.8380000000000004
623 0.8380000000000001
624 0.8368000000000001
625 0.8352
626 0.8316000000000001
627 0.8308000000000001
628 0.8292
629 0.8272000000000002
630 0.8256000000000001
631 0.8232000000000003
632 0.82
633 0.8188
634 0.8188000000000001
635 0.8180000000000001
636 0.8204
637 0.8220000000000001
638 0.8232000000000003
639 0.8280000000000001
640 0.8276
641 0.8292000000000002
642 0.8312
643 0.8316000000000001
644 0.8304000000000002
645 0.8304
646 0.8296000000000001
647 0.8288000000000001
648 0.8276
649 0.8276
650 0.8264
651 0.826
652 0.8247999999999999
653 0.8231999999999999
654 0.8227999999999999
655 0.8223999999999998
656 0.8219999999999998
657 0.8227999999999999
658 0.8235999999999999
659 0.8255999999999999
660 0.8251999999999998
661 0.8271999999999999
662 0.8296000000000002
663 0.8320000000000002
664 0.8352000000000003
665 0.8376000000000002
666 0.8388
667 0.8404
668 0.84
669 0.8412
670 0.8383999999999999
671 0.8371999999999998
672 0.8359999999999999
673 0.8331999999999998
674 0.8315999999999998
675 0.8299999999999998
676 0.8275999999999999
677 0.8263999999999999
678 0.824
679 0.8220000000000002
680 0.8208000000000003
681 0.8180000000000003
682 0.8168000000000002
683 0.8188000000000001
684 0.8212
685 0.8252000000000002
686 0.8268000000000001
687 0.8316000000000002
688 0.8331999999999999
689 0.8340000000000002
690 0.8356000000000001
691 0.8364
692 0.8364000000000001
693 0.8340000000000003
694 0.8344000000000003
695 0.8328000000000002
696 0.8320000000000002
697 0.8292000000000002
698 0.8280000000000001
699 0.8276
700 0.8260000000000001
701 0.8248000000000001
702 0.8240000000000001
703 0.8220000000000001
704 0.8180000000000001
705 0.8164
706 0.8168000000000001
707 0.8168
708 0.8188
709 0.8203999999999999
710 0.8247999999999999
711 0.8283999999999999
712 0.8328
713 0.8348
714 0.8356000000000001
715 0.8348
716 0.8340000000000001
717 0.8324000000000001
718 0.8308000000000001
719 0.8296000000000001
720 0.8288000000000001
721 0.8264
722 0.8252000000000002
723 0.8248000000000001
724 0.8231999999999999
725 0.8212
726 0.8204
727 0.8188
728 0.8168000000000001
729 0.8152000000000001
730 0.8136
731 0.8132
732 0.8148000000000001
733 0.8176000000000002
734 0.8212
735 0.8231999999999999
736 0.824
737 0.8260000000000001
738 0.8288000000000001
739 0.8308000000000001
740 0.8304
741 0.8296000000000001
742 0.8292
743 0.8288
744 0.8271999999999999
745 0.8268
746 0.824
747 0.82
748 0.8163999999999999
749 0.8148000000000001
750 0.8131999999999999
751 0.8123999999999998
752 0.8107999999999999
753 0.8111999999999998
754 0.8119999999999998
755 0.8131999999999999
756 0.8179999999999998
757 0.8195999999999999
758 0.8192
759 0.8224000000000001
760 0.8231999999999999
761 0.824
762 0.8264
763 0.8264
764 0.8256
765 0.826
766 0.8244
767 0.8223999999999998
768 0.8207999999999999
769 0.8183999999999999
770 0.8167999999999997
771 0.8159999999999998
772 0.8151999999999998
773 0.8143999999999997
774 0.8131999999999999
775 0.8131999999999999
776 0.8131999999999999
777 0.8136000000000001
778 0.8128000000000002
779 0.8128000000000002
780 0.8144000000000001
781 0.8172000000000001
782 0.8180000000000001
783 0.8220000000000001
784 0.8240000000000001
785 0.8275999999999999
786 0.8288
787 0.8308
788 0.8295999999999999
789 0.8296000000000002
790 0.828
791 0.8268000000000001
792 0.8260000000000001
793 0.8244
794 0.8231999999999999
795 0.8208
796 0.82
797 0.8184
798 0.8172
799 0.8160000000000001
800 0.8136000000000001
801 0.8132000000000003
802 0.8124000000000002
803 0.8131999999999999
804 0.8140000000000001
805 0.8168
806 0.8192
807 0.8240000000000001
808 0.8276
809 0.8299999999999998
810 0.8311999999999999
811 0.8328
812 0.8331999999999999
813 0.8316
814 0.8284
815 0.8288
816 0.8271999999999999
817 0.8231999999999999
818 0.8208
819 0.816
820 0.8123999999999999
821 0.8111999999999999
822 0.8111999999999999
823 0.8100000000000002
824 0.8076000000000001
825 0.8048000000000002
826 0.8040000000000002
827 0.8036000000000001
828 0.8044000000000002
829 0.8052000000000001
830 0.8072000000000001
831 0.8103999999999999
832 0.8128000000000002
833 0.8172000000000001
834 0.8200000000000002
835 0.8196000000000002
836 0.8208000000000001
837 0.8184
838 0.8172000000000001
839 0.8152000000000001
840 0.8128
841 0.8116000000000001
842 0.8100000000000002
843 0.8084000000000002
844 0.8068000000000002
845 0.8052000000000004
846 0.8040000000000004
847 0.8040000000000002
848 0.8040000000000002
849 0.8024000000000001
850 0.8016000000000001
851 0.8024000000000002
852 0.8004000000000002
853 0.8028000000000002
854 0.8080000000000002
855 0.8124000000000001
856 0.8152000000000001
857 0.8184
858 0.8196000000000001
859 0.8216000000000001
860 0.8216
861 0.82
862 0.8184
863 0.8164
864 0.8164
865 0.816
866 0.816
867 0.8136
868 0.8104
869 0.8096
870 0.8083999999999999
871 0.8068
872 0.8051999999999999
873 0.8039999999999999
874 0.8031999999999999
875 0.8036
876 0.804
877 0.8068000000000001
878 0.8108
879 0.8156000000000002
880 0.8192000000000002
881 0.8220000000000001
882 0.8248000000000001
883 0.8240000000000001
884 0.8232
885 0.8223999999999999
886 0.8228
887 0.8232
888 0.8212
889 0.8196000000000001
890 0.8188000000000001
891 0.8152000000000003
892 0.8136000000000001
893 0.8116000000000001
894 0.8092000000000001
895 0.8088
896 0.8075999999999999
897 0.8072
898 0.8076000000000002
899 0.8088000000000001
900 0.8112
901 0.8156
902 0.8191999999999999
903 0.8212
904 0.8227999999999999
905 0.8272000000000002
906 0.8264000000000001
907 0.8264
908 0.828
909 0.8268000000000001
910 0.8256
911 0.8248000000000001
912 0.8236000000000001
913 0.8204000000000002
914 0.8192000000000002
915 0.8180000000000003
916 0.8160000000000001
917 0.8136000000000001
918 0.8120000000000002
919 0.8104
920 0.8084
921 0.806
922 0.806
923 0.8080000000000003
924 0.8088000000000002
925 0.8116000000000002
926 0.8120000000000005
927 0.8144
928 0.8172
929 0.8204
930 0.82
931 0.8196000000000001
932 0.82
933 0.818
934 0.8148000000000001
935 0.8144
936 0.8116
937 0.8092
938 0.8075999999999999
939 0.8051999999999998
940 0.8019999999999999
941 0.8007999999999998
942 0.7983999999999999
943 0.7983999999999999
944 0.7967999999999997
945 0.7972
946 0.7964
947 0.7983999999999999
948 0.7983999999999999
949 0.802
950 0.8092
951 0.8136000000000001
952 0.816
953 0.8183999999999998
954 0.8203999999999999
955 0.8216
956 0.8204
957 0.8208
958 0.8188
959 0.8176000000000001
960 0.8164
961 0.8155999999999999
962 0.8144
963 0.8131999999999999
964 0.8108
965 0.8103999999999999
966 0.8108
967 0.8103999999999999
968 0.81
969 0.8088000000000001
970 0.8084
971 0.81
972 0.8116000000000001
973 0.8144
974 0.8192
975 0.8195999999999998
976 0.8204
977 0.8208000000000001
978 0.8251999999999999
979 0.8272000000000002
980 0.8276
981 0.8264000000000001
982 0.8232
983 0.8212
984 0.8192
985 0.818
986 0.8172
987 0.8160000000000001
988 0.8156000000000002
989 0.8144000000000001
990 0.8128
991 0.8108
992 0.8100000000000002
993 0.8088
994 0.8091999999999999
995 0.8112
996 0.8140000000000001
997 0.8180000000000001
998 0.8208000000000003
999 0.8220000000000002
1000 0.8248000000000002
1001 0.8304000000000002
1002 0.8308000000000001
1003 0.8316
1004 0.8316000000000001
1005 0.8291999999999998
1006 0.8295999999999999
1007 0.8275999999999999
1008 0.8268
1009 0.8244000000000001
1010 0.8204
1011 0.8188000000000001
1012 0.8164
1013 0.8144
1014 0.8116
1015 0.8103999999999998
1016 0.8103999999999998
1017 0.8088
1018 0.8088
1019 0.8108
1020 0.8132000000000003
1021 0.8148000000000001
1022 0.818
1023 0.8203999999999998
1024 0.8215999999999997
1025 0.8251999999999999
1026 0.8284
1027 0.8272000000000003
1028 0.8256000000000001
1029 0.8244000000000002
1030 0.8220000000000002
1031 0.8220000000000002
1032 0.8196000000000001
1033 0.8196000000000001
1034 0.8184000000000001
1035 0.8168000000000001
1036 0.8156000000000002
1037 0.8152000000000001
1038 0.8128000000000002
1039 0.8116000000000002
1040 0.8092000000000003
1041 0.8076000000000002
1042 0.8056000000000003
1043 0.8060000000000003
1044 0.8092000000000001
1045 0.8116000000000001
1046 0.8124000000000001
1047 0.8103999999999999
1048 0.8116
1049 0.8128
1050 0.8128000000000002
1051 0.8128000000000003
1052 0.8116000000000004
1053 0.8104000000000003
1054 0.8100000000000004
1055 0.8092000000000003
1056 0.8072000000000003
1057 0.8040000000000002
1058 0.8020000000000002
1059 0.7996000000000002
1060 0.7964000000000004
1061 0.7956000000000003
1062 0.7948000000000003
1063 0.7924000000000003
1064 0.7920000000000003
1065 0.7908000000000004
1066 0.7908000000000003
1067 0.7924000000000002
1068 0.7924000000000002
1069 0.7952000000000001
1070 0.796
1071 0.8008000000000002
1072 0.8040000000000005
1073 0.8076000000000002
1074 0.8120000000000002
1075 0.8156000000000003
1076 0.8160000000000001
1077 0.8164000000000001
1078 0.8156000000000002
1079 0.8136000000000001
1080 0.8136000000000001
1081 0.8108
1082 0.8083999999999999
1083 0.8056
1084 0.8044000000000001
1085 0.8032000000000002
1086 0.8020000000000002
1087 0.8020000000000002
1088 0.8016000000000001
1089 0.7996000000000001
1090 0.802
1091 0.8048000000000001
1092 0.8032000000000002
1093 0.8044000000000001
1094 0.8080000000000002
1095 0.8116000000000001
1096 0.8159999999999998
1097 0.8168
1098 0.8172000000000001
1099 0.8164000000000002
1100 0.8176000000000002
1101 0.8168000000000001
1102 0.8152000000000001
1103 0.8144000000000001
1104 0.8112000000000001
1105 0.8112000000000001
1106 0.8092000000000001
1107 0.8076000000000002
1108 0.804
1109 0.8032000000000002
1110 0.8024000000000001
1111 0.8008000000000002
1112 0.7976000000000001
1113 0.7956
1114 0.7936000000000001
1115 0.7956000000000002
1116 0.7948000000000001
1117 0.7979999999999999
1118 0.8
1119 0.8011999999999999
1120 0.8031999999999999
1121 0.8028000000000002
1122 0.8059999999999999
1123 0.8092000000000001
1124 0.8104
1125 0.8092
1126 0.8088
1127 0.8068000000000001
1128 0.8036
1129 0.8008
1130 0.7988
1131 0.7964
1132 0.7956
1133 0.7944
1134 0.7919999999999999
1135 0.7892000000000001
1136 0.7888000000000003
1137 0.7880000000000001
1138 0.7872
1139 0.7899999999999997
1140 0.7915999999999999
1141 0.794
1142 0.7956000000000002
1143 0.7972000000000001
1144 0.8024000000000002
1145 0.8028
1146 0.8044000000000001
1147 0.8052000000000002
1148 0.8056000000000002
1149 0.8056000000000002
1150 0.8044000000000001
1151 0.8028
1152 0.8
1153 0.7948
1154 0.7944
1155 0.7931999999999999
1156 0.7912000000000002
1157 0.7904000000000002
1158 0.7868000000000002
1159 0.7832000000000001
1160 0.7816000000000001
1161 0.7807999999999999
1162 0.7808000000000002
1163 0.7844000000000002
1164 0.7868000000000004
1165 0.7912
1166 0.7944
1167 0.7995999999999998
1168 0.8027999999999998
1169 0.8055999999999999
1170 0.8072
1171 0.8075999999999999
1172 0.8064
1173 0.8039999999999999
1174 0.8024
1175 0.7999999999999997
1176 0.7995999999999998
1177 0.7975999999999998
1178 0.7947999999999997
1179 0.7935999999999999
1180 0.7923999999999998
1181 0.7891999999999997
1182 0.7867999999999999
1183 0.7847999999999999
1184 0.7847999999999999
1185 0.7847999999999999
1186 0.7863999999999998
1187 0.7883999999999998
1188 0.7907999999999997
1189 0.7943999999999999
1190 0.7983999999999999
1191 0.8028
1192 0.8072
1193 0.8088
1194 0.8103999999999999
1195 0.814
1196 0.8116000000000001
1197 0.8112
1198 0.8084000000000002
1199 0.8084000000000002
1200 0.8080000000000002
1201 0.8060000000000003
1202 0.8024000000000001
1203 0.8020000000000002
1204 0.8012000000000001
1205 0.7988
1206 0.7983999999999999
1207 0.7983999999999999
1208 0.7979999999999998
1209 0.7971999999999998
1210 0.7963999999999999
1211 0.7983999999999999
1212 0.8
1213 0.804
1214 0.8084
1215 0.8131999999999999
1216 0.8168000000000002
1217 0.8216000000000002
1218 0.8240000000000003
1219 0.824
1220 0.8251999999999999
1221 0.8244
1222 0.8240000000000001
1223 0.8224000000000001
1224 0.8204
1225 0.8184000000000001
1226 0.816
1227 0.8155999999999999
1228 0.8143999999999998
1229 0.8119999999999998
1230 0.8092
1231 0.8084
1232 0.806
1233 0.8028
1234 0.8028
1235 0.8051999999999999
1236 0.8076000000000002
1237 0.8124000000000001
1238 0.8148000000000001
1239 0.8176000000000001
1240 0.824
1241 0.8251999999999999
1242 0.8252000000000002
1243 0.8255999999999999
1244 0.8244
1245 0.8224000000000001
1246 0.82
1247 0.8184
1248 0.8155999999999999
1249 0.8144000000000001
1250 0.8136
1251 0.8111999999999999
1252 0.8103999999999999
1253 0.8088
1254 0.8059999999999998
1255 0.8035999999999999
1256 0.8023999999999998
1257 0.8016
1258 0.8016000000000001
1259 0.8051999999999999
1260 0.8084000000000002
1261 0.8112
1262 0.8164000000000001
1263 0.8223999999999998
1264 0.8243999999999998
1265 0.8276
1266 0.83
1267 0.8308
1268 0.8304
1269 0.8296000000000001
1270 0.8276
1271 0.8251999999999999
1272 0.8251999999999999
1273 0.8231999999999999
1274 0.8195999999999999
1275 0.8175999999999998
1276 0.8159999999999998
1277 0.8119999999999997
1278 0.8107999999999999
1279 0.8107999999999999
1280 0.8107999999999999
1281 0.8055999999999999
1282 0.8047999999999998
1283 0.8048000000000002
1284 0.8064000000000001
1285 0.8072000000000001
1286 0.8108000000000001
1287 0.8172
1288 0.8208
1289 0.8220000000000002
1290 0.8252000000000002
1291 0.8251999999999999
1292 0.8244
1293 0.8219999999999998
1294 0.8204
1295 0.8180000000000001
1296 0.8164
1297 0.8148000000000001
1298 0.8132
1299 0.8088000000000001
1300 0.8072
1301 0.8048000000000002
1302 0.8024
1303 0.8008
1304 0.7975999999999999
1305 0.7979999999999999
1306 0.7975999999999999
1307 0.7984
1308 0.8016000000000001
1309 0.8064000000000003
1310 0.8092000000000003
1311 0.8100000000000002
1312 0.8108000000000001
1313 0.8140000000000005
1314 0.8116000000000004
1315 0.8124000000000002
1316 0.8120000000000003
1317 0.8108000000000001
1318 0.8092
1319 0.8080000000000002
1320 0.8056
1321 0.8008000000000002
1322 0.7984000000000002
1323 0.7964000000000001
1324 0.7948000000000001
1325 0.7936
1326 0.792
1327 0.7916
1328 0.7892000000000001
1329 0.7876000000000001
1330 0.7892
1331 0.7872000000000002
1332 0.7872000000000001
1333 0.7876000000000001
1334 0.7911999999999999
1335 0.7924
1336 0.7932000000000001
1337 0.7968
1338 0.8008000000000002
1339 0.8024000000000001
1340 0.8004000000000001
1341 0.7992000000000001
1342 0.7976000000000003
1343 0.7972000000000001
1344 0.7952000000000002
1345 0.7928000000000003
1346 0.7916000000000003
1347 0.7908000000000003
1348 0.7888000000000004
1349 0.7856000000000003
1350 0.7852000000000003
1351 0.7840000000000004
1352 0.7820000000000001
1353 0.7808000000000002
1354 0.7824
1355 0.7804000000000001
1356 0.7808000000000002
1357 0.7824
1358 0.7828
1359 0.7836
1360 0.7856000000000001
1361 0.7876000000000001
1362 0.7900000000000003
1363 0.7912000000000002
1364 0.7888000000000001
1365 0.7880000000000001
1366 0.7872000000000001
1367 0.7868000000000002
1368 0.7852000000000001
1369 0.7832000000000001
1370 0.7828000000000002
1371 0.782
1372 0.7780000000000001
1373 0.7768
1374 0.7752000000000001
1375 0.7748000000000002
1376 0.7724000000000002
1377 0.7716000000000001
1378 0.7728000000000002
1379 0.7736000000000003
1380 0.7736000000000002
1381 0.7784000000000003
1382 0.782
1383 0.7840000000000003
1384 0.7868000000000002
1385 0.7928000000000002
1386 0.7948000000000002
1387 0.7976000000000001
1388 0.8004000000000002
1389 0.8003999999999999
1390 0.8
1391 0.7988
1392 0.7972
1393 0.7948000000000001
1394 0.792
1395 0.7908000000000002
1396 0.7892
1397 0.7876000000000001
1398 0.7859999999999999
1399 0.7847999999999999
1400 0.7839999999999999
1401 0.7831999999999998
1402 0.7835999999999999
1403 0.7839999999999998
1404 0.7851999999999998
1405 0.7903999999999999
1406 0.7908000000000002
1407 0.7944000000000001
1408 0.7992000000000004
1409 0.8004000000000001
1410 0.8020000000000002
1411 0.8040000000000004
1412 0.8044000000000001
1413 0.804
1414 0.8032
1415 0.7980000000000002
1416 0.7968000000000001
1417 0.7932000000000001
1418 0.7904000000000001
1419 0.7888000000000001
1420 0.7876000000000002
1421 0.7852000000000001
1422 0.784
1423 0.7828
1424 0.7812
1425 0.7804000000000001
1426 0.7800000000000001
1427 0.7827999999999998
1428 0.7868000000000002
1429 0.792
1430 0.794
1431 0.7968000000000002
1432 0.8
1433 0.802
1434 0.8055999999999999
1435 0.8047999999999997
1436 0.8015999999999999
1437 0.7979999999999999
1438 0.7959999999999999
1439 0.7948
1440 0.7916000000000001
1441 0.7888000000000001
1442 0.7856000000000001
1443 0.7844
1444 0.7803999999999999
1445 0.7776
1446 0.7756000000000001
1447 0.7748
1448 0.7752000000000001
1449 0.7736
1450 0.7744
1451 0.7756000000000002
1452 0.7796000000000002
1453 0.7804000000000001
1454 0.7831999999999999
1455 0.7867999999999998
1456 0.7903999999999999
1457 0.7924
1458 0.7951999999999999
1459 0.7944
1460 0.7948000000000002
1461 0.7944000000000002
1462 0.7916
1463 0.7911999999999999
1464 0.7875999999999999
1465 0.786
1466 0.7852000000000001
1467 0.7807999999999999
1468 0.78
1469 0.7787999999999999
1470 0.7764
1471 0.7740000000000002
1472 0.7744000000000001
1473 0.7744000000000001
1474 0.774
1475 0.7736000000000002
1476 0.7772000000000001
1477 0.7824
1478 0.7864000000000001
1479 0.7872
1480 0.7899999999999998
1481 0.7924
1482 0.794
1483 0.7948000000000001
1484 0.7936
1485 0.7927999999999998
1486 0.7911999999999999
1487 0.7892
1488 0.7892
1489 0.7868
1490 0.7852
1491 0.7836
1492 0.7815999999999999
1493 0.7807999999999998
1494 0.7787999999999998
1495 0.7783999999999998
1496 0.7783999999999998
1497 0.7775999999999997
1498 0.7775999999999997
1499 0.7795999999999998
1500 0.7815999999999999
1501 0.7852000000000001
1502 0.7884
1503 0.7924000000000002
1504 0.7968000000000001
1505 0.8012000000000001
1506 0.8028
1507 0.8032
1508 0.804
1509 0.8031999999999999
1510 0.8024
1511 0.7996
1512 0.7988
1513 0.7939999999999999
1514 0.7924000000000001
1515 0.7892
1516 0.7879999999999999
1517 0.7864
1518 0.7852000000000001
1519 0.7836
1520 0.7816
1521 0.7807999999999999
1522 0.7812000000000002
1523 0.7812000000000002
1524 0.7828000000000003
1525 0.7828000000000002
1526 0.7832000000000001
1527 0.7844000000000004
1528 0.7884000000000002
1529 0.7912000000000002
1530 0.7908
1531 0.7912000000000002
1532 0.7912
1533 0.7900000000000001
1534 0.7891999999999999
1535 0.7879999999999999
1536 0.7844
1537 0.7811999999999999
1538 0.7772
1539 0.7744000000000001
1540 0.7728
1541 0.7708000000000002
1542 0.7696000000000002
1543 0.7680000000000001
1544 0.7668
1545 0.7672000000000001
1546 0.7672000000000001
1547 0.77
1548 0.7724000000000001
1549 0.7772000000000001
1550 0.7784
1551 0.7836
1552 0.7839999999999999
1553 0.7896
1554 0.792
1555 0.7924
1556 0.7936000000000001
1557 0.7936000000000001
1558 0.7928000000000002
1559 0.7928000000000002
1560 0.7928000000000001
1561 0.7916
1562 0.7908
1563 0.7884
1564 0.7876000000000001
1565 0.7856000000000002
1566 0.7828000000000002
1567 0.7816000000000001
1568 0.7808000000000002
1569 0.7804000000000001
1570 0.7792000000000001
1571 0.7812000000000002
1572 0.7824000000000002
1573 0.7912000000000002
1574 0.7963999999999999
1575 0.8012000000000001
1576 0.8064000000000004
1577 0.8096000000000002
1578 0.8100000000000003
1579 0.8096000000000002
1580 0.8100000000000002
1581 0.8104000000000002
1582 0.8100000000000002
1583 0.8096000000000001
1584 0.8080000000000002
1585 0.8056000000000002
1586 0.8028000000000002
1587 0.8012000000000001
1588 0.7988000000000003
1589 0.7956000000000002
1590 0.7940000000000002
1591 0.7936000000000001
1592 0.7920000000000001
1593 0.7916000000000003
1594 0.7888000000000004
1595 0.7888000000000004
1596 0.7912000000000003
1597 0.7932000000000003
1598 0.7980000000000004
1599 0.8032000000000004
1600 0.8068000000000002
1601 0.8092000000000001
1602 0.814
1603 0.8163999999999999
1604 0.8155999999999999
1605 0.8155999999999999
1606 0.8147999999999999
1607 0.8140000000000001
1608 0.8136000000000001
1609 0.8124000000000001
1610 0.8112000000000001
1611 0.8092000000000001
1612 0.8052000000000002
1613 0.8036000000000001
1614 0.8024000000000001
1615 0.8008
1616 0.8011999999999999
1617 0.7983999999999999
1618 0.7963999999999999
1619 0.7959999999999998
1620 0.7963999999999999
1621 0.7979999999999999
1622 0.8027999999999998
1623 0.8055999999999998
1624 0.8088
1625 0.8088
1626 0.8088000000000001
1627 0.8084000000000002
1628 0.8084000000000002
1629 0.8072000000000003
1630 0.8064000000000001
1631 0.8044000000000002
1632 0.8040000000000002
1633 0.802
1634 0.7992000000000001
1635 0.7976000000000002
1636 0.796
1637 0.7948000000000002
1638 0.7932000000000002
1639 0.7916000000000001
1640 0.7912000000000002
1641 0.7904000000000002
1642 0.7884000000000003
1643 0.7888000000000003
1644 0.7904000000000002
1645 0.7932000000000001
1646 0.7948
1647 0.7996000000000002
1648 0.802
1649 0.8055999999999999
1650 0.8072
1651 0.81
1652 0.8079999999999999
1653 0.8088
1654 0.8079999999999999
1655 0.8072
1656 0.8055999999999999
1657 0.8044
1658 0.8024
1659 0.8000000000000002
1660 0.7980000000000002
1661 0.796
1662 0.794
1663 0.7924000000000001
1664 0.7924000000000001
1665 0.7920000000000001
1666 0.7900000000000001
1667 0.79
1668 0.7896
1669 0.7940000000000002
1670 0.7948000000000002
1671 0.8
1672 0.8052000000000002
1673 0.8088
1674 0.8104
1675 0.8100000000000002
1676 0.8096
1677 0.8092
1678 0.8068000000000001
1679 0.8044000000000002
1680 0.8028000000000003
1681 0.8004000000000002
1682 0.7988000000000003
1683 0.794
1684 0.7916
1685 0.7892
1686 0.7884
1687 0.7868000000000002
1688 0.7856000000000002
1689 0.7844000000000002
1690 0.7844000000000001
1691 0.7859999999999999
1692 0.7888000000000001
1693 0.7920000000000001
1694 0.7940000000000002
1695 0.7948000000000002
1696 0.7996000000000003
1697 0.8016000000000005
1698 0.8036000000000004
1699 0.8016000000000004
1700 0.8020000000000005
1701 0.8008000000000003
1702 0.7996000000000002
1703 0.7968000000000004
1704 0.7940000000000002
1705 0.7924000000000001
1706 0.7892000000000001
1707 0.7872000000000001
1708 0.7836000000000002
1709 0.7824000000000002
1710 0.7812000000000002
1711 0.7800000000000001
1712 0.7792
1713 0.7792
1714 0.7772
1715 0.7772000000000001
1716 0.7787999999999999
1717 0.7803999999999999
1718 0.7867999999999999
1719 0.7907999999999998
1720 0.7959999999999999
1721 0.796
1722 0.796
1723 0.7959999999999999
1724 0.7935999999999999
1725 0.7919999999999999
1726 0.7896000000000001
1727 0.7872000000000002
1728 0.7852000000000001
1729 0.7840000000000003
1730 0.782
1731 0.7808000000000002
1732 0.7800000000000001
1733 0.774
1734 0.77
1735 0.768
1736 0.7656000000000001
1737 0.7656000000000002
1738 0.7660000000000002
1739 0.764
1740 0.7652000000000002
1741 0.7684000000000002
1742 0.7704000000000002
1743 0.7728
1744 0.7747999999999999
1745 0.7755999999999998
1746 0.7772
1747 0.7788
1748 0.7780000000000001
1749 0.7780000000000001
1750 0.7768000000000002
1751 0.7752000000000001
1752 0.7744000000000001
1753 0.7740000000000002
1754 0.7720000000000001
1755 0.7700000000000001
1756 0.7700000000000001
1757 0.7668
1758 0.7664000000000002
1759 0.7639999999999999
1760 0.7624
1761 0.7596
1762 0.7604
1763 0.7604
1764 0.7631999999999999
1765 0.7659999999999999
1766 0.7707999999999999
1767 0.7732000000000001
1768 0.7784
1769 0.7832000000000001
1770 0.7832000000000002
1771 0.7844000000000001
1772 0.7852000000000001
1773 0.7828
1774 0.7812000000000002
1775 0.7808000000000002
1776 0.7800000000000001
1777 0.7772000000000001
1778 0.7752000000000001
1779 0.7736
1780 0.7696000000000001
1781 0.7692000000000001
1782 0.7668000000000003
1783 0.7656000000000003
1784 0.7660000000000002
1785 0.7640000000000002
1786 0.764
1787 0.764
1788 0.7684000000000001
1789 0.7740000000000002
1790 0.7767999999999999
1791 0.7800000000000002
1792 0.7832000000000002
1793 0.7892000000000003
1794 0.7896000000000002
1795 0.7888000000000004
1796 0.7896000000000002
1797 0.7908000000000003
1798 0.7896000000000002
1799 0.7892000000000001
1800 0.7872000000000002
1801 0.7852000000000001
1802 0.7844000000000001
1803 0.7824000000000001
1804 0.7804000000000001
1805 0.7796000000000001
1806 0.7780000000000001
1807 0.7768000000000002
1808 0.7732000000000001
1809 0.7724
1810 0.7708000000000002
1811 0.772
1812 0.7712
1813 0.7748
1814 0.7804000000000001
1815 0.7876000000000003
1816 0.7924000000000001
1817 0.7976000000000001
1818 0.8000000000000003
1819 0.7996000000000002
1820 0.8008000000000003
1821 0.7992000000000004
1822 0.7972000000000001
1823 0.7944000000000002
1824 0.7932000000000002
1825 0.7892000000000001
1826 0.7852000000000002
1827 0.7824000000000002
1828 0.7812000000000002
1829 0.7800000000000001
1830 0.7780000000000001
1831 0.7768
1832 0.7756000000000001
1833 0.7760000000000001
1834 0.7728000000000003
1835 0.7736000000000003
1836 0.7748000000000002
1837 0.7748
1838 0.7783999999999999
1839 0.7832000000000001
1840 0.7852
1841 0.7868
1842 0.7907999999999998
1843 0.7916
1844 0.7896000000000001
1845 0.7888000000000001
1846 0.7875999999999999
1847 0.7844
1848 0.782
1849 0.7804000000000002
1850 0.7768000000000002
1851 0.7756000000000003
1852 0.7740000000000002
1853 0.7716000000000003
1854 0.7676000000000002
1855 0.7656000000000003
1856 0.7628000000000003
1857 0.7616000000000003
1858 0.7600000000000001
1859 0.7612000000000001
1860 0.7612000000000001
1861 0.764
1862 0.7676000000000002
1863 0.7724000000000001
1864 0.7751999999999998
1865 0.7767999999999999
1866 0.7804000000000002
1867 0.7816000000000003
1868 0.7832000000000002
1869 0.7824000000000002
1870 0.7812000000000002
1871 0.7796000000000002
1872 0.7784000000000004
1873 0.7784000000000004
1874 0.7776000000000003
1875 0.7752000000000003
1876 0.7744000000000003
1877 0.7728000000000003
1878 0.7724000000000001
1879 0.7716000000000001
1880 0.7708000000000002
1881 0.7696000000000002
1882 0.7688000000000003
1883 0.7688000000000003
1884 0.7708000000000002
1885 0.7732000000000002
1886 0.7768000000000002
1887 0.7800000000000001
1888 0.7844000000000001
1889 0.7880000000000001
1890 0.7872000000000001
1891 0.7884000000000002
1892 0.7872000000000002
1893 0.7868000000000002
1894 0.7868000000000002
1895 0.7840000000000003
1896 0.7828000000000002
1897 0.7804000000000002
1898 0.7804000000000002
1899 0.7796000000000002
1900 0.7780000000000002
1901 0.7772000000000002
1902 0.7728000000000003
1903 0.7704000000000002
1904 0.7692000000000001
1905 0.7676000000000001
1906 0.7664
1907 0.7672
1908 0.77
1909 0.7720000000000005
1910 0.7736000000000004
1911 0.7788000000000003
1912 0.7844
1913 0.7859999999999999
1914 0.7888000000000001
1915 0.7892
1916 0.7867999999999999
1917 0.7867999999999999
1918 0.7839999999999999
1919 0.7823999999999998
1920 0.7795999999999998
1921 0.7771999999999997
1922 0.7743999999999995
1923 0.7719999999999996
1924 0.7711999999999998
1925 0.7703999999999998
1926 0.7687999999999998
1927 0.7695999999999996
1928 0.7675999999999995
1929 0.7655999999999996
1930 0.7651999999999997
1931 0.7667999999999998
1932 0.7692
1933 0.7716
1934 0.7752
1935 0.7787999999999999
1936 0.7812
1937 0.7859999999999999
1938 0.7892000000000001
1939 0.7900000000000003
1940 0.7896000000000005
1941 0.7888000000000005
1942 0.7860000000000004
1943 0.7844000000000004
1944 0.7820000000000004
1945 0.7804000000000002
1946 0.7788000000000003
1947 0.7760000000000001
1948 0.7748000000000002
1949 0.7728
1950 0.7707999999999999
1951 0.7692
1952 0.7680000000000001
1953 0.7664000000000002
1954 0.7660000000000002
1955 0.7680000000000002
1956 0.7704000000000002
1957 0.7724000000000002
1958 0.7772000000000001
1959 0.7787999999999999
1960 0.7824000000000001
1961 0.7844000000000001
1962 0.7864000000000003
1963 0.7888000000000003
1964 0.7904000000000002
1965 0.7908000000000003
1966 0.7880000000000004
1967 0.7872000000000001
1968 0.7852000000000001
1969 0.7848000000000002
1970 0.7836
1971 0.7808000000000002
1972 0.7792
1973 0.7756000000000001
1974 0.774
1975 0.7736
1976 0.7720000000000001
1977 0.7716000000000001
1978 0.7696000000000001
1979 0.7716
1980 0.7768
1981 0.7791999999999999
1982 0.7816
1983 0.784
1984 0.7876000000000001
1985 0.7904000000000001
1986 0.7927999999999998
1987 0.7927999999999998
1988 0.7903999999999998
1989 0.7891999999999999
1990 0.7875999999999997
1991 0.7859999999999998
1992 0.7851999999999998
1993 0.7835999999999999
1994 0.7824
1995 0.7811999999999999
1996 0.7799999999999998
1997 0.7759999999999999
1998 0.7755999999999998
1999 0.7731999999999998
