1 1.0
2 1.0
3 1.0
4 1.0
5 1.0
6 1.0
7 1.0
8 1.0
9 0.998
10 0.998
11 0.998
12 0.9960000000000001
13 0.9960000000000001
14 0.9960000000000001
15 0.9960000000000001
16 0.9960000000000001
17 0.9960000000000001
18 0.9960000000000001
19 0.9960000000000001
20 0.9960000000000001
21 0.994
22 0.994
23 0.994
24 0.994
25 0.994
26 0.994
27 0.992
28 0.992
29 0.992
30 0.99
31 0.99
32 0.99
33 0.99
34 0.99
35 0.99
36 0.99
37 0.99
38 0.9880000000000001
39 0.9880000000000001
40 0.9880000000000001
41 0.9880000000000001
42 0.984
43 0.984
44 0.984
45 0.982
46 0.982
47 0.982
48 0.9800000000000001
49 0.9760000000000002
50 0.9720000000000001
51 0.9720000000000001
52 0.9720000000000001
53 0.9720000000000001
54 0.9720000000000001
55 0.9720000000000001
56 0.9720000000000001
57 0.9720000000000001
58 0.9720000000000001
59 0.9700000000000001
60 0.9700000000000001
61 0.9680000000000002
62 0.9680000000000002
63 0.9660000000000002
64 0.9660000000000002
65 0.9640000000000001
66 0.9640000000000001
67 0.9640000000000001
68 0.9620000000000001
69 0.9620000000000001
70 0.9620000000000001
71 0.9620000000000001
72 0.9620000000000001
73 0.9600000000000002
74 0.9600000000000002
75 0.9600000000000002
76 0.9600000000000002
77 0.9600000000000002
78 0.9559999999999998
79 0.954
80 0.954
81 0.954
82 0.952
83 0.952
84 0.9480000000000001
85 0.9480000000000001
86 0.9480000000000001
87 0.9460000000000001
88 0.9460000000000001
89 0.9440000000000002
90 0.9440000000000002
91 0.9420000000000002
92 0.938
93 0.938
94 0.938
95 0.9359999999999999
96 0.9339999999999999
97 0.932
98 0.932
99 0.932
100 0.932
101 0.932
102 0.9279999999999997
103 0.9279999999999997
104 0.9219999999999999
105 0.9199999999999999
106 0.916
107 0.916
108 0.9179999999999999
109 0.916
110 0.916
111 0.916
112 0.9139999999999999
113 0.9139999999999999
114 0.9139999999999999
115 0.9139999999999999
116 0.9119999999999997
117 0.9119999999999997
118 0.9079999999999998
119 0.9079999999999998
120 0.9059999999999999
121 0.9039999999999999
122 0.9039999999999999
123 0.9039999999999999
124 0.9019999999999999
125 0.9019999999999999
126 0.9019999999999999
127 0.9039999999999999
128 0.9039999999999999
129 0.9019999999999999
130 0.9019999999999999
131 0.9019999999999999
132 0.9039999999999999
133 0.9039999999999999
134 0.9059999999999999
135 0.9079999999999998
136 0.9079999999999998
137 0.9079999999999998
138 0.9100000000000001
139 0.9100000000000001
140 0.9100000000000001
141 0.9080000000000001
142 0.9059999999999999
143 0.9039999999999999
144 0.9
145 0.9
146 0.8960000000000001
147 0.8960000000000001
148 0.8960000000000001
149 0.8940000000000001
150 0.8940000000000001
151 0.8940000000000001
152 0.8900000000000002
153 0.8859999999999999
154 0.8859999999999999
155 0.8879999999999999
156 0.8879999999999999
157 0.8879999999999999
158 0.8919999999999998
159 0.8919999999999998
160 0.8899999999999999
161 0.8919999999999998
162 0.8919999999999998
163 0.8919999999999998
164 0.8919999999999998
165 0.8919999999999998
166 0.8859999999999999
167 0.8859999999999999
168 0.884
169 0.884
170 0.882
171 0.8779999999999999
172 0.876
173 0.876
174 0.876
175 0.874
176 0.8720000000000001
177 0.868
178 0.868
179 0.868
180 0.868
181 0.866
182 0.868
183 0.8720000000000001
184 0.8780000000000001
185 0.8760000000000001
186 0.876
187 0.876
188 0.876
189 0.876
190 0.876
191 0.8739999999999999
192 0.8739999999999999
193 0.8719999999999999
194 0.8719999999999999
195 0.8719999999999999
196 0.8719999999999999
197 0.8699999999999999
198 0.866
199 0.86
200 0.858
201 0.858
202 0.858
203 0.8560000000000001
204 0.8560000000000001
205 0.86
206 0.8620000000000001
207 0.8699999999999999
208 0.874
209 0.874
210 0.874
211 0.876
212 0.8719999999999999
213 0.8719999999999999
214 0.8699999999999999
215 0.8699999999999999
216 0.868
217 0.868
218 0.8659999999999999
219 0.8639999999999999
220 0.8639999999999999
221 0.8639999999999999
222 0.866
223 0.8640000000000001
224 0.8619999999999999
225 0.86
226 0.86
227 0.8559999999999999
228 0.8639999999999999
229 0.86
230 0.8619999999999999
231 0.866
232 0.866
233 0.8700000000000001
234 0.868
235 0.8640000000000001
236 0.8620000000000001
237 0.8600000000000001
238 0.858
239 0.8540000000000001
240 0.8480000000000001
241 0.8480000000000001
242 0.8480000000000001
243 0.8420000000000002
244 0.8420000000000002
245 0.8400000000000001
246 0.8380000000000001
247 0.8320000000000001
248 0.8320000000000001
249 0.8300000000000001
250 0.8300000000000001
251 0.8300000000000001
252 0.828
253 0.8320000000000001
254 0.8320000000000001
255 0.8320000000000001
256 0.8280000000000001
257 0.826
258 0.826
259 0.826
260 0.826
261 0.8240000000000001
262 0.8240000000000001
263 0.8240000000000001
264 0.8240000000000002
265 0.8200000000000001
266 0.818
267 0.818
268 0.812
269 0.8099999999999999
270 0.812
271 0.8099999999999999
272 0.808
273 0.808
274 0.8059999999999998
275 0.808
276 0.8099999999999999
277 0.8140000000000001
278 0.8200000000000001
279 0.8220000000000001
280 0.8200000000000001
281 0.8220000000000001
282 0.826
283 0.826
284 0.826
285 0.8219999999999998
286 0.82
287 0.82
288 0.82
289 0.818
290 0.8160000000000001
291 0.8139999999999998
292 0.8099999999999999
293 0.806
294 0.806
295 0.8039999999999999
296 0.8039999999999999
297 0.8019999999999999
298 0.8019999999999999
299 0.8020000000000002
300 0.8020000000000002
301 0.806
302 0.812
303 0.8160000000000001
304 0.8160000000000001
305 0.8160000000000001
306 0.8220000000000001
307 0.8220000000000001
308 0.8240000000000001
309 0.8200000000000001
310 0.8180000000000002
311 0.8180000000000002
312 0.812
313 0.812
314 0.8099999999999999
315 0.8099999999999999
316 0.806
317 0.804
318 0.8020000000000002
319 0.804
320 0.804
321 0.8019999999999999
322 0.8019999999999999
323 0.8019999999999999
324 0.8039999999999999
325 0.808
326 0.8140000000000001
327 0.826
328 0.826
329 0.8299999999999998
330 0.828
331 0.826
332 0.8280000000000001
333 0.8260000000000002
334 0.8260000000000002
335 0.8240000000000002
336 0.8200000000000001
337 0.8200000000000001
338 0.8200000000000001
339 0.8140000000000001
340 0.8140000000000001
341 0.812
342 0.812
343 0.8080000000000002
344 0.806
345 0.804
346 0.798
347 0.8
348 0.808
349 0.8099999999999999
350 0.8160000000000001
351 0.8160000000000001
352 0.8160000000000001
353 0.8220000000000001
354 0.8240000000000001
355 0.8220000000000001
356 0.8200000000000001
357 0.818
358 0.818
359 0.818
360 0.8160000000000001
361 0.812
362 0.812
363 0.812
364 0.812
365 0.8099999999999999
366 0.808
367 0.806
368 0.8039999999999999
369 0.8039999999999999
370 0.8039999999999999
371 0.8059999999999998
372 0.808
373 0.808
374 0.8160000000000001
375 0.8220000000000001
376 0.8219999999999998
377 0.828
378 0.828
379 0.8320000000000001
380 0.834
381 0.8360000000000001
382 0.8280000000000001
383 0.8280000000000001
384 0.8260000000000002
385 0.8240000000000001
386 0.8240000000000001
387 0.8220000000000001
388 0.8220000000000001
389 0.8160000000000001
390 0.8119999999999999
391 0.8099999999999999
392 0.806
393 0.8039999999999999
394 0.7999999999999999
395 0.8020000000000002
396 0.7999999999999999
397 0.806
398 0.806
399 0.8139999999999998
400 0.8160000000000001
401 0.82
402 0.8220000000000001
403 0.8260000000000002
404 0.8240000000000001
405 0.8280000000000001
406 0.8260000000000002
407 0.8260000000000002
408 0.8260000000000002
409 0.8220000000000001
410 0.818
411 0.8140000000000001
412 0.812
413 0.8100000000000002
414 0.806
415 0.804
416 0.804
417 0.796
418 0.796
419 0.7959999999999999
420 0.796
421 0.7959999999999999
422 0.796
423 0.798
424 0.8000000000000002
425 0.804
426 0.806
427 0.804
428 0.804
429 0.8019999999999999
430 0.8020000000000002
431 0.796
432 0.792
433 0.7900000000000001
434 0.786
435 0.786
436 0.784
437 0.7819999999999999
438 0.7819999999999999
439 0.7819999999999999
440 0.78
441 0.78
442 0.78
443 0.78
444 0.78
445 0.78
446 0.788
447 0.788
448 0.7919999999999999
449 0.7939999999999998
450 0.7939999999999999
451 0.7979999999999998
452 0.7979999999999998
453 0.7999999999999999
454 0.7999999999999999
455 0.7979999999999999
456 0.7979999999999999
457 0.7959999999999999
458 0.7959999999999999
459 0.7939999999999999
460 0.7899999999999999
461 0.788
462 0.792
463 0.79
464 0.796
465 0.796
466 0.796
467 0.7939999999999999
468 0.7899999999999999
469 0.792
470 0.8019999999999999
471 0.808
472 0.806
473 0.808
474 0.8100000000000002
475 0.812
476 0.8119999999999999
477 0.8099999999999999
478 0.8099999999999999
479 0.8059999999999998
480 0.8059999999999998
481 0.8039999999999999
482 0.8039999999999999
483 0.8039999999999999
484 0.8039999999999999
485 0.8
486 0.8
487 0.8019999999999999
488 0.8019999999999999
489 0.8
490 0.7979999999999999
491 0.8
492 0.8039999999999999
493 0.804
494 0.8100000000000002
495 0.8140000000000001
496 0.8140000000000001
497 0.82
498 0.8219999999999998
499 0.8240000000000001
500 0.8219999999999998
501 0.82
502 0.8140000000000001
503 0.8140000000000001
504 0.8140000000000001
505 0.8100000000000002
506 0.806
507 0.8019999999999999
508 0.8
509 0.796
510 0.7899999999999999
511 0.7919999999999999
512 0.788
513 0.79
514 0.79
515 0.794
516 0.8039999999999999
517 0.8019999999999999
518 0.808
519 0.8119999999999999
520 0.818
521 0.8219999999999998
522 0.8240000000000001
523 0.8240000000000001
524 0.8300000000000001
525 0.8300000000000001
526 0.8300000000000001
527 0.826
528 0.8240000000000001
529 0.8240000000000001
530 0.8200000000000001
531 0.8140000000000001
532 0.808
533 0.806
534 0.8039999999999999
535 0.8
536 0.8
537 0.8
538 0.8
539 0.798
540 0.8019999999999999
541 0.8020000000000002
542 0.7960000000000002
543 0.7980000000000003
544 0.804
545 0.8019999999999999
546 0.8019999999999999
547 0.798
548 0.796
549 0.796
550 0.794
551 0.792
552 0.792
553 0.7920000000000001
554 0.7900000000000001
555 0.7900000000000001
556 0.7860000000000001
557 0.7800000000000001
558 0.7780000000000001
559 0.776
560 0.776
561 0.776
562 0.774
563 0.776
564 0.776
565 0.778
566 0.774
567 0.7819999999999999
568 0.788
569 0.7900000000000001
570 0.796
571 0.796
572 0.796
573 0.7979999999999999
574 0.796
575 0.7919999999999999
576 0.7859999999999999
577 0.7859999999999999
578 0.7859999999999999
579 0.784
580 0.7799999999999999
581 0.7759999999999999
582 0.776
583 0.7739999999999999
584 0.7739999999999999
585 0.7739999999999999
586 0.7739999999999999
587 0.77
588 0.772
589 0.772
590 0.77
591 0.77
592 0.772
593 0.77
594 0.7739999999999999
595 0.78
596 0.78
597 0.78
598 0.78
599 0.782
600 0.7819999999999999
601 0.78
602 0.7779999999999999
603 0.7759999999999999
604 0.7759999999999999
605 0.772
606 0.768
607 0.768
608 0.768
609 0.768
610 0.772
611 0.772
612 0.77
613 0.776
614 0.774
615 0.776
616 0.782
617 0.7860000000000001
618 0.784
619 0.7859999999999999
620 0.7859999999999999
621 0.78
622 0.772
623 0.7679999999999999
624 0.7699999999999999
625 0.7699999999999999
626 0.7699999999999999
627 0.7659999999999999
628 0.7639999999999999
629 0.76
630 0.752
631 0.752
632 0.75
633 0.748
634 0.7459999999999999
635 0.75
636 0.756
637 0.754
638 0.76
639 0.7660000000000001
640 0.78
641 0.786
642 0.792
643 0.79
644 0.7860000000000001
645 0.788
646 0.786
647 0.786
648 0.786
649 0.784
650 0.78
651 0.778
652 0.772
653 0.768
654 0.764
655 0.762
656 0.758
657 0.758
658 0.758
659 0.76
660 0.76
661 0.76
662 0.764
663 0.772
664 0.7780000000000001
665 0.784
666 0.786
667 0.786
668 0.786
669 0.786
670 0.784
671 0.784
672 0.7820000000000001
673 0.778
674 0.776
675 0.774
676 0.768
677 0.766
678 0.766
679 0.766
680 0.764
681 0.7619999999999999
682 0.766
683 0.766
684 0.772
685 0.78
686 0.7860000000000001
687 0.7900000000000001
688 0.7940000000000002
689 0.7980000000000002
690 0.7940000000000002
691 0.796
692 0.8000000000000002
693 0.792
694 0.7899999999999999
695 0.788
696 0.7820000000000001
697 0.776
698 0.774
699 0.766
700 0.7620000000000001
701 0.7580000000000001
702 0.7580000000000001
703 0.752
704 0.75
705 0.744
706 0.744
707 0.7480000000000001
708 0.756
709 0.762
710 0.766
711 0.764
712 0.764
713 0.764
714 0.772
715 0.7699999999999999
716 0.772
717 0.772
718 0.77
719 0.762
720 0.762
721 0.762
722 0.762
723 0.762
724 0.758
725 0.754
726 0.752
727 0.7499999999999999
728 0.7499999999999999
729 0.7499999999999999
730 0.7539999999999999
731 0.754
732 0.7620000000000001
733 0.76
734 0.766
735 0.77
736 0.77
737 0.7779999999999999
738 0.7779999999999999
739 0.78
740 0.7779999999999999
741 0.776
742 0.774
743 0.774
744 0.774
745 0.77
746 0.77
747 0.768
748 0.768
749 0.768
750 0.764
751 0.762
752 0.762
753 0.76
754 0.754
755 0.752
756 0.756
757 0.756
758 0.766
759 0.7699999999999999
760 0.774
761 0.7779999999999999
762 0.7779999999999999
763 0.7779999999999999
764 0.778
765 0.774
766 0.774
767 0.774
768 0.774
769 0.772
770 0.77
771 0.77
772 0.77
773 0.77
774 0.768
775 0.768
776 0.766
777 0.768
778 0.762
779 0.76
780 0.762
781 0.766
782 0.774
783 0.7739999999999999
784 0.78
785 0.788
786 0.788
787 0.796
788 0.796
789 0.796
790 0.7939999999999999
791 0.792
792 0.7939999999999999
793 0.7939999999999999
794 0.7919999999999999
795 0.784
796 0.784
797 0.78
798 0.776
799 0.772
800 0.772
801 0.7699999999999999
802 0.7679999999999999
803 0.7739999999999999
804 0.7740000000000001
805 0.782
806 0.786
807 0.786
808 0.7859999999999999
809 0.7859999999999999
810 0.792
811 0.794
812 0.794
813 0.7939999999999999
814 0.7899999999999999
815 0.7899999999999999
816 0.7899999999999999
817 0.784
818 0.776
819 0.7699999999999999
820 0.7679999999999999
821 0.7679999999999999
822 0.7639999999999999
823 0.7579999999999999
824 0.756
825 0.756
826 0.75
827 0.748
828 0.748
829 0.7580000000000001
830 0.7600000000000001
831 0.7620000000000001
832 0.7660000000000001
833 0.776
834 0.776
835 0.782
836 0.78
837 0.78
838 0.7780000000000001
839 0.7780000000000001
840 0.772
841 0.7700000000000001
842 0.768
843 0.764
844 0.762
845 0.7540000000000001
846 0.7500000000000001
847 0.7500000000000001
848 0.742
849 0.736
850 0.73
851 0.734
852 0.7379999999999999
853 0.742
854 0.7520000000000001
855 0.7500000000000001
856 0.754
857 0.762
858 0.756
859 0.758
860 0.76
861 0.76
862 0.7580000000000001
863 0.7580000000000001
864 0.7560000000000001
865 0.7560000000000001
866 0.7560000000000001
867 0.7560000000000001
868 0.7540000000000001
869 0.7540000000000001
870 0.746
871 0.746
872 0.748
873 0.7500000000000001
874 0.752
875 0.752
876 0.756
877 0.758
878 0.76
879 0.764
880 0.77
881 0.772
882 0.772
883 0.776
884 0.776
885 0.774
886 0.774
887 0.772
888 0.768
889 0.768
890 0.764
891 0.76
892 0.7580000000000001
893 0.756
894 0.7500000000000001
895 0.7460000000000001
896 0.7460000000000001
897 0.742
898 0.742
899 0.7380000000000001
900 0.7420000000000001
901 0.7500000000000001
902 0.7480000000000001
903 0.756
904 0.758
905 0.758
906 0.756
907 0.75
908 0.7500000000000001
909 0.748
910 0.75
911 0.75
912 0.746
913 0.746
914 0.744
915 0.7419999999999999
916 0.74
917 0.738
918 0.732
919 0.732
920 0.73
921 0.728
922 0.728
923 0.7299999999999999
924 0.734
925 0.736
926 0.738
927 0.74
928 0.744
929 0.748
930 0.75
931 0.75
932 0.748
933 0.752
934 0.7479999999999999
935 0.7479999999999999
936 0.742
937 0.742
938 0.74
939 0.738
940 0.736
941 0.732
942 0.732
943 0.736
944 0.736
945 0.734
946 0.736
947 0.736
948 0.7400000000000001
949 0.746
950 0.756
951 0.7679999999999999
952 0.7719999999999999
953 0.7739999999999999
954 0.7779999999999999
955 0.7839999999999999
956 0.78
957 0.776
958 0.774
959 0.776
960 0.776
961 0.776
962 0.772
963 0.7700000000000001
964 0.768
965 0.768
966 0.768
967 0.766
968 0.7579999999999998
969 0.7539999999999999
970 0.7539999999999999
971 0.7559999999999999
972 0.7559999999999999
973 0.762
974 0.7679999999999999
975 0.7759999999999999
976 0.782
977 0.7819999999999999
978 0.7819999999999999
979 0.784
980 0.782
981 0.7819999999999999
982 0.776
983 0.776
984 0.772
985 0.766
986 0.766
987 0.766
988 0.764
989 0.762
990 0.758
991 0.758
992 0.756
993 0.756
994 0.7579999999999999
995 0.756
996 0.758
997 0.768
998 0.7699999999999999
999 0.776
