1 1.0
2 1.0
3 1.0
4 1.0
5 1.0
6 1.0
7 1.0
8 1.0
9 1.0
10 1.0
11 1.0
12 1.0
13 1.0
14 1.0
15 1.0
16 1.0
17 1.0
18 1.0
19 1.0
20 1.0
21 1.0
22 0.998
23 0.998
24 0.998
25 0.998
26 0.9960000000000001
27 0.9940000000000001
28 0.9940000000000001
29 0.9940000000000001
30 0.992
31 0.9899999999999999
32 0.9899999999999999
33 0.9879999999999999
34 0.9879999999999999
35 0.9879999999999999
36 0.9879999999999999
37 0.986
38 0.986
39 0.986
40 0.986
41 0.986
42 0.986
43 0.986
44 0.986
45 0.984
46 0.982
47 0.982
48 0.9800000000000001
49 0.9800000000000001
50 0.9800000000000001
51 0.9800000000000001
52 0.9780000000000001
53 0.9780000000000001
54 0.9780000000000001
55 0.9780000000000001
56 0.976
57 0.976
58 0.976
59 0.974
60 0.974
61 0.974
62 0.974
63 0.974
64 0.9720000000000001
65 0.97
66 0.968
67 0.968
68 0.9639999999999999
69 0.962
70 0.962
71 0.962
72 0.962
73 0.962
74 0.962
75 0.962
76 0.962
77 0.962
78 0.962
79 0.9579999999999999
80 0.9579999999999999
81 0.952
82 0.952
83 0.952
84 0.95
85 0.95
86 0.95
87 0.9480000000000001
88 0.9460000000000001
89 0.9440000000000002
90 0.9440000000000002
91 0.9440000000000002
92 0.9460000000000001
93 0.9460000000000001
94 0.9460000000000001
95 0.9460000000000001
96 0.9460000000000001
97 0.9440000000000002
98 0.9380000000000001
99 0.9380000000000001
100 0.9380000000000001
101 0.9380000000000001
102 0.9380000000000001
103 0.9360000000000002
104 0.9360000000000002
105 0.9339999999999999
106 0.9339999999999999
107 0.9339999999999999
108 0.932
109 0.932
110 0.932
111 0.932
112 0.932
113 0.93
114 0.93
115 0.9280000000000002
116 0.93
117 0.9280000000000002
118 0.9280000000000002
119 0.93
120 0.9279999999999999
121 0.9259999999999999
122 0.9259999999999999
123 0.922
124 0.922
125 0.922
126 0.9200000000000002
127 0.9200000000000002
128 0.9200000000000002
129 0.9180000000000001
130 0.9180000000000001
131 0.914
132 0.914
133 0.914
134 0.9120000000000001
135 0.9100000000000001
136 0.914
137 0.914
138 0.914
139 0.916
140 0.916
141 0.916
142 0.916
143 0.916
144 0.9120000000000001
145 0.9120000000000001
146 0.9120000000000001
147 0.9100000000000001
148 0.9060000000000002
149 0.9040000000000001
150 0.9040000000000001
151 0.9020000000000001
152 0.8960000000000001
153 0.8960000000000001
154 0.898
155 0.9
156 0.9
157 0.9
158 0.9
159 0.9
160 0.898
161 0.8960000000000001
162 0.8960000000000001
163 0.8940000000000001
164 0.8940000000000001
165 0.89
166 0.8880000000000001
167 0.8860000000000001
168 0.8840000000000001
169 0.8840000000000001
170 0.8800000000000001
171 0.8800000000000001
172 0.8800000000000001
173 0.874
174 0.874
175 0.874
176 0.874
177 0.868
178 0.8659999999999999
179 0.8659999999999999
180 0.8659999999999999
181 0.8659999999999999
182 0.8659999999999999
183 0.8639999999999999
184 0.868
185 0.8699999999999999
186 0.8659999999999999
187 0.8659999999999999
188 0.8699999999999999
189 0.868
190 0.866
191 0.8640000000000001
192 0.86
193 0.858
194 0.858
195 0.852
196 0.85
197 0.8480000000000001
198 0.8460000000000001
199 0.8480000000000001
200 0.8480000000000001
201 0.8480000000000001
202 0.85
203 0.8560000000000001
204 0.858
205 0.8619999999999999
206 0.8659999999999999
207 0.8700000000000001
208 0.868
209 0.868
210 0.868
211 0.8699999999999999
212 0.8719999999999999
213 0.8699999999999999
214 0.8699999999999999
215 0.868
216 0.8659999999999999
217 0.8619999999999999
218 0.86
219 0.86
220 0.86
221 0.858
222 0.858
223 0.858
224 0.8559999999999999
225 0.852
226 0.852
227 0.852
228 0.852
229 0.8539999999999999
230 0.8560000000000001
231 0.8539999999999999
232 0.8579999999999999
233 0.8619999999999999
234 0.8619999999999999
235 0.8640000000000001
236 0.866
237 0.8640000000000001
238 0.8640000000000001
239 0.8539999999999999
240 0.852
241 0.85
242 0.85
243 0.8400000000000001
244 0.8380000000000001
245 0.836
246 0.834
247 0.8320000000000001
248 0.8300000000000001
249 0.8300000000000001
250 0.8320000000000001
251 0.834
252 0.834
253 0.834
254 0.8360000000000001
255 0.8380000000000001
256 0.836
257 0.834
258 0.834
259 0.834
260 0.8320000000000001
261 0.8320000000000001
262 0.8280000000000001
263 0.8280000000000001
264 0.826
265 0.826
266 0.826
267 0.8200000000000001
268 0.8200000000000001
269 0.8200000000000001
270 0.818
271 0.818
272 0.818
273 0.8160000000000001
274 0.8119999999999999
275 0.8160000000000001
276 0.818
277 0.82
278 0.8299999999999998
279 0.844
280 0.844
281 0.8460000000000001
282 0.852
283 0.852
284 0.8560000000000001
285 0.8539999999999999
286 0.8539999999999999
287 0.852
288 0.85
289 0.85
290 0.85
291 0.8480000000000001
292 0.8480000000000001
293 0.8460000000000001
294 0.844
295 0.8400000000000001
296 0.8380000000000001
297 0.8380000000000001
298 0.8379999999999999
299 0.8379999999999999
300 0.844
301 0.844
302 0.85
303 0.85
304 0.852
305 0.8540000000000001
306 0.852
307 0.8539999999999999
308 0.858
309 0.858
310 0.858
311 0.8480000000000001
312 0.844
313 0.842
314 0.8400000000000001
315 0.8400000000000001
316 0.8400000000000001
317 0.8340000000000002
318 0.8300000000000001
319 0.8300000000000001
320 0.8280000000000001
321 0.8260000000000002
322 0.8220000000000001
323 0.8240000000000001
324 0.8260000000000002
325 0.8280000000000001
326 0.8260000000000002
327 0.8280000000000001
328 0.834
329 0.834
330 0.836
331 0.8400000000000001
332 0.842
333 0.8380000000000001
334 0.836
335 0.836
336 0.834
337 0.8300000000000001
338 0.8300000000000001
339 0.8240000000000001
340 0.8200000000000001
341 0.818
342 0.818
343 0.818
344 0.818
345 0.82
346 0.82
347 0.8220000000000001
348 0.8220000000000001
349 0.8240000000000001
350 0.8280000000000001
351 0.8280000000000001
352 0.826
353 0.826
354 0.8300000000000001
355 0.8320000000000001
356 0.8300000000000001
357 0.8300000000000001
358 0.8320000000000001
359 0.8280000000000001
360 0.8300000000000001
361 0.826
362 0.826
363 0.8240000000000001
364 0.82
365 0.8139999999999998
366 0.8119999999999999
367 0.8119999999999999
368 0.808
369 0.808
370 0.808
371 0.812
372 0.812
373 0.8139999999999998
374 0.8099999999999999
375 0.8119999999999999
376 0.8099999999999999
377 0.8079999999999998
378 0.8079999999999998
379 0.8079999999999998
380 0.808
381 0.806
382 0.804
383 0.8019999999999999
384 0.798
385 0.796
386 0.796
387 0.7939999999999999
388 0.792
389 0.79
390 0.79
391 0.7859999999999999
392 0.782
393 0.78
394 0.7820000000000001
395 0.7820000000000001
396 0.778
397 0.78
398 0.7859999999999999
399 0.794
400 0.798
401 0.804
402 0.8080000000000002
403 0.8140000000000001
404 0.812
405 0.8140000000000001
406 0.8160000000000001
407 0.8119999999999999
408 0.8119999999999999
409 0.8099999999999999
410 0.806
411 0.8019999999999999
412 0.798
413 0.796
414 0.796
415 0.796
416 0.7940000000000002
417 0.792
418 0.7939999999999999
419 0.7939999999999999
420 0.798
421 0.798
422 0.8039999999999999
423 0.808
424 0.8099999999999999
425 0.8139999999999998
426 0.8139999999999998
427 0.8139999999999998
428 0.8159999999999998
429 0.8139999999999998
430 0.8119999999999999
431 0.8119999999999999
432 0.8099999999999999
433 0.808
434 0.806
435 0.8
436 0.8
437 0.8
438 0.7979999999999999
439 0.792
440 0.792
441 0.7899999999999999
442 0.784
443 0.782
444 0.784
445 0.784
446 0.7859999999999999
447 0.7879999999999999
448 0.7879999999999999
449 0.7859999999999999
450 0.8
451 0.8
452 0.8019999999999999
453 0.8
454 0.8
455 0.7979999999999998
456 0.7959999999999999
457 0.7939999999999999
458 0.7939999999999999
459 0.792
460 0.792
461 0.792
462 0.796
463 0.794
464 0.792
465 0.792
466 0.792
467 0.798
468 0.8019999999999999
469 0.8
470 0.8019999999999999
471 0.8039999999999999
472 0.808
473 0.8099999999999999
474 0.8099999999999999
475 0.8119999999999999
476 0.8140000000000001
477 0.812
478 0.8099999999999999
479 0.8019999999999999
480 0.8
481 0.7980000000000002
482 0.796
483 0.7939999999999999
484 0.79
485 0.7859999999999999
486 0.784
487 0.784
488 0.7779999999999999
489 0.78
490 0.774
491 0.778
492 0.784
493 0.786
494 0.788
495 0.7959999999999999
496 0.7979999999999999
497 0.8
498 0.804
499 0.8099999999999999
500 0.812
501 0.8099999999999999
502 0.808
503 0.808
504 0.804
505 0.8
506 0.798
507 0.798
508 0.796
509 0.796
510 0.796
511 0.796
512 0.796
513 0.796
514 0.7879999999999999
515 0.788
516 0.7879999999999999
517 0.7939999999999999
518 0.798
519 0.8019999999999999
520 0.804
521 0.8019999999999999
522 0.8039999999999999
523 0.8059999999999998
524 0.8059999999999998
525 0.808
526 0.7979999999999998
527 0.7979999999999998
528 0.7959999999999999
529 0.7899999999999998
530 0.7899999999999998
531 0.7879999999999999
532 0.7859999999999998
533 0.7839999999999999
534 0.7819999999999999
535 0.7779999999999999
536 0.776
537 0.776
538 0.776
539 0.776
540 0.776
541 0.78
542 0.788
543 0.792
544 0.796
545 0.804
546 0.8
547 0.7980000000000002
548 0.796
549 0.796
550 0.796
551 0.792
552 0.79
553 0.788
554 0.788
555 0.786
556 0.784
557 0.784
558 0.78
559 0.7779999999999999
560 0.776
561 0.776
562 0.772
563 0.774
564 0.778
565 0.782
566 0.784
567 0.784
568 0.786
569 0.79
570 0.794
571 0.7939999999999999
572 0.792
573 0.7939999999999999
574 0.792
575 0.79
576 0.784
577 0.7779999999999999
578 0.776
579 0.776
580 0.7739999999999999
581 0.7739999999999999
582 0.768
583 0.764
584 0.764
585 0.7619999999999999
586 0.7619999999999999
587 0.758
588 0.7619999999999999
589 0.7619999999999999
590 0.7659999999999999
591 0.77
592 0.778
593 0.7820000000000001
594 0.782
595 0.784
596 0.784
597 0.78
598 0.778
599 0.778
600 0.778
601 0.776
602 0.776
603 0.7739999999999998
604 0.7699999999999998
605 0.7679999999999999
606 0.762
607 0.762
608 0.764
609 0.76
610 0.76
611 0.76
612 0.7619999999999999
613 0.768
614 0.7739999999999999
615 0.776
616 0.774
617 0.776
618 0.7719999999999999
619 0.7739999999999999
620 0.7779999999999999
621 0.772
622 0.7699999999999999
623 0.7699999999999999
624 0.7699999999999999
625 0.7699999999999999
626 0.7699999999999999
627 0.768
628 0.764
629 0.764
630 0.764
631 0.7619999999999999
632 0.76
633 0.76
634 0.7619999999999999
635 0.7639999999999999
636 0.7659999999999998
637 0.7639999999999999
638 0.766
639 0.764
640 0.7659999999999999
641 0.776
642 0.784
643 0.788
644 0.7859999999999999
645 0.7859999999999999
646 0.7839999999999999
647 0.78
648 0.78
649 0.774
650 0.774
651 0.7699999999999999
652 0.7699999999999999
653 0.766
654 0.764
655 0.754
656 0.752
657 0.752
658 0.748
659 0.748
660 0.7539999999999999
661 0.7579999999999999
662 0.764
663 0.768
664 0.7739999999999999
665 0.772
666 0.7759999999999999
667 0.7779999999999998
668 0.7799999999999999
669 0.7759999999999999
670 0.7759999999999999
671 0.7759999999999999
672 0.772
673 0.77
674 0.77
675 0.768
676 0.768
677 0.766
678 0.764
679 0.764
680 0.764
681 0.7639999999999999
682 0.764
683 0.766
684 0.7699999999999999
685 0.7739999999999999
686 0.772
687 0.774
688 0.776
689 0.78
690 0.7819999999999998
691 0.7859999999999999
692 0.79
693 0.792
694 0.7939999999999999
695 0.7939999999999999
696 0.7939999999999999
697 0.7939999999999999
698 0.792
699 0.792
700 0.792
701 0.788
702 0.7820000000000001
703 0.7800000000000001
704 0.78
705 0.78
706 0.7820000000000001
707 0.784
708 0.784
709 0.7879999999999999
710 0.7959999999999999
711 0.798
712 0.7979999999999998
713 0.8019999999999999
714 0.8019999999999999
715 0.808
716 0.8059999999999998
717 0.8019999999999998
718 0.7979999999999999
719 0.7899999999999999
720 0.7879999999999999
721 0.7839999999999999
722 0.7839999999999999
723 0.7819999999999999
724 0.7819999999999999
725 0.7819999999999999
726 0.778
727 0.776
728 0.774
729 0.772
730 0.7719999999999999
731 0.7719999999999999
732 0.772
733 0.774
734 0.776
735 0.78
736 0.784
737 0.7859999999999999
738 0.786
739 0.786
740 0.7839999999999999
741 0.7819999999999999
742 0.7839999999999999
743 0.7799999999999999
744 0.7779999999999999
745 0.776
746 0.774
747 0.772
748 0.768
749 0.7599999999999999
750 0.7599999999999999
751 0.7599999999999999
752 0.7599999999999999
753 0.7599999999999999
754 0.7599999999999999
755 0.76
756 0.76
757 0.764
758 0.762
759 0.766
760 0.764
761 0.772
762 0.772
763 0.7779999999999999
764 0.78
765 0.78
766 0.7780000000000001
767 0.7780000000000001
768 0.78
769 0.776
770 0.7699999999999999
771 0.7699999999999999
772 0.7659999999999999
773 0.762
774 0.762
775 0.758
776 0.756
777 0.7539999999999999
778 0.7579999999999999
779 0.7579999999999999
780 0.7599999999999999
781 0.7619999999999998
782 0.7659999999999998
783 0.7699999999999999
784 0.772
785 0.78
786 0.7859999999999999
787 0.784
788 0.78
789 0.78
790 0.7820000000000001
791 0.7820000000000001
792 0.7820000000000001
793 0.78
794 0.7739999999999999
795 0.7739999999999999
796 0.7699999999999999
797 0.764
798 0.762
799 0.756
800 0.756
801 0.752
802 0.746
803 0.748
804 0.7479999999999999
805 0.7499999999999999
806 0.756
807 0.76
808 0.764
809 0.7659999999999999
810 0.7659999999999999
811 0.7739999999999999
812 0.7699999999999999
813 0.766
814 0.762
815 0.76
816 0.76
817 0.7539999999999999
818 0.7539999999999999
819 0.7459999999999999
820 0.74
821 0.736
822 0.7299999999999999
823 0.7299999999999999
824 0.7299999999999999
825 0.7239999999999999
826 0.7239999999999999
827 0.72
828 0.718
829 0.724
830 0.732
831 0.736
832 0.7339999999999999
833 0.734
834 0.7439999999999999
835 0.746
836 0.748
837 0.746
838 0.7459999999999999
839 0.744
840 0.7419999999999999
841 0.74
842 0.74
843 0.738
844 0.7299999999999999
845 0.728
846 0.724
847 0.722
848 0.7179999999999999
849 0.7199999999999999
850 0.7199999999999999
851 0.724
852 0.7279999999999999
853 0.734
854 0.74
855 0.74
856 0.742
857 0.748
858 0.756
859 0.756
860 0.756
861 0.752
862 0.7499999999999999
863 0.7499999999999999
864 0.748
865 0.744
866 0.74
867 0.7339999999999999
868 0.732
869 0.732
870 0.73
871 0.728
872 0.726
873 0.724
874 0.7260000000000001
875 0.728
876 0.734
877 0.742
878 0.7399999999999999
879 0.744
880 0.7479999999999999
881 0.7499999999999999
882 0.7539999999999999
883 0.756
884 0.756
885 0.758
886 0.756
887 0.752
888 0.748
889 0.748
890 0.748
891 0.7419999999999998
892 0.736
893 0.734
894 0.732
895 0.732
896 0.732
897 0.7300000000000001
898 0.728
899 0.728
900 0.73
901 0.736
902 0.742
903 0.742
904 0.75
905 0.752
906 0.7579999999999999
907 0.7579999999999998
908 0.7559999999999999
909 0.7539999999999999
910 0.7539999999999999
911 0.7540000000000001
912 0.7499999999999999
913 0.7459999999999999
914 0.7459999999999999
915 0.744
916 0.74
917 0.738
918 0.738
919 0.732
920 0.73
921 0.724
922 0.718
923 0.722
924 0.724
925 0.728
926 0.726
927 0.7339999999999999
928 0.736
929 0.744
930 0.744
931 0.744
932 0.744
933 0.7419999999999999
934 0.744
935 0.742
936 0.736
937 0.736
938 0.736
939 0.736
940 0.732
941 0.7299999999999999
942 0.7299999999999999
943 0.728
944 0.728
945 0.726
946 0.728
947 0.7359999999999999
948 0.742
949 0.748
950 0.758
951 0.7600000000000001
952 0.7620000000000001
953 0.764
954 0.764
955 0.768
956 0.768
957 0.768
958 0.768
959 0.768
960 0.766
961 0.764
962 0.76
963 0.758
964 0.756
965 0.7540000000000001
966 0.748
967 0.7460000000000001
968 0.7420000000000001
969 0.7380000000000001
970 0.74
971 0.744
972 0.7460000000000001
973 0.752
974 0.7459999999999999
975 0.752
976 0.758
977 0.7599999999999999
978 0.76
979 0.762
980 0.762
981 0.758
982 0.76
983 0.756
984 0.752
985 0.752
986 0.75
987 0.7460000000000001
988 0.744
989 0.738
990 0.736
991 0.732
992 0.73
993 0.726
994 0.724
995 0.724
996 0.724
997 0.732
998 0.732
999 0.73
