1 1.0
2 1.0
3 1.0
4 1.0
5 0.9995999999999999
6 0.9995999999999999
7 0.9995999999999999
8 0.9995999999999999
9 0.9995999999999999
10 0.9983999999999998
11 0.998
12 0.9975999999999999
13 0.9964
14 0.9951999999999999
15 0.9951999999999999
16 0.9947999999999999
17 0.9935999999999998
18 0.9932
19 0.9932
20 0.9927999999999999
21 0.9907999999999997
22 0.9895999999999997
23 0.9891999999999996
24 0.9891999999999996
25 0.9883999999999996
26 0.9875999999999996
27 0.9871999999999995
28 0.9863999999999996
29 0.9855999999999996
30 0.9839999999999998
31 0.9827999999999997
32 0.9823999999999998
33 0.9819999999999999
34 0.9815999999999998
35 0.9803999999999998
36 0.9787999999999997
37 0.9779999999999996
38 0.9775999999999998
39 0.9775999999999998
40 0.9763999999999997
41 0.9755999999999996
42 0.9743999999999996
43 0.9739999999999996
44 0.9735999999999997
45 0.9723999999999998
46 0.9703999999999999
47 0.9699999999999999
48 0.9688
49 0.9672
50 0.9664
51 0.9656
52 0.9652
53 0.9636
54 0.9616
55 0.9604
56 0.9580000000000001
57 0.9556000000000001
58 0.9548000000000001
59 0.9544
60 0.9524000000000001
61 0.9516
62 0.9504
63 0.9492
64 0.948
65 0.9472
66 0.9456
67 0.9444
68 0.9432
69 0.9420000000000001
70 0.9404
71 0.9375999999999999
72 0.9364
73 0.9348000000000001
74 0.9336000000000001
75 0.9328000000000002
76 0.932
77 0.9300000000000003
78 0.9292000000000001
79 0.9268000000000002
80 0.9260000000000003
81 0.9248000000000003
82 0.9240000000000004
83 0.9224000000000002
84 0.9224000000000002
85 0.9220000000000002
86 0.9216000000000002
87 0.9220000000000002
88 0.9200000000000002
89 0.9204000000000002
90 0.9192000000000001
91 0.9168000000000001
92 0.916
93 0.9152000000000001
94 0.9124000000000001
95 0.9107999999999999
96 0.91
97 0.9076000000000001
98 0.9072
99 0.9052
100 0.9027999999999998
101 0.9012
102 0.8996
103 0.8980000000000001
104 0.8960000000000001
105 0.8944000000000001
106 0.8944000000000001
107 0.8932000000000001
108 0.892
109 0.892
110 0.8916
111 0.8924
112 0.8939999999999999
113 0.8928
114 0.8932000000000001
115 0.894
116 0.8936
117 0.8927999999999998
118 0.8923999999999999
119 0.8903999999999997
120 0.8887999999999998
121 0.8879999999999998
122 0.8859999999999998
123 0.8839999999999998
124 0.8815999999999999
125 0.8788000000000001
126 0.8780000000000001
127 0.8776
128 0.8772
129 0.8744000000000003
130 0.8744000000000003
131 0.8728000000000005
132 0.8736000000000004
133 0.8748000000000004
134 0.8756000000000003
135 0.8764
136 0.8756
137 0.8752
138 0.8756
139 0.8752000000000001
140 0.8748
141 0.8752
142 0.8732
143 0.8727999999999999
144 0.8716000000000002
145 0.8692000000000002
146 0.8664000000000002
147 0.8652000000000002
148 0.8644000000000003
149 0.8632000000000002
150 0.8620000000000002
151 0.8608000000000002
152 0.8596000000000003
153 0.8576000000000004
154 0.8576000000000004
155 0.8568000000000002
156 0.8544000000000003
157 0.8556000000000001
158 0.8564000000000003
159 0.8596
160 0.8603999999999999
161 0.86
162 0.8616000000000003
163 0.8616000000000003
164 0.8620000000000002
165 0.8612000000000002
166 0.8596
167 0.8588
168 0.8575999999999999
169 0.8548
170 0.8532000000000001
171 0.8496000000000001
172 0.8484000000000002
173 0.8452000000000003
174 0.8436000000000001
175 0.8420000000000002
176 0.8412000000000001
177 0.8388
178 0.8364000000000001
179 0.8356
180 0.8363999999999998
181 0.8392000000000001
182 0.84
183 0.8432
184 0.8467999999999999
185 0.8512
186 0.8523999999999999
187 0.8528
188 0.8504
189 0.8492000000000001
190 0.8468000000000001
191 0.8460000000000002
192 0.8440000000000002
193 0.8424000000000003
194 0.8424000000000003
195 0.8404000000000004
196 0.8364000000000003
197 0.8344000000000001
198 0.8324000000000001
199 0.8296000000000002
200 0.8284000000000001
201 0.8276000000000003
202 0.8232000000000003
203 0.8236000000000003
204 0.8260000000000002
205 0.8288000000000002
206 0.8292
207 0.8328000000000002
208 0.8320000000000002
209 0.8336000000000002
210 0.8371999999999999
211 0.8368000000000001
212 0.8363999999999998
213 0.8347999999999999
214 0.8311999999999999
215 0.8299999999999998
216 0.8283999999999999
217 0.8279999999999998
218 0.8271999999999998
219 0.8243999999999998
220 0.8223999999999999
221 0.8203999999999999
222 0.8183999999999999
223 0.8164000000000001
224 0.8136000000000001
225 0.8108000000000001
226 0.81
227 0.8103999999999999
228 0.81
229 0.8128000000000002
230 0.8168000000000002
231 0.8176000000000002
232 0.8196000000000002
233 0.8208000000000003
234 0.8244000000000001
235 0.8260000000000002
236 0.8272000000000002
237 0.8268000000000001
238 0.8248000000000001
239 0.8224000000000001
240 0.8208000000000001
241 0.8192000000000002
242 0.8172
243 0.8144000000000001
244 0.8088
245 0.8059999999999999
246 0.8028
247 0.8003999999999999
248 0.7996
249 0.7983999999999999
250 0.7979999999999999
251 0.7988000000000001
252 0.7984
253 0.8016
254 0.8044
255 0.8084
256 0.8124000000000002
257 0.8132
258 0.8151999999999999
259 0.8136
260 0.8123999999999999
261 0.81
262 0.8084000000000002
263 0.806
264 0.804
265 0.8016
266 0.7984
267 0.796
268 0.7932000000000001
269 0.7912
270 0.7900000000000001
271 0.7876000000000002
272 0.7839999999999999
273 0.7831999999999999
274 0.7831999999999998
275 0.7847999999999999
276 0.7856000000000001
277 0.7892000000000001
278 0.7936
279 0.7979999999999999
280 0.8000000000000002
281 0.804
282 0.8036000000000001
283 0.8044
284 0.8059999999999999
285 0.8039999999999999
286 0.8024000000000001
287 0.8008000000000002
288 0.7988
289 0.7976000000000001
290 0.7956
291 0.7932000000000001
292 0.7904000000000001
293 0.7880000000000001
294 0.7864
295 0.7859999999999999
296 0.784
297 0.7804000000000002
298 0.7800000000000002
299 0.7804000000000003
300 0.7828000000000004
301 0.7876000000000001
302 0.7904000000000002
303 0.7948000000000001
304 0.7988000000000001
305 0.7996000000000001
306 0.7996000000000001
307 0.8004000000000001
308 0.8008000000000002
309 0.8008000000000002
310 0.7992000000000001
311 0.7976000000000001
312 0.7964000000000001
313 0.7952000000000001
314 0.7928000000000002
315 0.7908000000000002
316 0.7896000000000001
317 0.7880000000000001
318 0.7868000000000002
319 0.7852000000000001
320 0.7824
321 0.7811999999999999
322 0.7816
323 0.7804000000000001
324 0.7836
325 0.7863999999999999
326 0.7887999999999998
327 0.7928000000000002
328 0.8008000000000003
329 0.8016000000000001
330 0.8044000000000001
331 0.8064000000000001
332 0.8056
333 0.8051999999999999
334 0.8032
335 0.8016
336 0.8
337 0.7968000000000001
338 0.7952000000000001
339 0.7920000000000001
340 0.7892000000000001
341 0.7856000000000002
342 0.7832000000000001
343 0.7800000000000001
344 0.7776000000000002
345 0.7744000000000003
346 0.7732000000000003
347 0.7756000000000002
348 0.7776000000000002
349 0.7812000000000002
350 0.7824000000000001
351 0.7836
352 0.7848
353 0.79
354 0.7924000000000001
355 0.7948000000000001
356 0.7968
357 0.7951999999999999
358 0.7943999999999999
359 0.7907999999999998
360 0.7879999999999998
361 0.7852000000000001
362 0.7836000000000002
363 0.7784000000000002
364 0.7748
365 0.7732000000000001
366 0.772
367 0.7679999999999998
368 0.7663999999999999
369 0.7639999999999998
370 0.7644
371 0.7659999999999999
372 0.7676
373 0.7724
374 0.7792
375 0.7828
376 0.7856000000000002
377 0.7876000000000002
378 0.7880000000000001
379 0.7880000000000001
380 0.7876000000000001
381 0.786
382 0.7852
383 0.7832000000000001
384 0.7812
385 0.7780000000000001
386 0.7748000000000002
387 0.7732000000000002
388 0.7700000000000001
389 0.7688000000000003
390 0.7656000000000001
391 0.7648000000000001
392 0.7640000000000002
393 0.7628000000000003
394 0.7636000000000002
395 0.7628
396 0.7644000000000001
397 0.7656000000000002
398 0.7684000000000002
399 0.7732000000000002
400 0.7744000000000001
401 0.7788000000000003
402 0.7812000000000002
403 0.7828000000000002
404 0.784
405 0.7804000000000002
406 0.7804000000000001
407 0.7792000000000001
408 0.7776000000000002
409 0.7752000000000002
410 0.7724000000000002
411 0.7708000000000003
412 0.7672000000000003
413 0.7652000000000002
414 0.7616000000000003
415 0.7596000000000003
416 0.7600000000000001
417 0.7592000000000002
418 0.7588000000000003
419 0.7600000000000002
420 0.7644000000000001
421 0.7680000000000002
422 0.7720000000000004
423 0.7744000000000003
424 0.7776000000000003
425 0.7796000000000004
426 0.7812000000000004
427 0.7836000000000004
428 0.7844000000000002
429 0.784
430 0.7840000000000004
431 0.7828000000000002
432 0.7816000000000001
433 0.7784000000000002
434 0.7748000000000002
435 0.7724000000000001
436 0.7696000000000001
437 0.7644000000000001
438 0.7620000000000001
439 0.7604000000000002
440 0.7588000000000003
441 0.7556000000000003
442 0.7564
443 0.758
444 0.7624000000000001
445 0.7652000000000001
446 0.7684000000000002
447 0.772
448 0.7747999999999999
449 0.778
450 0.7799999999999997
451 0.7799999999999998
452 0.7803999999999999
453 0.7796
454 0.7771999999999999
455 0.7759999999999999
456 0.7731999999999998
457 0.7687999999999998
458 0.7643999999999999
459 0.7615999999999998
460 0.7595999999999999
461 0.7563999999999999
462 0.7563999999999999
463 0.7539999999999998
464 0.7532
465 0.7519999999999999
466 0.7528
467 0.7544
468 0.7563999999999999
469 0.7587999999999999
470 0.7648
471 0.7704000000000002
472 0.7712
473 0.7752
474 0.7767999999999998
475 0.7776000000000001
476 0.7763999999999999
477 0.7739999999999999
478 0.7731999999999999
479 0.7711999999999999
480 0.7684000000000001
481 0.7652
482 0.762
483 0.7612000000000001
484 0.7568
485 0.7520000000000002
486 0.7508000000000001
487 0.7484000000000001
488 0.7476
489 0.7456000000000002
490 0.7456000000000002
491 0.7468000000000002
492 0.7468
493 0.7491999999999999
494 0.7515999999999999
495 0.7528
496 0.7560000000000001
497 0.7588000000000001
498 0.7604000000000001
499 0.7608000000000001
500 0.7636000000000002
501 0.7631999999999999
502 0.7636000000000002
503 0.7616000000000003
504 0.7592000000000002
505 0.7568
506 0.7544000000000001
507 0.7520000000000002
508 0.7508000000000001
509 0.7492
510 0.7480000000000001
511 0.7460000000000001
512 0.7460000000000002
513 0.7440000000000001
514 0.7448000000000001
515 0.7468
516 0.7492
517 0.7539999999999999
518 0.758
519 0.7659999999999998
520 0.7703999999999998
521 0.7747999999999999
522 0.7803999999999999
523 0.7807999999999999
524 0.7804000000000001
525 0.7784000000000002
526 0.7768000000000002
527 0.7732000000000002
528 0.7716000000000003
529 0.7692000000000001
530 0.7636000000000002
531 0.7612000000000001
532 0.7600000000000001
533 0.7592000000000002
534 0.7559999999999999
535 0.7519999999999999
536 0.75
537 0.7468
538 0.7464
539 0.748
540 0.7527999999999999
541 0.7527999999999999
542 0.7552
543 0.758
544 0.7596
545 0.7644000000000001
546 0.7660000000000001
547 0.7668
548 0.7652000000000001
549 0.7636000000000002
550 0.7604000000000001
551 0.7564000000000002
552 0.7548000000000004
553 0.7532000000000002
554 0.7504000000000002
555 0.7480000000000001
556 0.7452
557 0.7412000000000003
558 0.7388000000000002
559 0.7368000000000003
560 0.7360000000000003
561 0.7364000000000003
562 0.7360000000000002
563 0.7364000000000003
564 0.7380000000000002
565 0.7400000000000003
566 0.7420000000000002
567 0.7448
568 0.7496000000000004
569 0.7536000000000003
570 0.7580000000000001
571 0.7576
572 0.7591999999999999
573 0.758
574 0.7564
575 0.7527999999999999
576 0.7519999999999999
577 0.7499999999999999
578 0.7479999999999998
579 0.7447999999999999
580 0.7432
581 0.74
582 0.738
583 0.7364
584 0.7315999999999999
585 0.7303999999999999
586 0.7295999999999999
587 0.7328
588 0.7343999999999999
589 0.7375999999999999
590 0.74
591 0.7444000000000003
592 0.7472000000000001
593 0.7512000000000002
594 0.7552000000000002
595 0.7576000000000002
596 0.7559999999999999
597 0.7548
598 0.7556000000000002
599 0.7524000000000001
600 0.7515999999999999
601 0.7483999999999998
602 0.7463999999999998
603 0.7444
604 0.7411999999999999
605 0.7384
606 0.7356
607 0.7348
608 0.7332000000000001
609 0.7336000000000001
610 0.7312000000000002
611 0.7323999999999999
612 0.7352
613 0.7384000000000001
614 0.7408
615 0.7443999999999998
616 0.7463999999999998
617 0.7503999999999997
618 0.7527999999999997
619 0.7523999999999998
620 0.7519999999999999
621 0.7516000000000002
622 0.7480000000000001
623 0.7472000000000001
624 0.7444
625 0.7424
626 0.7404000000000001
627 0.7368000000000001
628 0.7328
629 0.73
630 0.7288
631 0.7248
632 0.7243999999999999
633 0.7243999999999998
634 0.7235999999999998
635 0.7247999999999998
636 0.7295999999999997
637 0.7351999999999999
638 0.7408
639 0.7448000000000004
640 0.7536000000000003
641 0.7564000000000002
642 0.7612000000000002
643 0.7616000000000004
644 0.7588000000000001
645 0.7592000000000002
646 0.7580000000000001
647 0.7564
648 0.7527999999999999
649 0.7491999999999999
650 0.7463999999999998
651 0.7435999999999998
652 0.7395999999999998
653 0.7359999999999998
654 0.7331999999999996
655 0.7315999999999997
656 0.7291999999999997
657 0.7267999999999998
658 0.7275999999999999
659 0.7307999999999999
660 0.7328
661 0.7368000000000001
662 0.7388000000000001
663 0.7448
664 0.7472000000000003
665 0.7488000000000002
666 0.7504000000000002
667 0.7516000000000002
668 0.7528000000000001
669 0.7528000000000001
670 0.7496
671 0.7468
672 0.7444000000000003
673 0.7412000000000003
674 0.7384000000000002
675 0.7348000000000002
676 0.7316000000000001
677 0.7284
678 0.7272
679 0.7280000000000001
680 0.7260000000000002
681 0.7243999999999999
682 0.7236
683 0.7240000000000001
684 0.7264
685 0.7344000000000002
686 0.7387999999999998
687 0.7432
688 0.7459999999999998
689 0.7472
690 0.7495999999999999
691 0.7519999999999999
692 0.7508000000000001
693 0.7504000000000001
694 0.7500000000000001
695 0.7484000000000001
696 0.7456
697 0.7399999999999999
698 0.7367999999999999
699 0.7332
700 0.7303999999999999
701 0.7291999999999998
702 0.7255999999999999
703 0.7247999999999998
704 0.7215999999999998
705 0.7195999999999998
706 0.7191999999999997
707 0.7203999999999998
708 0.7240000000000001
709 0.7268000000000001
710 0.7292000000000001
711 0.7343999999999999
712 0.7387999999999999
713 0.7423999999999998
714 0.7451999999999999
715 0.7471999999999999
716 0.7487999999999999
717 0.7487999999999999
718 0.7471999999999999
719 0.7471999999999999
720 0.7447999999999999
721 0.7411999999999999
722 0.7395999999999999
723 0.7360000000000001
724 0.7340000000000002
725 0.7304000000000002
726 0.7272000000000002
727 0.7239999999999999
728 0.7216
729 0.7216
730 0.7207999999999999
731 0.7212000000000001
732 0.7228
733 0.7288
734 0.7344000000000002
735 0.7360000000000001
736 0.7392
737 0.7444000000000002
738 0.75
739 0.7531999999999998
740 0.7503999999999997
741 0.7507999999999998
742 0.7467999999999998
743 0.7455999999999999
744 0.7443999999999998
745 0.7415999999999999
746 0.7395999999999999
747 0.7336
748 0.7308
749 0.7284000000000002
750 0.7280000000000002
751 0.7252000000000003
752 0.7244000000000003
753 0.7228
754 0.722
755 0.7227999999999999
756 0.7263999999999998
757 0.7288000000000001
758 0.7332
759 0.7352
760 0.7392
761 0.7444
762 0.7476
763 0.7496
764 0.7508
765 0.7508
766 0.7487999999999999
767 0.7452
768 0.7432
769 0.7424
770 0.736
771 0.7323999999999999
772 0.7292000000000001
773 0.7264
774 0.7236
775 0.7224
776 0.722
777 0.72
778 0.7199999999999999
779 0.7207999999999999
780 0.7223999999999998
781 0.7259999999999998
782 0.7307999999999999
783 0.7339999999999999
784 0.7343999999999998
785 0.7355999999999999
786 0.7384
787 0.7408
788 0.74
789 0.7375999999999999
790 0.7367999999999999
791 0.7355999999999999
792 0.7315999999999999
793 0.7288
794 0.726
795 0.7227999999999999
796 0.7207999999999999
797 0.7171999999999998
798 0.7147999999999999
799 0.7123999999999999
800 0.7088
801 0.7071999999999999
802 0.7068000000000001
803 0.7056
804 0.708
805 0.7120000000000001
806 0.7163999999999997
807 0.7207999999999999
808 0.7255999999999996
809 0.7291999999999998
810 0.7319999999999999
811 0.736
812 0.7384
813 0.7372
814 0.7348000000000002
815 0.7332000000000001
816 0.7303999999999999
817 0.7252
818 0.7220000000000002
819 0.7188000000000002
820 0.7143999999999999
821 0.708
822 0.7047999999999999
823 0.7007999999999999
824 0.6987999999999999
825 0.6983999999999999
826 0.6956
827 0.6976
828 0.7004
829 0.7064
830 0.7128
831 0.7152
832 0.7183999999999997
833 0.7219999999999999
834 0.7223999999999998
835 0.726
836 0.7272
837 0.7252
838 0.7239999999999999
839 0.7212
840 0.7195999999999999
841 0.7156
842 0.7116
843 0.7108
844 0.7088
845 0.7075999999999999
846 0.7036
847 0.7008
848 0.6976
849 0.6948000000000001
850 0.694
851 0.6916
852 0.6927999999999999
853 0.696
854 0.6975999999999999
855 0.7023999999999998
856 0.7103999999999998
857 0.7127999999999998
858 0.7159999999999997
859 0.7184
860 0.7204
861 0.7184000000000001
862 0.7172000000000002
863 0.7156
864 0.7143999999999999
865 0.7108000000000001
866 0.7092
867 0.7076
868 0.7068000000000001
869 0.7020000000000001
870 0.698
871 0.6956
872 0.6956
873 0.6932
874 0.6944
875 0.6968000000000001
876 0.7012
877 0.7056000000000001
878 0.7088
879 0.71
880 0.7144000000000001
881 0.7200000000000002
882 0.7220000000000003
883 0.7264
884 0.7268000000000002
885 0.7260000000000001
886 0.7248
887 0.7223999999999999
888 0.7195999999999998
889 0.7175999999999999
890 0.7159999999999997
891 0.7123999999999998
892 0.706
893 0.7032
894 0.7024000000000001
895 0.6996000000000001
896 0.6976
897 0.6944000000000001
898 0.6911999999999999
899 0.6919999999999998
900 0.6976
901 0.7016000000000001
902 0.7072000000000002
903 0.7104000000000004
904 0.7120000000000002
905 0.7192000000000002
906 0.7204000000000004
907 0.7228000000000003
908 0.7260000000000001
909 0.7248
910 0.7236000000000001
911 0.7216000000000001
912 0.7204
913 0.7168000000000001
914 0.7124000000000003
915 0.7108000000000003
916 0.7064000000000002
917 0.7032000000000004
918 0.7024000000000002
919 0.7016000000000002
920 0.7004
921 0.6964
922 0.6979999999999998
923 0.7016
924 0.706
925 0.7116000000000001
926 0.7184
927 0.7255999999999999
928 0.7307999999999999
929 0.7372
930 0.7412000000000001
931 0.7432000000000001
932 0.7440000000000003
933 0.7420000000000003
934 0.7396000000000003
935 0.7356000000000001
936 0.7348000000000002
937 0.732
938 0.73
939 0.7275999999999999
940 0.7252
941 0.7223999999999998
942 0.7191999999999998
943 0.7188
944 0.716
945 0.7128
946 0.7128
947 0.714
948 0.7156
949 0.7208
950 0.728
951 0.7311999999999997
952 0.7339999999999999
953 0.7384
954 0.7368000000000001
955 0.7392
956 0.7404000000000001
957 0.7387999999999999
958 0.7376
959 0.7336000000000001
960 0.7332000000000001
961 0.7300000000000001
962 0.7268000000000001
963 0.7240000000000002
964 0.722
965 0.7168000000000001
966 0.7152000000000001
967 0.7124000000000003
968 0.7116000000000001
969 0.7088
970 0.7067999999999999
971 0.7103999999999999
972 0.7132000000000001
973 0.7188
974 0.7232000000000001
975 0.7292000000000002
976 0.7336000000000001
977 0.7388000000000001
978 0.7436000000000001
979 0.7436000000000001
980 0.7440000000000001
981 0.7416000000000001
982 0.7416000000000001
983 0.7404000000000001
984 0.7368000000000001
985 0.7344000000000002
986 0.7308000000000001
987 0.7304000000000002
988 0.7284000000000002
989 0.7232000000000001
990 0.7212
991 0.7175999999999999
992 0.7155999999999999
993 0.7132
994 0.7108
995 0.7132000000000001
996 0.7135999999999999
997 0.716
998 0.7183999999999999
999 0.7199999999999999
1000 0.7252
1001 0.73
1002 0.7304
1003 0.7312000000000001
1004 0.7315999999999999
1005 0.7328000000000003
1006 0.7336000000000001
1007 0.7308
1008 0.7284
1009 0.7264
1010 0.7227999999999999
1011 0.7195999999999999
1012 0.7156
1013 0.7140000000000001
1014 0.7116000000000001
1015 0.7100000000000002
1016 0.7096000000000001
1017 0.7088000000000001
1018 0.7076
1019 0.7100000000000002
1020 0.7119999999999999
1021 0.7171999999999998
1022 0.7239999999999999
1023 0.7268000000000001
1024 0.7323999999999999
1025 0.7360000000000001
1026 0.7404
1027 0.742
1028 0.7428
1029 0.7428
1030 0.7408
1031 0.7372000000000001
1032 0.7356000000000003
1033 0.7308
1034 0.7276
1035 0.7260000000000001
1036 0.7228000000000001
1037 0.7188000000000001
1038 0.716
1039 0.7116
1040 0.708
1041 0.7040000000000001
1042 0.7035999999999999
1043 0.7055999999999998
1044 0.7112
1045 0.7147999999999999
1046 0.7199999999999999
1047 0.7256
1048 0.7304
1049 0.7352000000000001
1050 0.7356000000000001
1051 0.7372
1052 0.7376
1053 0.7340000000000001
1054 0.7304
1055 0.7295999999999999
1056 0.7267999999999999
1057 0.7243999999999999
1058 0.7200000000000002
1059 0.7172000000000002
1060 0.7148000000000002
1061 0.7096000000000002
1062 0.7076000000000002
1063 0.7040000000000002
1064 0.7012
1065 0.6999999999999998
1066 0.7016000000000001
1067 0.7016
1068 0.704
1069 0.7071999999999999
1070 0.7128
1071 0.7168000000000001
1072 0.722
1073 0.7271999999999998
1074 0.7303999999999999
1075 0.7312000000000001
1076 0.7291999999999998
1077 0.7296
1078 0.7284000000000002
1079 0.7264000000000002
1080 0.7208000000000001
1081 0.7184
1082 0.7156
1083 0.7132000000000001
1084 0.7088
1085 0.7060000000000001
1086 0.7007999999999999
1087 0.6987999999999999
1088 0.6971999999999998
1089 0.6951999999999998
1090 0.6903999999999998
1091 0.6927999999999997
1092 0.6955999999999998
1093 0.6995999999999997
1094 0.7031999999999998
1095 0.7072000000000002
1096 0.7104000000000003
1097 0.7164000000000001
1098 0.7208000000000002
1099 0.7228000000000003
1100 0.7244000000000003
1101 0.7232000000000002
1102 0.7200000000000002
1103 0.7188000000000001
1104 0.7168000000000001
1105 0.7148
1106 0.7140000000000001
1107 0.7100000000000002
1108 0.7092000000000002
1109 0.7056
1110 0.7027999999999999
1111 0.6996000000000001
1112 0.6988000000000001
1113 0.6968000000000001
1114 0.6988000000000001
1115 0.6995999999999999
1116 0.6976000000000002
1117 0.7011999999999999
1118 0.7027999999999999
1119 0.7063999999999997
1120 0.7083999999999999
1121 0.7155999999999999
1122 0.7196000000000001
1123 0.7240000000000001
1124 0.7272000000000002
1125 0.7256000000000001
1126 0.7228000000000001
1127 0.7204
1128 0.718
1129 0.7167999999999999
1130 0.7155999999999999
1131 0.7123999999999999
1132 0.7107999999999999
1133 0.7047999999999999
1134 0.7016
1135 0.7
1136 0.6988
1137 0.6972
1138 0.6968
1139 0.6964
1140 0.7008000000000001
1141 0.7060000000000002
1142 0.7092000000000002
1143 0.7132000000000002
1144 0.7212000000000002
1145 0.7256000000000001
1146 0.7280000000000001
1147 0.732
1148 0.7284
1149 0.7276000000000002
1150 0.7256000000000001
1151 0.7240000000000002
1152 0.7200000000000003
1153 0.7164
1154 0.7143999999999998
1155 0.7119999999999999
1156 0.7071999999999999
1157 0.7036
1158 0.7011999999999999
1159 0.6971999999999998
1160 0.6968
1161 0.6951999999999999
1162 0.6943999999999998
1163 0.6927999999999999
1164 0.696
1165 0.7032
1166 0.7071999999999998
1167 0.7143999999999998
1168 0.7212
1169 0.7223999999999999
1170 0.7236
1171 0.7268000000000001
1172 0.7259999999999998
1173 0.7235999999999997
1174 0.7235999999999998
1175 0.7223999999999998
1176 0.7191999999999997
1177 0.7143999999999998
1178 0.7111999999999997
1179 0.7075999999999998
1180 0.7031999999999998
1181 0.7007999999999999
1182 0.6979999999999998
1183 0.6951999999999998
1184 0.6923999999999998
1185 0.6899999999999998
1186 0.6896
1187 0.6903999999999999
1188 0.6951999999999998
1189 0.7039999999999997
1190 0.7095999999999999
1191 0.7128
1192 0.7163999999999998
1193 0.7195999999999999
1194 0.7223999999999999
1195 0.7212000000000001
1196 0.7192000000000001
1197 0.7188
1198 0.7148
1199 0.7091999999999998
1200 0.7084
1201 0.7071999999999999
1202 0.7051999999999999
1203 0.7031999999999999
1204 0.698
1205 0.6944
1206 0.6928
1207 0.6903999999999999
1208 0.6891999999999999
1209 0.6868000000000001
1210 0.6851999999999999
1211 0.6888
1212 0.6920000000000001
1213 0.6948000000000002
1214 0.6975999999999999
1215 0.7031999999999999
1216 0.7076
1217 0.7160000000000001
1218 0.7180000000000001
1219 0.7208000000000001
1220 0.7208000000000001
1221 0.7200000000000002
1222 0.7180000000000001
1223 0.7168000000000002
1224 0.7132000000000002
1225 0.7088000000000001
1226 0.7036000000000001
1227 0.6996000000000001
1228 0.6964000000000001
1229 0.6932000000000003
1230 0.6932000000000003
1231 0.6924000000000002
1232 0.6916000000000001
1233 0.6880000000000002
1234 0.6884000000000001
1235 0.6903999999999999
1236 0.6931999999999999
1237 0.6955999999999999
1238 0.7020000000000001
1239 0.7028
1240 0.7080000000000001
1241 0.7103999999999999
1242 0.7123999999999999
1243 0.7148
1244 0.7172000000000002
1245 0.7140000000000001
1246 0.7119999999999999
1247 0.7111999999999999
1248 0.7071999999999999
1249 0.7031999999999999
1250 0.6996000000000001
1251 0.6955999999999999
1252 0.6935999999999999
1253 0.6903999999999999
1254 0.6847999999999997
1255 0.6807999999999998
1256 0.6783999999999998
1257 0.6755999999999999
1258 0.6723999999999998
1259 0.6755999999999999
1260 0.68
1261 0.6839999999999999
1262 0.6883999999999999
1263 0.6903999999999999
1264 0.696
1265 0.6971999999999998
1266 0.7020000000000001
1267 0.7036
1268 0.7031999999999999
1269 0.7031999999999999
1270 0.7008
1271 0.7003999999999999
1272 0.6979999999999998
1273 0.6944
1274 0.6931999999999998
1275 0.6899999999999998
1276 0.6871999999999998
1277 0.6831999999999999
1278 0.6807999999999998
1279 0.6783999999999999
1280 0.6763999999999997
1281 0.6731999999999997
1282 0.6735999999999998
1283 0.6747999999999997
1284 0.6791999999999997
1285 0.6839999999999997
1286 0.6915999999999997
1287 0.6959999999999996
1288 0.7011999999999999
1289 0.7071999999999998
1290 0.7120000000000001
1291 0.7132
1292 0.7119999999999999
1293 0.7103999999999999
1294 0.7088
1295 0.7055999999999999
1296 0.7027999999999999
1297 0.7019999999999998
1298 0.6975999999999999
1299 0.6931999999999999
1300 0.6892
1301 0.6864
1302 0.6864
1303 0.6828
1304 0.6787999999999998
1305 0.6771999999999997
1306 0.6771999999999998
1307 0.6796
1308 0.6851999999999999
1309 0.69
1310 0.6916
1311 0.6955999999999998
1312 0.7003999999999999
1313 0.7036
1314 0.7016000000000001
1315 0.7012000000000002
1316 0.7036000000000001
1317 0.7040000000000001
1318 0.7036
1319 0.7016
1320 0.7012
1321 0.6987999999999999
1322 0.6939999999999997
1323 0.6907999999999997
1324 0.6879999999999998
1325 0.6855999999999999
1326 0.6831999999999999
1327 0.682
1328 0.6811999999999999
1329 0.6791999999999997
1330 0.6791999999999999
1331 0.6792
1332 0.682
1333 0.6899999999999998
1334 0.6923999999999999
1335 0.6992
1336 0.7024000000000001
1337 0.7031999999999999
1338 0.706
1339 0.7099999999999999
1340 0.7107999999999999
1341 0.708
1342 0.708
1343 0.7052
1344 0.7023999999999998
1345 0.6999999999999997
1346 0.6971999999999998
1347 0.6947999999999998
1348 0.6899999999999996
1349 0.6859999999999998
1350 0.6828
1351 0.6816
1352 0.6808
1353 0.68
1354 0.6803999999999999
1355 0.6792
1356 0.6816000000000001
1357 0.6851999999999999
1358 0.6883999999999998
1359 0.6951999999999998
1360 0.7035999999999999
1361 0.7115999999999998
1362 0.7131999999999998
1363 0.7132
1364 0.7119999999999999
1365 0.7124000000000001
1366 0.7104
1367 0.7084
1368 0.7052
1369 0.7
1370 0.6956000000000002
1371 0.6920000000000001
1372 0.6872
1373 0.6844
1374 0.6812
1375 0.6792
1376 0.6751999999999999
1377 0.6728000000000001
1378 0.6708
1379 0.6731999999999999
1380 0.6768000000000001
1381 0.6816000000000001
1382 0.6864
1383 0.6884000000000001
1384 0.6952000000000002
1385 0.7012000000000002
1386 0.7036000000000002
1387 0.7080000000000001
1388 0.7100000000000002
1389 0.7084000000000001
1390 0.7068000000000001
1391 0.7024000000000001
1392 0.7000000000000002
1393 0.6936000000000001
1394 0.6912000000000001
1395 0.6896000000000002
1396 0.6856
1397 0.682
1398 0.6804000000000002
1399 0.6764000000000001
1400 0.6744000000000001
1401 0.6708
1402 0.6704000000000001
1403 0.6696000000000001
1404 0.6764
1405 0.6779999999999999
1406 0.6835999999999999
1407 0.6887999999999999
1408 0.6915999999999998
1409 0.6935999999999999
1410 0.6972
1411 0.6988
1412 0.6979999999999998
1413 0.6947999999999999
1414 0.6923999999999999
1415 0.6908
1416 0.688
1417 0.6836
1418 0.6800000000000002
1419 0.6776000000000001
1420 0.6748000000000001
1421 0.6728000000000001
1422 0.6708
1423 0.6684
1424 0.6648000000000002
1425 0.6628000000000002
1426 0.6624000000000001
1427 0.6624000000000001
1428 0.6643999999999999
1429 0.6735999999999999
1430 0.6759999999999998
1431 0.6791999999999999
1432 0.6839999999999999
1433 0.6884
1434 0.6964
1435 0.6976
1436 0.6968
1437 0.6972
1438 0.6951999999999999
1439 0.6944
1440 0.6931999999999999
1441 0.6919999999999998
1442 0.6911999999999999
1443 0.6879999999999998
1444 0.6839999999999999
1445 0.6815999999999999
1446 0.6803999999999999
1447 0.6791999999999997
1448 0.6751999999999999
1449 0.6723999999999998
1450 0.6739999999999999
1451 0.6756
1452 0.6808000000000001
1453 0.6864
1454 0.6904
1455 0.6931999999999999
1456 0.6972
1457 0.7019999999999998
1458 0.7059999999999998
1459 0.708
1460 0.7076
1461 0.706
1462 0.7036
1463 0.7
1464 0.696
1465 0.6931999999999999
1466 0.6883999999999999
1467 0.6844
1468 0.6816
1469 0.6792
1470 0.6779999999999999
1471 0.6747999999999998
1472 0.6715999999999999
1473 0.6687999999999998
1474 0.6687999999999998
1475 0.6724
1476 0.6739999999999999
1477 0.6796
1478 0.6868
1479 0.6932
1480 0.6988
1481 0.7023999999999999
1482 0.7048000000000001
1483 0.7055999999999999
1484 0.7067999999999998
1485 0.7035999999999997
1486 0.7027999999999999
1487 0.7015999999999998
1488 0.6995999999999998
1489 0.6959999999999998
1490 0.6923999999999998
1491 0.6915999999999998
1492 0.6888
1493 0.6851999999999999
1494 0.6827999999999999
1495 0.6803999999999999
1496 0.6763999999999999
1497 0.6744
1498 0.6719999999999999
1499 0.6779999999999999
1500 0.6827999999999999
1501 0.688
1502 0.6923999999999999
1503 0.6980000000000003
1504 0.6992
1505 0.7056000000000001
1506 0.7092
1507 0.7092
1508 0.7083999999999999
1509 0.7064
1510 0.7043999999999998
1511 0.7011999999999999
1512 0.6988
1513 0.6963999999999999
1514 0.6912
1515 0.6863999999999999
1516 0.6843999999999998
1517 0.68
1518 0.6784
1519 0.6779999999999999
1520 0.6768
1521 0.6764
1522 0.6768000000000001
1523 0.6756
1524 0.6775999999999999
1525 0.6807999999999998
1526 0.6859999999999998
1527 0.6915999999999998
1528 0.6951999999999998
1529 0.6983999999999999
1530 0.7015999999999998
1531 0.6991999999999998
1532 0.7003999999999999
1533 0.6992
1534 0.6992
1535 0.6980000000000001
1536 0.6948000000000001
1537 0.6928
1538 0.6888
1539 0.6864
1540 0.6847999999999999
1541 0.6819999999999999
1542 0.6788
1543 0.6756
1544 0.6751999999999999
1545 0.6735999999999999
1546 0.6736
1547 0.6747999999999997
1548 0.6787999999999998
1549 0.6851999999999998
1550 0.6903999999999998
1551 0.6951999999999998
1552 0.7011999999999999
1553 0.7055999999999999
1554 0.7087999999999998
1555 0.7115999999999998
1556 0.7143999999999998
1557 0.714
1558 0.7116
1559 0.7067999999999998
1560 0.7047999999999998
1561 0.7011999999999999
1562 0.6975999999999998
1563 0.6939999999999997
1564 0.6911999999999999
1565 0.6883999999999999
1566 0.6856
1567 0.6839999999999999
1568 0.682
1569 0.6816
1570 0.6796000000000001
1571 0.6788
1572 0.6843999999999998
1573 0.6859999999999999
1574 0.6883999999999998
1575 0.6911999999999998
1576 0.6979999999999998
1577 0.7016000000000001
1578 0.7084000000000004
1579 0.7124000000000003
1580 0.7092000000000002
1581 0.7052
1582 0.7028000000000002
1583 0.6992000000000002
1584 0.6968000000000001
1585 0.6940000000000001
1586 0.6908000000000001
1587 0.6872000000000001
1588 0.6828
1589 0.6796000000000002
1590 0.6768000000000001
1591 0.674
1592 0.6699999999999998
1593 0.6703999999999999
1594 0.6716000000000001
1595 0.674
1596 0.6759999999999999
1597 0.6811999999999999
1598 0.6871999999999998
1599 0.6915999999999998
1600 0.6955999999999999
1601 0.6984
1602 0.7012
1603 0.7036000000000001
1604 0.7048000000000001
1605 0.7048000000000001
1606 0.7048000000000001
1607 0.7020000000000001
1608 0.6995999999999999
1609 0.6976
1610 0.6944
1611 0.6919999999999998
1612 0.6887999999999999
1613 0.6859999999999999
1614 0.6823999999999999
1615 0.6803999999999999
1616 0.6739999999999999
1617 0.6735999999999999
1618 0.6739999999999999
1619 0.6768
1620 0.6799999999999998
1621 0.6847999999999999
1622 0.6896
1623 0.6927999999999999
1624 0.698
1625 0.7048000000000001
1626 0.7092
1627 0.7124000000000001
1628 0.7124000000000001
1629 0.7120000000000001
1630 0.71
1631 0.7075999999999999
1632 0.7020000000000001
1633 0.6995999999999999
1634 0.6968
1635 0.6932
1636 0.6892
1637 0.6839999999999999
1638 0.6803999999999998
1639 0.6759999999999999
1640 0.6755999999999999
1641 0.6744
1642 0.6715999999999999
1643 0.6711999999999998
1644 0.6743999999999997
1645 0.6775999999999998
1646 0.6816
1647 0.6844000000000001
1648 0.6848000000000003
1649 0.6904000000000003
1650 0.6932000000000003
1651 0.6936000000000003
1652 0.6952000000000003
1653 0.6940000000000001
1654 0.6920000000000002
1655 0.6892
1656 0.6880000000000002
1657 0.6852000000000001
1658 0.6839999999999999
1659 0.6799999999999998
1660 0.6768
1661 0.6747999999999998
1662 0.6735999999999999
1663 0.6696
1664 0.6683999999999999
1665 0.6668000000000001
1666 0.666
1667 0.6679999999999999
1668 0.6728000000000002
1669 0.6772
1670 0.6812
1671 0.686
1672 0.6911999999999999
1673 0.6956000000000002
1674 0.6964
1675 0.6972
1676 0.6963999999999999
1677 0.6955999999999999
1678 0.6923999999999998
1679 0.6883999999999999
1680 0.6867999999999997
1681 0.6831999999999999
1682 0.6783999999999999
1683 0.6763999999999999
1684 0.6739999999999999
1685 0.67
1686 0.666
1687 0.6648000000000002
1688 0.6624000000000001
1689 0.6612000000000002
1690 0.6608000000000002
1691 0.6608000000000002
1692 0.6659999999999999
1693 0.6715999999999999
1694 0.6747999999999998
1695 0.68
1696 0.6859999999999999
1697 0.6907999999999999
1698 0.6967999999999998
1699 0.6995999999999998
1700 0.7
1701 0.7016
1702 0.6999999999999998
1703 0.6972
1704 0.6948000000000001
1705 0.6928
1706 0.6880000000000002
1707 0.686
1708 0.6828
1709 0.6788
1710 0.6787999999999998
1711 0.6751999999999998
1712 0.6719999999999999
1713 0.67
1714 0.6715999999999999
1715 0.6751999999999998
1716 0.6783999999999999
1717 0.6836
1718 0.6883999999999999
1719 0.6896
1720 0.6943999999999998
1721 0.6983999999999999
1722 0.7015999999999998
1723 0.7043999999999998
1724 0.7007999999999999
1725 0.6968
1726 0.6935999999999999
1727 0.6883999999999999
1728 0.6883999999999999
1729 0.6855999999999999
1730 0.6811999999999999
1731 0.6755999999999999
1732 0.6724
1733 0.67
1734 0.6672
1735 0.6607999999999999
1736 0.6580000000000001
1737 0.6556000000000002
1738 0.6544
1739 0.6572
1740 0.6644
1741 0.6692
1742 0.6755999999999999
1743 0.68
1744 0.6843999999999998
1745 0.6875999999999999
1746 0.6888000000000001
1747 0.6859999999999999
1748 0.6851999999999999
1749 0.6831999999999999
1750 0.6808
1751 0.6764
1752 0.6736
1753 0.6703999999999999
1754 0.6668000000000001
1755 0.6644
1756 0.6608000000000002
1757 0.6592000000000001
1758 0.6568000000000002
1759 0.6548000000000002
1760 0.6528000000000002
1761 0.6520000000000001
1762 0.6528000000000002
1763 0.6552
1764 0.6596
1765 0.6644
1766 0.6688
1767 0.6736
1768 0.6787999999999998
1769 0.6827999999999999
1770 0.6872
1771 0.6883999999999999
1772 0.6879999999999998
1773 0.6891999999999999
1774 0.6868
1775 0.6816
1776 0.6796
1777 0.6783999999999999
1778 0.6724000000000001
1779 0.6675999999999999
1780 0.6639999999999998
1781 0.6591999999999998
1782 0.6563999999999998
1783 0.6539999999999998
1784 0.6535999999999997
1785 0.6523999999999998
1786 0.6523999999999998
1787 0.6535999999999998
1788 0.6599999999999996
1789 0.6655999999999997
1790 0.6699999999999997
1791 0.6743999999999999
1792 0.6783999999999998
1793 0.6823999999999998
1794 0.6835999999999999
1795 0.6864
1796 0.6864
1797 0.6855999999999999
1798 0.6816
1799 0.6792
1800 0.6739999999999999
1801 0.6716
1802 0.6691999999999999
1803 0.6639999999999999
1804 0.6607999999999999
1805 0.6592
1806 0.6572000000000001
1807 0.6536000000000002
1808 0.6532000000000001
1809 0.65
1810 0.6500000000000001
1811 0.654
1812 0.6532000000000001
1813 0.6592
1814 0.6644000000000001
1815 0.6696000000000001
1816 0.6755999999999999
1817 0.6816
1818 0.682
1819 0.6852000000000003
1820 0.6900000000000002
1821 0.6884
1822 0.688
1823 0.6848000000000001
1824 0.6832
1825 0.6808
1826 0.6784
1827 0.6739999999999999
1828 0.6704000000000001
1829 0.6675999999999999
1830 0.6639999999999999
1831 0.6624
1832 0.66
1833 0.6568
1834 0.6559999999999999
1835 0.6584
1836 0.6639999999999999
1837 0.6675999999999999
1838 0.6756000000000002
1839 0.6800000000000002
1840 0.6836000000000001
1841 0.6868000000000001
1842 0.6924000000000001
1843 0.6920000000000002
1844 0.6928000000000002
1845 0.6904000000000002
1846 0.6868000000000001
1847 0.686
1848 0.6812000000000001
1849 0.6784
1850 0.6716000000000001
1851 0.6667999999999998
1852 0.6635999999999997
1853 0.6619999999999997
1854 0.6583999999999999
1855 0.6576
1856 0.6567999999999999
1857 0.6551999999999998
1858 0.6543999999999999
1859 0.6559999999999998
1860 0.6607999999999998
1861 0.6648
1862 0.6707999999999998
1863 0.6771999999999998
1864 0.6803999999999999
1865 0.682
1866 0.6868000000000001
1867 0.6888
1868 0.688
1869 0.6864
1870 0.6848000000000001
1871 0.6811999999999999
1872 0.6803999999999999
1873 0.6776000000000001
1874 0.6744
1875 0.67
1876 0.6679999999999999
1877 0.6656
1878 0.6652
1879 0.6652
1880 0.6635999999999999
1881 0.6611999999999998
1882 0.6595999999999997
1883 0.6623999999999998
1884 0.6699999999999997
1885 0.6751999999999998
1886 0.6803999999999998
1887 0.6871999999999997
1888 0.6915999999999997
1889 0.6963999999999999
1890 0.7019999999999998
1891 0.7011999999999997
1892 0.7019999999999998
1893 0.6999999999999996
1894 0.6951999999999995
1895 0.6911999999999996
1896 0.6871999999999997
1897 0.6823999999999998
1898 0.6771999999999998
1899 0.6715999999999999
1900 0.6687999999999998
1901 0.6651999999999998
1902 0.6643999999999997
1903 0.6627999999999997
1904 0.6603999999999997
1905 0.6591999999999998
1906 0.6595999999999997
1907 0.6615999999999999
1908 0.6672
1909 0.6715999999999996
1910 0.6779999999999999
1911 0.6839999999999999
1912 0.6868000000000001
1913 0.6896000000000001
1914 0.6944
1915 0.7
1916 0.7000000000000002
1917 0.7004
1918 0.6964
1919 0.6936
1920 0.6911999999999999
1921 0.6863999999999999
1922 0.682
1923 0.6751999999999999
1924 0.6724000000000001
1925 0.6688000000000001
1926 0.6679999999999999
1927 0.6659999999999999
1928 0.664
1929 0.6599999999999998
1930 0.6576000000000001
1931 0.6592
1932 0.6636000000000002
1933 0.666
1934 0.6712000000000002
1935 0.6776000000000001
1936 0.684
1937 0.6920000000000001
1938 0.6964
1939 0.6964
1940 0.6951999999999999
1941 0.6944
1942 0.6928
1943 0.69
1944 0.6868
1945 0.6839999999999999
1946 0.6812
1947 0.6788000000000001
1948 0.6772
1949 0.674
1950 0.672
1951 0.6688000000000001
1952 0.6660000000000003
1953 0.6648000000000002
1954 0.6624000000000001
1955 0.6612
1956 0.6639999999999999
1957 0.6699999999999998
1958 0.6775999999999999
1959 0.6836
1960 0.684
1961 0.6888000000000001
1962 0.6920000000000002
1963 0.6940000000000001
1964 0.6936
1965 0.6908000000000001
1966 0.6852000000000001
1967 0.684
1968 0.6811999999999999
1969 0.6791999999999999
1970 0.6744
1971 0.6716
1972 0.6708
1973 0.6676000000000001
1974 0.6656
1975 0.6636000000000002
1976 0.6612
1977 0.6579999999999998
1978 0.6563999999999999
1979 0.6572
1980 0.6611999999999999
1981 0.6624
1982 0.6675999999999999
1983 0.6716
1984 0.6764
1985 0.6827999999999999
1986 0.6879999999999998
1987 0.6891999999999999
1988 0.6883999999999998
1989 0.6903999999999998
1990 0.6875999999999999
1991 0.6859999999999999
1992 0.6836
1993 0.6792
1994 0.6772
1995 0.6755999999999999
1996 0.6708
1997 0.6644
1998 0.6616000000000001
1999 0.6604000000000001
