1 1.0
2 1.0
3 1.0
4 1.0
5 1.0
6 1.0
7 0.9995999999999999
8 0.9991999999999999
9 0.9991999999999999
10 0.9991999999999999
11 0.9991999999999999
12 0.9991999999999999
13 0.9991999999999999
14 0.9991999999999999
15 0.9991999999999999
16 0.9991999999999999
17 0.9991999999999999
18 0.9991999999999999
19 0.9991999999999999
20 0.9991999999999999
21 0.9991999999999999
22 0.9991999999999999
23 0.9991999999999999
24 0.9991999999999999
25 0.9991999999999999
26 0.9991999999999999
27 0.9991999999999999
28 0.9991999999999999
29 0.9991999999999999
30 0.9991999999999999
31 0.9991999999999999
32 0.9991999999999999
33 0.9991999999999999
34 0.9991999999999999
35 0.9991999999999999
36 0.9991999999999999
37 0.9991999999999999
38 0.9991999999999999
39 0.9991999999999999
40 0.9991999999999999
41 0.9991999999999999
42 0.9991999999999999
43 0.9991999999999999
44 0.9991999999999999
45 0.9991999999999999
46 0.9991999999999999
47 0.9991999999999999
48 0.9991999999999999
49 0.9991999999999999
50 0.9991999999999999
51 0.9991999999999999
52 0.9991999999999999
53 0.9991999999999999
54 0.9991999999999999
55 0.9991999999999999
56 0.9991999999999999
57 0.9991999999999999
58 0.9991999999999999
59 0.9991999999999999
60 0.9991999999999999
61 0.9991999999999999
62 0.9991999999999999
63 0.9991999999999999
64 0.9991999999999999
65 0.9991999999999999
66 0.9991999999999999
67 0.9991999999999999
68 0.9991999999999999
69 0.9991999999999999
70 0.9991999999999999
71 0.9991999999999999
72 0.9991999999999999
73 0.9991999999999999
74 0.9991999999999999
75 0.9991999999999999
76 0.9991999999999999
77 0.9991999999999999
78 0.9991999999999999
79 0.9991999999999999
80 0.9991999999999999
81 0.9991999999999999
82 0.9991999999999999
83 0.9991999999999999
84 0.9991999999999999
85 0.9991999999999999
86 0.9991999999999999
87 0.9991999999999999
88 0.9991999999999999
89 0.9991999999999999
90 0.9995999999999999
91 0.9995999999999999
92 0.9995999999999999
93 0.9995999999999999
94 0.9995999999999999
95 0.9995999999999999
96 0.9995999999999999
97 0.9995999999999999
98 0.9995999999999999
99 0.9995999999999999
100 0.9995999999999999
101 0.9995999999999999
102 0.9995999999999999
103 0.9995999999999999
104 0.9995999999999999
105 0.9995999999999999
106 0.9995999999999999
107 0.9995999999999999
108 0.9995999999999999
109 0.9995999999999999
110 1.0
111 1.0
112 1.0
113 1.0
114 1.0
115 1.0
116 1.0
117 1.0
118 1.0
119 1.0
120 1.0
121 1.0
122 1.0
123 1.0
124 1.0
125 1.0
126 1.0
127 1.0
128 1.0
129 1.0
130 1.0
131 1.0
132 1.0
133 1.0
134 1.0
135 1.0
136 1.0
137 1.0
138 1.0
139 1.0
140 1.0
141 1.0
142 1.0
143 1.0
144 1.0
145 1.0
146 1.0
147 1.0
148 1.0
149 1.0
150 1.0
151 1.0
152 1.0
153 1.0
154 1.0
155 1.0
156 1.0
157 1.0
158 1.0
159 1.0
160 1.0
161 1.0
162 1.0
163 1.0
164 1.0
165 1.0
166 1.0
167 1.0
168 1.0
169 1.0
170 1.0
171 1.0
172 1.0
173 1.0
174 1.0
175 1.0
176 1.0
177 1.0
178 1.0
179 1.0
180 1.0
181 1.0
182 1.0
183 1.0
184 1.0
185 1.0
186 1.0
187 1.0
188 1.0
189 1.0
190 1.0
191 1.0
192 1.0
193 1.0
194 1.0
195 1.0
196 1.0
197 1.0
198 1.0
199 1.0
200 1.0
201 1.0
202 1.0
203 1.0
204 1.0
205 1.0
206 1.0
207 1.0
208 1.0
209 1.0
210 1.0
211 1.0
212 1.0
213 1.0
214 1.0
215 1.0
216 1.0
217 1.0
218 1.0
219 1.0
220 1.0
221 1.0
222 1.0
223 1.0
224 1.0
225 1.0
226 1.0
227 1.0
228 1.0
229 1.0
230 1.0
231 1.0
232 1.0
233 1.0
234 1.0
235 1.0
236 1.0
237 1.0
238 1.0
239 1.0
240 1.0
241 1.0
242 1.0
243 1.0
244 1.0
245 1.0
246 1.0
247 1.0
248 1.0
249 1.0
250 1.0
251 1.0
252 1.0
253 1.0
254 1.0
255 1.0
256 1.0
257 1.0
258 1.0
259 1.0
260 1.0
261 1.0
262 1.0
263 1.0
264 1.0
265 1.0
266 1.0
267 1.0
268 1.0
269 1.0
270 1.0
271 1.0
272 1.0
273 1.0
274 1.0
275 1.0
276 1.0
277 1.0
278 1.0
279 1.0
280 1.0
281 1.0
282 1.0
283 1.0
284 1.0
285 1.0
286 1.0
287 1.0
288 1.0
289 1.0
290 1.0
291 1.0
292 1.0
293 1.0
294 1.0
295 1.0
296 1.0
297 1.0
298 1.0
299 1.0
300 1.0
301 1.0
302 1.0
303 1.0
304 1.0
305 1.0
306 1.0
307 1.0
308 1.0
309 1.0
310 1.0
311 1.0
312 1.0
313 1.0
314 1.0
315 1.0
316 1.0
317 1.0
318 1.0
319 1.0
320 1.0
321 1.0
322 1.0
323 1.0
324 1.0
325 1.0
326 1.0
327 1.0
328 1.0
329 1.0
330 1.0
331 1.0
332 1.0
333 1.0
334 1.0
335 1.0
336 1.0
337 1.0
338 1.0
339 1.0
340 1.0
341 1.0
342 1.0
343 1.0
344 1.0
345 1.0
346 1.0
347 1.0
348 1.0
349 1.0
350 1.0
351 1.0
352 1.0
353 1.0
354 1.0
355 1.0
356 1.0
357 1.0
358 1.0
359 1.0
360 1.0
361 1.0
362 1.0
363 1.0
364 1.0
365 1.0
366 1.0
367 1.0
368 1.0
369 1.0
370 1.0
371 1.0
372 1.0
373 1.0
374 1.0
375 1.0
376 1.0
377 1.0
378 1.0
379 1.0
380 1.0
381 1.0
382 1.0
383 1.0
384 1.0
385 1.0
386 1.0
387 1.0
388 1.0
389 1.0
390 1.0
391 1.0
392 1.0
393 1.0
394 1.0
395 1.0
396 1.0
397 1.0
398 1.0
399 1.0
400 1.0
401 1.0
402 1.0
403 1.0
404 1.0
405 1.0
406 1.0
407 1.0
408 1.0
409 1.0
410 1.0
411 1.0
412 1.0
413 1.0
414 1.0
415 1.0
416 1.0
417 1.0
418 1.0
419 1.0
420 1.0
421 1.0
422 1.0
423 1.0
424 1.0
425 1.0
426 1.0
427 1.0
428 1.0
429 1.0
430 1.0
431 1.0
432 1.0
433 1.0
434 1.0
435 1.0
436 1.0
437 1.0
438 1.0
439 1.0
440 1.0
441 1.0
442 1.0
443 1.0
444 1.0
445 1.0
446 1.0
447 1.0
448 1.0
449 1.0
450 1.0
451 1.0
452 1.0
453 1.0
454 1.0
455 1.0
456 1.0
457 1.0
458 1.0
459 1.0
460 1.0
461 1.0
462 1.0
463 1.0
464 1.0
465 1.0
466 1.0
467 1.0
468 1.0
469 1.0
470 1.0
471 1.0
472 1.0
473 1.0
474 1.0
475 1.0
476 1.0
477 1.0
478 1.0
479 1.0
480 1.0
481 1.0
482 1.0
483 1.0
484 1.0
485 1.0
486 1.0
487 1.0
488 1.0
489 1.0
490 1.0
491 1.0
492 1.0
493 1.0
494 1.0
495 1.0
496 1.0
497 1.0
498 1.0
499 1.0
500 1.0
501 1.0
502 1.0
503 1.0
504 1.0
505 1.0
506 1.0
507 1.0
508 1.0
509 1.0
510 1.0
511 1.0
512 1.0
513 1.0
514 1.0
515 1.0
516 1.0
517 1.0
518 1.0
519 1.0
520 1.0
521 1.0
522 1.0
523 1.0
524 1.0
525 1.0
526 1.0
527 1.0
528 1.0
529 1.0
530 1.0
531 1.0
532 1.0
533 1.0
534 1.0
535 1.0
536 1.0
537 1.0
538 1.0
539 1.0
540 1.0
541 1.0
542 1.0
543 1.0
544 1.0
545 1.0
546 1.0
547 1.0
548 1.0
549 1.0
550 1.0
551 1.0
552 1.0
553 1.0
554 1.0
555 1.0
556 1.0
557 1.0
558 1.0
559 1.0
560 1.0
561 1.0
562 1.0
563 1.0
564 1.0
565 1.0
566 1.0
567 1.0
568 1.0
569 1.0
570 1.0
571 1.0
572 1.0
573 1.0
574 1.0
575 1.0
576 1.0
577 1.0
578 1.0
579 1.0
580 1.0
581 1.0
582 1.0
583 1.0
584 1.0
585 1.0
586 1.0
587 1.0
588 1.0
589 1.0
590 1.0
591 1.0
592 1.0
593 1.0
594 1.0
595 1.0
596 1.0
597 1.0
598 1.0
599 1.0
600 1.0
601 1.0
602 1.0
603 1.0
604 1.0
605 1.0
606 1.0
607 1.0
608 1.0
609 1.0
610 1.0
611 1.0
612 1.0
613 1.0
614 1.0
615 1.0
616 1.0
617 1.0
618 1.0
619 1.0
620 1.0
621 1.0
622 1.0
623 1.0
624 1.0
625 1.0
626 1.0
627 1.0
628 1.0
629 1.0
630 1.0
631 1.0
632 1.0
633 1.0
634 1.0
635 1.0
636 1.0
637 1.0
638 1.0
639 1.0
640 1.0
641 1.0
642 1.0
643 1.0
644 1.0
645 1.0
646 1.0
647 1.0
648 1.0
649 1.0
650 1.0
651 1.0
652 1.0
653 1.0
654 1.0
655 1.0
656 1.0
657 1.0
658 1.0
659 1.0
660 1.0
661 1.0
662 1.0
663 1.0
664 1.0
665 1.0
666 1.0
667 1.0
668 1.0
669 1.0
670 1.0
671 1.0
672 1.0
673 1.0
674 1.0
675 1.0
676 1.0
677 1.0
678 1.0
679 1.0
680 1.0
681 1.0
682 1.0
683 1.0
684 1.0
685 1.0
686 1.0
687 1.0
688 1.0
689 1.0
690 1.0
691 1.0
692 1.0
693 1.0
694 1.0
695 1.0
696 1.0
697 1.0
698 1.0
699 1.0
700 1.0
701 1.0
702 1.0
703 0.9996
704 0.9996
705 0.9996
706 0.9996
707 0.9996
708 0.9996
709 0.9996
710 0.9996
711 0.9996
712 0.9996
713 0.9996
714 0.9996
715 0.9996
716 0.9996
717 0.9996
718 0.9996
719 0.9996
720 0.9996
721 0.9996
722 0.9996
723 0.9996
724 0.9996
725 0.9996
726 0.9996
727 0.9996
728 0.9996
729 0.9996
730 0.9996
731 0.9996
732 0.9996
733 0.9996
734 0.9996
735 0.9996
736 0.9996
737 0.9996
738 0.9996
739 0.9996
740 0.9996
741 0.9996
742 0.9996
743 0.9996
744 0.9996
745 0.9996
746 0.9996
747 0.9996
748 0.9996
749 0.9996
750 0.9996
751 0.9996
752 0.9996
753 0.9996
754 0.9996
755 0.9996
756 0.9996
757 0.9996
758 0.9996
759 0.9996
760 0.9996
761 0.9996
762 0.9996
763 0.9996
764 0.9996
765 0.9996
766 0.9996
767 0.9996
768 0.9996
769 0.9996
770 0.9996
771 0.9996
772 0.9996
773 0.9996
774 0.9996
775 0.9996
776 0.9996
777 0.9996
778 0.9996
779 0.9996
780 0.9996
781 0.9996
782 1.0
783 1.0
784 1.0
785 1.0
786 1.0
787 1.0
788 1.0
789 1.0
790 1.0
791 1.0
792 1.0
793 1.0
794 1.0
795 1.0
796 1.0
797 1.0
798 1.0
799 1.0
800 1.0
801 1.0
802 1.0
803 1.0
804 1.0
805 1.0
806 1.0
807 1.0
808 1.0
809 1.0
810 1.0
811 1.0
812 1.0
813 1.0
814 1.0
815 1.0
816 1.0
817 1.0
818 1.0
819 1.0
820 1.0
821 1.0
822 1.0
823 1.0
824 1.0
825 1.0
826 1.0
827 1.0
828 1.0
829 1.0
830 1.0
831 1.0
832 1.0
833 1.0
834 1.0
835 1.0
836 1.0
837 1.0
838 1.0
839 1.0
840 1.0
841 1.0
842 1.0
843 1.0
844 1.0
845 1.0
846 1.0
847 1.0
848 1.0
849 1.0
850 1.0
851 1.0
852 1.0
853 1.0
854 1.0
855 1.0
856 1.0
857 1.0
858 1.0
859 1.0
860 1.0
861 1.0
862 1.0
863 1.0
864 1.0
865 1.0
866 1.0
867 0.9996
868 0.9996
869 0.9996
870 0.9996
871 0.9996
872 0.9996
873 0.9996
874 0.9996
875 0.9996
876 0.9996
877 0.9996
878 0.9996
879 0.9996
880 0.9996
881 0.9996
882 0.9996
883 0.9996
884 0.9996
885 0.9996
886 0.9996
887 0.9996
888 0.9996
889 0.9996
890 0.9996
891 0.9996
892 0.9996
893 0.9996
894 0.9996
895 0.9996
896 0.9996
897 0.9996
898 0.9996
899 0.9996
900 0.9996
901 0.9996
902 0.9996
903 0.9996
904 0.9996
905 0.9996
906 0.9996
907 0.9996
908 0.9996
909 0.9996
910 0.9996
911 0.9996
912 0.9996
913 0.9996
914 0.9996
915 0.9996
916 0.9996
917 0.9996
918 0.9996
919 0.9996
920 0.9996
921 0.9996
922 0.9996
923 0.9996
924 0.9996
925 0.9996
926 0.9996
927 0.9996
928 0.9996
929 0.9996
930 0.9996
931 0.9996
932 0.9996
933 0.9996
934 0.9996
935 0.9996
936 0.9996
937 0.9996
938 0.9996
939 0.9996
940 0.9996
941 0.9996
942 0.9996
943 0.9996
944 0.9996
945 0.9996
946 0.9996
947 0.9996
948 0.9996
949 0.9996
950 0.9996
951 0.9996
952 0.9996
953 1.0
954 1.0
955 1.0
956 1.0
957 1.0
958 1.0
959 1.0
960 1.0
961 1.0
962 1.0
963 1.0
964 1.0
965 1.0
966 1.0
967 1.0
968 1.0
969 1.0
970 1.0
971 1.0
972 1.0
973 1.0
974 1.0
975 1.0
976 1.0
977 1.0
978 1.0
979 1.0
980 1.0
981 1.0
982 1.0
983 1.0
984 1.0
985 1.0
986 1.0
987 1.0
988 1.0
989 1.0
990 1.0
991 1.0
992 1.0
993 1.0
994 1.0
995 1.0
996 1.0
997 1.0
998 1.0
999 1.0
1000 1.0
1001 1.0
1002 1.0
1003 1.0
1004 1.0
1005 1.0
1006 1.0
1007 1.0
1008 1.0
1009 1.0
1010 1.0
1011 1.0
1012 1.0
1013 1.0
1014 1.0
1015 1.0
1016 1.0
1017 1.0
1018 1.0
1019 1.0
1020 1.0
1021 1.0
1022 1.0
1023 1.0
1024 1.0
1025 1.0
1026 1.0
1027 1.0
1028 1.0
1029 1.0
1030 1.0
1031 1.0
1032 1.0
1033 1.0
1034 1.0
1035 1.0
1036 1.0
1037 1.0
1038 1.0
1039 1.0
1040 1.0
1041 1.0
1042 1.0
1043 1.0
1044 1.0
1045 1.0
1046 1.0
1047 1.0
1048 1.0
1049 1.0
1050 1.0
1051 1.0
1052 1.0
1053 1.0
1054 1.0
1055 1.0
1056 1.0
1057 1.0
1058 1.0
1059 1.0
1060 1.0
1061 1.0
1062 1.0
1063 1.0
1064 1.0
1065 1.0
1066 1.0
1067 1.0
1068 1.0
1069 1.0
1070 1.0
1071 1.0
1072 1.0
1073 1.0
1074 1.0
1075 0.9996
1076 0.9996
1077 0.9996
1078 0.9996
1079 0.9996
1080 0.9996
1081 0.9996
1082 0.9996
1083 0.9996
1084 0.9996
1085 0.9996
1086 0.9996
1087 0.9996
1088 0.9996
1089 0.9996
1090 0.9996
1091 0.9996
1092 0.9996
1093 0.9996
1094 0.9996
1095 0.9996
1096 0.9996
1097 0.9996
1098 0.9996
1099 0.9996
1100 0.9996
1101 0.9996
1102 0.9996
1103 0.9996
1104 0.9996
1105 0.9996
1106 0.9996
1107 0.9996
1108 0.9996
1109 0.9996
1110 0.9996
1111 0.9996
1112 0.9996
1113 0.9996
1114 0.9996
1115 0.9996
1116 0.9996
1117 0.9996
1118 0.9996
1119 0.9996
1120 0.9996
1121 0.9996
1122 0.9996
1123 0.9996
1124 0.9996
1125 0.9996
1126 0.9996
1127 0.9996
1128 0.9996
1129 0.9996
1130 0.9996
1131 0.9996
1132 0.9996
1133 0.9996
1134 0.9996
1135 0.9996
1136 0.9996
1137 0.9996
1138 0.9996
1139 0.9996
1140 0.9996
1141 0.9996
1142 0.9996
1143 0.9996
1144 0.9996
1145 0.9996
1146 0.9996
1147 0.9996
1148 0.9996
1149 0.9996
1150 0.9996
1151 0.9996
1152 0.9996
1153 0.9996
1154 0.9996
1155 0.9996
1156 0.9996
1157 0.9996
1158 0.9996
1159 0.9996
1160 0.9996
1161 0.9996
1162 0.9996
1163 0.9996
1164 1.0
1165 1.0
1166 1.0
1167 1.0
1168 1.0
1169 1.0
1170 1.0
1171 1.0
1172 1.0
1173 1.0
1174 1.0
1175 1.0
1176 1.0
1177 1.0
1178 1.0
1179 1.0
1180 1.0
1181 1.0
1182 1.0
1183 1.0
1184 1.0
1185 1.0
1186 1.0
1187 1.0
1188 1.0
1189 1.0
1190 1.0
1191 1.0
1192 1.0
1193 1.0
1194 1.0
1195 1.0
1196 1.0
1197 1.0
1198 1.0
1199 1.0
1200 1.0
1201 1.0
1202 1.0
1203 1.0
1204 1.0
1205 1.0
1206 1.0
1207 1.0
1208 1.0
1209 1.0
1210 1.0
1211 1.0
1212 1.0
1213 1.0
1214 1.0
1215 1.0
1216 1.0
1217 1.0
1218 1.0
1219 1.0
1220 1.0
1221 1.0
1222 1.0
1223 1.0
1224 1.0
1225 1.0
1226 1.0
1227 1.0
1228 1.0
1229 1.0
1230 1.0
1231 1.0
1232 1.0
1233 1.0
1234 1.0
1235 1.0
1236 1.0
1237 1.0
1238 1.0
1239 1.0
1240 1.0
1241 1.0
1242 1.0
1243 1.0
1244 1.0
1245 1.0
1246 1.0
1247 1.0
1248 1.0
1249 1.0
1250 1.0
1251 1.0
1252 1.0
1253 1.0
1254 1.0
1255 1.0
1256 1.0
1257 1.0
1258 1.0
1259 1.0
1260 1.0
1261 1.0
1262 1.0
1263 1.0
1264 1.0
1265 1.0
1266 1.0
1267 1.0
1268 1.0
1269 1.0
1270 1.0
1271 1.0
1272 1.0
1273 1.0
1274 1.0
1275 1.0
1276 1.0
1277 1.0
1278 1.0
1279 1.0
1280 1.0
1281 1.0
1282 1.0
1283 1.0
1284 1.0
1285 1.0
1286 1.0
1287 1.0
1288 1.0
1289 1.0
1290 1.0
1291 1.0
1292 1.0
1293 1.0
1294 1.0
1295 1.0
1296 1.0
1297 0.9996
1298 0.9996
1299 0.9996
1300 0.9996
1301 0.9996
1302 0.9996
1303 0.9996
1304 0.9996
1305 0.9996
1306 0.9996
1307 0.9996
1308 0.9996
1309 0.9996
1310 0.9996
1311 0.9996
1312 0.9996
1313 0.9996
1314 0.9996
1315 0.9996
1316 0.9996
1317 0.9996
1318 0.9996
1319 0.9996
1320 0.9996
1321 0.9996
1322 0.9996
1323 0.9996
1324 0.9996
1325 0.9996
1326 0.9996
1327 0.9996
1328 0.9996
1329 0.9996
1330 0.9996
1331 0.9996
1332 0.9996
1333 0.9996
1334 0.9996
1335 0.9996
1336 0.9996
1337 0.9996
1338 0.9996
1339 0.9996
1340 0.9996
1341 0.9996
1342 0.9996
1343 0.9996
1344 0.9996
1345 0.9996
1346 0.9996
1347 0.9996
1348 0.9996
1349 0.9996
1350 0.9996
1351 0.9996
1352 0.9996
1353 0.9996
1354 0.9996
1355 0.9996
1356 0.9996
1357 0.9996
1358 0.9996
1359 0.9996
1360 0.9996
1361 0.9996
1362 0.9996
1363 0.9996
1364 0.9996
1365 0.9996
1366 0.9996
1367 0.9996
1368 0.9996
1369 0.9996
1370 0.9996
1371 0.9996
1372 0.9996
1373 0.9996
1374 0.9996
1375 0.9996
1376 0.9996
1377 0.9996
1378 0.9996
1379 0.9996
1380 0.9996
1381 0.9996
1382 0.9996
1383 1.0
1384 1.0
1385 1.0
1386 1.0
1387 1.0
1388 1.0
1389 1.0
1390 1.0
1391 1.0
1392 1.0
1393 1.0
1394 1.0
1395 1.0
1396 1.0
1397 1.0
1398 1.0
1399 1.0
1400 1.0
1401 1.0
1402 1.0
1403 1.0
1404 1.0
1405 1.0
1406 1.0
1407 1.0
1408 1.0
1409 1.0
1410 1.0
1411 1.0
1412 1.0
1413 1.0
1414 1.0
1415 1.0
1416 1.0
1417 1.0
1418 1.0
1419 1.0
1420 1.0
1421 1.0
1422 1.0
1423 1.0
1424 1.0
1425 1.0
1426 1.0
1427 1.0
1428 1.0
1429 1.0
1430 1.0
1431 1.0
1432 1.0
1433 1.0
1434 1.0
1435 1.0
1436 1.0
1437 1.0
1438 1.0
1439 1.0
1440 1.0
1441 1.0
1442 1.0
1443 1.0
1444 1.0
1445 1.0
1446 1.0
1447 1.0
1448 1.0
1449 1.0
1450 1.0
1451 1.0
1452 1.0
1453 1.0
1454 1.0
1455 1.0
1456 1.0
1457 1.0
1458 1.0
1459 1.0
1460 1.0
1461 1.0
1462 1.0
1463 1.0
1464 0.9996
1465 0.9996
1466 0.9996
1467 0.9996
1468 0.9996
1469 0.9996
1470 0.9996
1471 0.9996
1472 0.9996
1473 0.9996
1474 0.9996
1475 0.9996
1476 0.9996
1477 0.9996
1478 0.9996
1479 0.9996
1480 0.9996
1481 0.9996
1482 0.9996
1483 0.9996
1484 0.9996
1485 0.9996
1486 0.9996
1487 0.9996
1488 0.9996
1489 0.9996
1490 0.9996
1491 0.9996
1492 0.9996
1493 0.9996
1494 0.9996
1495 0.9996
1496 0.9996
1497 0.9996
1498 0.9996
1499 0.9996
1500 0.9996
1501 0.9996
1502 0.9996
1503 0.9996
1504 0.9996
1505 0.9996
1506 0.9996
1507 0.9996
1508 0.9996
1509 0.9996
1510 0.9996
1511 0.9996
1512 0.9996
1513 0.9996
1514 0.9996
1515 0.9996
1516 0.9996
1517 0.9996
1518 0.9996
1519 0.9996
1520 0.9996
1521 0.9996
1522 0.9996
1523 0.9996
1524 0.9996
1525 0.9996
1526 0.9996
1527 0.9996
1528 0.9996
1529 0.9996
1530 0.9996
1531 0.9996
1532 0.9996
1533 0.9996
1534 0.9996
1535 0.9996
1536 0.9996
1537 0.9996
1538 0.9996
1539 0.9996
1540 0.9996
1541 0.9996
1542 0.9996
1543 0.9996
1544 0.9996
1545 0.9996
1546 0.9996
1547 0.9996
1548 1.0
1549 1.0
1550 1.0
1551 1.0
1552 1.0
1553 1.0
1554 1.0
1555 1.0
1556 1.0
1557 1.0
1558 1.0
1559 1.0
1560 1.0
1561 1.0
1562 1.0
1563 1.0
1564 1.0
1565 1.0
1566 1.0
1567 1.0
1568 1.0
1569 1.0
1570 1.0
1571 1.0
1572 1.0
1573 1.0
1574 1.0
1575 1.0
1576 1.0
1577 1.0
1578 1.0
1579 1.0
1580 1.0
1581 1.0
1582 1.0
1583 1.0
1584 1.0
1585 1.0
1586 1.0
1587 1.0
1588 1.0
1589 1.0
1590 1.0
1591 1.0
1592 1.0
1593 1.0
1594 1.0
1595 1.0
1596 1.0
1597 1.0
1598 1.0
1599 1.0
1600 1.0
1601 1.0
1602 1.0
1603 1.0
1604 1.0
1605 1.0
1606 1.0
1607 1.0
1608 1.0
1609 1.0
1610 1.0
1611 1.0
1612 1.0
1613 1.0
1614 1.0
1615 1.0
1616 1.0
1617 1.0
1618 1.0
1619 1.0
1620 1.0
1621 1.0
1622 1.0
1623 1.0
1624 1.0
1625 1.0
1626 1.0
1627 1.0
1628 1.0
1629 1.0
1630 1.0
1631 1.0
1632 1.0
1633 1.0
1634 1.0
1635 1.0
1636 1.0
1637 1.0
1638 1.0
1639 1.0
1640 1.0
1641 1.0
1642 0.9996
1643 0.9996
1644 0.9996
1645 0.9996
1646 0.9996
1647 0.9996
1648 0.9996
1649 0.9996
1650 0.9996
1651 0.9996
1652 0.9996
1653 0.9996
1654 0.9996
1655 0.9996
1656 0.9996
1657 0.9996
1658 0.9996
1659 0.9996
1660 0.9996
1661 0.9996
1662 0.9996
1663 0.9996
1664 0.9996
1665 0.9996
1666 0.9996
1667 0.9996
1668 0.9996
1669 0.9996
1670 0.9996
1671 0.9996
1672 0.9996
1673 0.9996
1674 0.9996
1675 0.9996
1676 0.9996
1677 0.9996
1678 0.9996
1679 0.9996
1680 0.9996
1681 0.9996
1682 0.9996
1683 0.9996
1684 0.9996
1685 0.9996
1686 0.9996
1687 0.9996
1688 0.9996
1689 0.9996
1690 0.9996
1691 0.9996
1692 0.9996
1693 0.9996
1694 0.9996
1695 0.9996
1696 0.9996
1697 0.9996
1698 0.9996
1699 0.9996
1700 0.9996
1701 0.9996
1702 0.9996
1703 0.9996
1704 0.9996
1705 0.9996
1706 0.9996
1707 0.9996
1708 0.9996
1709 0.9996
1710 0.9996
1711 0.9996
1712 0.9996
1713 0.9996
1714 0.9996
1715 0.9996
1716 0.9996
1717 0.9996
1718 0.9996
1719 0.9996
1720 0.9996
1721 0.9996
1722 0.9996
1723 0.9996
1724 0.9996
1725 0.9996
1726 0.9996
1727 0.9996
1728 0.9996
1729 0.9996
1730 0.9996
1731 0.9996
1732 0.9996
1733 0.9996
1734 0.9996
1735 0.9996
1736 0.9996
1737 0.9996
1738 0.9996
1739 0.9996
1740 0.9996
1741 0.9996
1742 0.9996
1743 0.9996
1744 0.9996
1745 0.9996
1746 0.9996
1747 0.9996
1748 0.9996
1749 0.9996
1750 0.9996
1751 0.9996
1752 0.9996
1753 0.9996
1754 0.9996
1755 0.9996
1756 0.9996
1757 0.9996
1758 0.9996
1759 0.9996
1760 0.9996
1761 0.9996
1762 0.9996
1763 0.9996
1764 0.9996
1765 0.9996
1766 1.0
1767 1.0
1768 1.0
1769 1.0
1770 1.0
1771 1.0
1772 1.0
1773 1.0
1774 1.0
1775 1.0
1776 1.0
1777 1.0
1778 1.0
1779 1.0
1780 1.0
1781 1.0
1782 1.0
1783 1.0
1784 1.0
1785 1.0
1786 1.0
1787 1.0
1788 1.0
1789 1.0
1790 1.0
1791 1.0
1792 1.0
1793 1.0
1794 1.0
1795 1.0
1796 1.0
1797 1.0
1798 1.0
1799 1.0
1800 1.0
1801 1.0
1802 1.0
1803 1.0
1804 1.0
1805 1.0
1806 1.0
1807 1.0
1808 1.0
1809 1.0
1810 1.0
1811 1.0
1812 1.0
1813 1.0
1814 1.0
1815 1.0
1816 1.0
1817 1.0
1818 1.0
1819 1.0
1820 1.0
1821 1.0
1822 1.0
1823 1.0
1824 1.0
1825 1.0
1826 1.0
1827 1.0
1828 1.0
1829 1.0
1830 1.0
1831 1.0
1832 1.0
1833 1.0
1834 1.0
1835 1.0
1836 1.0
1837 1.0
1838 1.0
1839 1.0
1840 1.0
1841 1.0
1842 1.0
1843 1.0
1844 1.0
1845 1.0
1846 1.0
1847 1.0
1848 1.0
1849 1.0
1850 1.0
1851 1.0
1852 1.0
1853 1.0
1854 1.0
1855 1.0
1856 1.0
1857 1.0
1858 1.0
1859 1.0
1860 1.0
1861 1.0
1862 1.0
1863 1.0
1864 1.0
1865 1.0
1866 1.0
1867 1.0
1868 1.0
1869 1.0
1870 1.0
1871 1.0
1872 1.0
1873 1.0
1874 1.0
1875 1.0
1876 1.0
1877 1.0
1878 1.0
1879 1.0
1880 1.0
1881 1.0
1882 1.0
1883 1.0
1884 1.0
1885 1.0
1886 1.0
1887 1.0
1888 1.0
1889 1.0
1890 1.0
1891 1.0
1892 1.0
1893 1.0
1894 1.0
1895 1.0
1896 1.0
1897 1.0
1898 1.0
1899 1.0
1900 1.0
1901 1.0
1902 1.0
1903 1.0
1904 1.0
1905 1.0
1906 1.0
1907 1.0
1908 1.0
1909 1.0
1910 1.0
1911 1.0
1912 1.0
1913 1.0
1914 1.0
1915 1.0
1916 1.0
1917 1.0
1918 1.0
1919 1.0
1920 1.0
1921 1.0
1922 1.0
1923 1.0
1924 1.0
1925 1.0
1926 1.0
1927 1.0
1928 1.0
1929 1.0
1930 1.0
1931 1.0
1932 1.0
1933 1.0
1934 1.0
1935 1.0
1936 1.0
1937 1.0
1938 1.0
1939 1.0
1940 1.0
1941 1.0
1942 1.0
1943 1.0
1944 1.0
1945 1.0
1946 1.0
1947 1.0
1948 1.0
1949 1.0
1950 1.0
1951 1.0
1952 1.0
1953 1.0
1954 1.0
1955 1.0
1956 1.0
1957 1.0
1958 1.0
1959 1.0
1960 1.0
1961 1.0
1962 1.0
1963 1.0
1964 1.0
1965 1.0
1966 1.0
1967 1.0
1968 1.0
1969 1.0
1970 1.0
1971 1.0
1972 1.0
1973 1.0
1974 1.0
1975 1.0
1976 1.0
1977 1.0
1978 1.0
1979 1.0
1980 1.0
1981 1.0
1982 1.0
1983 1.0
1984 1.0
1985 1.0
1986 1.0
1987 1.0
1988 1.0
1989 1.0
1990 1.0
1991 1.0
1992 1.0
1993 1.0
1994 1.0
1995 1.0
1996 1.0
1997 1.0
1998 1.0
1999 1.0
