1 1.0
2 1.0
3 1.0
4 0.9987999999999999
5 0.998
6 0.9972
7 0.9972
8 0.9972
9 0.9963999999999998
10 0.9955999999999999
11 0.9944
12 0.9939999999999999
13 0.9927999999999999
14 0.9923999999999998
15 0.9911999999999997
16 0.9899999999999998
17 0.9887999999999998
18 0.9875999999999998
19 0.9871999999999997
20 0.9859999999999997
21 0.9843999999999998
22 0.9823999999999999
23 0.9803999999999999
24 0.9775999999999999
25 0.9771999999999998
26 0.9755999999999997
27 0.9739999999999998
28 0.9723999999999997
29 0.9715999999999997
30 0.9703999999999998
31 0.9691999999999997
32 0.9691999999999997
33 0.9679999999999999
34 0.9675999999999998
35 0.9671999999999997
36 0.9655999999999999
37 0.9655999999999999
38 0.9651999999999998
39 0.9643999999999998
40 0.9623999999999999
41 0.9611999999999999
42 0.9611999999999999
43 0.9599999999999999
44 0.958
45 0.9556000000000001
46 0.9544000000000001
47 0.9544000000000001
48 0.9536000000000001
49 0.9536000000000001
50 0.9528000000000002
51 0.9520000000000002
52 0.9520000000000002
53 0.9508
54 0.9496000000000001
55 0.9484000000000004
56 0.9472000000000004
57 0.9468000000000003
58 0.9468000000000003
59 0.9460000000000004
60 0.9452000000000004
61 0.9448000000000002
62 0.9444000000000001
63 0.9436000000000001
64 0.9436000000000001
65 0.9428000000000002
66 0.9424000000000002
67 0.9416000000000001
68 0.9412000000000001
69 0.9404000000000002
70 0.9400000000000002
71 0.9400000000000002
72 0.9392
73 0.9388
74 0.9388
75 0.9379999999999998
76 0.9372
77 0.9364
78 0.9352000000000001
79 0.9348000000000001
80 0.9336000000000001
81 0.932
82 0.9316
83 0.9304000000000001
84 0.9288000000000001
85 0.9279999999999999
86 0.9279999999999999
87 0.9280000000000002
88 0.9268000000000001
89 0.9268
90 0.9268000000000001
91 0.9251999999999998
92 0.9243999999999999
93 0.9228000000000001
94 0.9211999999999998
95 0.9188
96 0.9183999999999999
97 0.9175999999999999
98 0.9171999999999998
99 0.9171999999999998
100 0.9159999999999999
101 0.9148
102 0.9135999999999999
103 0.9127999999999998
104 0.9112
105 0.9104000000000001
106 0.9084
107 0.9084000000000002
108 0.9088
109 0.9096000000000002
110 0.9104000000000005
111 0.9092000000000005
112 0.9092000000000003
113 0.9084000000000003
114 0.9076000000000003
115 0.9076000000000003
116 0.9068000000000004
117 0.9048000000000003
118 0.9040000000000004
119 0.9032000000000004
120 0.9024000000000004
121 0.9008000000000004
122 0.9000000000000002
123 0.8988000000000003
124 0.8964000000000004
125 0.8948000000000005
126 0.8932000000000003
127 0.8924000000000002
128 0.8912000000000003
129 0.8904000000000003
130 0.8908000000000003
131 0.8912000000000003
132 0.8928000000000003
133 0.8944000000000003
134 0.8948000000000002
135 0.8976000000000001
136 0.8968000000000004
137 0.8984000000000003
138 0.8960000000000005
139 0.8956000000000004
140 0.8952000000000006
141 0.8952000000000006
142 0.8920000000000003
143 0.8912000000000003
144 0.8896000000000004
145 0.8876000000000004
146 0.8872000000000004
147 0.8852000000000004
148 0.8840000000000005
149 0.8824000000000005
150 0.8832000000000003
151 0.8832000000000003
152 0.8824000000000004
153 0.8824000000000004
154 0.8824000000000005
155 0.8836000000000007
156 0.8852000000000007
157 0.8872000000000007
158 0.8884000000000006
159 0.8896000000000004
160 0.8904000000000005
161 0.8904000000000005
162 0.8884000000000004
163 0.8880000000000006
164 0.8868000000000005
165 0.8864000000000004
166 0.8844000000000004
167 0.8836000000000004
168 0.8820000000000005
169 0.8804000000000005
170 0.8796000000000004
171 0.8788000000000004
172 0.8768000000000004
173 0.8760000000000006
174 0.8756000000000005
175 0.8744000000000007
176 0.8732000000000005
177 0.8728000000000005
178 0.8728000000000002
179 0.8732000000000005
180 0.8748000000000005
181 0.8772000000000003
182 0.8780000000000004
183 0.8776000000000005
184 0.8792000000000003
185 0.8816000000000003
186 0.8820000000000001
187 0.8784000000000003
188 0.8780000000000002
189 0.8776000000000002
190 0.8776000000000002
191 0.8772000000000001
192 0.8752000000000001
193 0.8744
194 0.8723999999999998
195 0.8719999999999999
196 0.8712000000000001
197 0.8696
198 0.8680000000000002
199 0.8676000000000001
200 0.8672000000000003
201 0.8672000000000003
202 0.8676000000000001
203 0.8676000000000001
204 0.8692000000000003
205 0.8724000000000003
206 0.8732000000000002
207 0.8736000000000002
208 0.8728000000000002
209 0.8736000000000002
210 0.8752000000000004
211 0.8748000000000004
212 0.8748000000000004
213 0.8736000000000003
214 0.8708000000000001
215 0.8680000000000001
216 0.8660000000000001
217 0.8640000000000002
218 0.8636000000000001
219 0.8628000000000001
220 0.8620000000000002
221 0.8616000000000001
222 0.8612000000000001
223 0.8604
224 0.8592000000000002
225 0.8600000000000001
226 0.8604000000000002
227 0.862
228 0.8628000000000001
229 0.8644000000000002
230 0.8692
231 0.8712000000000001
232 0.8720000000000002
233 0.8748000000000001
234 0.8744000000000001
235 0.8748
236 0.8740000000000002
237 0.8732000000000001
238 0.8715999999999999
239 0.8696
240 0.8684000000000001
241 0.8668
242 0.8652000000000001
243 0.8648000000000002
244 0.8632000000000002
245 0.8624000000000003
246 0.8616000000000003
247 0.8616000000000003
248 0.8620000000000003
249 0.8588000000000002
250 0.8580000000000001
251 0.8576000000000001
252 0.8592000000000002
253 0.8604000000000002
254 0.8624
255 0.8640000000000001
256 0.8676000000000001
257 0.8680000000000002
258 0.8684000000000002
259 0.8696000000000003
260 0.8676
261 0.8668
262 0.8636000000000003
263 0.8616000000000003
264 0.8612000000000003
265 0.8604000000000004
266 0.8584000000000003
267 0.8560000000000002
268 0.8552000000000003
269 0.8548000000000003
270 0.8516000000000002
271 0.8512000000000002
272 0.8508000000000001
273 0.8512000000000002
274 0.8500000000000001
275 0.8500000000000003
276 0.8524000000000004
277 0.8540000000000003
278 0.8548000000000003
279 0.8580000000000004
280 0.8592000000000003
281 0.8608000000000002
282 0.8608000000000002
283 0.8612000000000002
284 0.8604000000000002
285 0.8588000000000002
286 0.8572000000000004
287 0.8556000000000004
288 0.8532000000000002
289 0.8512000000000003
290 0.8496000000000002
291 0.8496000000000002
292 0.8484000000000002
293 0.8464000000000003
294 0.8456000000000004
295 0.8448000000000003
296 0.8424000000000003
297 0.8412000000000002
298 0.8416000000000002
299 0.8408000000000001
300 0.8432
301 0.8467999999999999
302 0.8496000000000001
303 0.8504
304 0.8535999999999997
305 0.8539999999999999
306 0.8540000000000001
307 0.8532000000000002
308 0.8512000000000002
309 0.8500000000000001
310 0.8488000000000002
311 0.8476
312 0.8464
313 0.8448
314 0.8436
315 0.8420000000000001
316 0.84
317 0.8383999999999999
318 0.8388
319 0.8383999999999999
320 0.8376
321 0.8364000000000001
322 0.8372000000000002
323 0.8372000000000002
324 0.8392000000000002
325 0.8412000000000002
326 0.8436000000000001
327 0.8432000000000001
328 0.8448
329 0.8456
330 0.8467999999999998
331 0.8484
332 0.8484
333 0.8475999999999999
334 0.8464
335 0.8440000000000001
336 0.8440000000000001
337 0.8423999999999999
338 0.8403999999999998
339 0.8375999999999999
340 0.8363999999999998
341 0.8359999999999999
342 0.8351999999999997
343 0.8343999999999997
344 0.834
345 0.8331999999999999
346 0.8335999999999999
347 0.8355999999999999
348 0.8367999999999999
349 0.8379999999999999
350 0.8403999999999999
351 0.8427999999999998
352 0.8447999999999999
353 0.8439999999999999
354 0.8483999999999999
355 0.8483999999999997
356 0.8479999999999999
357 0.8467999999999999
358 0.8452
359 0.8439999999999999
360 0.8432
361 0.8412000000000001
362 0.8392000000000002
363 0.8376
364 0.8368000000000001
365 0.8360000000000001
366 0.8344000000000001
367 0.8344
368 0.8344
369 0.8340000000000001
370 0.8348
371 0.8351999999999999
372 0.8376000000000002
373 0.8420000000000001
374 0.8452000000000003
375 0.8456000000000001
376 0.846
377 0.8492000000000001
378 0.8492000000000001
379 0.8472
380 0.8471999999999998
381 0.8467999999999999
382 0.8455999999999997
383 0.8435999999999999
384 0.8423999999999999
385 0.8407999999999999
386 0.8391999999999998
387 0.8383999999999999
388 0.8367999999999999
389 0.8340000000000001
390 0.8336
391 0.8335999999999999
392 0.8319999999999999
393 0.8307999999999999
394 0.8323999999999999
395 0.8355999999999999
396 0.8388
397 0.8412
398 0.8435999999999999
399 0.8476
400 0.8460000000000001
401 0.8468000000000001
402 0.8504
403 0.8508
404 0.8504000000000002
405 0.8500000000000001
406 0.8492000000000001
407 0.8483999999999999
408 0.8467999999999999
409 0.8448
410 0.8440000000000001
411 0.8424
412 0.8408000000000001
413 0.8404
414 0.8388
415 0.8368000000000001
416 0.8356
417 0.8344
418 0.8347999999999999
419 0.8344
420 0.8375999999999999
421 0.8424
422 0.8471999999999998
423 0.8479999999999999
424 0.8503999999999999
425 0.8508
426 0.8536
427 0.8560000000000001
428 0.8556000000000001
429 0.8552000000000001
430 0.8536
431 0.8516000000000001
432 0.8492000000000001
433 0.8472
434 0.8435999999999999
435 0.8416000000000001
436 0.8404000000000003
437 0.8388000000000001
438 0.8356000000000001
439 0.834
440 0.8331999999999999
441 0.8327999999999999
442 0.8303999999999998
443 0.8327999999999999
444 0.8343999999999998
445 0.8367999999999999
446 0.8383999999999999
447 0.8420000000000001
448 0.8404000000000003
449 0.8424000000000003
450 0.8392000000000002
451 0.8372000000000002
452 0.834
453 0.8323999999999999
454 0.8312
455 0.8308000000000001
456 0.8283999999999999
457 0.8263999999999999
458 0.826
459 0.8243999999999998
460 0.8223999999999998
461 0.8208
462 0.8191999999999999
463 0.8175999999999999
464 0.8164
465 0.8151999999999999
466 0.8139999999999997
467 0.8156
468 0.8168
469 0.8216
470 0.826
471 0.8263999999999999
472 0.8275999999999999
473 0.8260000000000001
474 0.8223999999999999
475 0.8216000000000001
476 0.8188000000000001
477 0.816
478 0.8128
479 0.8096
480 0.8072
481 0.8064
482 0.8044
483 0.8032
484 0.802
485 0.7996
486 0.7975999999999999
487 0.7959999999999999
488 0.7955999999999999
489 0.7951999999999999
490 0.7951999999999999
491 0.7968000000000001
492 0.7996
493 0.8027999999999998
494 0.8047999999999998
495 0.8076000000000001
496 0.8108
497 0.8124000000000002
498 0.8140000000000002
499 0.8144000000000002
500 0.8156000000000003
501 0.8152000000000003
502 0.8112
503 0.8092
504 0.8068000000000001
505 0.8056
506 0.8036000000000001
507 0.8008000000000002
508 0.7996000000000002
509 0.7984
510 0.7972000000000001
511 0.7968000000000002
512 0.7960000000000003
513 0.7948000000000002
514 0.7936000000000001
515 0.7944000000000001
516 0.7972
517 0.7988000000000001
518 0.8012000000000001
519 0.8048000000000002
520 0.8076000000000001
521 0.8108000000000004
522 0.8120000000000003
523 0.8100000000000003
524 0.8112000000000004
525 0.8116000000000002
526 0.8112000000000001
527 0.8100000000000002
528 0.8088000000000001
529 0.8080000000000002
530 0.8068000000000001
531 0.8056
532 0.8052000000000001
533 0.804
534 0.8036000000000001
535 0.8024
536 0.8012000000000001
537 0.8012
538 0.8016000000000001
539 0.8016000000000001
540 0.8032
541 0.8064000000000001
542 0.8088000000000001
543 0.8104
544 0.8140000000000002
545 0.8148000000000002
546 0.8148000000000002
547 0.8148000000000002
548 0.8140000000000002
549 0.8132000000000003
550 0.8116000000000002
551 0.8088000000000002
552 0.8072000000000003
553 0.8052000000000002
554 0.8028
555 0.802
556 0.8012
557 0.8
558 0.7992000000000001
559 0.7988000000000003
560 0.7976000000000001
561 0.7972
562 0.7975999999999999
563 0.8004000000000001
564 0.8040000000000002
565 0.8092000000000001
566 0.8116000000000001
567 0.8136000000000001
568 0.8144000000000002
569 0.8168000000000001
570 0.8199999999999998
571 0.8195999999999999
572 0.8176000000000001
573 0.8140000000000002
574 0.8128000000000002
575 0.8116000000000002
576 0.8100000000000003
577 0.8072000000000001
578 0.8032
579 0.8008000000000002
580 0.7992
581 0.7976000000000002
582 0.7968000000000002
583 0.7964000000000001
584 0.7940000000000002
585 0.7916000000000003
586 0.7928000000000003
587 0.7980000000000003
588 0.8024000000000003
589 0.8072000000000003
590 0.8080000000000003
591 0.8092000000000001
592 0.8092000000000001
593 0.81
594 0.8112000000000001
595 0.8108000000000003
596 0.8128000000000002
597 0.8096000000000001
598 0.8076000000000001
599 0.8072
600 0.8056000000000002
601 0.8040000000000002
602 0.8008000000000002
603 0.7964000000000001
604 0.7944000000000001
605 0.7928000000000002
606 0.7903999999999999
607 0.79
608 0.7896000000000001
609 0.7883999999999999
610 0.7879999999999999
611 0.7887999999999998
612 0.7907999999999998
613 0.7919999999999997
614 0.7943999999999999
615 0.7943999999999999
616 0.7979999999999998
617 0.8051999999999997
618 0.8107999999999999
619 0.8127999999999997
620 0.8127999999999999
621 0.8092
622 0.8096000000000001
623 0.8068000000000001
624 0.8052000000000002
625 0.8024000000000002
626 0.8
627 0.7992
628 0.7972000000000001
629 0.7956
630 0.7948000000000001
631 0.7920000000000001
632 0.7904000000000001
633 0.7908000000000003
634 0.7904000000000002
635 0.7912000000000002
636 0.7936000000000001
637 0.7979999999999999
638 0.8020000000000003
639 0.8052000000000002
640 0.8072000000000003
641 0.8092000000000003
642 0.8108000000000003
643 0.8124000000000002
644 0.8104
645 0.8084
646 0.8056
647 0.8028
648 0.8011999999999999
649 0.7988
650 0.7975999999999999
651 0.7956
652 0.7936
653 0.7928000000000001
654 0.792
655 0.7916000000000001
656 0.7916000000000001
657 0.79
658 0.7916
659 0.7916000000000001
660 0.7956
661 0.796
662 0.7956000000000003
663 0.7988000000000001
664 0.8020000000000002
665 0.8068000000000004
666 0.8068000000000004
667 0.8056000000000002
668 0.8028000000000003
669 0.7996000000000002
670 0.8000000000000002
671 0.7980000000000003
672 0.796
673 0.7932000000000001
674 0.7928000000000002
675 0.7920000000000001
676 0.7900000000000003
677 0.7888000000000003
678 0.7884000000000003
679 0.7876000000000003
680 0.7876000000000002
681 0.7864000000000003
682 0.7856000000000003
683 0.7900000000000003
684 0.7936000000000003
685 0.7964000000000001
686 0.8004000000000002
687 0.8019999999999999
688 0.8055999999999999
689 0.8064
690 0.8080000000000002
691 0.8104000000000003
692 0.8092000000000001
693 0.8084000000000002
694 0.8072000000000003
695 0.8068000000000001
696 0.8052000000000001
697 0.8044000000000001
698 0.8032
699 0.802
700 0.8012000000000001
701 0.8004000000000001
702 0.7996000000000001
703 0.7988000000000003
704 0.7972000000000001
705 0.7964000000000001
706 0.7964000000000001
707 0.7976000000000002
708 0.7984000000000002
709 0.7980000000000002
710 0.8008000000000003
711 0.8024000000000001
712 0.8036
713 0.8071999999999997
714 0.8091999999999999
715 0.8099999999999998
716 0.8087999999999999
717 0.8075999999999998
718 0.8059999999999998
719 0.8039999999999998
720 0.8035999999999999
721 0.7992
722 0.7971999999999998
723 0.7955999999999999
724 0.7944
725 0.7939999999999999
726 0.7935999999999999
727 0.7912
728 0.7908
729 0.7903999999999999
730 0.79
731 0.7908000000000002
732 0.7924000000000001
733 0.7952000000000001
734 0.7964
735 0.7979999999999998
736 0.802
737 0.8031999999999998
738 0.8108
739 0.8123999999999999
740 0.8108
741 0.8108
742 0.8088000000000001
743 0.8088000000000001
744 0.8072000000000001
745 0.8048000000000002
746 0.8016000000000001
747 0.7996000000000001
748 0.7984
749 0.7968000000000001
750 0.7964000000000001
751 0.7964000000000003
752 0.7948000000000003
753 0.7940000000000004
754 0.7920000000000003
755 0.7928000000000003
756 0.7956
757 0.7992000000000001
758 0.8012000000000001
759 0.8043999999999998
760 0.8072
761 0.8079999999999999
762 0.8068000000000001
763 0.8036000000000001
764 0.8032000000000002
765 0.8020000000000002
766 0.7996
767 0.7968000000000001
768 0.7956
769 0.7936
770 0.7912
771 0.7884
772 0.7875999999999999
773 0.786
774 0.7844000000000002
775 0.7828000000000003
776 0.7816000000000003
777 0.7808000000000004
778 0.7812000000000003
779 0.7840000000000004
780 0.7880000000000003
781 0.7912000000000003
782 0.7944000000000002
783 0.796
784 0.7996000000000002
785 0.8004000000000002
786 0.8024000000000002
787 0.8028
788 0.8004000000000001
789 0.8008
790 0.7984
791 0.7976000000000002
792 0.7948000000000003
793 0.7924000000000003
794 0.7892000000000003
795 0.7860000000000003
796 0.7832000000000003
797 0.7812000000000004
798 0.7804000000000003
799 0.7788000000000004
800 0.7784000000000003
801 0.7760000000000004
802 0.7768000000000004
803 0.7772000000000004
804 0.7808000000000004
805 0.7856000000000002
806 0.7884000000000002
807 0.7908000000000003
808 0.7948000000000002
809 0.7972
810 0.8003999999999999
811 0.8011999999999999
812 0.8011999999999999
813 0.7979999999999998
814 0.7971999999999998
815 0.7948000000000001
816 0.7939999999999999
817 0.7928000000000001
818 0.7916
819 0.7904000000000001
820 0.7896
821 0.7884
822 0.7852000000000001
823 0.7832000000000002
824 0.7824000000000004
825 0.7816000000000004
826 0.7804000000000003
827 0.7828000000000003
828 0.7856000000000002
829 0.7912
830 0.7936
831 0.7944000000000001
832 0.7968000000000002
833 0.7992
834 0.8020000000000002
835 0.8020000000000003
836 0.8008000000000004
837 0.7992000000000001
838 0.7964000000000001
839 0.7944000000000001
840 0.7908000000000003
841 0.7896000000000002
842 0.7884000000000002
843 0.7868000000000002
844 0.7848000000000003
845 0.7832000000000002
846 0.7816000000000003
847 0.7812000000000002
848 0.7816000000000003
849 0.7808000000000002
850 0.7816000000000001
851 0.7832000000000002
852 0.7852000000000002
853 0.786
854 0.7872000000000001
855 0.7904000000000003
856 0.7940000000000002
857 0.7976000000000003
858 0.8008000000000003
859 0.8012000000000004
860 0.8024000000000001
861 0.7988000000000003
862 0.7984000000000002
863 0.7940000000000002
864 0.7916000000000003
865 0.7892000000000001
866 0.7876000000000002
867 0.7864000000000001
868 0.7860000000000003
869 0.7844000000000001
870 0.7840000000000003
871 0.7828000000000003
872 0.7824000000000004
873 0.7836000000000004
874 0.7856000000000003
875 0.7868000000000002
876 0.7884000000000002
877 0.79
878 0.7924
879 0.7948000000000001
880 0.8008
881 0.8011999999999999
882 0.8039999999999998
883 0.8035999999999998
884 0.8003999999999999
885 0.8008
886 0.7980000000000003
887 0.7964
888 0.7951999999999999
889 0.7919999999999999
890 0.7904000000000001
891 0.7888000000000001
892 0.7876000000000001
893 0.786
894 0.7836
895 0.7832000000000001
896 0.782
897 0.7808000000000002
898 0.7800000000000001
899 0.7812
900 0.7815999999999999
901 0.7839999999999998
902 0.7871999999999997
903 0.7896000000000001
904 0.7916
905 0.7979999999999999
906 0.7991999999999999
907 0.7999999999999997
908 0.7995999999999998
909 0.7991999999999999
910 0.7983999999999999
911 0.794
912 0.7916000000000001
913 0.7896000000000001
914 0.7872000000000001
915 0.7852
916 0.7824
917 0.7808000000000002
918 0.7804000000000001
919 0.7787999999999999
920 0.778
921 0.7768
922 0.7780000000000001
923 0.7792000000000001
924 0.7828000000000002
925 0.7876000000000002
926 0.7876000000000002
927 0.7924000000000001
928 0.7968
929 0.8004000000000001
930 0.8015999999999999
931 0.7988
932 0.7976000000000002
933 0.7948000000000002
934 0.7939999999999999
935 0.792
936 0.7884
937 0.7832000000000001
938 0.7824
939 0.7812
940 0.7784
941 0.7760000000000001
942 0.7748
943 0.774
944 0.7740000000000002
945 0.7736000000000003
946 0.7744000000000001
947 0.774
948 0.7768
949 0.7804000000000001
950 0.7852000000000001
951 0.7891999999999999
952 0.7952000000000001
953 0.7960000000000003
954 0.7964
955 0.7964
956 0.7968000000000001
957 0.7944000000000001
958 0.7928000000000001
959 0.7903999999999999
960 0.7876000000000001
961 0.784
962 0.7820000000000001
963 0.7807999999999999
964 0.7804000000000001
965 0.7784000000000002
966 0.7752000000000001
967 0.7744000000000001
968 0.7740000000000002
969 0.7744000000000001
970 0.7752000000000002
971 0.7768000000000002
972 0.7780000000000001
973 0.7816
974 0.7831999999999999
975 0.7884
976 0.7939999999999999
977 0.796
978 0.7964000000000003
979 0.7976000000000003
980 0.7952000000000004
981 0.7936000000000004
982 0.7896000000000002
983 0.7884000000000002
984 0.7872000000000001
985 0.7836000000000003
986 0.7816000000000001
987 0.7784000000000002
988 0.7768000000000002
989 0.7740000000000002
990 0.7728000000000002
991 0.7704000000000002
992 0.7688000000000001
993 0.7684000000000002
994 0.7688000000000001
995 0.7720000000000001
996 0.7772000000000001
997 0.7788000000000003
998 0.7824000000000002
999 0.7820000000000004
1000 0.7844
1001 0.7839999999999999
1002 0.7856000000000002
1003 0.7872000000000001
1004 0.7868
1005 0.7848
1006 0.7836
1007 0.7816
1008 0.7811999999999999
1009 0.7791999999999999
1010 0.7767999999999999
1011 0.7756000000000001
1012 0.7744
1013 0.7728
1014 0.7728
1015 0.7724
1016 0.7716
1017 0.7696
1018 0.7688000000000001
1019 0.7715999999999998
1020 0.7759999999999997
1021 0.7807999999999997
1022 0.7831999999999998
1023 0.7831999999999998
1024 0.7847999999999997
1025 0.7887999999999995
1026 0.7879999999999996
1027 0.7867999999999996
1028 0.7871999999999999
1029 0.7871999999999999
1030 0.7839999999999999
1031 0.7811999999999999
1032 0.7791999999999999
1033 0.7779999999999997
1034 0.7771999999999999
1035 0.7751999999999998
1036 0.7731999999999998
1037 0.7723999999999998
1038 0.7711999999999998
1039 0.7719999999999998
1040 0.7715999999999997
1041 0.7703999999999998
1042 0.7711999999999997
1043 0.7715999999999997
1044 0.7743999999999996
1045 0.7747999999999997
1046 0.7771999999999996
1047 0.7823999999999998
1048 0.7863999999999998
1049 0.7879999999999997
1050 0.7875999999999997
1051 0.7871999999999997
1052 0.7887999999999998
1053 0.7867999999999999
1054 0.7852
1055 0.7836
1056 0.7823999999999998
1057 0.7811999999999998
1058 0.7803999999999998
1059 0.7787999999999998
1060 0.7767999999999998
1061 0.7743999999999996
1062 0.7727999999999997
1063 0.7731999999999997
1064 0.7711999999999998
1065 0.7719999999999999
1066 0.7739999999999999
1067 0.7776
1068 0.7807999999999998
1069 0.7831999999999998
1070 0.7864
1071 0.7916000000000001
1072 0.7951999999999999
1073 0.7964
1074 0.7971999999999998
1075 0.7975999999999996
1076 0.7963999999999996
1077 0.7951999999999998
1078 0.7919999999999999
1079 0.7891999999999999
1080 0.7875999999999999
1081 0.7851999999999998
1082 0.7835999999999999
1083 0.7815999999999999
1084 0.7803999999999998
1085 0.7783999999999999
1086 0.778
1087 0.7767999999999999
1088 0.7756000000000001
1089 0.7764
1090 0.7759999999999999
1091 0.7800000000000001
1092 0.7824
1093 0.7847999999999999
1094 0.7880000000000001
1095 0.7924000000000001
1096 0.7944000000000002
1097 0.7975999999999999
1098 0.7972000000000001
1099 0.7972
1100 0.7984
1101 0.7972
1102 0.7939999999999999
1103 0.7919999999999999
1104 0.7892
1105 0.7863999999999999
1106 0.7851999999999998
1107 0.7843999999999999
1108 0.7831999999999998
1109 0.7815999999999999
1110 0.7819999999999999
1111 0.7803999999999999
1112 0.7796
1113 0.7772
1114 0.7767999999999999
1115 0.7796000000000001
1116 0.7831999999999999
1117 0.7884000000000002
1118 0.7932000000000003
1119 0.7972000000000002
1120 0.8
1121 0.8008000000000002
1122 0.8024
1123 0.8004000000000001
1124 0.8004000000000001
1125 0.7980000000000002
1126 0.7956000000000002
1127 0.7940000000000002
1128 0.7916000000000001
1129 0.7888
1130 0.7879999999999999
1131 0.7872
1132 0.7852
1133 0.7832000000000001
1134 0.782
1135 0.782
1136 0.7807999999999998
1137 0.78
1138 0.7804000000000001
1139 0.7804000000000001
1140 0.7824
1141 0.7879999999999999
1142 0.7904000000000001
1143 0.7915999999999999
1144 0.7919999999999997
1145 0.7967999999999997
1146 0.7943999999999999
1147 0.7964
1148 0.7951999999999999
1149 0.7944
1150 0.7927999999999998
1151 0.7911999999999999
1152 0.7856000000000001
1153 0.7836
1154 0.7824
1155 0.7807999999999999
1156 0.778
1157 0.7756000000000001
1158 0.7744000000000001
1159 0.774
1160 0.7736000000000002
1161 0.772
1162 0.772
1163 0.7731999999999999
1164 0.7748
1165 0.7804000000000001
1166 0.7836
1167 0.7856000000000002
1168 0.7892
1169 0.7916000000000001
1170 0.7932000000000002
1171 0.7944000000000001
1172 0.7912000000000003
1173 0.7884
1174 0.7856000000000001
1175 0.7799999999999998
1176 0.7783999999999999
1177 0.7755999999999998
1178 0.7735999999999998
1179 0.7711999999999999
1180 0.77
1181 0.7684000000000001
1182 0.7664
1183 0.7656000000000001
1184 0.7644
1185 0.7639999999999999
1186 0.7639999999999999
1187 0.7659999999999999
1188 0.7707999999999999
1189 0.7744000000000003
1190 0.7764
1191 0.7772
1192 0.7755999999999998
1193 0.7776
1194 0.7783999999999999
1195 0.78
1196 0.7792000000000001
1197 0.7792000000000001
1198 0.7780000000000001
1199 0.7772000000000001
1200 0.7744000000000001
1201 0.772
1202 0.7707999999999999
1203 0.7691999999999999
1204 0.7683999999999999
1205 0.7663999999999999
1206 0.7635999999999998
1207 0.7627999999999999
1208 0.7627999999999999
1209 0.7627999999999999
1210 0.7595999999999999
1211 0.7643999999999999
1212 0.7667999999999998
1213 0.7704
1214 0.7767999999999999
1215 0.7807999999999999
1216 0.7824
1217 0.7852000000000001
1218 0.7860000000000003
1219 0.7868000000000002
1220 0.7868000000000002
1221 0.7840000000000003
1222 0.7820000000000001
1223 0.7800000000000001
1224 0.7772
1225 0.7759999999999999
1226 0.7744000000000001
1227 0.7716000000000001
1228 0.7696000000000001
1229 0.7687999999999999
1230 0.768
1231 0.7676
1232 0.7667999999999999
1233 0.7651999999999998
1234 0.7664
1235 0.7704
1236 0.7724
1237 0.7744
1238 0.7776000000000001
1239 0.778
1240 0.7815999999999999
1241 0.7807999999999999
1242 0.7816000000000001
1243 0.7800000000000001
1244 0.7796
1245 0.7756000000000001
1246 0.7744000000000001
1247 0.7748000000000002
1248 0.7712
1249 0.7707999999999999
1250 0.7696
1251 0.7667999999999998
1252 0.7647999999999999
1253 0.7639999999999999
1254 0.7639999999999998
1255 0.7627999999999997
1256 0.7611999999999999
1257 0.7607999999999998
1258 0.7615999999999997
1259 0.7643999999999997
1260 0.7687999999999998
1261 0.7699999999999999
1262 0.7731999999999999
1263 0.7759999999999999
1264 0.778
1265 0.7811999999999999
1266 0.7807999999999999
1267 0.7816
1268 0.7824
1269 0.7799999999999998
1270 0.7776
1271 0.7751999999999998
1272 0.7724
1273 0.7696
1274 0.7672
1275 0.7655999999999998
1276 0.7647999999999999
1277 0.7639999999999999
1278 0.7611999999999999
1279 0.7604000000000001
1280 0.7608
1281 0.7595999999999999
1282 0.7587999999999999
1283 0.7580000000000001
1284 0.7604000000000001
1285 0.7648
1286 0.7656000000000001
1287 0.7712
1288 0.7744000000000001
1289 0.7824000000000001
1290 0.7812
1291 0.7832000000000001
1292 0.7808000000000002
1293 0.7788000000000003
1294 0.7760000000000001
1295 0.7720000000000001
1296 0.7724000000000001
1297 0.7708000000000002
1298 0.7672000000000001
1299 0.7636000000000002
1300 0.7611999999999999
1301 0.7579999999999998
1302 0.7563999999999997
1303 0.7555999999999997
1304 0.7543999999999998
1305 0.7531999999999998
1306 0.7531999999999998
1307 0.7555999999999998
1308 0.7604
1309 0.7635999999999998
1310 0.768
1311 0.7708000000000002
1312 0.774
1313 0.778
1314 0.7804000000000002
1315 0.7796
1316 0.782
1317 0.7800000000000001
1318 0.7776
1319 0.7759999999999999
1320 0.7743999999999999
1321 0.7735999999999998
1322 0.7719999999999998
1323 0.7687999999999998
1324 0.7663999999999999
1325 0.7631999999999999
1326 0.7624
1327 0.7624
1328 0.7604
1329 0.7591999999999999
1330 0.7587999999999998
1331 0.7595999999999999
1332 0.7619999999999998
1333 0.7635999999999997
1334 0.7687999999999999
1335 0.7691999999999998
1336 0.7719999999999999
1337 0.7736
1338 0.7756000000000001
1339 0.7767999999999999
1340 0.7756000000000001
1341 0.7736
1342 0.7699999999999999
1343 0.7663999999999999
1344 0.7624
1345 0.7611999999999999
1346 0.7592
1347 0.7580000000000001
1348 0.7560000000000001
1349 0.7544
1350 0.7532
1351 0.7532
1352 0.7515999999999999
1353 0.7520000000000002
1354 0.7540000000000002
1355 0.7556000000000003
1356 0.7560000000000006
1357 0.7596000000000004
1358 0.7624000000000004
1359 0.7676000000000003
1360 0.7724000000000002
1361 0.7772000000000001
1362 0.7756000000000001
1363 0.7735999999999998
1364 0.7724
1365 0.7704000000000001
1366 0.7680000000000002
1367 0.7632000000000002
1368 0.7628000000000001
1369 0.7596
1370 0.7584000000000002
1371 0.7556
1372 0.7548
1373 0.7527999999999999
1374 0.7519999999999999
1375 0.7508
1376 0.7495999999999999
1377 0.7504
1378 0.7512000000000001
1379 0.7516000000000002
1380 0.7532000000000001
1381 0.7580000000000001
1382 0.7612000000000001
1383 0.7664
1384 0.7672000000000003
1385 0.7684000000000002
1386 0.7732000000000002
1387 0.7712000000000002
1388 0.7688000000000003
1389 0.7692000000000001
1390 0.7664000000000002
1391 0.7632000000000002
1392 0.7608000000000003
1393 0.7604000000000002
1394 0.7572000000000003
1395 0.7560000000000002
1396 0.7552000000000004
1397 0.7536000000000004
1398 0.7524000000000004
1399 0.7524000000000002
1400 0.7504000000000002
1401 0.7496000000000003
1402 0.7496
1403 0.7508
1404 0.7595999999999999
1405 0.7616
1406 0.7652000000000001
1407 0.7692
1408 0.7756000000000001
1409 0.7776000000000002
1410 0.7771999999999999
1411 0.7799999999999998
1412 0.7796
1413 0.7775999999999997
1414 0.7767999999999998
1415 0.7763999999999998
1416 0.7743999999999996
1417 0.7719999999999998
1418 0.7667999999999999
1419 0.7663999999999999
1420 0.7643999999999999
1421 0.7611999999999999
1422 0.7591999999999998
1423 0.7591999999999998
1424 0.7575999999999999
1425 0.7563999999999999
1426 0.7575999999999999
1427 0.7591999999999998
1428 0.7612000000000001
1429 0.7644000000000001
1430 0.7656000000000001
1431 0.7667999999999998
1432 0.7724
1433 0.7763999999999998
1434 0.7816000000000001
1435 0.7800000000000001
1436 0.7792
1437 0.7768000000000002
1438 0.7752000000000001
1439 0.7712000000000002
1440 0.7696000000000002
1441 0.7668
1442 0.7644000000000001
1443 0.7620000000000001
1444 0.7612000000000003
1445 0.7596000000000004
1446 0.7592000000000003
1447 0.7584000000000003
1448 0.7576000000000004
1449 0.7544000000000001
1450 0.7552
1451 0.7584000000000001
1452 0.7624
1453 0.7660000000000001
1454 0.7688000000000001
1455 0.7732000000000001
1456 0.7764000000000002
1457 0.7792
1458 0.7836000000000002
1459 0.7864000000000003
1460 0.786
1461 0.7816000000000003
1462 0.7788000000000004
1463 0.7756000000000001
1464 0.7732000000000001
1465 0.772
1466 0.7700000000000001
1467 0.7696000000000001
1468 0.7676000000000001
1469 0.7668
1470 0.7656000000000001
1471 0.7644000000000001
1472 0.7639999999999999
1473 0.7652
1474 0.7652000000000001
1475 0.7660000000000002
1476 0.7688000000000001
1477 0.7712000000000002
1478 0.7756000000000002
1479 0.7748
1480 0.7803999999999999
1481 0.7831999999999998
1482 0.7868
1483 0.7875999999999999
1484 0.7872000000000001
1485 0.7848
1486 0.7780000000000001
1487 0.774
1488 0.7704000000000001
1489 0.7663999999999999
1490 0.7652
1491 0.7631999999999999
1492 0.7615999999999999
1493 0.7608
1494 0.76
1495 0.7595999999999999
1496 0.7599999999999999
1497 0.7604
1498 0.7599999999999999
1499 0.7608
1500 0.7631999999999999
1501 0.7664
1502 0.7680000000000001
1503 0.7707999999999999
1504 0.7744
1505 0.7756000000000001
1506 0.778
1507 0.78
1508 0.7796000000000001
1509 0.7784
1510 0.7768
1511 0.7756000000000001
1512 0.7711999999999999
1513 0.7667999999999999
1514 0.7639999999999999
1515 0.7619999999999999
1516 0.7604
1517 0.7595999999999999
1518 0.7592
1519 0.7584000000000001
1520 0.7572
1521 0.7555999999999998
1522 0.7567999999999999
1523 0.7591999999999999
1524 0.7639999999999998
1525 0.7692
1526 0.7724
1527 0.7760000000000001
1528 0.7784000000000002
1529 0.7764000000000002
1530 0.7792000000000001
1531 0.7796000000000002
1532 0.7784000000000002
1533 0.7764000000000002
1534 0.7752000000000001
1535 0.7724000000000001
1536 0.7700000000000002
1537 0.7672000000000001
1538 0.7652000000000001
1539 0.7628000000000001
1540 0.7624000000000001
1541 0.7596
1542 0.7596
1543 0.7584000000000002
1544 0.7568
1545 0.7544
1546 0.7559999999999999
1547 0.7576
1548 0.7595999999999999
1549 0.7628
1550 0.7644000000000001
1551 0.768
1552 0.7716000000000001
1553 0.7756000000000001
1554 0.7764
1555 0.7764
1556 0.7736
1557 0.7699999999999999
1558 0.7651999999999998
1559 0.7624
1560 0.7592
1561 0.7588000000000001
1562 0.7564
1563 0.7555999999999998
1564 0.7547999999999999
1565 0.7536
1566 0.7512000000000001
1567 0.7496
1568 0.7484000000000002
1569 0.7484000000000001
1570 0.7492000000000002
1571 0.7512000000000001
1572 0.7544000000000001
1573 0.7596000000000003
1574 0.7652000000000002
1575 0.7696000000000001
1576 0.7728000000000003
1577 0.7792000000000001
1578 0.7848000000000002
1579 0.786
1580 0.7864000000000001
1581 0.7820000000000001
1582 0.7776000000000001
1583 0.7748
1584 0.7732000000000001
1585 0.7708000000000002
1586 0.7692
1587 0.7676000000000001
1588 0.7672
1589 0.7636000000000002
1590 0.7620000000000003
1591 0.7616000000000003
1592 0.7620000000000003
1593 0.7604000000000003
1594 0.7604000000000002
1595 0.7608000000000003
1596 0.7659999999999999
1597 0.7687999999999999
1598 0.7707999999999999
1599 0.7732000000000001
1600 0.7792000000000001
1601 0.7812000000000002
1602 0.7848000000000002
1603 0.784
1604 0.7828000000000002
1605 0.7824000000000002
1606 0.7800000000000001
1607 0.7760000000000001
1608 0.7732000000000002
1609 0.7707999999999999
1610 0.7696000000000001
1611 0.7688000000000001
1612 0.7672000000000001
1613 0.7644000000000001
1614 0.764
1615 0.7636
1616 0.7624
1617 0.7604000000000001
1618 0.76
1619 0.7600000000000001
1620 0.7628
1621 0.7644
1622 0.7664
1623 0.7708000000000002
1624 0.7712
1625 0.7744000000000001
1626 0.7748000000000002
1627 0.7752000000000001
1628 0.7740000000000004
1629 0.7700000000000002
1630 0.7676000000000002
1631 0.7660000000000002
1632 0.7652000000000002
1633 0.7628000000000001
1634 0.7604000000000002
1635 0.7576
1636 0.754
1637 0.7528
1638 0.752
1639 0.7515999999999999
1640 0.75
1641 0.7488000000000001
1642 0.7496
1643 0.7524000000000002
1644 0.7572000000000001
1645 0.7592
1646 0.7652
1647 0.7696000000000001
1648 0.7708000000000002
1649 0.7744000000000001
1650 0.7748000000000002
1651 0.7768
1652 0.7748000000000002
1653 0.7728000000000002
1654 0.7700000000000001
1655 0.7672
1656 0.7636
1657 0.7611999999999999
1658 0.7592
1659 0.7568
1660 0.7559999999999999
1661 0.7556
1662 0.7532000000000001
1663 0.7515999999999999
1664 0.7511999999999999
1665 0.7511999999999999
1666 0.7512000000000001
1667 0.752
1668 0.7540000000000002
1669 0.7568000000000003
1670 0.7631999999999999
1671 0.7675999999999997
1672 0.7695999999999998
1673 0.7747999999999997
1674 0.7760000000000001
1675 0.7764000000000002
1676 0.7752000000000001
1677 0.7724000000000001
1678 0.7652
1679 0.7644
1680 0.7635999999999998
1681 0.7635999999999998
1682 0.7615999999999999
1683 0.7608
1684 0.7584000000000002
1685 0.7572000000000001
1686 0.7560000000000002
1687 0.7564000000000002
1688 0.7552000000000002
1689 0.7556000000000003
1690 0.7564000000000002
1691 0.7588000000000001
1692 0.7604000000000001
1693 0.7663999999999999
1694 0.7712000000000002
1695 0.7748000000000002
1696 0.7776000000000001
1697 0.7776
1698 0.7780000000000001
1699 0.7792000000000001
1700 0.7768000000000004
1701 0.7732000000000006
1702 0.7700000000000006
1703 0.7684000000000004
1704 0.7676000000000005
1705 0.7664000000000004
1706 0.7612000000000004
1707 0.7592000000000004
1708 0.7584000000000004
1709 0.7572000000000004
1710 0.7568000000000004
1711 0.7560000000000006
1712 0.7564000000000004
1713 0.7548000000000004
1714 0.7552000000000002
1715 0.7592000000000002
1716 0.7612000000000002
1717 0.7660000000000001
1718 0.7704000000000001
1719 0.7716
1720 0.7744000000000001
1721 0.7764
1722 0.7780000000000002
1723 0.7752
1724 0.7735999999999998
1725 0.7696
1726 0.7656000000000001
1727 0.7628
1728 0.76
1729 0.7587999999999999
1730 0.7559999999999999
1731 0.7544
1732 0.75
1733 0.7487999999999999
1734 0.7472
1735 0.7468
1736 0.7464
1737 0.7456
1738 0.7460000000000001
1739 0.7472
1740 0.7508000000000001
1741 0.754
1742 0.7563999999999999
1743 0.7592
1744 0.7632000000000002
1745 0.7660000000000002
1746 0.7700000000000001
1747 0.7712000000000002
1748 0.7676000000000002
1749 0.7680000000000002
1750 0.7664000000000002
1751 0.7624000000000002
1752 0.7592000000000002
1753 0.7572000000000003
1754 0.7560000000000002
1755 0.7548000000000004
1756 0.7524000000000004
1757 0.7512000000000003
1758 0.7492000000000003
1759 0.7476000000000002
1760 0.7464000000000002
1761 0.7456000000000002
1762 0.7456000000000002
1763 0.7476000000000002
1764 0.7508000000000002
1765 0.7520000000000002
1766 0.7536000000000002
1767 0.7572000000000001
1768 0.7580000000000001
1769 0.7596000000000003
1770 0.7644000000000003
1771 0.7640000000000002
1772 0.7612000000000002
1773 0.7592000000000002
1774 0.7556
1775 0.7544
1776 0.7536
1777 0.7528000000000001
1778 0.7508000000000001
1779 0.7496000000000003
1780 0.7488000000000002
1781 0.7468
1782 0.7436000000000001
1783 0.742
1784 0.7412000000000002
1785 0.7404000000000002
1786 0.7400000000000001
1787 0.7420000000000002
1788 0.7448000000000001
1789 0.7480000000000001
1790 0.7532000000000002
1791 0.7564000000000002
1792 0.7620000000000001
1793 0.7628000000000003
1794 0.7640000000000002
1795 0.7636000000000003
1796 0.7628000000000003
1797 0.7612000000000003
1798 0.7588000000000003
1799 0.7564000000000002
1800 0.7528000000000001
1801 0.7492000000000002
1802 0.7472000000000001
1803 0.7460000000000001
1804 0.7436
1805 0.7415999999999999
1806 0.7387999999999998
1807 0.7395999999999998
1808 0.7387999999999998
1809 0.7391999999999999
1810 0.7411999999999997
1811 0.7424000000000001
1812 0.7464000000000002
1813 0.748
1814 0.7548000000000001
1815 0.7552000000000002
1816 0.7628
1817 0.7664000000000002
1818 0.7723999999999998
1819 0.7712
1820 0.7688000000000001
1821 0.7680000000000001
1822 0.7656000000000003
1823 0.7636000000000002
1824 0.7628000000000001
1825 0.7604000000000002
1826 0.7580000000000001
1827 0.7556
1828 0.7528
1829 0.7492
1830 0.7448
1831 0.7436
1832 0.742
1833 0.74
1834 0.7388000000000002
1835 0.7412000000000001
1836 0.7428000000000001
1837 0.7464000000000003
1838 0.7484000000000002
1839 0.7508000000000002
1840 0.7536000000000002
1841 0.7556
1842 0.7556000000000002
1843 0.7568000000000003
1844 0.7560000000000002
1845 0.7556000000000002
1846 0.7552000000000002
1847 0.7516000000000002
1848 0.7496
1849 0.7488000000000001
1850 0.7456000000000003
1851 0.7432000000000002
1852 0.7416000000000001
1853 0.7400000000000001
1854 0.7396
1855 0.7384000000000001
1856 0.7364
1857 0.7356
1858 0.7356
1859 0.7344000000000002
1860 0.7395999999999999
1861 0.7439999999999999
1862 0.748
1863 0.7496
1864 0.7504000000000001
1865 0.75
1866 0.7564
1867 0.7547999999999999
1868 0.7551999999999999
1869 0.7536
1870 0.7519999999999999
1871 0.7504
1872 0.7476
1873 0.7448
1874 0.7428000000000001
1875 0.7416000000000001
1876 0.7400000000000001
1877 0.74
1878 0.738
1879 0.7379999999999999
1880 0.7379999999999999
1881 0.7383999999999997
1882 0.7391999999999999
1883 0.7415999999999999
1884 0.7428
1885 0.7468
1886 0.7540000000000002
1887 0.7556000000000002
1888 0.7568000000000003
1889 0.7592
1890 0.7616
1891 0.7624000000000001
1892 0.7632000000000001
1893 0.7612000000000001
1894 0.7588000000000001
1895 0.7548000000000004
1896 0.7536000000000004
1897 0.7520000000000003
1898 0.7500000000000003
1899 0.7460000000000002
1900 0.7452000000000002
1901 0.7440000000000001
1902 0.7440000000000001
1903 0.7444
1904 0.7448
1905 0.7435999999999998
1906 0.7436
1907 0.7467999999999999
1908 0.7504
1909 0.7556
1910 0.7588000000000001
1911 0.7640000000000002
1912 0.7688000000000003
1913 0.7668000000000005
1914 0.7668000000000004
1915 0.7664000000000003
1916 0.7676000000000003
1917 0.7664000000000003
1918 0.7648000000000005
1919 0.7616000000000004
1920 0.7596000000000004
1921 0.7580000000000001
1922 0.7560000000000001
1923 0.7527999999999999
1924 0.7511999999999999
1925 0.7471999999999999
1926 0.7432
1927 0.7411999999999997
1928 0.7395999999999998
1929 0.7387999999999998
1930 0.7384
1931 0.7443999999999998
1932 0.7499999999999999
1933 0.7572
1934 0.7612000000000001
1935 0.7639999999999999
1936 0.7643999999999999
1937 0.7659999999999999
1938 0.7664000000000002
1939 0.7660000000000002
1940 0.7652000000000004
1941 0.7608000000000003
1942 0.7584000000000003
1943 0.7560000000000002
1944 0.7532000000000002
1945 0.7484000000000002
1946 0.7472000000000001
1947 0.7460000000000001
1948 0.7424000000000001
1949 0.7408
1950 0.738
1951 0.7356000000000001
1952 0.7328000000000003
1953 0.7312000000000002
1954 0.7336
1955 0.7347999999999999
1956 0.7387999999999999
1957 0.7419999999999999
1958 0.7467999999999999
1959 0.7488000000000001
1960 0.7524000000000002
1961 0.7564
1962 0.7584000000000001
1963 0.754
1964 0.7504
1965 0.7508
1966 0.7487999999999999
1967 0.7464
1968 0.7448
1969 0.7424000000000001
1970 0.7412000000000001
1971 0.7395999999999999
1972 0.7372
1973 0.7367999999999999
1974 0.7340000000000001
1975 0.7332
1976 0.7315999999999999
1977 0.7311999999999999
1978 0.7303999999999999
1979 0.7328
1980 0.7347999999999999
1981 0.7384
1982 0.7448
1983 0.7464000000000003
1984 0.7512000000000001
1985 0.7520000000000002
1986 0.7539999999999999
1987 0.7551999999999999
1988 0.7547999999999999
1989 0.7544
1990 0.7511999999999999
1991 0.7483999999999998
1992 0.7464
1993 0.7452
1994 0.7444
1995 0.7428
1996 0.7411999999999999
1997 0.7392
1998 0.7372000000000001
1999 0.7368000000000002
