1 1.0
2 1.0
3 1.0
4 1.0
5 1.0
6 1.0
7 1.0
8 1.0
9 1.0
10 1.0
11 1.0
12 1.0
13 1.0
14 1.0
15 1.0
16 1.0
17 1.0
18 1.0
19 0.998
20 0.998
21 0.998
22 0.998
23 0.998
24 0.9960000000000001
25 0.994
26 0.992
27 0.992
28 0.9899999999999999
29 0.9899999999999999
30 0.9899999999999999
31 0.9879999999999999
32 0.986
33 0.986
34 0.984
35 0.984
36 0.984
37 0.984
38 0.984
39 0.984
40 0.984
41 0.982
42 0.982
43 0.9800000000000001
44 0.9780000000000001
45 0.9780000000000001
46 0.9759999999999998
47 0.9739999999999999
48 0.9739999999999999
49 0.9719999999999999
50 0.9719999999999999
51 0.9719999999999999
52 0.9719999999999999
53 0.97
54 0.968
55 0.968
56 0.968
57 0.968
58 0.966
59 0.966
60 0.966
61 0.966
62 0.9640000000000001
63 0.9640000000000001
64 0.962
65 0.96
66 0.9560000000000001
67 0.9560000000000001
68 0.954
69 0.954
70 0.954
71 0.952
72 0.952
73 0.952
74 0.95
75 0.9460000000000001
76 0.9460000000000001
77 0.9460000000000001
78 0.9460000000000001
79 0.9420000000000002
80 0.9420000000000002
81 0.9420000000000002
82 0.9420000000000002
83 0.9420000000000002
84 0.9420000000000002
85 0.9420000000000002
86 0.9420000000000002
87 0.9420000000000002
88 0.9420000000000002
89 0.9420000000000002
90 0.9420000000000002
91 0.9420000000000002
92 0.9420000000000002
93 0.9420000000000002
94 0.9399999999999998
95 0.938
96 0.938
97 0.9359999999999999
98 0.9339999999999999
99 0.9339999999999999
100 0.932
101 0.932
102 0.93
103 0.93
104 0.9259999999999999
105 0.924
106 0.924
107 0.924
108 0.924
109 0.924
110 0.924
111 0.924
112 0.9219999999999999
113 0.9219999999999999
114 0.9179999999999999
115 0.9179999999999999
116 0.914
117 0.9080000000000001
118 0.9059999999999999
119 0.9059999999999999
120 0.898
121 0.8940000000000001
122 0.8920000000000001
123 0.8879999999999999
124 0.884
125 0.884
126 0.884
127 0.884
128 0.882
129 0.8800000000000001
130 0.8760000000000001
131 0.8719999999999999
132 0.8719999999999999
133 0.8699999999999999
134 0.8699999999999999
135 0.8699999999999999
136 0.866
137 0.8639999999999999
138 0.8639999999999999
139 0.8639999999999999
140 0.8619999999999999
141 0.8560000000000001
142 0.8539999999999999
143 0.8539999999999999
144 0.8539999999999999
145 0.852
146 0.85
147 0.8479999999999999
148 0.8479999999999999
149 0.8479999999999999
150 0.8479999999999999
151 0.8459999999999999
152 0.8459999999999999
153 0.8459999999999999
154 0.8459999999999999
155 0.844
156 0.844
157 0.844
158 0.842
159 0.8399999999999999
160 0.8399999999999999
161 0.8379999999999999
162 0.834
163 0.834
164 0.8320000000000001
165 0.826
166 0.8240000000000001
167 0.8219999999999998
168 0.82
169 0.818
170 0.8160000000000001
171 0.8160000000000001
172 0.812
173 0.8099999999999999
174 0.8099999999999999
175 0.808
176 0.808
177 0.806
178 0.806
179 0.806
180 0.806
181 0.8039999999999999
182 0.8039999999999999
183 0.8039999999999999
184 0.8039999999999999
185 0.8019999999999999
186 0.798
187 0.796
188 0.796
189 0.792
190 0.792
191 0.792
192 0.79
193 0.79
194 0.79
195 0.788
196 0.788
197 0.786
198 0.784
199 0.784
200 0.784
201 0.782
202 0.778
203 0.7739999999999999
204 0.7739999999999999
205 0.7739999999999999
206 0.772
207 0.772
208 0.772
209 0.772
210 0.77
211 0.77
212 0.77
213 0.77
214 0.768
215 0.768
216 0.768
217 0.7659999999999999
218 0.7659999999999999
219 0.76
220 0.76
221 0.76
222 0.76
223 0.76
224 0.76
225 0.756
226 0.756
227 0.7540000000000001
228 0.752
229 0.7500000000000001
230 0.7500000000000001
231 0.7500000000000001
232 0.7500000000000001
233 0.748
234 0.746
235 0.746
236 0.746
237 0.744
238 0.742
239 0.74
240 0.74
241 0.74
242 0.74
243 0.74
244 0.7360000000000001
245 0.7360000000000001
246 0.7340000000000002
247 0.7320000000000001
248 0.7320000000000001
249 0.7320000000000001
250 0.7300000000000001
251 0.7300000000000001
252 0.7300000000000001
253 0.7300000000000001
254 0.7300000000000001
255 0.7280000000000001
256 0.724
257 0.724
258 0.724
259 0.722
260 0.722
261 0.722
262 0.72
263 0.72
264 0.72
265 0.72
266 0.718
267 0.718
268 0.718
269 0.718
270 0.718
271 0.716
272 0.716
273 0.716
274 0.716
275 0.716
276 0.716
277 0.716
278 0.716
279 0.716
280 0.714
281 0.714
282 0.7100000000000001
283 0.7100000000000001
284 0.706
285 0.704
286 0.704
287 0.704
288 0.702
289 0.7
290 0.7
291 0.7
292 0.7
293 0.7
294 0.7
295 0.698
296 0.696
297 0.696
298 0.696
299 0.694
300 0.694
301 0.694
302 0.692
303 0.692
304 0.692
305 0.692
306 0.692
307 0.692
308 0.692
309 0.692
310 0.692
311 0.6900000000000001
312 0.688
313 0.688
314 0.688
315 0.686
316 0.686
317 0.686
318 0.686
319 0.686
320 0.686
321 0.686
322 0.6839999999999999
323 0.682
324 0.6799999999999999
325 0.6759999999999999
326 0.6759999999999999
327 0.6759999999999999
328 0.6759999999999999
329 0.6759999999999999
330 0.6759999999999999
331 0.6759999999999999
332 0.6759999999999999
333 0.6759999999999999
334 0.6759999999999999
335 0.6759999999999999
336 0.6759999999999999
337 0.6759999999999999
338 0.6759999999999999
339 0.6759999999999999
340 0.6759999999999999
341 0.6759999999999999
342 0.6759999999999999
343 0.6759999999999999
344 0.6719999999999999
345 0.6699999999999999
346 0.666
347 0.666
348 0.666
349 0.666
350 0.6639999999999999
351 0.662
352 0.662
353 0.66
354 0.66
355 0.658
356 0.656
357 0.656
358 0.654
359 0.654
360 0.654
361 0.654
362 0.6519999999999999
363 0.65
364 0.65
365 0.65
366 0.65
367 0.6479999999999999
368 0.6479999999999999
369 0.646
370 0.646
371 0.646
372 0.646
373 0.646
374 0.6439999999999999
375 0.6439999999999999
376 0.642
377 0.6399999999999999
378 0.6399999999999999
379 0.638
380 0.638
381 0.638
382 0.638
383 0.6359999999999999
384 0.634
385 0.634
386 0.634
387 0.6319999999999999
388 0.6319999999999999
389 0.6279999999999999
390 0.6279999999999999
391 0.6279999999999999
392 0.6279999999999999
393 0.6279999999999999
394 0.6279999999999999
395 0.6279999999999999
396 0.6279999999999999
397 0.626
398 0.624
399 0.624
400 0.624
401 0.622
402 0.618
403 0.616
404 0.6140000000000001
405 0.6140000000000001
406 0.6140000000000001
407 0.6140000000000001
408 0.6140000000000001
409 0.6140000000000001
410 0.6140000000000001
411 0.6120000000000001
412 0.6120000000000001
413 0.61
414 0.61
415 0.61
416 0.61
417 0.61
418 0.61
419 0.61
420 0.61
421 0.61
422 0.61
423 0.61
424 0.61
425 0.608
426 0.606
427 0.606
428 0.606
429 0.604
430 0.604
431 0.604
432 0.602
433 0.6
434 0.598
435 0.598
436 0.5940000000000001
437 0.5940000000000001
438 0.5940000000000001
439 0.5940000000000001
440 0.5940000000000001
441 0.5940000000000001
442 0.5940000000000001
443 0.5940000000000001
444 0.5920000000000001
445 0.5920000000000001
446 0.5920000000000001
447 0.5920000000000001
448 0.5920000000000001
449 0.5920000000000001
450 0.5900000000000001
451 0.5900000000000001
452 0.5900000000000001
453 0.5860000000000001
454 0.5860000000000001
455 0.5860000000000001
456 0.584
457 0.584
458 0.584
459 0.584
460 0.584
461 0.584
462 0.584
463 0.5820000000000001
464 0.5820000000000001
465 0.5820000000000001
466 0.5820000000000001
467 0.5820000000000001
468 0.5820000000000001
469 0.5820000000000001
470 0.5820000000000001
471 0.5820000000000001
472 0.5820000000000001
473 0.578
474 0.578
475 0.576
476 0.576
477 0.576
478 0.5740000000000001
479 0.5740000000000001
480 0.5740000000000001
481 0.5740000000000001
482 0.5740000000000001
483 0.5740000000000001
484 0.5740000000000001
485 0.5740000000000001
486 0.5740000000000001
487 0.5740000000000001
488 0.5719999999999998
489 0.5719999999999998
490 0.5719999999999998
491 0.5719999999999998
492 0.57
493 0.57
494 0.57
495 0.568
496 0.568
497 0.568
498 0.5660000000000001
499 0.5619999999999999
500 0.5599999999999999
501 0.5599999999999999
502 0.5599999999999999
503 0.558
504 0.558
505 0.558
506 0.5559999999999998
507 0.5559999999999998
508 0.5559999999999998
509 0.5559999999999998
510 0.5559999999999998
511 0.5559999999999998
512 0.5559999999999998
513 0.5559999999999998
514 0.5559999999999998
515 0.5559999999999998
516 0.5539999999999999
517 0.5539999999999999
518 0.5519999999999999
519 0.5519999999999999
520 0.5519999999999999
521 0.5519999999999999
522 0.5519999999999999
523 0.55
524 0.55
525 0.5479999999999998
526 0.5479999999999998
527 0.5459999999999999
528 0.5459999999999999
529 0.5459999999999999
530 0.5439999999999999
531 0.5439999999999999
532 0.5439999999999999
533 0.5439999999999999
534 0.5439999999999999
535 0.5439999999999999
536 0.5439999999999999
537 0.54
538 0.54
539 0.54
540 0.54
541 0.54
542 0.54
543 0.5379999999999999
544 0.5379999999999999
545 0.5379999999999999
546 0.5379999999999999
547 0.5379999999999999
548 0.5379999999999999
549 0.5379999999999999
550 0.534
551 0.532
552 0.532
553 0.532
554 0.532
555 0.532
556 0.5279999999999999
557 0.5279999999999999
558 0.5279999999999999
559 0.524
560 0.524
561 0.524
562 0.524
563 0.524
564 0.524
565 0.522
566 0.522
567 0.522
568 0.522
569 0.522
570 0.522
571 0.5199999999999999
572 0.5199999999999999
573 0.5199999999999999
574 0.518
575 0.518
576 0.518
577 0.518
578 0.518
579 0.516
580 0.516
581 0.516
582 0.516
583 0.516
584 0.514
585 0.514
586 0.514
587 0.514
588 0.514
589 0.512
590 0.512
591 0.51
592 0.51
593 0.51
594 0.508
595 0.508
596 0.508
597 0.508
598 0.508
599 0.508
600 0.508
601 0.508
602 0.506
603 0.506
604 0.506
605 0.506
606 0.506
607 0.506
608 0.504
609 0.502
610 0.5
611 0.5
612 0.49799999999999994
613 0.49799999999999994
614 0.49799999999999994
615 0.49799999999999994
616 0.49799999999999994
617 0.49799999999999994
618 0.49799999999999994
619 0.49799999999999994
620 0.49799999999999994
621 0.49799999999999994
622 0.49799999999999994
623 0.49799999999999994
624 0.49799999999999994
625 0.49799999999999994
626 0.49799999999999994
627 0.49799999999999994
628 0.49799999999999994
629 0.496
630 0.49399999999999994
631 0.492
632 0.492
633 0.492
634 0.492
635 0.492
636 0.492
637 0.492
638 0.4879999999999999
639 0.4879999999999999
640 0.4879999999999999
641 0.4879999999999999
642 0.48599999999999993
643 0.48599999999999993
644 0.484
645 0.484
646 0.484
647 0.484
648 0.484
649 0.484
650 0.484
651 0.484
652 0.484
653 0.484
654 0.484
655 0.484
656 0.484
657 0.484
658 0.484
659 0.484
660 0.484
661 0.484
662 0.48200000000000004
663 0.48200000000000004
664 0.48200000000000004
665 0.48200000000000004
666 0.48200000000000004
667 0.48200000000000004
668 0.48200000000000004
669 0.48200000000000004
670 0.48200000000000004
671 0.48200000000000004
672 0.48200000000000004
673 0.48200000000000004
674 0.48
675 0.48
676 0.48
677 0.48
678 0.48
679 0.48
680 0.48
681 0.48
682 0.48
683 0.48
684 0.48
685 0.48
686 0.48
687 0.48
688 0.48
689 0.47800000000000004
690 0.47800000000000004
691 0.47800000000000004
692 0.47800000000000004
693 0.47800000000000004
694 0.47800000000000004
695 0.47800000000000004
696 0.47800000000000004
697 0.47800000000000004
698 0.47800000000000004
699 0.47800000000000004
700 0.47800000000000004
701 0.47800000000000004
702 0.47800000000000004
703 0.476
704 0.476
705 0.476
706 0.476
707 0.476
708 0.472
709 0.472
710 0.472
711 0.4699999999999999
712 0.4699999999999999
713 0.4699999999999999
714 0.4699999999999999
715 0.4699999999999999
716 0.4699999999999999
717 0.4699999999999999
718 0.4699999999999999
719 0.4699999999999999
720 0.4699999999999999
721 0.4699999999999999
722 0.4699999999999999
723 0.46799999999999997
724 0.46799999999999997
725 0.46799999999999997
726 0.46799999999999997
727 0.46799999999999997
728 0.46799999999999997
729 0.46799999999999997
730 0.46799999999999997
731 0.46799999999999997
732 0.46799999999999997
733 0.46799999999999997
734 0.46799999999999997
735 0.46799999999999997
736 0.46799999999999997
737 0.46799999999999997
738 0.46799999999999997
739 0.46799999999999997
740 0.46799999999999997
741 0.46799999999999997
742 0.46799999999999997
743 0.466
744 0.466
745 0.466
746 0.466
747 0.4640000000000001
748 0.4640000000000001
749 0.4640000000000001
750 0.4640000000000001
751 0.4640000000000001
752 0.4640000000000001
753 0.4640000000000001
754 0.4640000000000001
755 0.4640000000000001
756 0.4640000000000001
757 0.4640000000000001
758 0.4640000000000001
759 0.4640000000000001
760 0.4640000000000001
761 0.462
762 0.462
763 0.462
764 0.462
765 0.462
766 0.462
767 0.462
768 0.462
769 0.462
770 0.462
771 0.462
772 0.462
773 0.462
774 0.462
775 0.462
776 0.462
777 0.462
778 0.462
779 0.462
780 0.4600000000000001
781 0.4600000000000001
782 0.4600000000000001
783 0.4600000000000001
784 0.4600000000000001
785 0.4600000000000001
786 0.4600000000000001
787 0.4600000000000001
788 0.4600000000000001
789 0.4600000000000001
790 0.4600000000000001
791 0.4600000000000001
792 0.4600000000000001
793 0.4600000000000001
794 0.4600000000000001
795 0.4600000000000001
796 0.458
797 0.458
798 0.458
799 0.458
800 0.458
801 0.458
802 0.458
803 0.458
804 0.458
805 0.458
806 0.458
807 0.458
808 0.458
809 0.458
810 0.458
811 0.458
812 0.458
813 0.458
814 0.458
815 0.458
816 0.458
817 0.458
818 0.458
819 0.45600000000000007
820 0.45600000000000007
821 0.45600000000000007
822 0.45600000000000007
823 0.45600000000000007
824 0.45600000000000007
825 0.45600000000000007
826 0.45600000000000007
827 0.45600000000000007
828 0.45600000000000007
829 0.454
830 0.454
831 0.454
832 0.454
833 0.45200000000000007
834 0.45200000000000007
835 0.45200000000000007
836 0.45200000000000007
837 0.45200000000000007
838 0.45200000000000007
839 0.45200000000000007
840 0.45
841 0.45
842 0.44799999999999995
843 0.44799999999999995
844 0.44799999999999995
845 0.44799999999999995
846 0.446
847 0.446
848 0.446
849 0.446
850 0.446
851 0.446
852 0.446
853 0.446
854 0.446
855 0.446
856 0.446
857 0.446
858 0.446
859 0.446
860 0.446
861 0.44399999999999995
862 0.44399999999999995
863 0.44399999999999995
864 0.44399999999999995
865 0.44399999999999995
866 0.44399999999999995
867 0.44399999999999995
868 0.44399999999999995
869 0.44399999999999995
870 0.44399999999999995
871 0.44399999999999995
872 0.44399999999999995
873 0.44399999999999995
874 0.44399999999999995
875 0.44399999999999995
876 0.442
877 0.442
878 0.442
879 0.442
880 0.442
881 0.442
882 0.442
883 0.442
884 0.442
885 0.44000000000000006
886 0.44000000000000006
887 0.44000000000000006
888 0.44000000000000006
889 0.438
890 0.438
891 0.438
892 0.438
893 0.438
894 0.438
895 0.438
896 0.438
897 0.438
898 0.438
899 0.438
900 0.438
901 0.438
902 0.43600000000000005
903 0.43600000000000005
904 0.434
905 0.434
906 0.434
907 0.434
908 0.434
909 0.434
910 0.434
911 0.434
912 0.434
913 0.434
914 0.434
915 0.434
916 0.43200000000000005
917 0.43
918 0.43
919 0.42800000000000005
920 0.42800000000000005
921 0.42800000000000005
922 0.42800000000000005
923 0.42800000000000005
924 0.42800000000000005
925 0.42800000000000005
926 0.42800000000000005
927 0.42800000000000005
928 0.42800000000000005
929 0.42800000000000005
930 0.42800000000000005
931 0.426
932 0.426
933 0.426
934 0.426
935 0.426
936 0.42400000000000004
937 0.42400000000000004
938 0.42400000000000004
939 0.42400000000000004
940 0.42400000000000004
941 0.42400000000000004
942 0.42400000000000004
943 0.42400000000000004
944 0.42400000000000004
945 0.42400000000000004
946 0.42400000000000004
947 0.42400000000000004
948 0.42400000000000004
949 0.42400000000000004
950 0.42400000000000004
951 0.42400000000000004
952 0.42400000000000004
953 0.422
954 0.422
955 0.422
956 0.422
957 0.422
958 0.422
959 0.422
960 0.422
961 0.42000000000000004
962 0.42000000000000004
963 0.42000000000000004
964 0.42000000000000004
965 0.42000000000000004
966 0.418
967 0.418
968 0.418
969 0.418
970 0.418
971 0.418
972 0.418
973 0.418
974 0.418
975 0.418
976 0.41600000000000004
977 0.41400000000000003
978 0.41200000000000003
979 0.41200000000000003
980 0.41200000000000003
981 0.41200000000000003
982 0.41000000000000003
983 0.41000000000000003
984 0.41000000000000003
985 0.41000000000000003
986 0.41000000000000003
987 0.41000000000000003
988 0.41000000000000003
989 0.41000000000000003
990 0.41000000000000003
991 0.41000000000000003
992 0.41000000000000003
993 0.41000000000000003
994 0.41000000000000003
995 0.41000000000000003
996 0.41000000000000003
997 0.41000000000000003
998 0.41000000000000003
999 0.41000000000000003
