1 1.0
2 1.0
3 1.0
4 1.0
5 0.998
6 0.998
7 0.9960000000000001
8 0.9960000000000001
9 0.9960000000000001
10 0.9960000000000001
11 0.9960000000000001
12 0.9960000000000001
13 0.9940000000000001
14 0.9940000000000001
15 0.9920000000000002
16 0.9920000000000002
17 0.9920000000000002
18 0.9920000000000002
19 0.9920000000000002
20 0.9920000000000002
21 0.9920000000000002
22 0.9920000000000002
23 0.9920000000000002
24 0.9920000000000002
25 0.9920000000000002
26 0.9920000000000002
27 0.9920000000000002
28 0.99
29 0.9880000000000001
30 0.9880000000000001
31 0.9880000000000001
32 0.9880000000000001
33 0.9880000000000001
34 0.9880000000000001
35 0.9880000000000001
36 0.984
37 0.984
38 0.984
39 0.984
40 0.984
41 0.984
42 0.984
43 0.984
44 0.984
45 0.984
46 0.984
47 0.984
48 0.982
49 0.982
50 0.982
51 0.982
52 0.982
53 0.982
54 0.982
55 0.982
56 0.982
57 0.982
58 0.982
59 0.982
60 0.982
61 0.9800000000000001
62 0.9800000000000001
63 0.9800000000000001
64 0.9800000000000001
65 0.9800000000000001
66 0.9800000000000001
67 0.9800000000000001
68 0.9800000000000001
69 0.9800000000000001
70 0.9780000000000001
71 0.9780000000000001
72 0.9780000000000001
73 0.9780000000000001
74 0.9780000000000001
75 0.9780000000000001
76 0.9760000000000002
77 0.9760000000000002
78 0.9760000000000002
79 0.9760000000000002
80 0.9760000000000002
81 0.9760000000000002
82 0.9760000000000002
83 0.9760000000000002
84 0.9760000000000002
85 0.9760000000000002
86 0.9760000000000002
87 0.9760000000000002
88 0.9760000000000002
89 0.9760000000000002
90 0.9760000000000002
91 0.9760000000000002
92 0.9760000000000002
93 0.9760000000000002
94 0.9760000000000002
95 0.9760000000000002
96 0.9760000000000002
97 0.9760000000000002
98 0.9760000000000002
99 0.9760000000000002
100 0.9760000000000002
101 0.9760000000000002
102 0.9760000000000002
103 0.9760000000000002
104 0.9760000000000002
105 0.9760000000000002
106 0.9760000000000002
107 0.974
108 0.974
109 0.974
110 0.974
111 0.974
112 0.974
113 0.974
114 0.974
115 0.974
116 0.974
117 0.974
118 0.974
119 0.974
120 0.974
121 0.974
122 0.974
123 0.974
124 0.974
125 0.974
126 0.974
127 0.974
128 0.974
129 0.974
130 0.9720000000000001
131 0.9720000000000001
132 0.9720000000000001
133 0.9720000000000001
134 0.9720000000000001
135 0.9700000000000001
136 0.9680000000000002
137 0.9680000000000002
138 0.9680000000000002
139 0.9680000000000002
140 0.9680000000000002
141 0.9680000000000002
142 0.9680000000000002
143 0.9680000000000002
144 0.9680000000000002
145 0.9680000000000002
146 0.9680000000000002
147 0.9680000000000002
148 0.9680000000000002
149 0.9680000000000002
150 0.9680000000000002
151 0.9680000000000002
152 0.9680000000000002
153 0.9680000000000002
154 0.9680000000000002
155 0.9680000000000002
156 0.9680000000000002
157 0.9680000000000002
158 0.9680000000000002
159 0.9680000000000002
160 0.9680000000000002
161 0.9680000000000002
162 0.9680000000000002
163 0.9680000000000002
164 0.9680000000000002
165 0.9680000000000002
166 0.9680000000000002
167 0.9680000000000002
168 0.9680000000000002
169 0.9680000000000002
170 0.9680000000000002
171 0.9680000000000002
172 0.9680000000000002
173 0.9680000000000002
174 0.9680000000000002
175 0.9680000000000002
176 0.9680000000000002
177 0.9680000000000002
178 0.9680000000000002
179 0.9680000000000002
180 0.9680000000000002
181 0.9680000000000002
182 0.9680000000000002
183 0.9680000000000002
184 0.9680000000000002
185 0.9680000000000002
186 0.9680000000000002
187 0.9680000000000002
188 0.9680000000000002
189 0.9680000000000002
190 0.9680000000000002
191 0.9680000000000002
192 0.9680000000000002
193 0.9680000000000002
194 0.9680000000000002
195 0.9680000000000002
196 0.9680000000000002
197 0.9680000000000002
198 0.9680000000000002
199 0.9680000000000002
200 0.9680000000000002
201 0.9680000000000002
202 0.9680000000000002
203 0.9680000000000002
204 0.9680000000000002
205 0.9680000000000002
206 0.9680000000000002
207 0.9680000000000002
208 0.9680000000000002
209 0.9680000000000002
210 0.9680000000000002
211 0.9680000000000002
212 0.9680000000000002
213 0.9680000000000002
214 0.9680000000000002
215 0.9680000000000002
216 0.9680000000000002
217 0.9680000000000002
218 0.9680000000000002
219 0.9680000000000002
220 0.9680000000000002
221 0.9680000000000002
222 0.9680000000000002
223 0.9680000000000002
224 0.9680000000000002
225 0.9680000000000002
226 0.9680000000000002
227 0.9680000000000002
228 0.9680000000000002
229 0.9680000000000002
230 0.9680000000000002
231 0.9680000000000002
232 0.9680000000000002
233 0.9680000000000002
234 0.9680000000000002
235 0.9680000000000002
236 0.9680000000000002
237 0.9680000000000002
238 0.9680000000000002
239 0.9680000000000002
240 0.9680000000000002
241 0.9680000000000002
242 0.9680000000000002
243 0.9680000000000002
244 0.9680000000000002
245 0.9680000000000002
246 0.9680000000000002
247 0.9680000000000002
248 0.9680000000000002
249 0.9680000000000002
250 0.9680000000000002
251 0.9680000000000002
252 0.9680000000000002
253 0.9680000000000002
254 0.9680000000000002
255 0.9680000000000002
256 0.9680000000000002
257 0.9680000000000002
258 0.9680000000000002
259 0.9680000000000002
260 0.966
261 0.966
262 0.966
263 0.966
264 0.966
265 0.966
266 0.966
267 0.966
268 0.966
269 0.966
270 0.966
271 0.966
272 0.966
273 0.966
274 0.966
275 0.966
276 0.966
277 0.966
278 0.966
279 0.966
280 0.966
281 0.966
282 0.966
283 0.966
284 0.966
285 0.966
286 0.966
287 0.966
288 0.966
289 0.966
290 0.966
291 0.966
292 0.966
293 0.966
294 0.966
295 0.966
296 0.966
297 0.966
298 0.966
299 0.966
300 0.966
301 0.966
302 0.966
303 0.966
304 0.966
305 0.966
306 0.966
307 0.966
308 0.966
309 0.966
310 0.966
311 0.966
312 0.966
313 0.966
314 0.966
315 0.966
316 0.966
317 0.966
318 0.966
319 0.966
320 0.966
321 0.966
322 0.966
323 0.966
324 0.966
325 0.966
326 0.966
327 0.966
328 0.966
329 0.966
330 0.966
331 0.966
332 0.966
333 0.966
334 0.966
335 0.966
336 0.966
337 0.966
338 0.966
339 0.966
340 0.966
341 0.966
342 0.966
343 0.966
344 0.966
345 0.966
346 0.966
347 0.966
348 0.966
349 0.966
350 0.966
351 0.966
352 0.966
353 0.966
354 0.966
355 0.966
356 0.966
357 0.966
358 0.966
359 0.966
360 0.966
361 0.966
362 0.966
363 0.966
364 0.966
365 0.966
366 0.966
367 0.966
368 0.966
369 0.966
370 0.966
371 0.966
372 0.966
373 0.966
374 0.966
375 0.966
376 0.966
377 0.966
378 0.966
379 0.966
380 0.966
381 0.966
382 0.966
383 0.966
384 0.966
385 0.966
386 0.966
387 0.966
388 0.966
389 0.966
390 0.966
391 0.966
392 0.966
393 0.966
394 0.966
395 0.966
396 0.966
397 0.966
398 0.966
399 0.966
400 0.966
401 0.966
402 0.966
403 0.966
404 0.966
405 0.966
406 0.966
407 0.966
408 0.9640000000000001
409 0.9640000000000001
410 0.9640000000000001
411 0.9640000000000001
412 0.9640000000000001
413 0.9640000000000001
414 0.9640000000000001
415 0.9640000000000001
416 0.9640000000000001
417 0.9640000000000001
418 0.9640000000000001
419 0.9640000000000001
420 0.9640000000000001
421 0.9640000000000001
422 0.9640000000000001
423 0.9640000000000001
424 0.9640000000000001
425 0.9640000000000001
426 0.9640000000000001
427 0.9640000000000001
428 0.9640000000000001
429 0.9640000000000001
430 0.9640000000000001
431 0.9640000000000001
432 0.9640000000000001
433 0.9640000000000001
434 0.9640000000000001
435 0.9640000000000001
436 0.9640000000000001
437 0.9640000000000001
438 0.9640000000000001
439 0.9640000000000001
440 0.9640000000000001
441 0.9640000000000001
442 0.9640000000000001
443 0.9640000000000001
444 0.9640000000000001
445 0.9640000000000001
446 0.9640000000000001
447 0.9640000000000001
448 0.9640000000000001
449 0.9640000000000001
450 0.9640000000000001
451 0.9640000000000001
452 0.9640000000000001
453 0.9640000000000001
454 0.9640000000000001
455 0.9640000000000001
456 0.9640000000000001
457 0.9640000000000001
458 0.9640000000000001
459 0.9640000000000001
460 0.9640000000000001
461 0.9640000000000001
462 0.9640000000000001
463 0.9640000000000001
464 0.9640000000000001
465 0.9640000000000001
466 0.9640000000000001
467 0.9640000000000001
468 0.9640000000000001
469 0.9640000000000001
470 0.9640000000000001
471 0.9640000000000001
472 0.9640000000000001
473 0.9640000000000001
474 0.9640000000000001
475 0.9640000000000001
476 0.9640000000000001
477 0.9640000000000001
478 0.9640000000000001
479 0.9640000000000001
480 0.9640000000000001
481 0.9640000000000001
482 0.9640000000000001
483 0.9640000000000001
484 0.9640000000000001
485 0.9640000000000001
486 0.9640000000000001
487 0.9640000000000001
488 0.9640000000000001
489 0.9640000000000001
490 0.9640000000000001
491 0.9640000000000001
492 0.9640000000000001
493 0.9640000000000001
494 0.9640000000000001
495 0.9640000000000001
496 0.9640000000000001
497 0.9640000000000001
498 0.9640000000000001
499 0.9640000000000001
500 0.9640000000000001
501 0.9640000000000001
502 0.9640000000000001
503 0.9640000000000001
504 0.9640000000000001
505 0.9640000000000001
506 0.9640000000000001
507 0.9640000000000001
508 0.9640000000000001
509 0.9640000000000001
510 0.9640000000000001
511 0.9640000000000001
512 0.9640000000000001
513 0.9640000000000001
514 0.9640000000000001
515 0.9640000000000001
516 0.9640000000000001
517 0.9640000000000001
518 0.9640000000000001
519 0.9640000000000001
520 0.9640000000000001
521 0.9640000000000001
522 0.9640000000000001
523 0.9640000000000001
524 0.9640000000000001
525 0.9640000000000001
526 0.9640000000000001
527 0.9640000000000001
528 0.9640000000000001
529 0.9620000000000001
530 0.9620000000000001
531 0.9620000000000001
532 0.9620000000000001
533 0.9620000000000001
534 0.9620000000000001
535 0.9620000000000001
536 0.9620000000000001
537 0.9620000000000001
538 0.9620000000000001
539 0.9620000000000001
540 0.9620000000000001
541 0.9620000000000001
542 0.9620000000000001
543 0.9620000000000001
544 0.9620000000000001
545 0.9620000000000001
546 0.9620000000000001
547 0.9620000000000001
548 0.9620000000000001
549 0.9620000000000001
550 0.9620000000000001
551 0.9620000000000001
552 0.9620000000000001
553 0.9620000000000001
554 0.9620000000000001
555 0.9600000000000002
556 0.9600000000000002
557 0.9600000000000002
558 0.9600000000000002
559 0.9600000000000002
560 0.9600000000000002
561 0.9600000000000002
562 0.9600000000000002
563 0.9600000000000002
564 0.9600000000000002
565 0.958
566 0.958
567 0.958
568 0.958
569 0.958
570 0.958
571 0.958
572 0.958
573 0.958
574 0.958
575 0.958
576 0.958
577 0.958
578 0.958
579 0.958
580 0.958
581 0.958
582 0.958
583 0.958
584 0.958
585 0.958
586 0.958
587 0.958
588 0.958
589 0.958
590 0.958
591 0.958
592 0.958
593 0.958
594 0.958
595 0.958
596 0.958
597 0.958
598 0.958
599 0.958
600 0.958
601 0.958
602 0.958
603 0.958
604 0.958
605 0.958
606 0.958
607 0.958
608 0.958
609 0.958
610 0.958
611 0.958
612 0.958
613 0.958
614 0.958
615 0.958
616 0.958
617 0.958
618 0.958
619 0.958
620 0.958
621 0.9560000000000001
622 0.9560000000000001
623 0.9560000000000001
624 0.9560000000000001
625 0.9560000000000001
626 0.9560000000000001
627 0.9560000000000001
628 0.9560000000000001
629 0.9560000000000001
630 0.9560000000000001
631 0.9560000000000001
632 0.9560000000000001
633 0.9560000000000001
634 0.9540000000000001
635 0.9540000000000001
636 0.9540000000000001
637 0.9540000000000001
638 0.9540000000000001
639 0.9540000000000001
640 0.9540000000000001
641 0.9540000000000001
642 0.9540000000000001
643 0.9540000000000001
644 0.9540000000000001
645 0.9540000000000001
646 0.9540000000000001
647 0.9540000000000001
648 0.9540000000000001
649 0.9540000000000001
650 0.9540000000000001
651 0.9540000000000001
652 0.9540000000000001
653 0.9540000000000001
654 0.9540000000000001
655 0.9540000000000001
656 0.9540000000000001
657 0.9540000000000001
658 0.9540000000000001
659 0.9540000000000001
660 0.9540000000000001
661 0.9540000000000001
662 0.9540000000000001
663 0.9540000000000001
664 0.9540000000000001
665 0.9540000000000001
666 0.9540000000000001
667 0.9540000000000001
668 0.9540000000000001
669 0.9540000000000001
670 0.9540000000000001
671 0.9540000000000001
672 0.9540000000000001
673 0.9540000000000001
674 0.9540000000000001
675 0.9540000000000001
676 0.9540000000000001
677 0.9540000000000001
678 0.9540000000000001
679 0.9540000000000001
680 0.9540000000000001
681 0.9540000000000001
682 0.9540000000000001
683 0.9540000000000001
684 0.9540000000000001
685 0.9540000000000001
686 0.9540000000000001
687 0.9540000000000001
688 0.9540000000000001
689 0.9540000000000001
690 0.9540000000000001
691 0.9540000000000001
692 0.9540000000000001
693 0.9540000000000001
694 0.9540000000000001
695 0.9540000000000001
696 0.9540000000000001
697 0.9540000000000001
698 0.9540000000000001
699 0.9540000000000001
700 0.9540000000000001
701 0.9540000000000001
702 0.9540000000000001
703 0.9540000000000001
704 0.9540000000000001
705 0.9540000000000001
706 0.9540000000000001
707 0.9540000000000001
708 0.9540000000000001
709 0.9540000000000001
710 0.9540000000000001
711 0.9540000000000001
712 0.9540000000000001
713 0.9540000000000001
714 0.9540000000000001
715 0.9540000000000001
716 0.9540000000000001
717 0.9540000000000001
718 0.9540000000000001
719 0.9540000000000001
720 0.9540000000000001
721 0.9540000000000001
722 0.9540000000000001
723 0.9540000000000001
724 0.9540000000000001
725 0.9540000000000001
726 0.9540000000000001
727 0.9540000000000001
728 0.9540000000000001
729 0.9540000000000001
730 0.9540000000000001
731 0.9540000000000001
732 0.9540000000000001
733 0.9540000000000001
734 0.9540000000000001
735 0.9540000000000001
736 0.9540000000000001
737 0.9540000000000001
738 0.9540000000000001
739 0.9540000000000001
740 0.9540000000000001
741 0.9540000000000001
742 0.9540000000000001
743 0.9540000000000001
744 0.9540000000000001
745 0.9540000000000001
746 0.9540000000000001
747 0.9520000000000002
748 0.9520000000000002
749 0.9520000000000002
750 0.9520000000000002
751 0.9520000000000002
752 0.95
753 0.95
754 0.95
755 0.95
756 0.9460000000000001
757 0.9460000000000001
758 0.9460000000000001
759 0.9440000000000002
760 0.9440000000000002
761 0.9440000000000002
762 0.9440000000000002
763 0.9440000000000002
764 0.9440000000000002
765 0.9440000000000002
766 0.942
767 0.9400000000000001
768 0.9400000000000001
769 0.9400000000000001
770 0.9400000000000001
771 0.9400000000000001
772 0.9400000000000001
773 0.9400000000000001
774 0.9400000000000001
775 0.9400000000000001
776 0.9400000000000001
777 0.9400000000000001
778 0.9400000000000001
779 0.9400000000000001
780 0.9400000000000001
781 0.9400000000000001
782 0.9400000000000001
783 0.9400000000000001
784 0.9400000000000001
785 0.9400000000000001
786 0.9400000000000001
787 0.9400000000000001
788 0.9400000000000001
789 0.9400000000000001
790 0.9400000000000001
791 0.9400000000000001
792 0.9400000000000001
793 0.9400000000000001
794 0.9400000000000001
795 0.9400000000000001
796 0.9400000000000001
797 0.9400000000000001
798 0.9400000000000001
799 0.9400000000000001
800 0.9400000000000001
801 0.9400000000000001
802 0.9400000000000001
803 0.9400000000000001
804 0.9400000000000001
805 0.9400000000000001
806 0.9400000000000001
807 0.9400000000000001
808 0.9400000000000001
809 0.9400000000000001
810 0.9400000000000001
811 0.9400000000000001
812 0.9400000000000001
813 0.9400000000000001
814 0.9400000000000001
815 0.9400000000000001
816 0.9400000000000001
817 0.9400000000000001
818 0.9400000000000001
819 0.9400000000000001
820 0.9400000000000001
821 0.9400000000000001
822 0.9400000000000001
823 0.9400000000000001
824 0.9400000000000001
825 0.9400000000000001
826 0.9400000000000001
827 0.9400000000000001
828 0.9400000000000001
829 0.9400000000000001
830 0.9400000000000001
831 0.9380000000000001
832 0.9380000000000001
833 0.9380000000000001
834 0.9380000000000001
835 0.9380000000000001
836 0.9380000000000001
837 0.9380000000000001
838 0.9380000000000001
839 0.9380000000000001
840 0.9380000000000001
841 0.9380000000000001
842 0.9380000000000001
843 0.9380000000000001
844 0.9380000000000001
845 0.9380000000000001
846 0.9380000000000001
847 0.9380000000000001
848 0.9380000000000001
849 0.9380000000000001
850 0.9380000000000001
851 0.9380000000000001
852 0.9380000000000001
853 0.9380000000000001
854 0.9380000000000001
855 0.9380000000000001
856 0.9380000000000001
857 0.9380000000000001
858 0.9380000000000001
859 0.9380000000000001
860 0.9380000000000001
861 0.9380000000000001
862 0.9380000000000001
863 0.9380000000000001
864 0.9380000000000001
865 0.9380000000000001
866 0.9380000000000001
867 0.9380000000000001
868 0.9380000000000001
869 0.9380000000000001
870 0.9380000000000001
871 0.9380000000000001
872 0.9380000000000001
873 0.9380000000000001
874 0.9380000000000001
875 0.9380000000000001
876 0.9380000000000001
877 0.9380000000000001
878 0.9380000000000001
879 0.9380000000000001
880 0.9380000000000001
881 0.9380000000000001
882 0.9380000000000001
883 0.9380000000000001
884 0.9380000000000001
885 0.9380000000000001
886 0.9380000000000001
887 0.9360000000000002
888 0.9340000000000002
889 0.9340000000000002
890 0.9340000000000002
891 0.9340000000000002
892 0.9340000000000002
893 0.9340000000000002
894 0.9340000000000002
895 0.9340000000000002
896 0.9340000000000002
897 0.9340000000000002
898 0.9340000000000002
899 0.9340000000000002
900 0.9340000000000002
901 0.9340000000000002
902 0.9340000000000002
903 0.9340000000000002
904 0.9340000000000002
905 0.9340000000000002
906 0.9340000000000002
907 0.9340000000000002
908 0.9340000000000002
909 0.9340000000000002
910 0.9340000000000002
911 0.9340000000000002
912 0.9340000000000002
913 0.9320000000000002
914 0.9320000000000002
915 0.9320000000000002
916 0.9320000000000002
917 0.9320000000000002
918 0.9320000000000002
919 0.9320000000000002
920 0.9320000000000002
921 0.9320000000000002
922 0.9320000000000002
923 0.9320000000000002
924 0.9320000000000002
925 0.9320000000000002
926 0.93
927 0.93
928 0.93
929 0.93
930 0.93
931 0.93
932 0.93
933 0.93
934 0.93
935 0.93
936 0.93
937 0.93
938 0.93
939 0.93
940 0.93
941 0.93
942 0.93
943 0.93
944 0.9280000000000002
945 0.9280000000000002
946 0.9280000000000002
947 0.9280000000000002
948 0.9280000000000002
949 0.9280000000000002
950 0.9280000000000002
951 0.9280000000000002
952 0.9280000000000002
953 0.9280000000000002
954 0.9280000000000002
955 0.9280000000000002
956 0.9280000000000002
957 0.9280000000000002
958 0.9280000000000002
959 0.9280000000000002
960 0.9280000000000002
961 0.9280000000000002
962 0.9280000000000002
963 0.9280000000000002
964 0.9280000000000002
965 0.9280000000000002
966 0.9280000000000002
967 0.9280000000000002
968 0.9280000000000002
969 0.9280000000000002
970 0.9280000000000002
971 0.9280000000000002
972 0.9280000000000002
973 0.9280000000000002
974 0.9280000000000002
975 0.9280000000000002
976 0.9280000000000002
977 0.9280000000000002
978 0.9280000000000002
979 0.9259999999999999
980 0.9259999999999999
981 0.9259999999999999
982 0.9259999999999999
983 0.9259999999999999
984 0.9259999999999999
985 0.9259999999999999
986 0.9259999999999999
987 0.9259999999999999
988 0.9259999999999999
989 0.9259999999999999
990 0.9259999999999999
991 0.9259999999999999
992 0.9259999999999999
993 0.9259999999999999
994 0.9259999999999999
995 0.9259999999999999
996 0.9259999999999999
997 0.9259999999999999
998 0.9259999999999999
999 0.9259999999999999
