1 1.0
2 1.0
3 1.0
4 1.0
5 0.9996
6 0.9996
7 0.9996
8 0.9996
9 0.9996
10 0.9996
11 0.9996
12 0.9996
13 0.9996
14 0.9996
15 0.9996
16 0.9996
17 0.9996
18 0.9996
19 0.9996
20 0.9996
21 0.9996
22 0.9996
23 0.9996
24 0.9996
25 0.9996
26 0.9996
27 0.9996
28 0.9996
29 0.9996
30 0.9996
31 0.9996
32 0.9996
33 0.9996
34 0.9996
35 0.9996
36 0.9996
37 0.9996
38 0.9996
39 0.9996
40 0.9996
41 0.9996
42 0.9996
43 0.9996
44 0.9996
45 0.9996
46 0.9996
47 0.9996
48 0.9996
49 0.9996
50 0.9996
51 0.9996
52 0.9996
53 0.9996
54 0.9996
55 0.9996
56 0.9996
57 0.9996
58 0.9996
59 0.9996
60 0.9996
61 0.9996
62 0.9996
63 0.9996
64 0.9996
65 0.9996
66 0.9996
67 0.9996
68 0.9996
69 0.9996
70 0.9996
71 0.9996
72 0.9996
73 0.9996
74 0.9996
75 0.9996
76 0.9996
77 0.9996
78 0.9996
79 0.9996
80 0.9996
81 0.9996
82 0.9996
83 0.9996
84 0.9996
85 0.9996
86 0.9996
87 0.9996
88 0.9996
89 0.9996
90 0.9996
91 0.9996
92 0.9996
93 0.9996
94 0.9996
95 0.9996
96 0.9996
97 0.9996
98 0.9996
99 0.9996
100 0.9996
101 0.9996
102 0.9996
103 0.9996
104 0.9996
105 0.9996
106 0.9996
107 0.9996
108 0.9996
109 0.9996
110 0.9996
111 0.9996
112 0.9996
113 0.9996
114 0.9996
115 0.9996
116 0.9996
117 0.9996
118 0.9996
119 0.9996
120 0.9996
121 0.9996
122 0.9996
123 0.9996
124 0.9996
125 0.9996
126 0.9996
127 0.9996
128 0.9996
129 0.9996
130 0.9996
131 0.9996
132 0.9996
133 0.9996
134 0.9996
135 0.9996
136 0.9996
137 0.9996
138 0.9996
139 0.9996
140 0.9996
141 0.9996
142 0.9996
143 0.9996
144 0.9996
145 0.9996
146 0.9996
147 0.9996
148 0.9996
149 0.9996
150 0.9996
151 0.9996
152 0.9996
153 0.9996
154 0.9996
155 0.9996
156 0.9996
157 0.9996
158 0.9996
159 0.9996
160 0.9996
161 0.9996
162 0.9996
163 0.9996
164 0.9996
165 0.9996
166 0.9996
167 0.9996
168 0.9996
169 0.9996
170 0.9996
171 0.9996
172 0.9996
173 0.9996
174 0.9996
175 0.9996
176 0.9996
177 0.9996
178 0.9996
179 0.9996
180 0.9996
181 0.9996
182 0.9996
183 0.9996
184 0.9996
185 0.9996
186 0.9996
187 0.9996
188 0.9996
189 0.9996
190 0.9996
191 0.9996
192 0.9996
193 0.9996
194 0.9996
195 0.9996
196 0.9996
197 0.9996
198 0.9996
199 0.9996
200 0.9996
201 0.9996
202 0.9996
203 0.9996
204 0.9996
205 0.9996
206 0.9996
207 0.9996
208 0.9996
209 0.9996
210 0.9996
211 0.9996
212 0.9996
213 0.9996
214 0.9996
215 0.9996
216 0.9996
217 0.9996
218 0.9996
219 0.9996
220 0.9996
221 0.9996
222 0.9996
223 0.9996
224 0.9996
225 0.9996
226 0.9996
227 0.9996
228 0.9996
229 0.9996
230 0.9996
231 0.9996
232 0.9996
233 0.9996
234 0.9996
235 0.9996
236 0.9996
237 0.9996
238 0.9996
239 0.9996
240 0.9996
241 0.9996
242 0.9996
243 0.9996
244 0.9996
245 0.9996
246 0.9996
247 0.9996
248 0.9996
249 0.9996
250 0.9996
251 0.9996
252 0.9996
253 0.9996
254 0.9996
255 0.9996
256 0.9996
257 0.9996
258 0.9996
259 0.9996
260 0.9996
261 0.9996
262 0.9996
263 0.9996
264 0.9996
265 0.9996
266 0.9996
267 0.9996
268 0.9996
269 0.9996
270 0.9996
271 0.9996
272 0.9996
273 0.9996
274 0.9996
275 0.9996
276 0.9996
277 0.9996
278 0.9996
279 0.9996
280 0.9996
281 0.9996
282 0.9996
283 0.9996
284 0.9996
285 0.9996
286 0.9996
287 0.9996
288 0.9996
289 0.9996
290 0.9996
291 0.9996
292 0.9996
293 0.9996
294 0.9996
295 0.9996
296 0.9996
297 0.9996
298 0.9996
299 0.9996
300 0.9996
301 0.9996
302 0.9996
303 0.9996
304 0.9996
305 0.9996
306 0.9996
307 0.9996
308 0.9996
309 0.9996
310 0.9996
311 0.9996
312 0.9996
313 0.9996
314 0.9996
315 0.9996
316 0.9996
317 0.9996
318 0.9996
319 0.9996
320 0.9996
321 0.9996
322 0.9996
323 0.9996
324 0.9996
325 0.9996
326 0.9996
327 0.9996
328 0.9996
329 0.9996
330 0.9996
331 0.9996
332 0.9996
333 0.9996
334 0.9996
335 0.9996
336 0.9996
337 0.9996
338 0.9996
339 0.9996
340 0.9996
341 0.9996
342 0.9996
343 0.9996
344 0.9996
345 0.9996
346 0.9996
347 0.9996
348 0.9996
349 0.9996
350 0.9996
351 0.9996
352 0.9996
353 0.9996
354 0.9996
355 0.9996
356 0.9996
357 0.9996
358 0.9996
359 0.9996
360 0.9996
361 0.9996
362 0.9996
363 0.9996
364 0.9996
365 0.9996
366 0.9996
367 0.9996
368 0.9996
369 0.9996
370 0.9996
371 0.9996
372 0.9996
373 0.9996
374 0.9996
375 0.9996
376 0.9996
377 0.9996
378 0.9996
379 0.9996
380 0.9996
381 0.9996
382 0.9996
383 0.9996
384 0.9996
385 0.9996
386 0.9996
387 0.9996
388 0.9996
389 0.9996
390 0.9996
391 0.9996
392 0.9996
393 0.9996
394 0.9996
395 0.9996
396 0.9996
397 0.9996
398 0.9996
399 0.9996
400 0.9996
401 0.9996
402 0.9996
403 0.9996
404 0.9996
405 0.9996
406 0.9996
407 0.9996
408 0.9996
409 0.9996
410 0.9996
411 0.9996
412 0.9996
413 0.9996
414 0.9996
415 0.9996
416 0.9996
417 0.9996
418 0.9996
419 0.9996
420 0.9996
421 0.9996
422 0.9996
423 0.9996
424 0.9996
425 0.9996
426 0.9996
427 0.9996
428 0.9996
429 0.9996
430 0.9996
431 0.9996
432 0.9996
433 0.9996
434 0.9996
435 0.9996
436 0.9996
437 0.9996
438 0.9996
439 0.9996
440 0.9996
441 0.9996
442 0.9996
443 0.9996
444 0.9996
445 0.9996
446 0.9996
447 0.9996
448 0.9996
449 0.9996
450 0.9996
451 0.9996
452 0.9996
453 0.9996
454 0.9996
455 0.9996
456 0.9996
457 0.9996
458 0.9996
459 0.9996
460 0.9996
461 0.9996
462 0.9996
463 0.9996
464 0.9996
465 0.9996
466 0.9996
467 0.9996
468 0.9996
469 0.9996
470 0.9996
471 0.9996
472 0.9996
473 0.9996
474 0.9996
475 0.9996
476 0.9996
477 0.9996
478 0.9996
479 0.9996
480 0.9996
481 0.9996
482 0.9996
483 0.9996
484 0.9996
485 0.9996
486 0.9996
487 0.9996
488 0.9996
489 0.9996
490 0.9996
491 0.9996
492 0.9996
493 0.9996
494 0.9996
495 0.9996
496 0.9996
497 0.9996
498 0.9996
499 0.9996
500 0.9996
501 0.9996
502 0.9996
503 0.9996
504 0.9996
505 0.9996
506 0.9996
507 0.9996
508 0.9996
509 0.9996
510 0.9996
511 0.9996
512 0.9996
513 0.9996
514 0.9996
515 0.9996
516 0.9996
517 0.9996
518 0.9996
519 0.9996
520 0.9996
521 0.9996
522 0.9996
523 0.9996
524 0.9996
525 0.9996
526 0.9996
527 0.9996
528 0.9996
529 0.9996
530 0.9996
531 0.9996
532 0.9996
533 0.9996
534 0.9996
535 0.9996
536 0.9996
537 0.9996
538 0.9996
539 0.9996
540 0.9996
541 0.9996
542 0.9996
543 0.9996
544 0.9996
545 0.9996
546 0.9996
547 0.9996
548 0.9996
549 0.9996
550 0.9996
551 0.9996
552 0.9996
553 0.9996
554 0.9996
555 0.9996
556 0.9996
557 0.9996
558 0.9996
559 0.9996
560 0.9996
561 0.9996
562 0.9996
563 0.9996
564 0.9996
565 0.9996
566 0.9996
567 0.9996
568 0.9996
569 0.9996
570 0.9996
571 0.9996
572 0.9996
573 0.9996
574 0.9996
575 0.9996
576 0.9996
577 0.9996
578 0.9996
579 0.9996
580 0.9996
581 0.9996
582 0.9996
583 0.9996
584 0.9996
585 0.9996
586 0.9996
587 0.9996
588 0.9996
589 0.9996
590 0.9996
591 0.9996
592 0.9996
593 0.9996
594 0.9996
595 0.9996
596 0.9996
597 0.9996
598 0.9996
599 0.9996
600 0.9996
601 0.9996
602 0.9996
603 0.9996
604 0.9996
605 0.9996
606 0.9996
607 0.9996
608 0.9996
609 0.9996
610 0.9996
611 0.9996
612 0.9996
613 0.9996
614 0.9996
615 0.9996
616 0.9996
617 0.9996
618 0.9996
619 0.9996
620 0.9996
621 0.9996
622 0.9996
623 0.9996
624 0.9996
625 0.9996
626 0.9996
627 0.9996
628 0.9996
629 0.9996
630 0.9996
631 0.9996
632 0.9996
633 0.9996
634 0.9996
635 0.9996
636 0.9996
637 0.9996
638 0.9996
639 0.9996
640 0.9996
641 0.9996
642 0.9996
643 0.9996
644 0.9996
645 0.9996
646 0.9996
647 0.9996
648 0.9996
649 0.9996
650 0.9996
651 0.9996
652 0.9996
653 0.9996
654 0.9996
655 0.9996
656 0.9996
657 0.9996
658 0.9996
659 0.9996
660 0.9996
661 0.9996
662 0.9996
663 0.9996
664 0.9996
665 0.9996
666 0.9996
667 0.9996
668 0.9996
669 0.9996
670 0.9996
671 0.9996
672 0.9996
673 0.9996
674 0.9996
675 0.9996
676 0.9996
677 0.9996
678 0.9996
679 0.9996
680 0.9996
681 0.9996
682 0.9996
683 0.9996
684 0.9996
685 0.9996
686 0.9996
687 0.9996
688 0.9996
689 0.9996
690 0.9996
691 0.9996
692 0.9996
693 0.9996
694 0.9996
695 0.9996
696 0.9996
697 0.9996
698 0.9996
699 0.9996
700 0.9996
701 0.9996
702 0.9996
703 0.9996
704 0.9996
705 0.9996
706 0.9996
707 0.9996
708 0.9996
709 0.9996
710 0.9996
711 0.9996
712 0.9996
713 0.9996
714 0.9996
715 0.9996
716 0.9996
717 0.9996
718 0.9996
719 0.9996
720 0.9996
721 0.9996
722 0.9996
723 0.9996
724 0.9996
725 0.9996
726 0.9996
727 0.9996
728 0.9996
729 0.9996
730 0.9996
731 0.9996
732 0.9996
733 0.9996
734 0.9996
735 0.9996
736 0.9996
737 0.9996
738 0.9996
739 0.9996
740 0.9996
741 0.9996
742 0.9996
743 0.9996
744 0.9996
745 0.9996
746 0.9996
747 0.9996
748 0.9996
749 0.9996
750 0.9996
751 0.9996
752 0.9996
753 0.9996
754 0.9996
755 0.9996
756 0.9996
757 0.9996
758 0.9996
759 0.9996
760 0.9996
761 0.9996
762 0.9996
763 0.9996
764 0.9996
765 0.9996
766 0.9996
767 0.9996
768 0.9996
769 0.9996
770 0.9996
771 0.9996
772 0.9996
773 0.9996
774 0.9996
775 0.9996
776 0.9996
777 0.9996
778 0.9996
779 0.9996
780 0.9996
781 0.9996
782 0.9996
783 0.9996
784 0.9996
785 0.9996
786 0.9996
787 0.9996
788 0.9996
789 0.9996
790 0.9996
791 0.9996
792 0.9996
793 0.9996
794 0.9996
795 0.9996
796 0.9996
797 0.9996
798 0.9996
799 0.9996
800 0.9996
801 0.9996
802 0.9996
803 0.9996
804 0.9996
805 0.9996
806 0.9996
807 0.9996
808 0.9996
809 0.9996
810 0.9996
811 0.9996
812 0.9996
813 0.9996
814 0.9996
815 0.9996
816 0.9996
817 0.9996
818 0.9996
819 0.9996
820 0.9996
821 0.9996
822 0.9996
823 0.9996
824 0.9996
825 0.9996
826 0.9996
827 0.9996
828 0.9996
829 0.9996
830 0.9996
831 0.9996
832 0.9996
833 0.9996
834 0.9996
835 0.9996
836 0.9996
837 0.9996
838 0.9996
839 0.9996
840 0.9996
841 0.9996
842 0.9996
843 0.9996
844 0.9996
845 0.9996
846 0.9996
847 0.9996
848 0.9996
849 0.9996
850 0.9996
851 0.9996
852 0.9996
853 0.9996
854 0.9996
855 0.9996
856 0.9996
857 0.9996
858 0.9996
859 0.9996
860 0.9996
861 0.9996
862 0.9996
863 0.9996
864 0.9996
865 0.9996
866 0.9996
867 0.9996
868 0.9996
869 0.9996
870 0.9996
871 0.9996
872 0.9996
873 0.9996
874 0.9996
875 0.9996
876 0.9996
877 0.9996
878 0.9996
879 0.9996
880 0.9996
881 0.9996
882 0.9996
883 0.9996
884 0.9996
885 0.9996
886 0.9996
887 0.9996
888 0.9996
889 0.9996
890 0.9996
891 0.9996
892 0.9996
893 0.9996
894 0.9996
895 0.9996
896 0.9996
897 0.9996
898 0.9996
899 0.9996
900 0.9996
901 0.9996
902 0.9996
903 0.9996
904 0.9996
905 0.9996
906 0.9996
907 0.9996
908 0.9996
909 0.9996
910 0.9996
911 0.9996
912 0.9996
913 0.9996
914 0.9996
915 0.9996
916 0.9996
917 0.9996
918 0.9996
919 0.9996
920 0.9996
921 0.9996
922 0.9996
923 0.9996
924 0.9996
925 0.9996
926 0.9996
927 0.9996
928 0.9996
929 0.9996
930 0.9996
931 0.9996
932 0.9996
933 0.9996
934 0.9996
935 0.9996
936 0.9996
937 0.9996
938 0.9996
939 0.9996
940 0.9996
941 0.9996
942 0.9996
943 0.9996
944 0.9996
945 0.9996
946 0.9996
947 0.9996
948 0.9996
949 0.9996
950 0.9996
951 0.9996
952 0.9996
953 0.9996
954 0.9996
955 0.9996
956 0.9996
957 0.9996
958 0.9996
959 0.9996
960 0.9996
961 0.9996
962 0.9996
963 0.9996
964 0.9996
965 0.9996
966 0.9996
967 0.9996
968 0.9996
969 0.9996
970 0.9996
971 0.9996
972 0.9996
973 0.9996
974 0.9996
975 0.9996
976 0.9996
977 0.9996
978 0.9996
979 0.9996
980 0.9996
981 0.9996
982 0.9996
983 0.9996
984 0.9996
985 0.9996
986 0.9996
987 0.9996
988 0.9996
989 0.9996
990 0.9996
991 0.9996
992 0.9996
993 0.9996
994 0.9996
995 0.9996
996 0.9996
997 0.9996
998 0.9996
999 0.9996
1000 0.9996
1001 0.9996
1002 0.9996
1003 0.9996
1004 0.9996
1005 0.9996
1006 0.9996
1007 0.9996
1008 0.9996
1009 0.9996
1010 0.9996
1011 0.9996
1012 0.9996
1013 0.9996
1014 0.9996
1015 0.9996
1016 0.9996
1017 0.9996
1018 0.9996
1019 0.9996
1020 0.9996
1021 0.9996
1022 0.9996
1023 0.9996
1024 0.9996
1025 0.9996
1026 0.9996
1027 0.9996
1028 0.9996
1029 0.9996
1030 0.9996
1031 0.9996
1032 0.9996
1033 0.9996
1034 0.9996
1035 0.9996
1036 0.9996
1037 0.9996
1038 0.9996
1039 0.9996
1040 0.9996
1041 0.9996
1042 0.9996
1043 0.9996
1044 0.9996
1045 0.9996
1046 0.9996
1047 0.9996
1048 0.9996
1049 0.9996
1050 0.9996
1051 0.9996
1052 0.9996
1053 0.9996
1054 0.9996
1055 0.9996
1056 0.9996
1057 0.9996
1058 0.9996
1059 0.9996
1060 0.9996
1061 0.9996
1062 0.9996
1063 0.9996
1064 0.9996
1065 0.9996
1066 0.9996
1067 0.9996
1068 0.9996
1069 0.9996
1070 0.9996
1071 0.9996
1072 0.9996
1073 0.9996
1074 0.9996
1075 0.9996
1076 0.9996
1077 0.9996
1078 0.9996
1079 0.9996
1080 0.9996
1081 0.9996
1082 0.9996
1083 0.9996
1084 0.9996
1085 0.9996
1086 0.9996
1087 0.9996
1088 0.9996
1089 0.9996
1090 0.9996
1091 0.9996
1092 0.9996
1093 0.9996
1094 0.9996
1095 0.9996
1096 0.9996
1097 0.9996
1098 0.9996
1099 0.9996
1100 0.9996
1101 0.9996
1102 0.9996
1103 0.9996
1104 0.9996
1105 0.9996
1106 0.9996
1107 0.9996
1108 0.9996
1109 0.9996
1110 0.9996
1111 0.9996
1112 0.9996
1113 0.9996
1114 0.9996
1115 0.9996
1116 0.9996
1117 0.9996
1118 0.9996
1119 0.9996
1120 0.9996
1121 0.9996
1122 0.9996
1123 0.9996
1124 0.9996
1125 0.9996
1126 0.9996
1127 0.9996
1128 0.9996
1129 0.9996
1130 0.9996
1131 0.9996
1132 0.9996
1133 0.9996
1134 0.9996
1135 0.9996
1136 0.9996
1137 0.9996
1138 0.9996
1139 0.9996
1140 0.9996
1141 0.9996
1142 0.9996
1143 0.9996
1144 0.9996
1145 0.9996
1146 0.9996
1147 0.9996
1148 0.9996
1149 0.9996
1150 0.9996
1151 0.9996
1152 0.9996
1153 0.9996
1154 0.9996
1155 0.9996
1156 0.9996
1157 0.9996
1158 0.9996
1159 0.9996
1160 0.9996
1161 0.9996
1162 0.9996
1163 0.9996
1164 0.9996
1165 0.9996
1166 0.9996
1167 0.9996
1168 0.9996
1169 0.9996
1170 0.9996
1171 0.9996
1172 0.9996
1173 0.9996
1174 0.9996
1175 0.9996
1176 0.9996
1177 0.9996
1178 0.9996
1179 0.9996
1180 0.9996
1181 0.9996
1182 0.9996
1183 0.9996
1184 0.9996
1185 0.9996
1186 0.9996
1187 0.9996
1188 0.9996
1189 0.9996
1190 0.9996
1191 0.9996
1192 0.9996
1193 0.9996
1194 0.9996
1195 0.9996
1196 0.9996
1197 0.9996
1198 0.9996
1199 0.9996
1200 0.9996
1201 0.9996
1202 0.9996
1203 0.9996
1204 0.9996
1205 0.9996
1206 0.9996
1207 0.9996
1208 0.9996
1209 0.9996
1210 0.9996
1211 0.9996
1212 0.9996
1213 0.9996
1214 0.9996
1215 0.9996
1216 0.9996
1217 0.9996
1218 0.9996
1219 0.9996
1220 0.9996
1221 0.9996
1222 0.9996
1223 0.9996
1224 0.9996
1225 0.9996
1226 0.9996
1227 0.9996
1228 0.9996
1229 0.9996
1230 0.9996
1231 0.9996
1232 0.9996
1233 0.9996
1234 0.9996
1235 0.9996
1236 0.9996
1237 0.9996
1238 0.9996
1239 0.9996
1240 0.9996
1241 0.9996
1242 0.9996
1243 0.9996
1244 0.9996
1245 0.9996
1246 0.9996
1247 0.9996
1248 0.9996
1249 0.9996
1250 0.9996
1251 0.9996
1252 0.9996
1253 0.9996
1254 0.9996
1255 0.9996
1256 0.9996
1257 0.9996
1258 0.9996
1259 0.9996
1260 0.9996
1261 0.9996
1262 0.9996
1263 0.9996
1264 0.9996
1265 0.9996
1266 0.9996
1267 0.9996
1268 0.9996
1269 0.9996
1270 0.9996
1271 0.9996
1272 0.9996
1273 0.9996
1274 0.9996
1275 0.9996
1276 0.9996
1277 0.9996
1278 0.9996
1279 0.9996
1280 0.9996
1281 0.9996
1282 0.9996
1283 0.9996
1284 0.9996
1285 0.9996
1286 0.9996
1287 0.9996
1288 0.9996
1289 0.9996
1290 0.9996
1291 0.9996
1292 0.9996
1293 0.9996
1294 0.9996
1295 0.9996
1296 0.9996
1297 0.9996
1298 0.9996
1299 0.9996
1300 0.9996
1301 0.9996
1302 0.9996
1303 0.9996
1304 0.9996
1305 0.9996
1306 0.9996
1307 0.9996
1308 0.9996
1309 0.9996
1310 0.9996
1311 0.9996
1312 0.9996
1313 0.9996
1314 0.9996
1315 0.9996
1316 0.9996
1317 0.9996
1318 0.9996
1319 0.9996
1320 0.9996
1321 0.9996
1322 0.9996
1323 0.9996
1324 0.9996
1325 0.9996
1326 0.9996
1327 0.9996
1328 0.9996
1329 0.9996
1330 0.9996
1331 0.9996
1332 0.9996
1333 0.9996
1334 0.9996
1335 0.9996
1336 0.9996
1337 0.9996
1338 0.9996
1339 0.9996
1340 0.9996
1341 0.9996
1342 0.9996
1343 0.9996
1344 0.9996
1345 0.9996
1346 0.9996
1347 0.9996
1348 0.9996
1349 0.9996
1350 0.9996
1351 0.9996
1352 0.9996
1353 0.9996
1354 0.9996
1355 0.9996
1356 0.9996
1357 0.9996
1358 0.9996
1359 0.9996
1360 0.9996
1361 0.9996
1362 0.9996
1363 0.9996
1364 0.9996
1365 0.9996
1366 0.9996
1367 0.9996
1368 0.9996
1369 0.9996
1370 0.9996
1371 0.9996
1372 0.9996
1373 0.9996
1374 0.9996
1375 0.9996
1376 0.9996
1377 0.9996
1378 0.9996
1379 0.9996
1380 0.9996
1381 0.9996
1382 0.9996
1383 0.9996
1384 0.9996
1385 0.9996
1386 0.9996
1387 0.9996
1388 0.9996
1389 0.9996
1390 0.9996
1391 0.9996
1392 0.9996
1393 0.9996
1394 0.9996
1395 0.9996
1396 0.9996
1397 0.9996
1398 0.9996
1399 0.9996
1400 0.9996
1401 0.9996
1402 0.9996
1403 0.9996
1404 0.9996
1405 0.9996
1406 0.9996
1407 0.9996
1408 0.9996
1409 0.9996
1410 0.9996
1411 0.9996
1412 0.9996
1413 0.9996
1414 0.9996
1415 0.9996
1416 0.9996
1417 0.9996
1418 0.9996
1419 0.9996
1420 0.9996
1421 0.9996
1422 0.9996
1423 0.9996
1424 0.9996
1425 0.9996
1426 0.9996
1427 0.9996
1428 0.9996
1429 0.9996
1430 0.9996
1431 0.9996
1432 0.9996
1433 0.9996
1434 0.9996
1435 0.9996
1436 0.9996
1437 0.9996
1438 0.9996
1439 0.9996
1440 0.9996
1441 0.9996
1442 0.9996
1443 0.9996
1444 0.9996
1445 0.9996
1446 0.9996
1447 0.9996
1448 0.9996
1449 0.9996
1450 0.9996
1451 0.9996
1452 0.9996
1453 0.9996
1454 0.9996
1455 0.9996
1456 0.9996
1457 0.9996
1458 0.9996
1459 0.9996
1460 0.9996
1461 0.9996
1462 0.9996
1463 0.9996
1464 0.9996
1465 0.9996
1466 0.9996
1467 0.9996
1468 0.9996
1469 0.9996
1470 0.9996
1471 0.9996
1472 0.9996
1473 0.9996
1474 0.9996
1475 0.9996
1476 0.9996
1477 0.9996
1478 0.9996
1479 0.9996
1480 0.9996
1481 0.9996
1482 0.9996
1483 0.9996
1484 0.9996
1485 0.9996
1486 0.9996
1487 0.9996
1488 0.9996
1489 0.9996
1490 0.9996
1491 0.9996
1492 0.9996
1493 0.9996
1494 0.9996
1495 0.9996
1496 0.9996
1497 0.9996
1498 0.9996
1499 0.9996
1500 0.9996
1501 0.9996
1502 0.9996
1503 0.9996
1504 0.9996
1505 0.9996
1506 0.9996
1507 0.9996
1508 0.9996
1509 0.9996
1510 0.9996
1511 0.9996
1512 0.9996
1513 0.9996
1514 0.9996
1515 0.9996
1516 0.9996
1517 0.9996
1518 0.9996
1519 0.9996
1520 0.9996
1521 0.9996
1522 0.9996
1523 0.9996
1524 0.9996
1525 0.9996
1526 0.9996
1527 0.9996
1528 0.9996
1529 0.9996
1530 0.9996
1531 0.9996
1532 0.9996
1533 0.9996
1534 0.9996
1535 0.9996
1536 0.9996
1537 0.9996
1538 0.9996
1539 0.9996
1540 0.9996
1541 0.9996
1542 0.9996
1543 0.9996
1544 0.9996
1545 0.9996
1546 0.9996
1547 0.9996
1548 0.9996
1549 0.9996
1550 0.9996
1551 0.9996
1552 0.9996
1553 0.9996
1554 0.9996
1555 0.9996
1556 0.9996
1557 0.9996
1558 0.9996
1559 0.9996
1560 0.9996
1561 0.9996
1562 0.9996
1563 0.9996
1564 0.9996
1565 0.9996
1566 0.9996
1567 0.9996
1568 0.9996
1569 0.9996
1570 0.9996
1571 0.9996
1572 0.9996
1573 0.9996
1574 0.9996
1575 0.9996
1576 0.9996
1577 0.9996
1578 0.9996
1579 0.9996
1580 0.9996
1581 0.9996
1582 0.9996
1583 0.9996
1584 0.9996
1585 0.9996
1586 0.9996
1587 0.9996
1588 0.9996
1589 0.9996
1590 0.9996
1591 0.9996
1592 0.9996
1593 0.9996
1594 0.9996
1595 0.9996
1596 0.9996
1597 0.9996
1598 0.9996
1599 0.9996
1600 0.9996
1601 0.9996
1602 0.9996
1603 0.9996
1604 0.9996
1605 0.9996
1606 0.9996
1607 0.9996
1608 0.9996
1609 0.9996
1610 0.9996
1611 0.9996
1612 0.9996
1613 0.9996
1614 0.9996
1615 0.9996
1616 0.9996
1617 0.9996
1618 0.9996
1619 0.9996
1620 0.9996
1621 0.9996
1622 0.9996
1623 0.9996
1624 0.9996
1625 0.9996
1626 0.9996
1627 0.9996
1628 0.9996
1629 0.9996
1630 0.9996
1631 0.9996
1632 0.9996
1633 0.9996
1634 0.9996
1635 0.9996
1636 0.9996
1637 0.9996
1638 0.9996
1639 0.9996
1640 0.9996
1641 0.9996
1642 0.9996
1643 0.9996
1644 0.9996
1645 0.9996
1646 0.9996
1647 0.9996
1648 0.9996
1649 0.9996
1650 0.9996
1651 0.9996
1652 0.9996
1653 0.9996
1654 0.9996
1655 0.9996
1656 0.9996
1657 0.9996
1658 0.9996
1659 0.9996
1660 0.9996
1661 0.9996
1662 0.9996
1663 0.9996
1664 0.9996
1665 0.9996
1666 0.9996
1667 0.9996
1668 0.9996
1669 0.9996
1670 0.9996
1671 0.9996
1672 0.9996
1673 0.9996
1674 0.9996
1675 0.9996
1676 0.9996
1677 0.9996
1678 0.9996
1679 0.9996
1680 0.9996
1681 0.9996
1682 0.9996
1683 0.9996
1684 0.9996
1685 0.9996
1686 0.9996
1687 0.9996
1688 0.9996
1689 0.9996
1690 0.9996
1691 0.9996
1692 0.9996
1693 0.9996
1694 0.9996
1695 0.9996
1696 0.9996
1697 0.9996
1698 0.9996
1699 0.9996
1700 0.9996
1701 0.9996
1702 0.9996
1703 0.9996
1704 0.9996
1705 0.9996
1706 0.9996
1707 0.9996
1708 0.9996
1709 0.9996
1710 0.9996
1711 0.9996
1712 0.9996
1713 0.9996
1714 0.9996
1715 0.9996
1716 0.9996
1717 0.9996
1718 0.9996
1719 0.9996
1720 0.9996
1721 0.9996
1722 0.9996
1723 0.9996
1724 0.9996
1725 0.9996
1726 0.9996
1727 0.9996
1728 0.9996
1729 0.9996
1730 0.9996
1731 0.9996
1732 0.9996
1733 0.9996
1734 0.9996
1735 0.9996
1736 0.9996
1737 0.9996
1738 0.9996
1739 0.9996
1740 0.9996
1741 0.9996
1742 0.9996
1743 0.9996
1744 0.9996
1745 0.9996
1746 0.9996
1747 0.9996
1748 0.9996
1749 0.9996
1750 0.9996
1751 0.9996
1752 0.9996
1753 0.9996
1754 0.9996
1755 0.9996
1756 0.9996
1757 0.9996
1758 0.9996
1759 0.9996
1760 0.9996
1761 0.9996
1762 0.9996
1763 0.9996
1764 0.9996
1765 0.9996
1766 0.9996
1767 0.9996
1768 0.9996
1769 0.9996
1770 0.9996
1771 0.9996
1772 0.9996
1773 0.9996
1774 0.9996
1775 0.9996
1776 0.9996
1777 0.9996
1778 0.9996
1779 0.9996
1780 0.9996
1781 0.9996
1782 0.9996
1783 0.9996
1784 0.9996
1785 0.9996
1786 0.9996
1787 0.9996
1788 0.9996
1789 0.9996
1790 0.9996
1791 0.9996
1792 0.9996
1793 0.9996
1794 0.9996
1795 0.9996
1796 0.9996
1797 0.9996
1798 0.9996
1799 0.9996
1800 0.9996
1801 0.9996
1802 0.9996
1803 0.9996
1804 0.9996
1805 0.9996
1806 0.9996
1807 0.9996
1808 0.9996
1809 0.9996
1810 0.9996
1811 0.9996
1812 0.9996
1813 0.9996
1814 0.9996
1815 0.9996
1816 0.9996
1817 0.9996
1818 0.9996
1819 0.9996
1820 0.9996
1821 0.9996
1822 0.9996
1823 0.9996
1824 0.9996
1825 0.9996
1826 0.9996
1827 0.9996
1828 0.9996
1829 0.9996
1830 0.9996
1831 0.9996
1832 0.9996
1833 0.9996
1834 0.9996
1835 0.9996
1836 0.9996
1837 0.9996
1838 0.9996
1839 0.9996
1840 0.9996
1841 0.9996
1842 0.9996
1843 0.9996
1844 0.9996
1845 0.9996
1846 0.9996
1847 0.9996
1848 0.9996
1849 0.9996
1850 0.9996
1851 0.9996
1852 0.9996
1853 0.9996
1854 0.9996
1855 0.9996
1856 0.9996
1857 0.9996
1858 0.9996
1859 0.9996
1860 0.9996
1861 0.9996
1862 0.9996
1863 0.9996
1864 0.9996
1865 0.9996
1866 0.9996
1867 0.9996
1868 0.9996
1869 0.9996
1870 0.9996
1871 0.9996
1872 0.9996
1873 0.9996
1874 0.9996
1875 0.9996
1876 0.9996
1877 0.9996
1878 0.9996
1879 0.9996
1880 0.9996
1881 0.9996
1882 0.9996
1883 0.9996
1884 0.9996
1885 0.9996
1886 0.9996
1887 0.9996
1888 0.9996
1889 0.9996
1890 0.9996
1891 0.9996
1892 0.9996
1893 0.9996
1894 0.9996
1895 0.9996
1896 0.9996
1897 0.9996
1898 0.9996
1899 0.9996
1900 0.9996
1901 0.9996
1902 0.9996
1903 0.9996
1904 0.9996
1905 0.9996
1906 0.9996
1907 0.9996
1908 0.9996
1909 0.9996
1910 0.9996
1911 0.9996
1912 0.9996
1913 0.9996
1914 0.9996
1915 0.9996
1916 0.9996
1917 0.9996
1918 0.9996
1919 0.9996
1920 0.9996
1921 0.9996
1922 0.9996
1923 0.9996
1924 0.9996
1925 0.9996
1926 0.9996
1927 0.9996
1928 0.9996
1929 0.9996
1930 0.9996
1931 0.9996
1932 0.9996
1933 0.9996
1934 0.9996
1935 0.9996
1936 0.9996
1937 0.9996
1938 0.9996
1939 0.9996
1940 0.9996
1941 0.9996
1942 0.9996
1943 0.9996
1944 0.9996
1945 0.9996
1946 0.9996
1947 0.9996
1948 0.9996
1949 0.9996
1950 0.9996
1951 0.9996
1952 0.9996
1953 0.9996
1954 0.9996
1955 0.9996
1956 0.9996
1957 0.9996
1958 0.9996
1959 0.9996
1960 0.9996
1961 0.9996
1962 0.9996
1963 0.9996
1964 0.9996
1965 0.9996
1966 0.9996
1967 0.9996
1968 0.9996
1969 0.9996
1970 0.9996
1971 0.9996
1972 0.9996
1973 0.9996
1974 0.9996
1975 0.9996
1976 0.9996
1977 0.9996
1978 0.9996
1979 0.9996
1980 0.9996
1981 0.9996
1982 0.9996
1983 0.9996
1984 0.9996
1985 0.9996
1986 0.9996
1987 0.9996
1988 0.9996
1989 0.9996
1990 0.9996
1991 0.9996
1992 0.9996
1993 0.9996
1994 0.9996
1995 0.9996
1996 0.9996
1997 0.9996
1998 0.9996
1999 0.9996
