1 1.0
2 1.0
3 1.0
4 0.998
5 0.998
6 0.998
7 0.998
8 0.998
9 0.998
10 0.998
11 0.998
12 0.998
13 0.998
14 0.998
15 0.9960000000000001
16 0.9960000000000001
17 0.9960000000000001
18 0.9960000000000001
19 0.994
20 0.994
21 0.994
22 0.994
23 0.994
24 0.994
25 0.994
26 0.994
27 0.994
28 0.994
29 0.994
30 0.992
31 0.992
32 0.992
33 0.992
34 0.9880000000000001
35 0.986
36 0.9800000000000001
37 0.9800000000000001
38 0.9740000000000002
39 0.9740000000000002
40 0.9720000000000002
41 0.9700000000000003
42 0.968
43 0.968
44 0.966
45 0.966
46 0.966
47 0.9620000000000001
48 0.9600000000000002
49 0.958
50 0.958
51 0.958
52 0.958
53 0.9560000000000001
54 0.9560000000000001
55 0.9519999999999997
56 0.9499999999999998
57 0.9499999999999998
58 0.9479999999999998
59 0.946
60 0.942
61 0.9400000000000001
62 0.9380000000000001
63 0.9359999999999999
64 0.9339999999999999
65 0.9339999999999999
66 0.932
67 0.932
68 0.93
69 0.93
70 0.93
71 0.93
72 0.93
73 0.9280000000000002
74 0.9280000000000002
75 0.924
76 0.9200000000000002
77 0.9179999999999999
78 0.914
79 0.9119999999999999
80 0.9119999999999999
81 0.9119999999999999
82 0.9119999999999999
83 0.9099999999999999
84 0.9099999999999999
85 0.9040000000000001
86 0.9020000000000001
87 0.9020000000000001
88 0.9020000000000001
89 0.9
90 0.9
91 0.9
92 0.8979999999999999
93 0.8979999999999999
94 0.8979999999999999
95 0.8959999999999999
96 0.8959999999999999
97 0.8959999999999999
98 0.8939999999999999
99 0.8939999999999999
100 0.8939999999999999
101 0.8939999999999999
102 0.8939999999999999
103 0.8939999999999999
104 0.8939999999999999
105 0.892
106 0.89
107 0.8880000000000001
108 0.8860000000000001
109 0.884
110 0.8800000000000001
111 0.8760000000000001
112 0.8760000000000001
113 0.8760000000000001
114 0.8760000000000001
115 0.8760000000000001
116 0.8760000000000001
117 0.8740000000000002
118 0.8740000000000002
119 0.8740000000000002
120 0.8740000000000002
121 0.8720000000000002
122 0.8700000000000001
123 0.8660000000000002
124 0.8640000000000001
125 0.8600000000000001
126 0.858
127 0.8560000000000001
128 0.8560000000000001
129 0.8560000000000001
130 0.8560000000000001
131 0.8540000000000001
132 0.8540000000000001
133 0.852
134 0.85
135 0.8480000000000001
136 0.8480000000000001
137 0.8460000000000001
138 0.8460000000000001
139 0.8460000000000001
140 0.842
141 0.842
142 0.842
143 0.842
144 0.842
145 0.8399999999999999
146 0.836
147 0.834
148 0.8320000000000001
149 0.8320000000000001
150 0.8320000000000001
151 0.8299999999999998
152 0.828
153 0.826
154 0.826
155 0.8220000000000001
156 0.818
157 0.8160000000000001
158 0.812
159 0.8100000000000002
160 0.808
161 0.806
162 0.8019999999999999
163 0.8019999999999999
164 0.8019999999999999
165 0.8019999999999999
166 0.8
167 0.798
168 0.798
169 0.796
170 0.794
171 0.792
172 0.79
173 0.79
174 0.7859999999999999
175 0.7859999999999999
176 0.7859999999999999
177 0.7859999999999999
178 0.784
179 0.7819999999999999
180 0.7819999999999999
181 0.7819999999999999
182 0.7819999999999999
183 0.7739999999999999
184 0.7739999999999999
185 0.7739999999999999
186 0.772
187 0.772
188 0.77
189 0.77
190 0.77
191 0.768
192 0.766
193 0.766
194 0.766
195 0.766
196 0.766
197 0.766
198 0.766
199 0.762
200 0.762
201 0.762
202 0.762
203 0.758
204 0.758
205 0.756
206 0.756
207 0.756
208 0.756
209 0.756
210 0.756
211 0.756
212 0.756
213 0.756
214 0.756
215 0.754
216 0.754
217 0.754
218 0.754
219 0.754
220 0.752
221 0.752
222 0.75
223 0.75
224 0.75
225 0.748
226 0.748
227 0.746
228 0.746
229 0.746
230 0.744
231 0.744
232 0.744
233 0.744
234 0.7420000000000001
235 0.7420000000000001
236 0.7420000000000001
237 0.7400000000000001
238 0.7400000000000001
239 0.7380000000000001
240 0.7360000000000001
241 0.7360000000000001
242 0.7360000000000001
243 0.7360000000000001
244 0.7360000000000001
245 0.7360000000000001
246 0.7360000000000001
247 0.7340000000000001
248 0.7340000000000001
249 0.7340000000000001
250 0.7340000000000001
251 0.7340000000000001
252 0.7340000000000001
253 0.7340000000000001
254 0.7340000000000001
255 0.7340000000000001
256 0.7320000000000001
257 0.7320000000000001
258 0.7300000000000001
259 0.7280000000000001
260 0.7280000000000001
261 0.7260000000000001
262 0.7260000000000001
263 0.724
264 0.722
265 0.722
266 0.722
267 0.72
268 0.72
269 0.7179999999999999
270 0.716
271 0.7119999999999999
272 0.7119999999999999
273 0.7099999999999999
274 0.7099999999999999
275 0.7099999999999999
276 0.708
277 0.706
278 0.706
279 0.706
280 0.706
281 0.704
282 0.702
283 0.702
284 0.702
285 0.7
286 0.7
287 0.698
288 0.698
289 0.696
290 0.694
291 0.694
292 0.694
293 0.694
294 0.694
295 0.688
296 0.6859999999999998
297 0.6859999999999998
298 0.6859999999999998
299 0.6859999999999998
300 0.6859999999999998
301 0.6859999999999998
302 0.6859999999999998
303 0.6859999999999998
304 0.6859999999999998
305 0.6859999999999998
306 0.6819999999999999
307 0.6819999999999999
308 0.6819999999999999
309 0.6799999999999999
310 0.6799999999999999
311 0.6799999999999999
312 0.6779999999999999
313 0.6739999999999999
314 0.6739999999999999
315 0.6739999999999999
316 0.6739999999999999
317 0.6719999999999999
318 0.6699999999999999
319 0.6679999999999999
320 0.6679999999999999
321 0.6679999999999999
322 0.6679999999999999
323 0.6679999999999999
324 0.6679999999999999
325 0.6679999999999999
326 0.6679999999999999
327 0.6679999999999999
328 0.6679999999999999
329 0.6679999999999999
330 0.6679999999999999
331 0.6679999999999999
332 0.6679999999999999
333 0.6679999999999999
334 0.6679999999999999
335 0.6659999999999999
336 0.6639999999999999
337 0.6639999999999999
338 0.6619999999999998
339 0.6619999999999998
340 0.6599999999999999
341 0.6599999999999999
342 0.6599999999999999
343 0.6599999999999999
344 0.6579999999999999
345 0.6579999999999999
346 0.6579999999999999
347 0.6579999999999999
348 0.6579999999999999
349 0.6579999999999999
350 0.6579999999999999
351 0.6559999999999999
352 0.6559999999999999
353 0.6559999999999999
354 0.654
355 0.654
356 0.654
357 0.654
358 0.654
359 0.654
360 0.654
361 0.654
362 0.652
363 0.648
364 0.648
365 0.648
366 0.6460000000000001
367 0.6460000000000001
368 0.6460000000000001
369 0.6460000000000001
370 0.6460000000000001
371 0.6460000000000001
372 0.6460000000000001
373 0.6440000000000001
374 0.6440000000000001
375 0.642
376 0.642
377 0.64
378 0.64
379 0.64
380 0.634
381 0.634
382 0.634
383 0.634
384 0.634
385 0.632
386 0.6279999999999999
387 0.6279999999999999
388 0.626
389 0.626
390 0.624
391 0.6220000000000001
392 0.6220000000000001
393 0.6220000000000001
394 0.6220000000000001
395 0.6220000000000001
396 0.6220000000000001
397 0.6220000000000001
398 0.6200000000000001
399 0.618
400 0.618
401 0.616
402 0.616
403 0.616
404 0.616
405 0.6140000000000001
406 0.6140000000000001
407 0.6119999999999999
408 0.61
409 0.61
410 0.61
411 0.61
412 0.61
413 0.61
414 0.61
415 0.61
416 0.608
417 0.6060000000000001
418 0.6040000000000001
419 0.6040000000000001
420 0.6020000000000001
421 0.6020000000000001
422 0.6020000000000001
423 0.6020000000000001
424 0.6020000000000001
425 0.6020000000000001
426 0.6020000000000001
427 0.5980000000000001
428 0.5980000000000001
429 0.5980000000000001
430 0.5980000000000001
431 0.5980000000000001
432 0.5980000000000001
433 0.5980000000000001
434 0.5980000000000001
435 0.5980000000000001
436 0.5980000000000001
437 0.5980000000000001
438 0.5980000000000001
439 0.596
440 0.596
441 0.596
442 0.5940000000000001
443 0.5940000000000001
444 0.5940000000000001
445 0.5940000000000001
446 0.5940000000000001
447 0.5940000000000001
448 0.5940000000000001
449 0.5920000000000001
450 0.5920000000000001
451 0.5920000000000001
452 0.5920000000000001
453 0.5920000000000001
454 0.5920000000000001
455 0.5920000000000001
456 0.59
457 0.59
458 0.59
459 0.59
460 0.588
461 0.588
462 0.588
463 0.5860000000000001
464 0.5860000000000001
465 0.5860000000000001
466 0.5860000000000001
467 0.5860000000000001
468 0.5860000000000001
469 0.5860000000000001
470 0.5860000000000001
471 0.5860000000000001
472 0.5840000000000001
473 0.5840000000000001
474 0.582
475 0.582
476 0.582
477 0.58
478 0.576
479 0.576
480 0.576
481 0.576
482 0.576
483 0.5740000000000001
484 0.5740000000000001
485 0.5740000000000001
486 0.5740000000000001
487 0.5740000000000001
488 0.5740000000000001
489 0.5740000000000001
490 0.5740000000000001
491 0.572
492 0.572
493 0.572
494 0.572
495 0.572
496 0.572
497 0.572
498 0.572
499 0.572
500 0.5700000000000001
501 0.568
502 0.568
503 0.568
504 0.568
505 0.5660000000000001
506 0.5660000000000001
507 0.5660000000000001
508 0.5660000000000001
509 0.5660000000000001
510 0.5640000000000001
511 0.5640000000000001
512 0.5619999999999999
513 0.5619999999999999
514 0.5599999999999999
515 0.5599999999999999
516 0.558
517 0.558
518 0.558
519 0.556
520 0.556
521 0.556
522 0.5539999999999999
523 0.5539999999999999
524 0.5539999999999999
525 0.5539999999999999
526 0.5539999999999999
527 0.5539999999999999
528 0.5519999999999999
529 0.5519999999999999
530 0.5519999999999999
531 0.5519999999999999
532 0.5519999999999999
533 0.5519999999999999
534 0.5519999999999999
535 0.5519999999999999
536 0.5519999999999999
537 0.548
538 0.548
539 0.548
540 0.548
541 0.548
542 0.546
543 0.5439999999999999
544 0.5439999999999999
545 0.5439999999999999
546 0.542
547 0.542
548 0.542
549 0.542
550 0.542
551 0.542
552 0.542
553 0.542
554 0.542
555 0.542
556 0.542
557 0.542
558 0.542
559 0.542
560 0.542
561 0.54
562 0.54
563 0.54
564 0.54
565 0.54
566 0.54
567 0.54
568 0.54
569 0.54
570 0.54
571 0.54
572 0.54
573 0.538
574 0.538
575 0.538
576 0.5359999999999999
577 0.5359999999999999
578 0.5359999999999999
579 0.5359999999999999
580 0.5359999999999999
581 0.5359999999999999
582 0.5359999999999999
583 0.5359999999999999
584 0.534
585 0.534
586 0.534
587 0.534
588 0.534
589 0.534
590 0.534
591 0.534
592 0.534
593 0.534
594 0.534
595 0.534
596 0.532
597 0.53
598 0.53
599 0.53
600 0.53
601 0.53
602 0.53
603 0.53
604 0.53
605 0.53
606 0.53
607 0.53
608 0.53
609 0.53
610 0.53
611 0.53
612 0.53
613 0.53
614 0.53
615 0.528
616 0.526
617 0.524
618 0.524
619 0.522
620 0.522
621 0.522
622 0.522
623 0.522
624 0.522
625 0.522
626 0.522
627 0.522
628 0.52
629 0.518
630 0.518
631 0.518
632 0.518
633 0.518
634 0.518
635 0.518
636 0.516
637 0.516
638 0.516
639 0.516
640 0.516
641 0.516
642 0.516
643 0.516
644 0.516
645 0.516
646 0.516
647 0.516
648 0.516
649 0.516
650 0.514
651 0.514
652 0.514
653 0.5120000000000001
654 0.5120000000000001
655 0.5120000000000001
656 0.5120000000000001
657 0.51
658 0.508
659 0.508
660 0.508
661 0.508
662 0.508
663 0.508
664 0.508
665 0.508
666 0.508
667 0.508
668 0.508
669 0.508
670 0.508
671 0.508
672 0.508
673 0.508
674 0.506
675 0.506
676 0.504
677 0.504
678 0.504
679 0.504
680 0.504
681 0.504
682 0.504
683 0.504
684 0.502
685 0.502
686 0.502
687 0.502
688 0.502
689 0.502
690 0.5
691 0.5
692 0.49800000000000005
693 0.49800000000000005
694 0.49800000000000005
695 0.4960000000000001
696 0.4960000000000001
697 0.4960000000000001
698 0.4960000000000001
699 0.4960000000000001
700 0.49400000000000005
701 0.49400000000000005
702 0.49400000000000005
703 0.49400000000000005
704 0.49400000000000005
705 0.4920000000000001
706 0.4920000000000001
707 0.49000000000000005
708 0.49000000000000005
709 0.488
710 0.488
711 0.488
712 0.488
713 0.488
714 0.488
715 0.488
716 0.488
717 0.488
718 0.488
719 0.488
720 0.488
721 0.488
722 0.488
723 0.488
724 0.488
725 0.488
726 0.488
727 0.488
728 0.488
729 0.488
730 0.488
731 0.488
732 0.488
733 0.488
734 0.488
735 0.48600000000000004
736 0.484
737 0.484
738 0.484
739 0.484
740 0.484
741 0.48200000000000004
742 0.48200000000000004
743 0.4800000000000001
744 0.4800000000000001
745 0.4800000000000001
746 0.4800000000000001
747 0.4800000000000001
748 0.47800000000000004
749 0.47800000000000004
750 0.47800000000000004
751 0.47800000000000004
752 0.47800000000000004
753 0.4760000000000001
754 0.4760000000000001
755 0.4760000000000001
756 0.4760000000000001
757 0.47400000000000003
758 0.4720000000000001
759 0.4720000000000001
760 0.4720000000000001
761 0.4720000000000001
762 0.4720000000000001
763 0.4720000000000001
764 0.47000000000000003
765 0.47000000000000003
766 0.46799999999999997
767 0.46799999999999997
768 0.46799999999999997
769 0.46799999999999997
770 0.46799999999999997
771 0.46799999999999997
772 0.46799999999999997
773 0.46799999999999997
774 0.46799999999999997
775 0.46799999999999997
776 0.46799999999999997
777 0.46799999999999997
778 0.46799999999999997
779 0.46799999999999997
780 0.46799999999999997
781 0.46799999999999997
782 0.46799999999999997
783 0.46799999999999997
784 0.46799999999999997
785 0.46799999999999997
786 0.466
787 0.466
788 0.466
789 0.466
790 0.466
791 0.466
792 0.466
793 0.466
794 0.466
795 0.466
796 0.466
797 0.466
798 0.466
799 0.466
800 0.466
801 0.4640000000000001
802 0.4640000000000001
803 0.4640000000000001
804 0.4640000000000001
805 0.4640000000000001
806 0.462
807 0.462
808 0.45999999999999996
809 0.458
810 0.45600000000000007
811 0.45600000000000007
812 0.45600000000000007
813 0.45600000000000007
814 0.45600000000000007
815 0.45600000000000007
816 0.45600000000000007
817 0.45600000000000007
818 0.45600000000000007
819 0.45600000000000007
820 0.45600000000000007
821 0.45600000000000007
822 0.45600000000000007
823 0.45600000000000007
824 0.45600000000000007
825 0.45600000000000007
826 0.45600000000000007
827 0.454
828 0.454
829 0.45200000000000007
830 0.45200000000000007
831 0.45200000000000007
832 0.45200000000000007
833 0.45200000000000007
834 0.44800000000000006
835 0.44800000000000006
836 0.44800000000000006
837 0.44800000000000006
838 0.44800000000000006
839 0.44800000000000006
840 0.44800000000000006
841 0.446
842 0.446
843 0.44400000000000006
844 0.44400000000000006
845 0.44400000000000006
846 0.44400000000000006
847 0.44400000000000006
848 0.44400000000000006
849 0.44400000000000006
850 0.44400000000000006
851 0.44400000000000006
852 0.44400000000000006
853 0.44400000000000006
854 0.44400000000000006
855 0.44400000000000006
856 0.44400000000000006
857 0.44400000000000006
858 0.44400000000000006
859 0.44400000000000006
860 0.44400000000000006
861 0.44400000000000006
862 0.44400000000000006
863 0.44400000000000006
864 0.44400000000000006
865 0.44400000000000006
866 0.44400000000000006
867 0.44400000000000006
868 0.44400000000000006
869 0.44400000000000006
870 0.44400000000000006
871 0.44400000000000006
872 0.44400000000000006
873 0.44400000000000006
874 0.44000000000000006
875 0.44000000000000006
876 0.44000000000000006
877 0.44000000000000006
878 0.43600000000000005
879 0.43200000000000005
880 0.43200000000000005
881 0.43200000000000005
882 0.43200000000000005
883 0.43200000000000005
884 0.43200000000000005
885 0.43200000000000005
886 0.43
887 0.43
888 0.43
889 0.43
890 0.43
891 0.42800000000000005
892 0.42800000000000005
893 0.42800000000000005
894 0.42800000000000005
895 0.42800000000000005
896 0.426
897 0.426
898 0.426
899 0.426
900 0.426
901 0.426
902 0.426
903 0.426
904 0.426
905 0.426
906 0.426
907 0.426
908 0.426
909 0.426
910 0.426
911 0.426
912 0.426
913 0.426
914 0.426
915 0.426
916 0.426
917 0.426
918 0.426
919 0.42400000000000004
920 0.42400000000000004
921 0.42400000000000004
922 0.42400000000000004
923 0.42000000000000004
924 0.418
925 0.41600000000000004
926 0.41600000000000004
927 0.41600000000000004
928 0.41600000000000004
929 0.41600000000000004
930 0.41600000000000004
931 0.41600000000000004
932 0.41600000000000004
933 0.41600000000000004
934 0.41600000000000004
935 0.41600000000000004
936 0.41600000000000004
937 0.41600000000000004
938 0.41600000000000004
939 0.41600000000000004
940 0.41600000000000004
941 0.41600000000000004
942 0.41600000000000004
943 0.41600000000000004
944 0.41600000000000004
945 0.414
946 0.414
947 0.414
948 0.414
949 0.414
950 0.414
951 0.414
952 0.414
953 0.414
954 0.414
955 0.414
956 0.414
957 0.414
958 0.41200000000000003
959 0.41200000000000003
960 0.41200000000000003
961 0.41200000000000003
962 0.41
963 0.41
964 0.41
965 0.41
966 0.41
967 0.41
968 0.41
969 0.41
970 0.41
971 0.41
972 0.41
973 0.41
974 0.41
975 0.41
976 0.41
977 0.41
978 0.41
979 0.40800000000000003
980 0.40800000000000003
981 0.40800000000000003
982 0.40800000000000003
983 0.40800000000000003
984 0.40599999999999997
985 0.40599999999999997
986 0.40199999999999997
987 0.40199999999999997
988 0.40199999999999997
989 0.39999999999999997
990 0.39999999999999997
991 0.39999999999999997
992 0.39999999999999997
993 0.39999999999999997
994 0.39999999999999997
995 0.39999999999999997
996 0.39999999999999997
997 0.39999999999999997
998 0.39999999999999997
999 0.39999999999999997
