1 1.0
2 1.0
3 1.0
4 1.0
5 0.998
6 0.998
7 0.998
8 0.998
9 0.998
10 0.9960000000000001
11 0.994
12 0.994
13 0.994
14 0.9899999999999999
15 0.9879999999999999
16 0.9879999999999999
17 0.9879999999999999
18 0.982
19 0.9799999999999999
20 0.974
21 0.974
22 0.974
23 0.966
24 0.966
25 0.966
26 0.9639999999999999
27 0.9639999999999999
28 0.9639999999999999
29 0.9639999999999999
30 0.9639999999999999
31 0.9639999999999999
32 0.9639999999999999
33 0.962
34 0.96
35 0.9579999999999999
36 0.9579999999999999
37 0.9579999999999999
38 0.9579999999999999
39 0.9579999999999999
40 0.9579999999999999
41 0.9559999999999998
42 0.952
43 0.952
44 0.9480000000000001
45 0.9440000000000002
46 0.9440000000000002
47 0.9440000000000002
48 0.9440000000000002
49 0.9400000000000001
50 0.9400000000000001
51 0.9400000000000001
52 0.9400000000000001
53 0.9400000000000001
54 0.9400000000000001
55 0.9400000000000001
56 0.9380000000000001
57 0.9360000000000002
58 0.9360000000000002
59 0.9360000000000002
60 0.9360000000000002
61 0.9339999999999999
62 0.932
63 0.932
64 0.932
65 0.93
66 0.93
67 0.9279999999999999
68 0.9219999999999999
69 0.9199999999999999
70 0.9199999999999999
71 0.916
72 0.916
73 0.9139999999999999
74 0.9119999999999999
75 0.9119999999999999
76 0.9119999999999999
77 0.9119999999999999
78 0.9119999999999999
79 0.9119999999999999
80 0.9119999999999999
81 0.9119999999999999
82 0.9099999999999999
83 0.9040000000000001
84 0.9020000000000001
85 0.9020000000000001
86 0.898
87 0.898
88 0.898
89 0.898
90 0.892
91 0.89
92 0.8879999999999999
93 0.882
94 0.882
95 0.882
96 0.882
97 0.8779999999999999
98 0.8779999999999999
99 0.8760000000000001
100 0.8760000000000001
101 0.8760000000000001
102 0.8760000000000001
103 0.874
104 0.868
105 0.868
106 0.868
107 0.866
108 0.8639999999999999
109 0.8639999999999999
110 0.8639999999999999
111 0.8619999999999999
112 0.8619999999999999
113 0.8619999999999999
114 0.8579999999999999
115 0.8579999999999999
116 0.8579999999999999
117 0.8579999999999999
118 0.8579999999999999
119 0.8579999999999999
120 0.8579999999999999
121 0.8539999999999999
122 0.852
123 0.852
124 0.85
125 0.85
126 0.8479999999999999
127 0.8479999999999999
128 0.8479999999999999
129 0.8479999999999999
130 0.8479999999999999
131 0.8479999999999999
132 0.8479999999999999
133 0.8479999999999999
134 0.8479999999999999
135 0.8479999999999999
136 0.8459999999999999
137 0.8459999999999999
138 0.8459999999999999
139 0.8459999999999999
140 0.8459999999999999
141 0.844
142 0.844
143 0.844
144 0.844
145 0.842
146 0.8379999999999999
147 0.8379999999999999
148 0.8379999999999999
149 0.8359999999999997
150 0.8359999999999997
151 0.8359999999999997
152 0.8359999999999997
153 0.8359999999999997
154 0.8359999999999997
155 0.8339999999999999
156 0.8339999999999999
157 0.8339999999999999
158 0.8299999999999998
159 0.8299999999999998
160 0.8299999999999998
161 0.8299999999999998
162 0.8299999999999998
163 0.828
164 0.8259999999999998
165 0.8259999999999998
166 0.8219999999999998
167 0.82
168 0.818
169 0.818
170 0.8160000000000001
171 0.8160000000000001
172 0.8160000000000001
173 0.8160000000000001
174 0.8140000000000001
175 0.8140000000000001
176 0.8140000000000001
177 0.8140000000000001
178 0.8140000000000001
179 0.8140000000000001
180 0.8140000000000001
181 0.812
182 0.812
183 0.812
184 0.812
185 0.812
186 0.812
187 0.812
188 0.812
189 0.812
190 0.808
191 0.808
192 0.808
193 0.808
194 0.808
195 0.808
196 0.808
197 0.806
198 0.806
199 0.806
200 0.806
201 0.8039999999999999
202 0.8039999999999999
203 0.8039999999999999
204 0.8019999999999999
205 0.8019999999999999
206 0.8019999999999999
207 0.8019999999999999
208 0.8019999999999999
209 0.8019999999999999
210 0.8019999999999999
211 0.8019999999999999
212 0.8019999999999999
213 0.8
214 0.8
215 0.798
216 0.798
217 0.796
218 0.792
219 0.792
220 0.792
221 0.792
222 0.792
223 0.792
224 0.792
225 0.792
226 0.792
227 0.792
228 0.792
229 0.792
230 0.79
231 0.79
232 0.79
233 0.79
234 0.79
235 0.786
236 0.786
237 0.786
238 0.786
239 0.786
240 0.786
241 0.784
242 0.774
243 0.774
244 0.774
245 0.774
246 0.774
247 0.774
248 0.774
249 0.772
250 0.772
251 0.772
252 0.772
253 0.772
254 0.772
255 0.772
256 0.772
257 0.772
258 0.77
259 0.77
260 0.77
261 0.77
262 0.77
263 0.764
264 0.764
265 0.764
266 0.758
267 0.754
268 0.754
269 0.754
270 0.754
271 0.754
272 0.754
273 0.754
274 0.754
275 0.754
276 0.754
277 0.754
278 0.752
279 0.752
280 0.752
281 0.75
282 0.75
283 0.75
284 0.7479999999999999
285 0.7459999999999999
286 0.7459999999999999
287 0.744
288 0.744
289 0.744
290 0.74
291 0.7379999999999999
292 0.734
293 0.734
294 0.732
295 0.732
296 0.732
297 0.728
298 0.728
299 0.724
300 0.724
301 0.724
302 0.724
303 0.724
304 0.724
305 0.724
306 0.724
307 0.722
308 0.718
309 0.716
310 0.716
311 0.712
312 0.712
313 0.712
314 0.712
315 0.712
316 0.712
317 0.712
318 0.712
319 0.712
320 0.712
321 0.712
322 0.708
323 0.7059999999999998
324 0.7059999999999998
325 0.7059999999999998
326 0.704
327 0.7019999999999998
328 0.7019999999999998
329 0.7019999999999998
330 0.7019999999999998
331 0.7019999999999998
332 0.7019999999999998
333 0.7019999999999998
334 0.698
335 0.696
336 0.696
337 0.696
338 0.696
339 0.696
340 0.696
341 0.696
342 0.696
343 0.696
344 0.696
345 0.696
346 0.696
347 0.694
348 0.694
349 0.694
350 0.694
351 0.692
352 0.692
353 0.692
354 0.692
355 0.692
356 0.692
357 0.692
358 0.692
359 0.692
360 0.692
361 0.692
362 0.692
363 0.692
364 0.692
365 0.692
366 0.692
367 0.69
368 0.688
369 0.688
370 0.688
371 0.686
372 0.686
373 0.686
374 0.686
375 0.686
376 0.686
377 0.686
378 0.686
379 0.686
380 0.686
381 0.686
382 0.686
383 0.686
384 0.686
385 0.684
386 0.684
387 0.684
388 0.6819999999999999
389 0.6819999999999999
390 0.6819999999999999
391 0.6799999999999999
392 0.676
393 0.676
394 0.676
395 0.6740000000000002
396 0.6740000000000002
397 0.6719999999999999
398 0.6719999999999999
399 0.6719999999999999
400 0.67
401 0.67
402 0.67
403 0.67
404 0.67
405 0.67
406 0.668
407 0.668
408 0.6659999999999999
409 0.6659999999999999
410 0.6659999999999999
411 0.6639999999999999
412 0.6639999999999999
413 0.662
414 0.66
415 0.66
416 0.6579999999999999
417 0.6579999999999999
418 0.6579999999999999
419 0.6579999999999999
420 0.6579999999999999
421 0.6579999999999999
422 0.6579999999999999
423 0.6579999999999999
424 0.6579999999999999
425 0.654
426 0.654
427 0.652
428 0.652
429 0.65
430 0.65
431 0.65
432 0.65
433 0.65
434 0.65
435 0.65
436 0.65
437 0.65
438 0.65
439 0.65
440 0.65
441 0.65
442 0.65
443 0.65
444 0.648
445 0.648
446 0.648
447 0.648
448 0.646
449 0.646
450 0.644
451 0.644
452 0.644
453 0.644
454 0.644
455 0.644
456 0.6399999999999999
457 0.6399999999999999
458 0.6379999999999999
459 0.6379999999999999
460 0.6379999999999999
461 0.6379999999999999
462 0.6379999999999999
463 0.6379999999999999
464 0.6379999999999999
465 0.6379999999999999
466 0.6359999999999999
467 0.634
468 0.634
469 0.634
470 0.634
471 0.634
472 0.634
473 0.632
474 0.632
475 0.632
476 0.632
477 0.6300000000000001
478 0.6280000000000001
479 0.6280000000000001
480 0.626
481 0.626
482 0.626
483 0.626
484 0.626
485 0.626
486 0.624
487 0.624
488 0.624
489 0.624
490 0.624
491 0.624
492 0.624
493 0.6200000000000001
494 0.6200000000000001
495 0.6200000000000001
496 0.6200000000000001
497 0.6200000000000001
498 0.6200000000000001
499 0.6200000000000001
500 0.6200000000000001
501 0.6200000000000001
502 0.6180000000000001
503 0.6180000000000001
504 0.6180000000000001
505 0.616
506 0.616
507 0.616
508 0.616
509 0.616
510 0.616
511 0.6140000000000001
512 0.6120000000000001
513 0.6120000000000001
514 0.6120000000000001
515 0.6120000000000001
516 0.6120000000000001
517 0.6120000000000001
518 0.6120000000000001
519 0.6120000000000001
520 0.61
521 0.61
522 0.61
523 0.61
524 0.61
525 0.608
526 0.608
527 0.608
528 0.608
529 0.608
530 0.608
531 0.608
532 0.608
533 0.608
534 0.608
535 0.608
536 0.608
537 0.6060000000000001
538 0.6060000000000001
539 0.6060000000000001
540 0.6039999999999999
541 0.6039999999999999
542 0.6039999999999999
543 0.6039999999999999
544 0.6039999999999999
545 0.6039999999999999
546 0.6039999999999999
547 0.6039999999999999
548 0.6039999999999999
549 0.6039999999999999
550 0.6039999999999999
551 0.6039999999999999
552 0.6039999999999999
553 0.6039999999999999
554 0.6039999999999999
555 0.6039999999999999
556 0.6039999999999999
557 0.6039999999999999
558 0.6039999999999999
559 0.6039999999999999
560 0.6039999999999999
561 0.6039999999999999
562 0.6039999999999999
563 0.6039999999999999
564 0.6039999999999999
565 0.6039999999999999
566 0.6039999999999999
567 0.6039999999999999
568 0.6039999999999999
569 0.6039999999999999
570 0.6039999999999999
571 0.6
572 0.6
573 0.6
574 0.6
575 0.6
576 0.6
577 0.6
578 0.6
579 0.6
580 0.6
581 0.6
582 0.5980000000000001
583 0.5980000000000001
584 0.5980000000000001
585 0.5980000000000001
586 0.5980000000000001
587 0.5980000000000001
588 0.5980000000000001
589 0.5980000000000001
590 0.5980000000000001
591 0.5960000000000001
592 0.5960000000000001
593 0.5960000000000001
594 0.5960000000000001
595 0.5960000000000001
596 0.5960000000000001
597 0.5940000000000001
598 0.5940000000000001
599 0.592
600 0.592
601 0.592
602 0.592
603 0.592
604 0.592
605 0.5900000000000001
606 0.5900000000000001
607 0.5900000000000001
608 0.5900000000000001
609 0.5880000000000001
610 0.5880000000000001
611 0.5880000000000001
612 0.5880000000000001
613 0.5880000000000001
614 0.5860000000000001
615 0.584
616 0.584
617 0.5800000000000001
618 0.578
619 0.578
620 0.578
621 0.578
622 0.578
623 0.578
624 0.578
625 0.578
626 0.578
627 0.578
628 0.578
629 0.578
630 0.576
631 0.576
632 0.576
633 0.576
634 0.576
635 0.576
636 0.576
637 0.57
638 0.57
639 0.57
640 0.57
641 0.57
642 0.57
643 0.57
644 0.568
645 0.568
646 0.5660000000000001
647 0.5660000000000001
648 0.5660000000000001
649 0.5660000000000001
650 0.5660000000000001
651 0.5660000000000001
652 0.5660000000000001
653 0.5660000000000001
654 0.5660000000000001
655 0.5660000000000001
656 0.5660000000000001
657 0.5660000000000001
658 0.5660000000000001
659 0.5660000000000001
660 0.5660000000000001
661 0.5660000000000001
662 0.5640000000000001
663 0.5640000000000001
664 0.5640000000000001
665 0.5640000000000001
666 0.5640000000000001
667 0.5640000000000001
668 0.5640000000000001
669 0.5640000000000001
670 0.5640000000000001
671 0.5640000000000001
672 0.5619999999999999
673 0.5619999999999999
674 0.5619999999999999
675 0.5619999999999999
676 0.5619999999999999
677 0.5619999999999999
678 0.5619999999999999
679 0.5619999999999999
680 0.5599999999999999
681 0.5599999999999999
682 0.5599999999999999
683 0.5599999999999999
684 0.5599999999999999
685 0.556
686 0.556
687 0.554
688 0.554
689 0.554
690 0.554
691 0.554
692 0.554
693 0.554
694 0.5519999999999999
695 0.5519999999999999
696 0.5519999999999999
697 0.5519999999999999
698 0.5519999999999999
699 0.5519999999999999
700 0.5519999999999999
701 0.5519999999999999
702 0.5519999999999999
703 0.5519999999999999
704 0.5519999999999999
705 0.5519999999999999
706 0.5519999999999999
707 0.5519999999999999
708 0.5519999999999999
709 0.5519999999999999
710 0.5519999999999999
711 0.5519999999999999
712 0.5519999999999999
713 0.55
714 0.55
715 0.55
716 0.55
717 0.55
718 0.55
719 0.55
720 0.55
721 0.55
722 0.548
723 0.548
724 0.548
725 0.548
726 0.548
727 0.548
728 0.548
729 0.548
730 0.548
731 0.548
732 0.548
733 0.548
734 0.548
735 0.548
736 0.548
737 0.546
738 0.546
739 0.546
740 0.546
741 0.546
742 0.546
743 0.546
744 0.546
745 0.546
746 0.546
747 0.546
748 0.546
749 0.544
750 0.544
751 0.542
752 0.542
753 0.542
754 0.542
755 0.542
756 0.542
757 0.542
758 0.542
759 0.542
760 0.542
761 0.542
762 0.542
763 0.542
764 0.542
765 0.542
766 0.542
767 0.542
768 0.542
769 0.542
770 0.542
771 0.542
772 0.542
773 0.542
774 0.542
775 0.542
776 0.542
777 0.542
778 0.542
779 0.542
780 0.542
781 0.542
782 0.542
783 0.542
784 0.542
785 0.536
786 0.536
787 0.536
788 0.536
789 0.536
790 0.534
791 0.534
792 0.534
793 0.534
794 0.534
795 0.534
796 0.534
797 0.534
798 0.534
799 0.534
800 0.534
801 0.534
802 0.534
803 0.534
804 0.534
805 0.534
806 0.534
807 0.534
808 0.534
809 0.534
810 0.534
811 0.534
812 0.534
813 0.534
814 0.534
815 0.534
816 0.534
817 0.534
818 0.534
819 0.534
820 0.534
821 0.534
822 0.534
823 0.534
824 0.534
825 0.534
826 0.534
827 0.534
828 0.534
829 0.534
830 0.534
831 0.534
832 0.534
833 0.534
834 0.534
835 0.534
836 0.534
837 0.534
838 0.534
839 0.534
840 0.534
841 0.534
842 0.534
843 0.534
844 0.534
845 0.534
846 0.534
847 0.534
848 0.534
849 0.534
850 0.534
851 0.534
852 0.534
853 0.534
854 0.534
855 0.534
856 0.534
857 0.534
858 0.534
859 0.532
860 0.532
861 0.532
862 0.532
863 0.532
864 0.532
865 0.532
866 0.532
867 0.532
868 0.532
869 0.5279999999999999
870 0.5279999999999999
871 0.5279999999999999
872 0.5279999999999999
873 0.5279999999999999
874 0.5279999999999999
875 0.5279999999999999
876 0.5279999999999999
877 0.5279999999999999
878 0.5279999999999999
879 0.5279999999999999
880 0.5279999999999999
881 0.5279999999999999
882 0.5279999999999999
883 0.5279999999999999
884 0.5279999999999999
885 0.5279999999999999
886 0.5279999999999999
887 0.5279999999999999
888 0.5279999999999999
889 0.5279999999999999
890 0.5279999999999999
891 0.5279999999999999
892 0.5279999999999999
893 0.5279999999999999
894 0.5279999999999999
895 0.5279999999999999
896 0.5279999999999999
897 0.5279999999999999
898 0.5279999999999999
899 0.5279999999999999
900 0.5279999999999999
901 0.5279999999999999
902 0.5279999999999999
903 0.5279999999999999
904 0.5279999999999999
905 0.5279999999999999
906 0.5279999999999999
907 0.5279999999999999
908 0.5279999999999999
909 0.5279999999999999
910 0.5279999999999999
911 0.5279999999999999
912 0.5279999999999999
913 0.5279999999999999
914 0.5279999999999999
915 0.5279999999999999
916 0.5279999999999999
917 0.5279999999999999
918 0.5279999999999999
919 0.5279999999999999
920 0.5279999999999999
921 0.5279999999999999
922 0.5279999999999999
923 0.5279999999999999
924 0.5279999999999999
925 0.5279999999999999
926 0.5279999999999999
927 0.5279999999999999
928 0.5279999999999999
929 0.5279999999999999
930 0.526
931 0.526
932 0.526
933 0.526
934 0.526
935 0.526
936 0.526
937 0.526
938 0.526
939 0.526
940 0.526
941 0.526
942 0.526
943 0.526
944 0.526
945 0.526
946 0.524
947 0.524
948 0.524
949 0.524
950 0.524
951 0.522
952 0.522
953 0.522
954 0.52
955 0.52
956 0.52
957 0.52
958 0.52
959 0.52
960 0.52
961 0.52
962 0.52
963 0.52
964 0.52
965 0.52
966 0.52
967 0.52
968 0.518
969 0.518
970 0.518
971 0.518
972 0.518
973 0.518
974 0.518
975 0.518
976 0.518
977 0.518
978 0.518
979 0.518
980 0.518
981 0.516
982 0.516
983 0.516
984 0.516
985 0.516
986 0.516
987 0.516
988 0.516
989 0.516
990 0.516
991 0.516
992 0.516
993 0.516
994 0.514
995 0.514
996 0.514
997 0.514
998 0.514
999 0.514
