1 1.0
2 1.0
3 1.0
4 1.0
5 1.0
6 1.0
7 0.998
8 0.9960000000000001
9 0.9940000000000001
10 0.9940000000000001
11 0.9940000000000001
12 0.9940000000000001
13 0.992
14 0.99
15 0.99
16 0.99
17 0.99
18 0.99
19 0.99
20 0.99
21 0.99
22 0.99
23 0.99
24 0.99
25 0.99
26 0.99
27 0.9880000000000001
28 0.986
29 0.986
30 0.986
31 0.986
32 0.986
33 0.986
34 0.986
35 0.984
36 0.984
37 0.982
38 0.9800000000000001
39 0.9800000000000001
40 0.9800000000000001
41 0.9800000000000001
42 0.9800000000000001
43 0.9800000000000001
44 0.9800000000000001
45 0.9800000000000001
46 0.9800000000000001
47 0.9800000000000001
48 0.978
49 0.978
50 0.978
51 0.978
52 0.978
53 0.978
54 0.978
55 0.978
56 0.978
57 0.978
58 0.978
59 0.978
60 0.978
61 0.978
62 0.978
63 0.978
64 0.978
65 0.978
66 0.978
67 0.978
68 0.978
69 0.978
70 0.978
71 0.976
72 0.976
73 0.976
74 0.976
75 0.974
76 0.974
77 0.974
78 0.974
79 0.974
80 0.974
81 0.974
82 0.9720000000000001
83 0.9720000000000001
84 0.9720000000000001
85 0.9720000000000001
86 0.9720000000000001
87 0.9720000000000001
88 0.9720000000000001
89 0.9720000000000001
90 0.9720000000000001
91 0.9720000000000001
92 0.9720000000000001
93 0.97
94 0.97
95 0.97
96 0.97
97 0.97
98 0.97
99 0.97
100 0.97
101 0.97
102 0.97
103 0.97
104 0.97
105 0.97
106 0.97
107 0.97
108 0.97
109 0.97
110 0.97
111 0.97
112 0.97
113 0.97
114 0.97
115 0.97
116 0.97
117 0.97
118 0.97
119 0.97
120 0.97
121 0.97
122 0.97
123 0.97
124 0.97
125 0.97
126 0.97
127 0.97
128 0.97
129 0.97
130 0.97
131 0.97
132 0.968
133 0.9659999999999999
134 0.9659999999999999
135 0.9639999999999999
136 0.9639999999999999
137 0.9639999999999999
138 0.9639999999999999
139 0.9639999999999999
140 0.9639999999999999
141 0.9639999999999999
142 0.9639999999999999
143 0.9639999999999999
144 0.9639999999999999
145 0.9639999999999999
146 0.9639999999999999
147 0.9639999999999999
148 0.9639999999999999
149 0.9639999999999999
150 0.9639999999999999
151 0.9639999999999999
152 0.9639999999999999
153 0.9639999999999999
154 0.9639999999999999
155 0.9639999999999999
156 0.9639999999999999
157 0.9639999999999999
158 0.9639999999999999
159 0.9639999999999999
160 0.9639999999999999
161 0.962
162 0.962
163 0.962
164 0.962
165 0.962
166 0.962
167 0.962
168 0.962
169 0.96
170 0.958
171 0.958
172 0.958
173 0.958
174 0.958
175 0.958
176 0.958
177 0.958
178 0.958
179 0.9560000000000001
180 0.9560000000000001
181 0.9560000000000001
182 0.9560000000000001
183 0.9560000000000001
184 0.9560000000000001
185 0.9560000000000001
186 0.9560000000000001
187 0.9560000000000001
188 0.9560000000000001
189 0.9560000000000001
190 0.9560000000000001
191 0.9560000000000001
192 0.9540000000000001
193 0.9540000000000001
194 0.9540000000000001
195 0.9540000000000001
196 0.9540000000000001
197 0.9540000000000001
198 0.9540000000000001
199 0.9540000000000001
200 0.9540000000000001
201 0.9540000000000001
202 0.9540000000000001
203 0.9540000000000001
204 0.9540000000000001
205 0.9540000000000001
206 0.9540000000000001
207 0.9540000000000001
208 0.9540000000000001
209 0.9520000000000002
210 0.9520000000000002
211 0.9520000000000002
212 0.9520000000000002
213 0.9520000000000002
214 0.9520000000000002
215 0.9520000000000002
216 0.9520000000000002
217 0.9520000000000002
218 0.9520000000000002
219 0.9520000000000002
220 0.9520000000000002
221 0.9520000000000002
222 0.9520000000000002
223 0.9520000000000002
224 0.9520000000000002
225 0.9520000000000002
226 0.9520000000000002
227 0.9520000000000002
228 0.9520000000000002
229 0.9520000000000002
230 0.9520000000000002
231 0.9520000000000002
232 0.9520000000000002
233 0.9520000000000002
234 0.9520000000000002
235 0.9520000000000002
236 0.9520000000000002
237 0.9520000000000002
238 0.9520000000000002
239 0.9520000000000002
240 0.9520000000000002
241 0.9520000000000002
242 0.95
243 0.95
244 0.95
245 0.95
246 0.95
247 0.95
248 0.95
249 0.95
250 0.95
251 0.95
252 0.95
253 0.95
254 0.95
255 0.95
256 0.95
257 0.95
258 0.95
259 0.95
260 0.95
261 0.95
262 0.95
263 0.95
264 0.95
265 0.95
266 0.95
267 0.95
268 0.95
269 0.95
270 0.95
271 0.95
272 0.95
273 0.95
274 0.95
275 0.95
276 0.95
277 0.95
278 0.95
279 0.95
280 0.95
281 0.95
282 0.95
283 0.95
284 0.95
285 0.95
286 0.95
287 0.95
288 0.95
289 0.95
290 0.95
291 0.95
292 0.95
293 0.95
294 0.95
295 0.95
296 0.95
297 0.95
298 0.95
299 0.95
300 0.95
301 0.95
302 0.95
303 0.95
304 0.9480000000000001
305 0.9480000000000001
306 0.9480000000000001
307 0.9460000000000001
308 0.9460000000000001
309 0.944
310 0.944
311 0.944
312 0.944
313 0.944
314 0.944
315 0.944
316 0.944
317 0.944
318 0.944
319 0.944
320 0.944
321 0.944
322 0.944
323 0.944
324 0.944
325 0.944
326 0.942
327 0.942
328 0.942
329 0.942
330 0.942
331 0.942
332 0.942
333 0.942
334 0.942
335 0.942
336 0.942
337 0.942
338 0.942
339 0.942
340 0.942
341 0.942
342 0.942
343 0.9400000000000001
344 0.9400000000000001
345 0.9400000000000001
346 0.9400000000000001
347 0.9400000000000001
348 0.9400000000000001
349 0.9400000000000001
350 0.9400000000000001
351 0.9400000000000001
352 0.9400000000000001
353 0.9400000000000001
354 0.9400000000000001
355 0.9400000000000001
356 0.9400000000000001
357 0.9400000000000001
358 0.9400000000000001
359 0.9400000000000001
360 0.9400000000000001
361 0.9400000000000001
362 0.9400000000000001
363 0.9400000000000001
364 0.9400000000000001
365 0.9400000000000001
366 0.9400000000000001
367 0.9400000000000001
368 0.9400000000000001
369 0.9400000000000001
370 0.9400000000000001
371 0.9400000000000001
372 0.9400000000000001
373 0.9400000000000001
374 0.9400000000000001
375 0.9400000000000001
376 0.9400000000000001
377 0.9400000000000001
378 0.9400000000000001
379 0.9400000000000001
380 0.9400000000000001
381 0.9400000000000001
382 0.9400000000000001
383 0.9400000000000001
384 0.9400000000000001
385 0.9400000000000001
386 0.9400000000000001
387 0.9400000000000001
388 0.9400000000000001
389 0.9400000000000001
390 0.9400000000000001
391 0.9400000000000001
392 0.9400000000000001
393 0.9400000000000001
394 0.9400000000000001
395 0.9400000000000001
396 0.9400000000000001
397 0.9400000000000001
398 0.9400000000000001
399 0.938
400 0.938
401 0.938
402 0.938
403 0.938
404 0.938
405 0.938
406 0.938
407 0.938
408 0.9359999999999999
409 0.9339999999999999
410 0.9339999999999999
411 0.9339999999999999
412 0.9339999999999999
413 0.9339999999999999
414 0.9339999999999999
415 0.9339999999999999
416 0.9339999999999999
417 0.9339999999999999
418 0.9339999999999999
419 0.9339999999999999
420 0.9339999999999999
421 0.9339999999999999
422 0.9339999999999999
423 0.9339999999999999
424 0.9339999999999999
425 0.9339999999999999
426 0.9339999999999999
427 0.9339999999999999
428 0.9339999999999999
429 0.9339999999999999
430 0.9339999999999999
431 0.9339999999999999
432 0.9339999999999999
433 0.9339999999999999
434 0.9339999999999999
435 0.9339999999999999
436 0.9339999999999999
437 0.9339999999999999
438 0.9339999999999999
439 0.9339999999999999
440 0.9339999999999999
441 0.9339999999999999
442 0.9339999999999999
443 0.9339999999999999
444 0.9339999999999999
445 0.9339999999999999
446 0.9339999999999999
447 0.9339999999999999
448 0.9339999999999999
449 0.9339999999999999
450 0.9339999999999999
451 0.9339999999999999
452 0.9339999999999999
453 0.9339999999999999
454 0.9339999999999999
455 0.9339999999999999
456 0.9339999999999999
457 0.932
458 0.932
459 0.932
460 0.932
461 0.932
462 0.932
463 0.932
464 0.932
465 0.932
466 0.932
467 0.932
468 0.932
469 0.932
470 0.932
471 0.932
472 0.932
473 0.932
474 0.932
475 0.932
476 0.932
477 0.932
478 0.932
479 0.932
480 0.932
481 0.932
482 0.932
483 0.932
484 0.932
485 0.932
486 0.932
487 0.932
488 0.932
489 0.932
490 0.932
491 0.932
492 0.932
493 0.932
494 0.932
495 0.932
496 0.932
497 0.932
498 0.932
499 0.932
500 0.932
501 0.932
502 0.932
503 0.93
504 0.93
505 0.93
506 0.93
507 0.93
508 0.93
509 0.93
510 0.93
511 0.93
512 0.93
513 0.93
514 0.93
515 0.93
516 0.93
517 0.9279999999999999
518 0.9279999999999999
519 0.9279999999999999
520 0.9279999999999999
521 0.9279999999999999
522 0.9279999999999999
523 0.9279999999999999
524 0.9279999999999999
525 0.9279999999999999
526 0.9279999999999999
527 0.9279999999999999
528 0.9279999999999999
529 0.9279999999999999
530 0.9279999999999999
531 0.9279999999999999
532 0.9279999999999999
533 0.9279999999999999
534 0.9279999999999999
535 0.9279999999999999
536 0.9279999999999999
537 0.9279999999999999
538 0.9279999999999999
539 0.9279999999999999
540 0.9279999999999999
541 0.9279999999999999
542 0.9279999999999999
543 0.9279999999999999
544 0.9259999999999999
545 0.9259999999999999
546 0.9259999999999999
547 0.9259999999999999
548 0.9259999999999999
549 0.9259999999999999
550 0.9259999999999999
551 0.9259999999999999
552 0.9259999999999999
553 0.9259999999999999
554 0.9259999999999999
555 0.9259999999999999
556 0.924
557 0.924
558 0.924
559 0.924
560 0.924
561 0.924
562 0.924
563 0.924
564 0.924
565 0.924
566 0.924
567 0.924
568 0.924
569 0.922
570 0.922
571 0.922
572 0.922
573 0.922
574 0.922
575 0.922
576 0.922
577 0.922
578 0.922
579 0.922
580 0.922
581 0.922
582 0.922
583 0.922
584 0.922
585 0.922
586 0.922
587 0.922
588 0.922
589 0.922
590 0.922
591 0.922
592 0.922
593 0.922
594 0.922
595 0.922
596 0.922
597 0.922
598 0.922
599 0.922
600 0.922
601 0.922
602 0.922
603 0.922
604 0.922
605 0.922
606 0.922
607 0.922
608 0.922
609 0.922
610 0.922
611 0.922
612 0.922
613 0.922
614 0.922
615 0.922
616 0.922
617 0.922
618 0.922
619 0.922
620 0.922
621 0.922
622 0.922
623 0.922
624 0.922
625 0.922
626 0.9179999999999999
627 0.9179999999999999
628 0.9179999999999999
629 0.9179999999999999
630 0.9179999999999999
631 0.9179999999999999
632 0.9179999999999999
633 0.9179999999999999
634 0.9179999999999999
635 0.9179999999999999
636 0.9179999999999999
637 0.9179999999999999
638 0.9179999999999999
639 0.9179999999999999
640 0.916
641 0.916
642 0.916
643 0.916
644 0.916
645 0.916
646 0.916
647 0.916
648 0.916
649 0.916
650 0.916
651 0.916
652 0.916
653 0.916
654 0.916
655 0.916
656 0.916
657 0.916
658 0.914
659 0.914
660 0.914
661 0.914
662 0.914
663 0.914
664 0.9120000000000001
665 0.9120000000000001
666 0.9120000000000001
667 0.9120000000000001
668 0.9120000000000001
669 0.9120000000000001
670 0.9120000000000001
671 0.9120000000000001
672 0.9099999999999999
673 0.9099999999999999
674 0.9099999999999999
675 0.9099999999999999
676 0.9099999999999999
677 0.9099999999999999
678 0.9099999999999999
679 0.9099999999999999
680 0.9099999999999999
681 0.9099999999999999
682 0.9099999999999999
683 0.9099999999999999
684 0.9099999999999999
685 0.9099999999999999
686 0.9099999999999999
687 0.9099999999999999
688 0.9099999999999999
689 0.9099999999999999
690 0.9099999999999999
691 0.9099999999999999
692 0.9099999999999999
693 0.9099999999999999
694 0.9099999999999999
695 0.9099999999999999
696 0.9099999999999999
697 0.9099999999999999
698 0.9099999999999999
699 0.9099999999999999
700 0.9099999999999999
701 0.9099999999999999
702 0.9099999999999999
703 0.9099999999999999
704 0.9099999999999999
705 0.9099999999999999
706 0.9099999999999999
707 0.9099999999999999
708 0.9099999999999999
709 0.9099999999999999
710 0.9099999999999999
711 0.9099999999999999
712 0.9099999999999999
713 0.9099999999999999
714 0.9099999999999999
715 0.9099999999999999
716 0.9099999999999999
717 0.9099999999999999
718 0.908
719 0.908
720 0.906
721 0.906
722 0.906
723 0.906
724 0.906
725 0.906
726 0.906
727 0.906
728 0.906
729 0.906
730 0.906
731 0.906
732 0.906
733 0.906
734 0.906
735 0.906
736 0.906
737 0.906
738 0.9039999999999999
739 0.9039999999999999
740 0.9039999999999999
741 0.9039999999999999
742 0.9039999999999999
743 0.9039999999999999
744 0.9039999999999999
745 0.9039999999999999
746 0.9039999999999999
747 0.9039999999999999
748 0.9039999999999999
749 0.9039999999999999
750 0.9039999999999999
751 0.9039999999999999
752 0.9039999999999999
753 0.9039999999999999
754 0.9039999999999999
755 0.9039999999999999
756 0.9039999999999999
757 0.9039999999999999
758 0.9039999999999999
759 0.9039999999999999
760 0.9039999999999999
761 0.9039999999999999
762 0.9039999999999999
763 0.9039999999999999
764 0.9039999999999999
765 0.9039999999999999
766 0.9039999999999999
767 0.9039999999999999
768 0.9039999999999999
769 0.9039999999999999
770 0.9039999999999999
771 0.9039999999999999
772 0.9039999999999999
773 0.9039999999999999
774 0.9039999999999999
775 0.9039999999999999
776 0.9039999999999999
777 0.9039999999999999
778 0.9039999999999999
779 0.9039999999999999
780 0.9039999999999999
781 0.9039999999999999
782 0.9039999999999999
783 0.9039999999999999
784 0.9039999999999999
785 0.9039999999999999
786 0.9039999999999999
787 0.9039999999999999
788 0.9039999999999999
789 0.9039999999999999
790 0.9039999999999999
791 0.9039999999999999
792 0.9039999999999999
793 0.9039999999999999
794 0.9039999999999999
795 0.9039999999999999
796 0.9039999999999999
797 0.9039999999999999
798 0.9039999999999999
799 0.9039999999999999
800 0.9039999999999999
801 0.9039999999999999
802 0.9039999999999999
803 0.9039999999999999
804 0.9039999999999999
805 0.9039999999999999
806 0.9039999999999999
807 0.9039999999999999
808 0.9039999999999999
809 0.9039999999999999
810 0.9039999999999999
811 0.9039999999999999
812 0.9039999999999999
813 0.9039999999999999
814 0.9039999999999999
815 0.9039999999999999
816 0.9039999999999999
817 0.9039999999999999
818 0.9039999999999999
819 0.9039999999999999
820 0.9039999999999999
821 0.9039999999999999
822 0.9039999999999999
823 0.9039999999999999
824 0.9039999999999999
825 0.9039999999999999
826 0.9019999999999999
827 0.9019999999999999
828 0.9019999999999999
829 0.9019999999999999
830 0.9019999999999999
831 0.9019999999999999
832 0.9019999999999999
833 0.9019999999999999
834 0.9019999999999999
835 0.9019999999999999
836 0.9019999999999999
837 0.9019999999999999
838 0.9019999999999999
839 0.9019999999999999
840 0.9019999999999999
841 0.9019999999999999
842 0.898
843 0.898
844 0.898
845 0.898
846 0.898
847 0.898
848 0.898
849 0.898
850 0.898
851 0.898
852 0.898
853 0.898
854 0.898
855 0.898
856 0.898
857 0.898
858 0.898
859 0.898
860 0.898
861 0.898
862 0.898
863 0.898
864 0.898
865 0.898
866 0.898
867 0.898
868 0.898
869 0.898
870 0.898
871 0.898
872 0.898
873 0.898
874 0.898
875 0.898
876 0.898
877 0.898
878 0.898
879 0.898
880 0.898
881 0.898
882 0.898
883 0.898
884 0.898
885 0.898
886 0.898
887 0.898
888 0.898
889 0.898
890 0.898
891 0.898
892 0.898
893 0.898
894 0.898
895 0.898
896 0.898
897 0.898
898 0.898
899 0.898
900 0.898
901 0.898
902 0.898
903 0.898
904 0.898
905 0.898
906 0.898
907 0.898
908 0.898
909 0.898
910 0.898
911 0.898
912 0.898
913 0.898
914 0.898
915 0.898
916 0.898
917 0.898
918 0.898
919 0.898
920 0.8959999999999999
921 0.8959999999999999
922 0.8959999999999999
923 0.8959999999999999
924 0.8959999999999999
925 0.8959999999999999
926 0.8959999999999999
927 0.8959999999999999
928 0.8959999999999999
929 0.8959999999999999
930 0.8959999999999999
931 0.8959999999999999
932 0.8959999999999999
933 0.8959999999999999
934 0.8959999999999999
935 0.8959999999999999
936 0.8959999999999999
937 0.8959999999999999
938 0.8959999999999999
939 0.8959999999999999
940 0.8959999999999999
941 0.8959999999999999
942 0.8959999999999999
943 0.8959999999999999
944 0.8959999999999999
945 0.8959999999999999
946 0.8959999999999999
947 0.8959999999999999
948 0.8959999999999999
949 0.8959999999999999
950 0.8959999999999999
951 0.8959999999999999
952 0.8959999999999999
953 0.8959999999999999
954 0.8959999999999999
955 0.8959999999999999
956 0.8959999999999999
957 0.8959999999999999
958 0.8959999999999999
959 0.8959999999999999
960 0.8959999999999999
961 0.8959999999999999
962 0.8959999999999999
963 0.8959999999999999
964 0.8959999999999999
965 0.8959999999999999
966 0.8959999999999999
967 0.8959999999999999
968 0.8959999999999999
969 0.8959999999999999
970 0.8959999999999999
971 0.8959999999999999
972 0.8959999999999999
973 0.8959999999999999
974 0.8959999999999999
975 0.8959999999999999
976 0.8959999999999999
977 0.8959999999999999
978 0.8959999999999999
979 0.8959999999999999
980 0.8959999999999999
981 0.8959999999999999
982 0.8939999999999999
983 0.8939999999999999
984 0.8939999999999999
985 0.8939999999999999
986 0.8939999999999999
987 0.8939999999999999
988 0.8939999999999999
989 0.8939999999999999
990 0.8939999999999999
991 0.8939999999999999
992 0.8939999999999999
993 0.8939999999999999
994 0.8939999999999999
995 0.8939999999999999
996 0.8939999999999999
997 0.8939999999999999
998 0.8939999999999999
999 0.8939999999999999
