1 1.0
2 1.0
3 1.0
4 1.0
5 1.0
6 1.0
7 1.0
8 1.0
9 1.0
10 0.998
11 0.9960000000000001
12 0.9960000000000001
13 0.9960000000000001
14 0.9960000000000001
15 0.992
16 0.99
17 0.99
18 0.99
19 0.99
20 0.99
21 0.99
22 0.99
23 0.9879999999999999
24 0.9879999999999999
25 0.984
26 0.982
27 0.982
28 0.982
29 0.9800000000000001
30 0.9800000000000001
31 0.9800000000000001
32 0.9800000000000001
33 0.9800000000000001
34 0.9800000000000001
35 0.9780000000000001
36 0.9760000000000002
37 0.9720000000000001
38 0.9680000000000002
39 0.966
40 0.966
41 0.966
42 0.966
43 0.966
44 0.966
45 0.9639999999999999
46 0.962
47 0.9579999999999999
48 0.9579999999999999
49 0.9579999999999999
50 0.9579999999999999
51 0.954
52 0.952
53 0.952
54 0.952
55 0.952
56 0.95
57 0.95
58 0.9480000000000001
59 0.9480000000000001
60 0.9460000000000001
61 0.9440000000000002
62 0.9380000000000001
63 0.9360000000000002
64 0.9339999999999999
65 0.9339999999999999
66 0.932
67 0.93
68 0.9280000000000002
69 0.9260000000000002
70 0.9240000000000002
71 0.916
72 0.914
73 0.9120000000000001
74 0.9100000000000001
75 0.9080000000000001
76 0.9019999999999999
77 0.9
78 0.8979999999999999
79 0.8979999999999999
80 0.8959999999999999
81 0.8959999999999999
82 0.8939999999999999
83 0.892
84 0.8899999999999999
85 0.8859999999999999
86 0.884
87 0.882
88 0.8779999999999999
89 0.8779999999999999
90 0.8779999999999999
91 0.8779999999999999
92 0.8779999999999999
93 0.876
94 0.8719999999999999
95 0.868
96 0.866
97 0.866
98 0.866
99 0.8640000000000001
100 0.86
101 0.858
102 0.8560000000000001
103 0.8560000000000001
104 0.8560000000000001
105 0.8539999999999999
106 0.852
107 0.852
108 0.85
109 0.85
110 0.85
111 0.85
112 0.85
113 0.85
114 0.85
115 0.85
116 0.8480000000000001
117 0.8459999999999999
118 0.8459999999999999
119 0.8459999999999999
120 0.8459999999999999
121 0.844
122 0.844
123 0.8380000000000001
124 0.8380000000000001
125 0.8380000000000001
126 0.834
127 0.8320000000000001
128 0.8300000000000001
129 0.8300000000000001
130 0.8300000000000001
131 0.826
132 0.8240000000000001
133 0.8240000000000001
134 0.8240000000000001
135 0.8240000000000001
136 0.82
137 0.8140000000000001
138 0.8140000000000001
139 0.812
140 0.812
141 0.812
142 0.812
143 0.812
144 0.812
145 0.8100000000000002
146 0.808
147 0.808
148 0.808
149 0.808
150 0.806
151 0.806
152 0.806
153 0.804
154 0.8019999999999999
155 0.8
156 0.8
157 0.7979999999999999
158 0.796
159 0.796
160 0.7939999999999999
161 0.7939999999999999
162 0.7939999999999999
163 0.792
164 0.79
165 0.79
166 0.79
167 0.788
168 0.7859999999999999
169 0.784
170 0.782
171 0.782
172 0.782
173 0.782
174 0.782
175 0.78
176 0.778
177 0.778
178 0.776
179 0.772
180 0.772
181 0.768
182 0.768
183 0.768
184 0.766
185 0.766
186 0.762
187 0.76
188 0.752
189 0.7500000000000001
190 0.7500000000000001
191 0.748
192 0.744
193 0.744
194 0.744
195 0.74
196 0.74
197 0.734
198 0.734
199 0.732
200 0.7300000000000001
201 0.728
202 0.722
203 0.722
204 0.722
205 0.722
206 0.718
207 0.716
208 0.716
209 0.716
210 0.712
211 0.712
212 0.71
213 0.706
214 0.706
215 0.706
216 0.704
217 0.704
218 0.7020000000000001
219 0.7
220 0.7
221 0.7
222 0.6980000000000001
223 0.6980000000000001
224 0.6980000000000001
225 0.6980000000000001
226 0.696
227 0.692
228 0.6899999999999998
229 0.6899999999999998
230 0.6899999999999998
231 0.6859999999999999
232 0.6839999999999999
233 0.6839999999999999
234 0.68
235 0.6780000000000002
236 0.6740000000000002
237 0.6740000000000002
238 0.6740000000000002
239 0.6719999999999999
240 0.6719999999999999
241 0.6719999999999999
242 0.6719999999999999
243 0.67
244 0.67
245 0.67
246 0.67
247 0.67
248 0.67
249 0.67
250 0.6679999999999999
251 0.6679999999999999
252 0.6679999999999999
253 0.6679999999999999
254 0.6679999999999999
255 0.6659999999999999
256 0.6659999999999999
257 0.6659999999999999
258 0.6659999999999999
259 0.6659999999999999
260 0.6659999999999999
261 0.6659999999999999
262 0.6639999999999999
263 0.6619999999999998
264 0.6619999999999998
265 0.6619999999999998
266 0.6599999999999999
267 0.6599999999999999
268 0.6599999999999999
269 0.6579999999999999
270 0.6579999999999999
271 0.6579999999999999
272 0.6579999999999999
273 0.6579999999999999
274 0.6559999999999999
275 0.6559999999999999
276 0.6559999999999999
277 0.6559999999999999
278 0.6559999999999999
279 0.6559999999999999
280 0.6559999999999999
281 0.6559999999999999
282 0.6559999999999999
283 0.6559999999999999
284 0.654
285 0.654
286 0.6519999999999999
287 0.6519999999999999
288 0.6519999999999999
289 0.6519999999999999
290 0.65
291 0.6479999999999999
292 0.6479999999999999
293 0.6479999999999999
294 0.6479999999999999
295 0.6459999999999999
296 0.6459999999999999
297 0.6459999999999999
298 0.6459999999999999
299 0.6459999999999999
300 0.6459999999999999
301 0.6459999999999999
302 0.6459999999999999
303 0.6459999999999999
304 0.6459999999999999
305 0.642
306 0.642
307 0.642
308 0.642
309 0.642
310 0.642
311 0.642
312 0.642
313 0.642
314 0.642
315 0.642
316 0.6399999999999999
317 0.6379999999999999
318 0.6379999999999999
319 0.6379999999999999
320 0.6379999999999999
321 0.6379999999999999
322 0.6379999999999999
323 0.6379999999999999
324 0.6379999999999999
325 0.6379999999999999
326 0.6379999999999999
327 0.6359999999999999
328 0.6359999999999999
329 0.6359999999999999
330 0.6359999999999999
331 0.6359999999999999
332 0.6359999999999999
333 0.6359999999999999
334 0.6359999999999999
335 0.6359999999999999
336 0.6359999999999999
337 0.6359999999999999
338 0.6319999999999999
339 0.6319999999999999
340 0.6319999999999999
341 0.63
342 0.63
343 0.628
344 0.628
345 0.628
346 0.628
347 0.628
348 0.626
349 0.626
350 0.6239999999999999
351 0.6239999999999999
352 0.6239999999999999
353 0.6199999999999999
354 0.6199999999999999
355 0.6199999999999999
356 0.6199999999999999
357 0.6199999999999999
358 0.6199999999999999
359 0.6199999999999999
360 0.6199999999999999
361 0.6199999999999999
362 0.6199999999999999
363 0.6199999999999999
364 0.6199999999999999
365 0.6159999999999999
366 0.6159999999999999
367 0.6159999999999999
368 0.6159999999999999
369 0.6159999999999999
370 0.6159999999999999
371 0.6159999999999999
372 0.6159999999999999
373 0.6159999999999999
374 0.6159999999999999
375 0.6159999999999999
376 0.6159999999999999
377 0.6159999999999999
378 0.6159999999999999
379 0.6159999999999999
380 0.6159999999999999
381 0.6159999999999999
382 0.6159999999999999
383 0.6159999999999999
384 0.6159999999999999
385 0.614
386 0.614
387 0.614
388 0.6100000000000001
389 0.6080000000000001
390 0.6080000000000001
391 0.6080000000000001
392 0.6080000000000001
393 0.6080000000000001
394 0.6060000000000001
395 0.6040000000000001
396 0.6040000000000001
397 0.6040000000000001
398 0.6040000000000001
399 0.602
400 0.6
401 0.6
402 0.6
403 0.6
404 0.6
405 0.6
406 0.6
407 0.5980000000000001
408 0.596
409 0.596
410 0.596
411 0.596
412 0.596
413 0.596
414 0.596
415 0.596
416 0.596
417 0.596
418 0.596
419 0.596
420 0.596
421 0.596
422 0.5940000000000001
423 0.5940000000000001
424 0.5940000000000001
425 0.5940000000000001
426 0.5940000000000001
427 0.592
428 0.5900000000000001
429 0.5900000000000001
430 0.5880000000000001
431 0.5860000000000001
432 0.5860000000000001
433 0.5860000000000001
434 0.5860000000000001
435 0.5860000000000001
436 0.5860000000000001
437 0.582
438 0.582
439 0.582
440 0.582
441 0.582
442 0.582
443 0.582
444 0.582
445 0.582
446 0.582
447 0.582
448 0.582
449 0.58
450 0.58
451 0.58
452 0.58
453 0.5780000000000001
454 0.5780000000000001
455 0.5780000000000001
456 0.5760000000000001
457 0.5760000000000001
458 0.5760000000000001
459 0.5760000000000001
460 0.5760000000000001
461 0.5760000000000001
462 0.5760000000000001
463 0.5760000000000001
464 0.5760000000000001
465 0.5760000000000001
466 0.574
467 0.574
468 0.574
469 0.574
470 0.574
471 0.574
472 0.574
473 0.574
474 0.574
475 0.574
476 0.574
477 0.574
478 0.574
479 0.574
480 0.574
481 0.574
482 0.574
483 0.574
484 0.574
485 0.574
486 0.572
487 0.5700000000000001
488 0.5700000000000001
489 0.5700000000000001
490 0.5700000000000001
491 0.5700000000000001
492 0.5700000000000001
493 0.5700000000000001
494 0.5700000000000001
495 0.5700000000000001
496 0.5700000000000001
497 0.5700000000000001
498 0.568
499 0.568
500 0.568
501 0.568
502 0.568
503 0.568
504 0.568
505 0.568
506 0.564
507 0.562
508 0.562
509 0.562
510 0.562
511 0.562
512 0.562
513 0.562
514 0.56
515 0.56
516 0.56
517 0.56
518 0.56
519 0.56
520 0.56
521 0.56
522 0.56
523 0.558
524 0.558
525 0.558
526 0.558
527 0.558
528 0.558
529 0.558
530 0.558
531 0.558
532 0.558
533 0.558
534 0.558
535 0.558
536 0.558
537 0.5559999999999999
538 0.5559999999999999
539 0.5559999999999999
540 0.5559999999999999
541 0.5559999999999999
542 0.5559999999999999
543 0.5559999999999999
544 0.5559999999999999
545 0.5559999999999999
546 0.5559999999999999
547 0.5559999999999999
548 0.5559999999999999
549 0.5559999999999999
550 0.5559999999999999
551 0.5519999999999999
552 0.5519999999999999
553 0.5519999999999999
554 0.5519999999999999
555 0.5519999999999999
556 0.55
557 0.55
558 0.55
559 0.55
560 0.55
561 0.55
562 0.55
563 0.55
564 0.55
565 0.55
566 0.548
567 0.546
568 0.546
569 0.546
570 0.546
571 0.546
572 0.544
573 0.542
574 0.5399999999999999
575 0.538
576 0.538
577 0.538
578 0.538
579 0.536
580 0.536
581 0.536
582 0.536
583 0.534
584 0.534
585 0.532
586 0.532
587 0.532
588 0.532
589 0.532
590 0.532
591 0.532
592 0.532
593 0.532
594 0.532
595 0.532
596 0.532
597 0.532
598 0.532
599 0.532
600 0.532
601 0.532
602 0.532
603 0.532
604 0.532
605 0.532
606 0.532
607 0.532
608 0.532
609 0.532
610 0.532
611 0.532
612 0.532
613 0.532
614 0.532
615 0.532
616 0.532
617 0.532
618 0.532
619 0.532
620 0.532
621 0.532
622 0.532
623 0.532
624 0.532
625 0.532
626 0.532
627 0.53
628 0.53
629 0.53
630 0.53
631 0.53
632 0.53
633 0.53
634 0.53
635 0.53
636 0.528
637 0.528
638 0.528
639 0.528
640 0.528
641 0.528
642 0.526
643 0.5239999999999999
644 0.5239999999999999
645 0.5239999999999999
646 0.5239999999999999
647 0.5239999999999999
648 0.522
649 0.522
650 0.522
651 0.5199999999999999
652 0.5199999999999999
653 0.5199999999999999
654 0.5199999999999999
655 0.5199999999999999
656 0.5199999999999999
657 0.5199999999999999
658 0.5199999999999999
659 0.5199999999999999
660 0.5199999999999999
661 0.518
662 0.518
663 0.518
664 0.518
665 0.518
666 0.518
667 0.518
668 0.518
669 0.518
670 0.518
671 0.518
672 0.518
673 0.518
674 0.518
675 0.516
676 0.516
677 0.516
678 0.516
679 0.516
680 0.516
681 0.516
682 0.516
683 0.516
684 0.516
685 0.514
686 0.512
687 0.512
688 0.512
689 0.512
690 0.51
691 0.51
692 0.51
693 0.51
694 0.51
695 0.51
696 0.51
697 0.51
698 0.51
699 0.51
700 0.51
701 0.51
702 0.51
703 0.51
704 0.51
705 0.51
706 0.508
707 0.508
708 0.508
709 0.506
710 0.506
711 0.506
712 0.506
713 0.506
714 0.506
715 0.506
716 0.506
717 0.504
718 0.504
719 0.504
720 0.504
721 0.504
722 0.504
723 0.504
724 0.502
725 0.502
726 0.502
727 0.49800000000000005
728 0.49800000000000005
729 0.49800000000000005
730 0.49800000000000005
731 0.49800000000000005
732 0.49800000000000005
733 0.49800000000000005
734 0.496
735 0.496
736 0.496
737 0.49400000000000005
738 0.49400000000000005
739 0.49400000000000005
740 0.49400000000000005
741 0.49400000000000005
742 0.49400000000000005
743 0.492
744 0.492
745 0.492
746 0.492
747 0.492
748 0.492
749 0.492
750 0.492
751 0.492
752 0.492
753 0.492
754 0.492
755 0.492
756 0.492
757 0.492
758 0.492
759 0.492
760 0.492
761 0.492
762 0.492
763 0.492
764 0.492
765 0.492
766 0.492
767 0.492
768 0.492
769 0.492
770 0.492
771 0.492
772 0.492
773 0.492
774 0.492
775 0.492
776 0.492
777 0.492
778 0.492
779 0.49000000000000005
780 0.49000000000000005
781 0.49000000000000005
782 0.49000000000000005
783 0.49000000000000005
784 0.49000000000000005
785 0.4880000000000001
786 0.4880000000000001
787 0.4880000000000001
788 0.4880000000000001
789 0.4880000000000001
790 0.4880000000000001
791 0.4880000000000001
792 0.4880000000000001
793 0.4880000000000001
794 0.4880000000000001
795 0.4880000000000001
796 0.4880000000000001
797 0.48599999999999993
798 0.48599999999999993
799 0.48599999999999993
800 0.48599999999999993
801 0.48599999999999993
802 0.48599999999999993
803 0.48599999999999993
804 0.48599999999999993
805 0.48599999999999993
806 0.48599999999999993
807 0.48599999999999993
808 0.48599999999999993
809 0.48599999999999993
810 0.48599999999999993
811 0.48599999999999993
812 0.48599999999999993
813 0.48599999999999993
814 0.48599999999999993
815 0.48599999999999993
816 0.48599999999999993
817 0.48599999999999993
818 0.48599999999999993
819 0.48599999999999993
820 0.48599999999999993
821 0.48599999999999993
822 0.48599999999999993
823 0.48599999999999993
824 0.48599999999999993
825 0.48599999999999993
826 0.48599999999999993
827 0.48599999999999993
828 0.48599999999999993
829 0.48599999999999993
830 0.48599999999999993
831 0.48599999999999993
832 0.48599999999999993
833 0.48599999999999993
834 0.48599999999999993
835 0.48599999999999993
836 0.48599999999999993
837 0.48599999999999993
838 0.48599999999999993
839 0.48599999999999993
840 0.48599999999999993
841 0.48599999999999993
842 0.48599999999999993
843 0.48599999999999993
844 0.48599999999999993
845 0.48599999999999993
846 0.48599999999999993
847 0.48599999999999993
848 0.48599999999999993
849 0.48599999999999993
850 0.48599999999999993
851 0.48599999999999993
852 0.48599999999999993
853 0.48599999999999993
854 0.48599999999999993
855 0.48599999999999993
856 0.48599999999999993
857 0.48599999999999993
858 0.48599999999999993
859 0.48599999999999993
860 0.48599999999999993
861 0.48599999999999993
862 0.48599999999999993
863 0.48599999999999993
864 0.48599999999999993
865 0.48599999999999993
866 0.48599999999999993
867 0.48599999999999993
868 0.48599999999999993
869 0.484
870 0.484
871 0.484
872 0.484
873 0.484
874 0.48200000000000004
875 0.48200000000000004
876 0.48200000000000004
877 0.48200000000000004
878 0.48200000000000004
879 0.48200000000000004
880 0.48200000000000004
881 0.48200000000000004
882 0.48200000000000004
883 0.48200000000000004
884 0.48200000000000004
885 0.48
886 0.48
887 0.48
888 0.48
889 0.48
890 0.48
891 0.48
892 0.48
893 0.48
894 0.48
895 0.48
896 0.48
897 0.48
898 0.48
899 0.48
900 0.48
901 0.48
902 0.48
903 0.48
904 0.48
905 0.48
906 0.48
907 0.48
908 0.48
909 0.48
910 0.48
911 0.48
912 0.47800000000000004
913 0.47800000000000004
914 0.47800000000000004
915 0.476
916 0.476
917 0.476
918 0.476
919 0.476
920 0.476
921 0.476
922 0.476
923 0.476
924 0.476
925 0.476
926 0.476
927 0.476
928 0.476
929 0.476
930 0.476
931 0.476
932 0.476
933 0.476
934 0.476
935 0.476
936 0.476
937 0.476
938 0.476
939 0.476
940 0.476
941 0.476
942 0.476
943 0.476
944 0.47400000000000003
945 0.47400000000000003
946 0.47400000000000003
947 0.47400000000000003
948 0.47400000000000003
949 0.47400000000000003
950 0.47400000000000003
951 0.47400000000000003
952 0.47400000000000003
953 0.47400000000000003
954 0.47400000000000003
955 0.4720000000000001
956 0.4720000000000001
957 0.4720000000000001
958 0.4720000000000001
959 0.4720000000000001
960 0.4720000000000001
961 0.4720000000000001
962 0.4720000000000001
963 0.4720000000000001
964 0.4720000000000001
965 0.4720000000000001
966 0.4720000000000001
967 0.4720000000000001
968 0.4720000000000001
969 0.4720000000000001
970 0.4720000000000001
971 0.4720000000000001
972 0.4720000000000001
973 0.4720000000000001
974 0.4720000000000001
975 0.4720000000000001
976 0.4720000000000001
977 0.4720000000000001
978 0.4720000000000001
979 0.4699999999999999
980 0.4699999999999999
981 0.4699999999999999
982 0.4699999999999999
983 0.4699999999999999
984 0.4699999999999999
985 0.4699999999999999
986 0.4699999999999999
987 0.4699999999999999
988 0.46799999999999997
989 0.46799999999999997
990 0.466
991 0.466
992 0.466
993 0.466
994 0.466
995 0.466
996 0.466
997 0.466
998 0.46399999999999997
999 0.462
