1 0.6576902585345381 0.17489763046100626 0.7446010908849753 0.4431022565023755 100.0
2 0.6468859447486325 0.17810477843285497 0.7405013926232187 0.4382995563578595 100.0
3 0.7192048134922676 0.24635439655736618 0.744401585315753 0.43797662162645046 100.0
4 0.7615691891215878 0.3045832703646999 0.7441697253563949 0.4377266003931026 100.0
5 0.7672370812749116 0.30832446129101077 0.7449147408760333 0.4376961881431576 100.0
6 0.7821988416975068 0.3118188454474085 0.7450016007223114 0.44056129644777003 100.0
7 0.7945271944521416 0.32916584350843175 0.7453519292770546 0.43957403269346224 100.0
8 0.7980363285317622 0.3231272100470235 0.7434563165758317 0.4372420176338175 100.0
9 0.799646358731685 0.34611258849936377 0.7429210773562636 0.44110778399227685 100.0
10 0.8085177146357342 0.3637230307324574 0.7426057704260287 0.435865380238591 100.0
11 0.8261830301720399 0.39681718511264735 0.7444638983314118 0.4384467150548444 100.0
12 0.8260676240701008 0.3840130448288958 0.7440128183385307 0.43823069134299714 100.0
13 0.8355541644461332 0.40530744368811467 0.7440361345180851 0.4368679231190907 100.0
14 0.8346048904202122 0.40281519422288836 0.7424607934660924 0.4382291573468565 100.0
15 0.8510064663057513 0.4437261118576096 0.7435206392043499 0.43810792556458317 100.0
16 0.8334950888215693 0.4228015388436357 0.7438141313516351 0.4365316219927401 100.0
17 0.8637082097677762 0.4933064422412098 0.7439388358416198 0.43896980836766586 100.0
18 0.857548421828332 0.46062901261349937 0.7435400259473606 0.43796213060054456 100.0
19 0.863081820343829 0.48532193933041645 0.742683164093641 0.44034874145448455 100.0
20 0.8507204261728579 0.4548337954733773 0.7422380049700992 0.4366245074849637 100.0
21 0.8557930599261182 0.46532319748622447 0.7424481006300439 0.43562284213002156 100.0
22 0.8445994717103935 0.43422611178228654 0.7416167344861897 0.43569216336405964 100.0
23 0.8636996492808354 0.4752562006277714 0.74268213122784 0.4349909904528077 100.0
24 0.8550660392113795 0.4653863255851967 0.7404327982215894 0.4365474555267803 100.0
25 0.8503214255924515 0.44136482568194196 0.7424568377896399 0.43720010646691776 100.0
26 0.8720265004271645 0.5067473515479332 0.7422301745785692 0.43692288526455725 100.0
27 0.8775813992321546 0.5182358592264943 0.7431138760761616 0.43615297025626243 100.0
28 0.855086056970297 0.45089437037880314 0.7423617095068383 0.438406987949529 100.0
29 0.8627111006511228 0.493403133187542 0.7398898173289564 0.43561113594117756 100.0
30 0.8652136982224019 0.4939221714149698 0.7427177571571234 0.43424153410065847 100.0
31 0.8714418680379817 0.4829157156705084 0.74193200550633 0.43593606539699875 100.0
32 0.8729762782226191 0.5250010826484227 0.7411531197944978 0.43099457566830074 100.0
33 0.8776961394191496 0.5192156163194068 0.7415210020096616 0.4382044110952388 100.0
34 0.8640698971372126 0.5027642297385229 0.7415089251496735 0.4341246167197656 100.0
35 0.879654401891659 0.5191243454727386 0.7413964627113213 0.43554903463354705 100.0
36 0.8697579263959654 0.5096708507332116 0.7408168594658534 0.4349329618199146 100.0
37 0.884258478823111 0.5486877634763357 0.7408188907195138 0.43635208224100064 100.0
38 0.8771244501557092 0.5494942973345066 0.7402204417746764 0.43897737963468786 100.0
39 0.8749269287008907 0.5331031979884049 0.738569161964275 0.4375565786578695 100.0
40 0.8758397458426076 0.5282582433818098 0.7404466160426924 0.438005333578007 100.0
41 0.8762836703884966 0.5341035122231425 0.740109019202473 0.43055339333824244 100.0
42 0.8698953072204353 0.5200349855242345 0.7391995869705253 0.43196363814606015 100.0
43 0.8834577368950236 0.5335930961689642 0.7393832150866655 0.43456607713456313 100.0
44 0.8987723354275317 0.5736159717841446 0.7398422366012041 0.43563194295405566 100.0
45 0.891748934674334 0.5452922207248266 0.7402773355001945 0.4351235922188797 100.0
46 0.8648656346346347 0.49536964807930617 0.7396000037224674 0.4338918909245808 100.0
47 0.8594411136018907 0.4897483652309164 0.7403467401187541 0.43672333388044504 100.0
48 0.8705518343465357 0.5124926494194126 0.7382849750539435 0.4323591070885049 100.0
49 0.8926670886043456 0.5686846944105816 0.7390746698709397 0.4318282523233327 100.0
50 0.8907234275951831 0.5675830251747749 0.7413649473998078 0.4355413045052848 100.0
51 0.8859641871901758 0.5535352463763947 0.7400070275022163 0.4340597475889294 100.0
52 0.8812738581491654 0.5391273171538891 0.7393085644050886 0.433013715665169 100.0
53 0.8851036293642341 0.562759490828466 0.7402728769535716 0.43483323253655504 100.0
54 0.8969572155892658 0.5659077910036997 0.7387440804049489 0.43725477257695206 100.0
55 0.8869537231779988 0.5616281261505622 0.740725851574542 0.4356611723736361 100.0
56 0.8934151133392672 0.5792221024711871 0.7388257984998232 0.4332747461039125 100.0
57 0.8888688801818252 0.5606318074370672 0.7390142282486523 0.43353489779074555 100.0
58 0.8944091067715686 0.5766523198072915 0.7389829804749571 0.4321671959039314 100.0
59 0.8981546526616754 0.5888465083208577 0.7386917500978782 0.43395132900834776 100.0
60 0.8985837829858635 0.5856194271379372 0.738905297938319 0.43322463990511756 100.0
61 0.8925721651658789 0.568591504299088 0.7388964214696636 0.4369059414735081 100.0
62 0.9059913446746667 0.613401324853695 0.7389817134296132 0.4332449528022094 100.0
63 0.8949949932100941 0.5700302224795343 0.7380609124335639 0.435351015182247 100.0
64 0.909210649635792 0.6344228577775839 0.7395984292085739 0.4345142731557116 100.0
65 0.913409345224296 0.6190428170554059 0.7377201724308877 0.43799944985162154 100.0
66 0.915398470239659 0.648390784555547 0.7381394396847809 0.43347881680955425 100.0
67 0.8971512397267234 0.5748384657435648 0.739731244736826 0.4328993841743497 100.0
68 0.8976136832851654 0.5725320474722858 0.7409980886962677 0.4351048415677085 100.0
69 0.8863763179912462 0.5590282134756586 0.7397855062624455 0.4343518410526336 100.0
70 0.9053313132238023 0.6025978934042012 0.739720766001572 0.43849752034640416 100.0
71 0.898236595557128 0.5940963087232831 0.7376141668428005 0.4335588819795192 100.0
72 0.8922858478786345 0.5737274022390775 0.739816880758254 0.4362060236604745 100.0
73 0.8900782260290512 0.5873068563534364 0.7392317806761077 0.4333181523824399 100.0
74 0.9005165243025752 0.6100421241182261 0.7391520070861973 0.4331409280668246 100.0
75 0.9072271884444788 0.6141698412482863 0.737647333769644 0.4359577173217628 100.0
76 0.9240040559543341 0.6577509258918218 0.739516140890368 0.4306364755096702 100.0
77 0.8884252126774773 0.5701617620767226 0.738834061010302 0.43176010316485713 100.0
78 0.8749823765303018 0.5178352439473691 0.7396802783973623 0.43504798819395574 100.0
79 0.9073430525551912 0.6139126024642906 0.738841277880907 0.4356929182540312 100.0
80 0.9023825619545859 0.6197921088776267 0.7372812314042995 0.435004533560986 100.0
81 0.9095808484951654 0.626005379329914 0.7373298008741825 0.43425497790385104 100.0
82 0.8831486677209963 0.5508185630730756 0.7389654353392844 0.4361140310452263 100.0
83 0.89057645593306 0.5808757386830312 0.7387008578725844 0.43136442956817594 100.0
84 0.9074999437708215 0.6090336247451148 0.7375858829993596 0.43404881072223994 100.0
85 0.9235167951831609 0.6663043446847803 0.7388636565943467 0.4359558282700865 100.0
86 0.908936762413598 0.6332704267223778 0.7379713462979111 0.43680864867678276 100.0
87 0.8986008487772082 0.6126340605964578 0.7372314391394172 0.43503486438239664 100.0
88 0.9018247476706811 0.6297607432439365 0.7368731289000866 0.43149366971223185 100.0
89 0.9052008930119887 0.6144192084822296 0.7359805952257972 0.4347579095387211 100.0
90 0.8952271556924923 0.5840360123088046 0.7369664245501991 0.4322642621007743 100.0
91 0.9170778515494358 0.6542677584607126 0.7370966177269538 0.4340115882950561 100.0
92 0.9054734014997308 0.6001135734379919 0.739295487467963 0.4326058750812684 100.0
93 0.9007358188847122 0.5840911211823938 0.7360670733277611 0.43244439622805636 100.0
94 0.9204884349392133 0.6583324534705131 0.7376667453462084 0.43081564025074237 100.0
95 0.9072918164002144 0.6069974610861553 0.7385114774197881 0.4326429976255114 100.0
96 0.9067090332896615 0.6190861093394756 0.7361524536781542 0.43516114734137823 100.0
97 0.9103004915508892 0.620845071867136 0.7373314921197489 0.43408557777116646 100.0
98 0.9125799486542252 0.6508558176616931 0.737652449063231 0.43433195274433734 100.0
99 0.90198554811127 0.5890929495909335 0.7367284286889331 0.4330911958281897 100.0
100 0.9031267205439605 0.6055963257583624 0.7362923424852018 0.43137003173335253 100.0
101 0.896672420204808 0.5926036184717843 0.7384103787152878 0.4349728040629764 100.0
102 0.896163140434531 0.5887293015688464 0.7382794428549235 0.43137901716749805 100.0
103 0.9088165185812742 0.6112829329574929 0.7362768752580153 0.4339681412036449 100.0
104 0.896472305268792 0.6096111474578242 0.7364468688835233 0.4328905331566033 100.0
105 0.9106189205968158 0.6405941731152037 0.7369496637668834 0.43199063337317933 100.0
106 0.8964530635890497 0.575673291203069 0.7372331376836005 0.43316729417349914 100.0
107 0.8933939879904779 0.5831314089781899 0.7371420517905866 0.42996481523857716 100.0
108 0.9016338460475839 0.6053691492865676 0.737078709106334 0.435236873914102 100.0
109 0.912108874679808 0.6229725638109177 0.736602447025571 0.43275077900418973 100.0
110 0.9233295839697775 0.6693819707761609 0.7370385457874559 0.43130191374597915 100.0
111 0.9081321706226649 0.6233422345046252 0.7371957107966122 0.4340301879435372 100.0
112 0.9002349466864259 0.5926590680257997 0.7381415148542736 0.43324120339265576 100.0
113 0.9078572961340561 0.6130601899250812 0.7361224062408701 0.43518935274373227 100.0
114 0.9079963825526265 0.6110624856198688 0.7369396624003063 0.43188247332146446 100.0
115 0.9114516406466648 0.6300387144186989 0.738487397334508 0.43586173149746443 100.0
116 0.9116217314968635 0.6457523901619279 0.7356855390069059 0.43544015876681286 100.0
117 0.9062447981910647 0.6203687981977176 0.7366532974065444 0.43124261382889495 100.0
118 0.902811665810452 0.5997963988915066 0.7364697445201434 0.4326258114761627 100.0
119 0.9106398054995943 0.6333023122860091 0.7388526301736646 0.43463798452726077 100.0
120 0.9019258545359036 0.6048720883839834 0.7374611175529874 0.4346820871608015 100.0
121 0.9060444202344239 0.6162604566867037 0.7388930735680634 0.4332460501296049 100.0
122 0.9068629341995298 0.6215349551722363 0.7369028988782736 0.4352334060612366 100.0
123 0.9297192299551991 0.6938255374391905 0.7389472598742263 0.43496591208173974 100.0
124 0.9044198401463476 0.614250612601739 0.7365489123056932 0.434439319267697 100.0
125 0.8997088848649858 0.6075092067249056 0.7369058167480641 0.4328168244213526 100.0
126 0.8989303641512919 0.5853003425353995 0.7393509703837989 0.43290246265486465 100.0
127 0.9078854519575992 0.6091770479318783 0.7385495201506365 0.43352761253670447 100.0
128 0.9127403336456714 0.6469408779293632 0.7362078871590789 0.4338349491761327 100.0
129 0.9090842838535331 0.634572830121694 0.7359661965125688 0.43497820694281314 100.0
130 0.906588376164994 0.6268923658512484 0.7380752711452447 0.43444800175395576 100.0
131 0.920279904839485 0.6621247317511544 0.7389457814336281 0.43834634234568265 100.0
132 0.9157499528590038 0.6492296231256263 0.7377069566225901 0.4328976426660557 100.0
133 0.9231368537344887 0.6507735162520156 0.7366265622112081 0.43205229989953364 100.0
134 0.9170473297693527 0.646602172959425 0.7361272448992925 0.4337506796260728 100.0
135 0.9102461045041131 0.6267318449897551 0.7352337073148935 0.43440648173621915 100.0
136 0.916242777229389 0.6490704488208379 0.7342009320907098 0.43111904513918087 100.0
137 0.9019589039203517 0.6251742293724224 0.7369812148026366 0.4319322076905974 100.0
138 0.8998430267294839 0.6073761400778397 0.735630605641045 0.4342232474959086 100.0
139 0.9139968669057236 0.6304376756677402 0.7356677671800537 0.43349168775200964 100.0
140 0.9258393110322328 0.668615745684803 0.7365914282702768 0.4341295346188855 100.0
141 0.9022381529290375 0.6064092837187283 0.7362832968403366 0.434227423868007 100.0
142 0.9018424910202322 0.5942621484518052 0.7369243772261975 0.43419184362827923 100.0
143 0.9153071133921803 0.6523083851561481 0.7356877586104694 0.43298293358672696 100.0
144 0.916463138420256 0.6447170020118737 0.7365690295222039 0.42943412505489076 100.0
145 0.9173935366129122 0.6620896903266609 0.7361905147841128 0.4327811840894148 100.0
146 0.9177613252904441 0.6536612551262803 0.7366831670166276 0.4348091812717374 100.0
147 0.9125186415854951 0.6537132121168279 0.7370334882701467 0.43321027156321584 100.0
148 0.9092937156386252 0.624207275046498 0.7366839709786615 0.43301660747410514 100.0
149 0.9091624743630173 0.6250911983259115 0.7369398739851087 0.43310433407155363 100.0
150 0.9128783228930141 0.637870684599379 0.7359440195739039 0.43179676131412975 100.0
151 0.9135853603004616 0.6452682159127998 0.7369183379304924 0.43453301090965524 100.0
152 0.9091671668453938 0.6368987170002597 0.7360552202611023 0.4326163409437615 100.0
153 0.9275868660381309 0.6926139431329231 0.7353905435979757 0.43210115704029184 100.0
154 0.9143233357792883 0.6297298812944885 0.7374947782804905 0.43377221338769895 100.0
155 0.9113523199520185 0.6310970968978452 0.7369013469414837 0.4336014375814146 100.0
156 0.9091232159053892 0.6262345150382302 0.7370863573776181 0.4327055812567485 100.0
157 0.9111248830934275 0.6471054807632826 0.7367581541558351 0.43398792182927404 100.0
158 0.9023101760857934 0.6218594216950253 0.7348367888970664 0.43240458746181143 100.0
159 0.9234283065430735 0.664773804997131 0.7354755794270382 0.4316273057165862 100.0
160 0.8997904836963996 0.6066588930690162 0.7340141604410263 0.4331275653577719 100.0
161 0.899378094882226 0.6331573491067968 0.7361675480015869 0.4329063644452214 100.0
162 0.9211067794388673 0.6728889743809564 0.7363774342923959 0.43260791908433605 100.0
163 0.9239852551440086 0.6744147533752033 0.7336127075776954 0.4312652909554939 100.0
164 0.9142521991862002 0.6504822095121674 0.7362506118796287 0.43396984386763743 100.0
165 0.920556817377608 0.6550524666669902 0.735090248300171 0.4312864439593833 100.0
166 0.9103694331179824 0.6214097514501032 0.7338917208538004 0.43178605180503654 100.0
167 0.9214849279915031 0.6582087938033492 0.7374079128477744 0.43240146831573595 100.0
168 0.9139313954266681 0.6507232836269694 0.7322097600460107 0.429918584360266 100.0
169 0.9080254486102405 0.6326865685530886 0.7353637857227107 0.43185332221722356 100.0
170 0.9234871904819102 0.6741093754052275 0.735528977853024 0.43272085555885625 100.0
171 0.9043663487691159 0.6194991226839741 0.7336663977742027 0.43484741878166416 100.0
172 0.9136763234673895 0.6491727968568928 0.7359020330615667 0.43056014753857363 100.0
173 0.9199348668298613 0.6506618784050017 0.7352507020998681 0.43449935494869274 100.0
174 0.929465774183496 0.7062819121231771 0.7355902325488661 0.42974036785520964 100.0
175 0.9206987076878526 0.6715504842037352 0.7346675251874738 0.4306874189718549 100.0
176 0.9263089625727945 0.6722274737493126 0.7343242608663708 0.4327540997889483 100.0
177 0.9078232277385755 0.6179027104240316 0.7349797460969318 0.4331910696304366 100.0
178 0.9285579970963468 0.6862167642456857 0.7343611567346504 0.43248951554187015 100.0
179 0.9052977157303527 0.6234038475901591 0.7338441641848114 0.4316849262007922 100.0
180 0.9100822735387104 0.6323420805294948 0.7360553178743369 0.429879645137613 100.0
181 0.9250687581797478 0.6916141124513315 0.7371172280524211 0.4324054655684752 100.0
182 0.9085737426368354 0.6205265816967771 0.7357266412610955 0.4300974910569588 100.0
183 0.9165733185679233 0.646598695852159 0.7347288892976089 0.4326260780748974 100.0
184 0.9131647486839867 0.642418969805164 0.737184503109651 0.43302101269322657 100.0
185 0.9223410514597186 0.6705548992078638 0.7356507267982059 0.43271866546738685 100.0
186 0.9188614844760149 0.6625890937675883 0.7354297312241549 0.432855841093728 100.0
187 0.9017047377941926 0.6001534001550506 0.7356351798506059 0.43354925139159384 100.0
188 0.9090515057432687 0.6305550982796251 0.7355074178656419 0.43326165188742927 100.0
189 0.9088545171302607 0.6326404384518385 0.7337344129494764 0.43473615499210055 100.0
190 0.9082956913704844 0.622288983579185 0.7347531888096843 0.4331031116640386 100.0
191 0.9074670235821546 0.6203497883987927 0.7341427617568876 0.43182838447896627 100.0
192 0.9099248900510061 0.6321904216548719 0.736870774978284 0.4355099781172651 100.0
193 0.9230086548025203 0.6653156299442337 0.7355101906877647 0.4331547100524435 100.0
194 0.9156834046126654 0.6536191683748528 0.7357202727543085 0.43429721426062673 100.0
195 0.9095396880609671 0.6267433382308453 0.7335592441873062 0.42926361856036366 100.0
196 0.9112387612801334 0.6358746256838613 0.7340600448376958 0.43184993418352446 100.0
197 0.9163119659579013 0.6543876538975759 0.7353996914090365 0.43268022463299166 100.0
198 0.9093187061984083 0.6287154231024334 0.7364091246587668 0.4336032144350687 100.0
199 0.9089443409126285 0.6185811383933735 0.7362223187389428 0.43122953145381276 100.0
200 0.9214073204955427 0.662271922454299 0.7355878047328744 0.432594518000931 100.0
201 0.9141229304677131 0.6491389879585323 0.7343013411617478 0.4329624155170501 100.0
202 0.9201882540777266 0.6665701896703391 0.7346795046540053 0.43214313658598 100.0
203 0.9220451956673462 0.6695473584827589 0.735336946069036 0.4318532541479515 100.0
204 0.9247017099876839 0.6849319014086808 0.7358088288897915 0.4330186754641116 100.0
205 0.929868867609294 0.7068785483856717 0.7318222937625974 0.43310684600399585 100.0
206 0.9210692777691942 0.6741992696570293 0.7360994563884047 0.43152117697092257 100.0
207 0.9119126361149928 0.6387669207223903 0.7353134673537336 0.4314377303086946 100.0
208 0.9168235228651439 0.6464159635529628 0.7339445190019999 0.4317228644310648 100.0
209 0.9129796807983206 0.6625636467097742 0.7332837646199253 0.4299460810112845 100.0
210 0.9140737097163371 0.6284497059397283 0.7338884076260815 0.4312799480260187 100.0
211 0.9259183736090122 0.6714614298906055 0.7350321848870294 0.43241002821855046 100.0
212 0.9064598967227054 0.6087347183475612 0.7344540690242961 0.4327080439017992 100.0
213 0.9202972624563293 0.6596376828448816 0.7340517165035607 0.43082692893040636 100.0
214 0.9241759536338593 0.6844478784324757 0.7340357408598721 0.43425785738926287 100.0
215 0.9149303075598624 0.6659998547221511 0.7351722065780928 0.4327759450163329 100.0
216 0.9098130250582774 0.6308536932115798 0.7349134989105301 0.4287479668665963 100.0
217 0.9151641318924446 0.65029683528714 0.7332594864870541 0.42964700597920424 100.0
218 0.9139424800786478 0.6354178434293334 0.7342705791692126 0.4303072042394937 100.0
219 0.906516273953732 0.63462204906104 0.7346105202791552 0.43149441747428335 100.0
220 0.9195708620317204 0.6500793800850082 0.7329587955361351 0.4307059784763178 100.0
221 0.9166478583828414 0.6513992269739091 0.7349158044445571 0.4350420137212103 100.0
222 0.9148967543607948 0.6509585058393177 0.7341089140221254 0.4325361686156506 100.0
223 0.9134399036023736 0.6260388861466276 0.7359345605227362 0.4324353865744848 100.0
224 0.9157778911614948 0.6552448729297187 0.7347288052511918 0.4310189376676343 100.0
225 0.9064144886184871 0.6179966336984308 0.7333008318183661 0.4318378930461047 100.0
226 0.9202122660113319 0.672804331076774 0.7359969609573213 0.43458225213443435 100.0
227 0.9163980849758879 0.6637868478350246 0.7333343325677193 0.431593313288271 100.0
228 0.9212407235827195 0.6637361033520637 0.7332240682072664 0.4298270415993767 100.0
229 0.9044024646509015 0.6015147668688811 0.733495617561513 0.4301146267647652 100.0
230 0.9144869505002642 0.66665850296941 0.7355025345556652 0.4344243408758722 100.0
231 0.9009611816136751 0.6166579788232908 0.7336952515665764 0.43100620262151673 100.0
232 0.9038532905855015 0.6104185176138395 0.7365847429515533 0.4318837146147848 100.0
233 0.8925238751927103 0.5658205174382916 0.7336648933155934 0.4306646304220029 100.0
234 0.9174815444398415 0.6286484629991548 0.7346810113957639 0.431421083165054 100.0
235 0.919182947524676 0.6416297222879972 0.7339748479675737 0.43058634219552383 100.0
236 0.9166757089930472 0.6419462090486338 0.7337645882880887 0.4320013573393169 100.0
237 0.9164362455934777 0.6431169087933262 0.7355006523656368 0.4318395978589076 100.0
238 0.9247617867339812 0.674277925993175 0.7341521686688828 0.43167666263331184 100.0
239 0.9159352031485128 0.667559469022762 0.7337904524872811 0.4309841860312893 100.0
240 0.9254784210759527 0.6752182600646255 0.7325366914826119 0.4312080101022893 100.0
241 0.9252880006537935 0.6673410474894885 0.7323299911558374 0.4309052713520289 100.0
242 0.9281512582313504 0.6739470220608542 0.735175348369099 0.4328410716799469 100.0
243 0.906748284152866 0.6183148980560739 0.733166806402116 0.43017903000485264 100.0
244 0.9171915613213604 0.6533613183295844 0.7338829844228701 0.43116600801206373 100.0
245 0.9099785853299306 0.6506407808003399 0.7351613562103233 0.43100021951668416 100.0
246 0.9219903981127812 0.6682092168953746 0.7345828267136838 0.4324494108969394 100.0
247 0.9125110882667907 0.6310188772338171 0.7340388971791697 0.43137085455041346 100.0
248 0.914116040398412 0.6385433487225689 0.732415680580624 0.4269389944421153 100.0
249 0.9259947227641386 0.6804340260881154 0.7333793766362656 0.42901774300123696 100.0
250 0.9210432024063716 0.6578117246188357 0.7352226738319095 0.4268802806808382 100.0
251 0.9259481023919959 0.6769682498278355 0.7351744660643154 0.4316010475306081 100.0
252 0.9238903648316906 0.6583372097420609 0.734275175368198 0.4306866943298679 100.0
253 0.9208604880710645 0.6614263607964598 0.7332702541760122 0.43076115184951047 100.0
254 0.9233013448376539 0.6676406500267801 0.7337420115421618 0.42794368239776126 100.0
255 0.9168441655493553 0.6589690450316148 0.7327517383638166 0.42895121314646134 100.0
256 0.9411387558282321 0.7106968199179106 0.7345192711579638 0.431944941708532 100.0
257 0.924294921235805 0.6787256302377724 0.7319609946788747 0.4282447638631439 100.0
258 0.9305969745094943 0.695995034165539 0.733878574470636 0.4302929220242918 100.0
259 0.936484998534222 0.7066295683433317 0.7345406697127818 0.4334005488659088 100.0
260 0.9240611025238907 0.666271405081895 0.7339582605258329 0.4301182424111336 100.0
261 0.922363833465204 0.6688323020680879 0.7338868790005593 0.42904479980512783 100.0
262 0.9293515543942581 0.6906258494696921 0.7334986421261784 0.4300970117792398 100.0
263 0.9282120990581724 0.6852419276865234 0.7353582900399604 0.4305035342398622 100.0
264 0.9200327191259379 0.6540323441850271 0.7337750494212955 0.4294276075279903 100.0
265 0.9284757540566839 0.6758124389343075 0.7342556968656916 0.43174029804944775 100.0
266 0.9293461557716844 0.6887711390595801 0.734682797138177 0.4302439033302838 100.0
267 0.92823163773654 0.6881956319827168 0.7352789617566095 0.4302925844074506 100.0
268 0.9286012931274514 0.6899006108662142 0.7344780797406691 0.43046909377845255 100.0
269 0.931179928204783 0.6953097170050416 0.7343671271982056 0.4302212329299577 100.0
270 0.9256974647025987 0.6750016043870262 0.733933650717034 0.43374694799504093 100.0
271 0.9317563623157963 0.6917917030343631 0.7338918296911221 0.431711944024341 100.0
272 0.9180844432698464 0.6582946722870521 0.735341011758685 0.42981252681230475 100.0
273 0.9257441953531697 0.67780446719671 0.7349534192019036 0.4327381767163234 100.0
274 0.9302877598784484 0.6889433115732367 0.7338682851903292 0.4297201345973536 100.0
275 0.9201880262166207 0.6610740139342915 0.7328603528073976 0.43040806524943853 100.0
276 0.9216239051353284 0.6653253019826821 0.7341426379548921 0.4311952635525099 100.0
277 0.9223821672263441 0.6984211552446381 0.7320135057403608 0.4292870115744336 100.0
278 0.9208680452757838 0.6689626195288912 0.7340235200258377 0.43226203269680646 100.0
279 0.9287830278022597 0.6797058629366022 0.7335097412966229 0.43115087418539444 100.0
280 0.9108717222898871 0.6392002697795497 0.7348503123611035 0.4299963028356108 100.0
281 0.934707946605215 0.6973914111082852 0.7332013489327391 0.4295847148416713 100.0
282 0.9326142972366857 0.6992320702730923 0.7347186908069143 0.4307417142781505 100.0
283 0.9228164200998823 0.6748278041263531 0.7348345853813402 0.42833943966406607 100.0
284 0.9236955137849608 0.6630040823963119 0.7327631892276288 0.43255543187004614 100.0
285 0.9339428735572435 0.7114299956846583 0.7326595543958659 0.4313389615409198 100.0
286 0.9128838947577192 0.6648660220876589 0.7337310200240307 0.43134173216404037 100.0
287 0.9378751170095577 0.7348493651860671 0.7336153459108172 0.4314974020100255 100.0
288 0.9301305672232456 0.689086857811327 0.7333497210550846 0.43146625145148865 100.0
289 0.9204834609194182 0.6776346494898601 0.7345510745409563 0.42985784018886375 100.0
290 0.9103932516997572 0.6619110033309282 0.733591532526431 0.42890368074299334 100.0
291 0.9175736531170001 0.6524468169083485 0.7345908843689196 0.43054101058550825 100.0
292 0.9226894701008668 0.6546637730667481 0.7336689862357637 0.43161247928420204 100.0
293 0.9095681067855366 0.6296131288044811 0.7334903574396896 0.43150377848719473 100.0
294 0.9055472269939515 0.6134736931713816 0.7326336591662463 0.43297810665926745 100.0
295 0.9125807819832212 0.6377006617746258 0.7316511690568192 0.42873999314114586 100.0
296 0.9155102906496202 0.6535369317336667 0.7318802657122733 0.42806633846890974 100.0
297 0.9201485483923273 0.6731335991367492 0.7319478997887711 0.4285776546987126 100.0
298 0.91485356078859 0.6630382440383815 0.7344508315558764 0.43002692016323885 100.0
299 0.9166901696220521 0.6313605261689318 0.7333663879684853 0.4282571912560653 100.0
