1 0.6606600648136347 0.18238343640194 0.7454912625831264 0.44249501620833614 100.0
2 0.6455608831976908 0.17808963435614744 0.7411566057280635 0.4337978865798772 100.0
3 0.7122468461223587 0.23522239566324077 0.7430032673628726 0.43436873751009436 100.0
4 0.7379198990768789 0.2559123171473783 0.7442413908880257 0.43422654311371367 100.0
5 0.7585205115669373 0.28100156903852175 0.7433549719229816 0.43851449722594604 100.0
6 0.7697672149679801 0.29454674306433465 0.7430580365407522 0.4386674567916507 100.0
7 0.7899248312997273 0.32594754227675793 0.745244546326505 0.4359390081012471 100.0
8 0.7859089050707923 0.3224175350461415 0.7436019758560984 0.43464087363367293 100.0
9 0.8080367829699847 0.36041322539076487 0.7424103949574286 0.4352533484065414 100.0
10 0.8191723788856181 0.37593172240866773 0.7435692962264281 0.43906948716926925 100.0
11 0.8061408586577169 0.3622532114915861 0.7433777694114968 0.43729866211673546 100.0
12 0.8232137461108542 0.38150851682919473 0.7430285040135594 0.43793879523356416 100.0
13 0.8388495131287668 0.44088631073757073 0.7456394184317248 0.43729133748964905 100.0
14 0.8445238086968486 0.4339487960087304 0.7436223469703013 0.43601751329379135 100.0
15 0.8346198095942079 0.4032987124392183 0.7438218592943708 0.4372495399225912 100.0
16 0.8524239924928271 0.45809340978398183 0.7428883173275337 0.43783869959410454 100.0
17 0.8477700281833088 0.4262561311295682 0.7442202467218199 0.4369125889497118 100.0
18 0.8526298671539501 0.43868979634360483 0.743178539771101 0.4369129056459574 100.0
19 0.8647367528442358 0.47645868594921986 0.7418188872556025 0.435125073152283 100.0
20 0.8449802219406307 0.4414915404514209 0.742675993522192 0.4350709144081136 100.0
21 0.8750519441493484 0.5105513087231868 0.7411811157115952 0.4348870405552267 100.0
22 0.8693594541975023 0.49463088006474676 0.7443737134009595 0.4367811458841184 100.0
23 0.8642210577016616 0.5007219022653375 0.7448908466608942 0.4360699326982866 100.0
24 0.8800179442695248 0.5090385762843919 0.7412306498451358 0.4366867143650173 100.0
25 0.869487732287909 0.47344498378611455 0.7430607164266557 0.43606115738460555 100.0
26 0.8717997350484032 0.49621269455533784 0.7419939509802924 0.43584803358923324 100.0
27 0.8597006437510641 0.4481664758995611 0.7421897322290011 0.434329720819063 100.0
28 0.8718458828600588 0.5042406975188306 0.7433335200946268 0.43602877200636186 100.0
29 0.8802359894670065 0.5257282813734635 0.7408480770518239 0.4352977829259156 100.0
30 0.8929580533669271 0.5638247419540399 0.7421886300599223 0.43444638344620934 100.0
31 0.8793497501310977 0.5174603490975913 0.7411296327655101 0.4353523469269212 100.0
32 0.8820452144810269 0.5197785509775459 0.7418213759634691 0.43642042677373516 100.0
33 0.8878617536730771 0.5256603244914975 0.7403676454821041 0.4330186604885597 100.0
34 0.8747701622505305 0.507120491452878 0.740916961064308 0.4361767299136307 100.0
35 0.8784168400584181 0.5052292496407886 0.741771707008323 0.43178157597717015 100.0
36 0.8948794500774117 0.5575929392069466 0.7403010975004068 0.4348883451922905 100.0
37 0.9010921460304498 0.5951547658911402 0.7401006484889581 0.4351702369363145 100.0
38 0.8838334686958271 0.5240342201470483 0.7398854982494761 0.4330696003978926 100.0
39 0.902001204371072 0.5838253884167426 0.7417221090253965 0.4340613936254871 100.0
40 0.8795498366839339 0.531978079175758 0.7404314116741584 0.4358955088593471 100.0
41 0.8941164360856334 0.5709693888322181 0.7409934381077786 0.434134558516356 100.0
42 0.8894794540391052 0.5361394333321023 0.7408049144957625 0.43355109072945885 100.0
43 0.897477545955881 0.5648471867165342 0.7413249007582716 0.4329495321379225 100.0
44 0.886465167589423 0.5471229800090263 0.7404151687077103 0.4348066199138359 100.0
45 0.8897710857509447 0.5448391058065115 0.7411842043937716 0.4386533556234393 100.0
46 0.8865486416497431 0.5389668134622712 0.7418072244749655 0.435480673304918 100.0
47 0.874187503231967 0.535901865138882 0.7407877191966561 0.43397002169717036 100.0
48 0.8998264859426182 0.5628500159726063 0.7395125755819281 0.43490484164564536 100.0
49 0.8963493426284631 0.579627864940121 0.739170706614323 0.43581601777057893 100.0
50 0.9039087334688997 0.5836018788085675 0.7413384975863216 0.4359226339462163 100.0
51 0.9053146870925045 0.6262791671089903 0.7413379537897274 0.43372694436524 100.0
52 0.9122714195667831 0.6178354389554385 0.7412221598176116 0.43560637198614643 100.0
53 0.8859075476923551 0.5307162846271244 0.7403601710257707 0.4331972599006689 100.0
54 0.9097994497021175 0.610382714581343 0.7408581451328474 0.4360349979050418 100.0
55 0.8996300882872057 0.5854321299297672 0.7409261059336031 0.4358474683639507 100.0
56 0.8971753689822418 0.5588980616114259 0.7409163108729656 0.4362866121433151 100.0
57 0.9117562427072121 0.6336123569421053 0.741915458018023 0.43519697820425923 100.0
58 0.9176716368899216 0.6417197820050313 0.7413713203188624 0.4352395183877178 100.0
59 0.9102307470706706 0.6387754104919208 0.7401047785189576 0.4364566782111915 100.0
60 0.9023691218696028 0.6041001350031094 0.7393110081191044 0.4354339230162369 100.0
61 0.9010383942945892 0.5827798778757375 0.7393393203921217 0.4318158756467498 100.0
62 0.8922951518461218 0.5846603390226774 0.7413362058583592 0.4333654785708099 100.0
63 0.9041747028150623 0.5828831955330189 0.7412199909439812 0.4336697304753558 100.0
64 0.9065115199637458 0.6186846604647944 0.7416296390875907 0.4342835924315827 100.0
65 0.9048502259274973 0.6121585927290777 0.7413851634881518 0.4377200731762019 100.0
66 0.8967335056876752 0.5763917691388029 0.7417814668193098 0.43416691772271604 100.0
67 0.8914640255387135 0.5714584998106994 0.7407870602242835 0.43132007577280823 100.0
68 0.9004326719851953 0.594748821108328 0.7392403341422371 0.4311570491328144 100.0
69 0.8949991109121181 0.5729086675232662 0.7416132468870639 0.43181595153089525 100.0
70 0.9032282105634226 0.6001307977983101 0.7392972369820169 0.43409311709413745 100.0
71 0.904682453394771 0.6094993487170413 0.7405830979599428 0.4326653204548802 100.0
72 0.9045426887410407 0.5844588331927689 0.7409809780429348 0.4338206801242175 100.0
73 0.9096543278951144 0.6178787715013819 0.7397213624062963 0.434272161170864 100.0
74 0.9127113527420687 0.6252358567704728 0.7405991861997216 0.43435372945115547 100.0
75 0.9021771547246091 0.604736514714833 0.740374157516488 0.43538203882909743 100.0
76 0.9035526613287039 0.5951558401530329 0.7376630030137784 0.4326071647883309 100.0
77 0.8979890124500157 0.5796455898521888 0.7408469270851045 0.43474323208677434 100.0
78 0.9011050579185403 0.5874329261386179 0.7398369474080784 0.43200642978843184 100.0
79 0.9099814925923334 0.6156006218425101 0.7400471432156366 0.4338673121607329 100.0
80 0.9006985265019203 0.5814787571141411 0.7404775508947141 0.4319399552952598 100.0
81 0.9135145923708622 0.6532038372847859 0.7407130489787651 0.4348986434719936 100.0
82 0.9120614193276856 0.6176116031220796 0.7391153206272094 0.4363068576984059 100.0
83 0.9051096424056132 0.6174304019252809 0.7391767640014976 0.43136667725304517 100.0
84 0.9201630646051514 0.6467226079888687 0.7389421305534711 0.4351573106545588 100.0
85 0.9230496124631642 0.6392387081914105 0.7400964172622421 0.43344424304534335 100.0
86 0.9199478305911037 0.6434101621260102 0.7386270792499593 0.4335200284391917 100.0
87 0.9052495274814683 0.6013995704721924 0.7388151213556147 0.43461936149583424 100.0
88 0.9147160407947083 0.6258709552408426 0.7415495037632027 0.4357287300909698 100.0
89 0.9200612149300252 0.6629158086273952 0.7388969853931233 0.4358512512931633 100.0
90 0.9113995869909018 0.6361491968580348 0.7380586664032661 0.4307124833551857 100.0
91 0.9237117689056811 0.6572322436858217 0.738062684245612 0.43315643590894637 100.0
92 0.9072592069623789 0.6109099373648091 0.7398823163760436 0.4325769306153576 100.0
93 0.9167889098330808 0.6160641186661061 0.7383693939402635 0.43269706459229973 100.0
94 0.9143696651007471 0.6299470452833267 0.7397647065566078 0.43507284209863284 100.0
95 0.9244531269355087 0.6668818092628147 0.7384793037390794 0.43417434008214195 100.0
96 0.931866346716697 0.6829166164226027 0.7396029757404893 0.4322831849444894 100.0
97 0.912586530173666 0.6364425208839701 0.737431767691017 0.43532744220836866 100.0
98 0.9127023696460165 0.6310097245547168 0.7388559660633228 0.43490298233258295 100.0
99 0.9108149373383183 0.6217300711739151 0.7395428086064553 0.4318274059669786 100.0
100 0.9170684403425152 0.6413700807177415 0.7389767181774707 0.4339009686239706 100.0
101 0.921571857268399 0.6576888683343072 0.7400678866099624 0.4330855009661229 100.0
102 0.9103791568463664 0.6397417309331102 0.7395708244373665 0.4308012052132928 100.0
103 0.8999395279681335 0.5967300613619468 0.7390588880630959 0.4336855290724392 100.0
104 0.9207253270062771 0.6564051278713119 0.7401824618748336 0.4337747730100955 100.0
105 0.922757562368746 0.6507955546893524 0.7380999111548499 0.43366781179073977 100.0
106 0.9203673111983529 0.640300027678084 0.7388924043285943 0.43189502133424496 100.0
107 0.9232914490684182 0.6559979977742089 0.739669310249913 0.4309064979693642 100.0
108 0.9087416517265204 0.6187276522680913 0.7398698711270348 0.43622584942385556 100.0
109 0.91941811984883 0.6524885623728683 0.7384105104144713 0.4328441240932427 100.0
110 0.9218795962687054 0.6508888290355829 0.7398983088814388 0.43088589546024747 100.0
111 0.9215035433722918 0.6587175591099708 0.7377195636899607 0.43325983065677925 100.0
112 0.921832612464599 0.6584689932644328 0.738147374745691 0.43325836199178525 100.0
113 0.9260267692260391 0.6713137108638283 0.7392007584447049 0.43407949039619725 100.0
114 0.9241496885349165 0.6765631511538615 0.7392526165209466 0.43293014323603013 100.0
115 0.9198588067615716 0.6563253380584066 0.7399464182055184 0.4333159612594955 100.0
116 0.9122327461855921 0.64472658629194 0.7393854067112577 0.43361835625223494 100.0
117 0.9099701416271004 0.6239770292406436 0.7384583318061138 0.43124543948313115 100.0
118 0.9276090408615413 0.6824900006081728 0.7382882481137695 0.4323040962877476 100.0
119 0.9078106475173037 0.6249057727485068 0.7387750976054746 0.4343228531840465 100.0
120 0.9176283657294836 0.647500628654954 0.7368639808424681 0.4323041857158587 100.0
121 0.9071340636202226 0.61453979841484 0.7399336162696021 0.43123279335184456 100.0
122 0.910588116820034 0.6394121479994116 0.7381242912241142 0.4322868276163894 100.0
123 0.9064952488393756 0.5957912190272272 0.7403496096928304 0.4326622968112332 100.0
124 0.9085889306239762 0.6419899171491903 0.7391467991529558 0.43238073155589474 100.0
125 0.8981789186177083 0.5967914556892076 0.737496476811042 0.42940025587123104 100.0
126 0.89855069171733 0.6117435713896805 0.7378585817200887 0.43271731915206685 100.0
127 0.9159670634898727 0.6527334619805019 0.7390256914443527 0.43558965226545837 100.0
128 0.9161625550320109 0.6396908793860563 0.7386251050590116 0.4359125640749857 100.0
129 0.9061259266077939 0.6274011126628164 0.7382313971337245 0.43163945705277895 100.0
130 0.9086206921263476 0.5984409262205813 0.7382984362966769 0.4315539769953475 100.0
131 0.9118025133114896 0.6241970206534779 0.739982535419374 0.43466837725079815 100.0
132 0.9329941248868888 0.7040515911995232 0.7384415437408992 0.43338660905946413 100.0
133 0.9218114076123046 0.6631794242487524 0.7378398172117546 0.4330008025039965 100.0
134 0.9121074850533374 0.6143235752658289 0.7379185081344439 0.4325633523764278 100.0
135 0.9093674673277913 0.617042430958422 0.7362145765603378 0.4322923369969686 100.0
136 0.920208179497331 0.6509818076861833 0.7371290786365675 0.43413701091272083 100.0
137 0.9218950444356163 0.6603430547802209 0.7378585610942706 0.43250887211623174 100.0
138 0.931947883320265 0.7034851130309265 0.7382247032193564 0.43262056451552316 100.0
139 0.9238856223482288 0.6569946322116225 0.7404078991310347 0.43339739143376366 100.0
140 0.916158424026146 0.6566595685557843 0.7381515905892136 0.43266659505923344 100.0
141 0.9271363670669248 0.6842409655765768 0.7384575578125867 0.43305913260948736 100.0
142 0.9290217652347453 0.684278452407616 0.7379547566348174 0.43537095787786323 100.0
143 0.9153344857962886 0.6480646590014482 0.7373779192977694 0.4329010055233955 100.0
144 0.914471168203685 0.6496660991493673 0.7379440811191281 0.43397016726547194 100.0
145 0.9245936537844418 0.6721459730586943 0.7391206590917395 0.4321286749920494 100.0
146 0.9189248428716438 0.654242624697526 0.7374643853215714 0.43405291196376256 100.0
147 0.9014882845261689 0.6025724972596415 0.7372622723068142 0.4365415251660022 100.0
148 0.9187332571950875 0.6730118297669917 0.7380626923945824 0.43246020393147433 100.0
149 0.9167927058127345 0.6670836364487036 0.7371241404852928 0.4323905269988854 100.0
150 0.9117411577591865 0.6313166997356929 0.7384374949816105 0.4312998916338912 100.0
151 0.9213886187458122 0.669166181747023 0.7377125770283759 0.4344886692150738 100.0
152 0.9163781110983846 0.639617899670451 0.73807805701041 0.4330364824156878 100.0
153 0.9204003013647819 0.6745127810998014 0.7382176028887735 0.43599346384220516 100.0
154 0.9070199506836416 0.6254144749352608 0.7379618219491273 0.4341280298779425 100.0
155 0.9171361427643747 0.6550140750491998 0.7364016841368836 0.43758265249946904 100.0
156 0.9112045763331841 0.6380931315160683 0.737160690627592 0.4319397597801155 100.0
157 0.9195462329713976 0.6664286963255538 0.7371136198324251 0.4296230484749202 100.0
158 0.9204372121644842 0.6745172922057696 0.736531397266089 0.4345256282881641 100.0
159 0.921718063329127 0.6643024452200078 0.7383092247793838 0.4313510534234312 100.0
160 0.9101483350093585 0.6369366913685526 0.7381704192781755 0.4309221255783807 100.0
161 0.9244160485858651 0.6731700421041906 0.7366849884602008 0.43218924610763926 100.0
162 0.9147449620980598 0.6507136339873864 0.7390945836937103 0.4340572473943605 100.0
163 0.9168164268853151 0.6603770698960486 0.7355606307091862 0.4329636078961067 100.0
164 0.927100653573006 0.6835976852568093 0.7368300975088046 0.4327020292501952 100.0
165 0.917728213546601 0.6648554733391999 0.738238507441615 0.43520584400577 100.0
166 0.9192379292247586 0.6432419528506834 0.7378336056187788 0.4314225152853218 100.0
167 0.9096370058083445 0.6272417269411629 0.7362417573795256 0.433249646676633 100.0
168 0.921819798076068 0.6687418754946333 0.7379692290868608 0.43293281675833273 100.0
169 0.916472113930765 0.6422990284403425 0.7381402777073093 0.4294562443608649 100.0
170 0.9294630798698482 0.6840950744729739 0.7375799332969308 0.4310720249889137 100.0
171 0.9252377233313932 0.660148503051564 0.7383402582875387 0.43589503890489106 100.0
172 0.9245661928483849 0.6617927050885976 0.7370761758035925 0.43076590910606605 100.0
173 0.9361964706158671 0.7009821099213117 0.7356400193830058 0.43156768688579994 100.0
174 0.9237433830358035 0.6845099250303365 0.7381772359929758 0.4321038150082371 100.0
175 0.9257710813957885 0.6710493071864562 0.7362140794354824 0.4326073243286858 100.0
176 0.9171763132324011 0.6605490283089762 0.7362463871145672 0.43065788541516836 100.0
177 0.9297631994640376 0.7002073899128759 0.7377957171053033 0.43446805740284183 100.0
178 0.9177516515189685 0.6397656558747574 0.7373934540593163 0.43170090497543 100.0
179 0.9280263263278963 0.6878670465399608 0.7344432954043556 0.42939689449906276 100.0
180 0.913118588652259 0.6452113014006144 0.7358164724909279 0.4291920778780618 100.0
181 0.9313824104941394 0.6920163963284832 0.7356349213071393 0.43221521682463016 100.0
182 0.9240636584966708 0.6843593442750437 0.7373163415370056 0.432113395138223 100.0
183 0.9142684995256478 0.6440359085504995 0.7358147622816854 0.4323634675589765 100.0
184 0.9375045295914972 0.7262100772019369 0.7378358411545345 0.4339367522194709 100.0
185 0.9226645469425501 0.686000670112399 0.7378537428101845 0.429614344831148 100.0
186 0.9138100320317082 0.6422843583101325 0.736747171280425 0.4309986418964236 100.0
187 0.9190165629621996 0.657789363955669 0.7391392345977235 0.4309824674058625 100.0
188 0.9290128011598963 0.6911929856845711 0.7373751571311924 0.43331346798421505 100.0
189 0.9265497041667669 0.678642459086649 0.7359715414000563 0.4318895562458696 100.0
190 0.9148222362976616 0.6618930426410556 0.7363228139350184 0.4339123552318569 100.0
191 0.9274288168044975 0.6629786270239117 0.7363583664572613 0.4326016693010991 100.0
192 0.9277896325814935 0.6837603934002372 0.7375609921228026 0.43469712644921216 100.0
193 0.9235758669801473 0.6777739276230205 0.7364118687346813 0.42901383662757375 100.0
194 0.9125038333162891 0.6405174747958968 0.73776455420299 0.4322958906998336 100.0
195 0.9299626762177536 0.6904902610519297 0.737431219017138 0.4324145980117842 100.0
196 0.9338811055105137 0.7164826564349915 0.7368610215600377 0.4325681750199591 100.0
197 0.9169861363818099 0.6475690855324342 0.7378811601765807 0.43161391994338527 100.0
198 0.9205668027106849 0.671416746224169 0.7373621371212515 0.4319226741329437 100.0
199 0.9155502625238509 0.662990671023334 0.7357687426772643 0.4320391036572031 100.0
200 0.9407879450169123 0.7247008450322155 0.7365832879698385 0.43484639088583327 100.0
201 0.926242801260764 0.6863601457198123 0.7368428235354386 0.4316307825438528 100.0
202 0.926245638320297 0.6822439863860456 0.7360164760865758 0.4307000322598887 100.0
203 0.9197581803237882 0.6626312021554983 0.7364186078927282 0.4318529282425225 100.0
204 0.9319940189935323 0.6941621585518754 0.7381321723603071 0.43225818982553144 100.0
205 0.9260148659262623 0.6894899738839416 0.7354736239522545 0.43211344402841223 100.0
206 0.9209616377605957 0.6569881231336592 0.7377368247279656 0.4319487693748982 100.0
207 0.9279237596495513 0.6951041380438191 0.7374182879349034 0.43206489342414217 100.0
208 0.9251719237410427 0.6759239060675577 0.7364347349476752 0.4303211838792965 100.0
209 0.9220344384856994 0.6686302623863698 0.7372222846073566 0.4325143571554931 100.0
210 0.9210969948875117 0.666989588472053 0.7371029461928754 0.43198266151555037 100.0
211 0.9151589455072262 0.6372799816716749 0.7376341912591432 0.43209360774990985 100.0
212 0.9285584311705961 0.6759263664609902 0.7361100676957498 0.4334884681653547 100.0
213 0.9242974706974891 0.6891445958317697 0.7368025260904038 0.43064957281669664 100.0
214 0.9216339049529604 0.6633773556757642 0.7359041168091683 0.43347611699226923 100.0
215 0.935258316637683 0.7194454663383447 0.7365682597240574 0.4304748749286705 100.0
216 0.9318251123088216 0.6969704717602968 0.738807190285328 0.43138836000176356 100.0
217 0.8979883187490664 0.5941722727740673 0.7358404983997648 0.4335452893133549 100.0
218 0.9124698067600111 0.6431183107807849 0.7341180678057502 0.4333788977549816 100.0
219 0.9099460179772371 0.656905443771295 0.7373910748903705 0.430176875498444 100.0
220 0.920027653326472 0.6687940337538201 0.7365506659850821 0.4323434820023314 100.0
221 0.9287044230530508 0.690448573757982 0.7372037739715411 0.4333807308490294 100.0
222 0.9275855959380271 0.6867581949832846 0.7360614065129247 0.4336623657301043 100.0
223 0.9234313248265036 0.6709427501378065 0.7358372237279346 0.4298568390336962 100.0
224 0.9128509324175108 0.6309033749030215 0.7381809599368523 0.43445571469918254 100.0
225 0.928015640731004 0.6973766071638876 0.7369103363631799 0.4319307814215454 100.0
226 0.9197199894789915 0.646955456531681 0.7359539014400502 0.42976524409000666 100.0
227 0.925410020634001 0.6774760388692791 0.7376776471116984 0.43235189486590886 100.0
228 0.9292601570330852 0.6957843457018769 0.7380173758728593 0.4313479685542946 100.0
229 0.9285624734297303 0.6802131196081675 0.7361613797493405 0.435222533456378 100.0
230 0.9214752243021099 0.6682780696041033 0.7345283204862395 0.43257497061342703 100.0
231 0.925150042153506 0.6701140726569981 0.7379090451564138 0.43326685488607597 100.0
232 0.9282173396816981 0.6792023100921487 0.7343965219281062 0.4287508410695361 100.0
233 0.9231028518199743 0.6815793312291043 0.7346405846218915 0.4299531787602483 100.0
234 0.921132967397181 0.6719064206124479 0.7357811297437548 0.43192413928521917 100.0
235 0.930013962827066 0.6789621446831089 0.7361316237417391 0.43426807636308523 100.0
236 0.9166571927964715 0.6585834597536355 0.7377467157397072 0.4316675093387648 100.0
237 0.9195768660854786 0.6554631816472214 0.737006134286104 0.4319203683571311 100.0
238 0.9329998617870312 0.7007270843509257 0.735071608670411 0.4346833580033709 100.0
239 0.9451335225079518 0.7309434702964436 0.73721553701248 0.43307186486146876 100.0
240 0.9248868313315165 0.6745747722298978 0.7348391125794071 0.4336603014830028 100.0
241 0.9384507030866986 0.7185068045519515 0.7361353000450722 0.43496127399910994 100.0
242 0.920853742814336 0.6647853002700188 0.7359776547212481 0.4320764652058449 100.0
243 0.935356803708943 0.7046763959477255 0.7364199415221729 0.4290229749832568 100.0
244 0.9364367775351709 0.6965769714396753 0.7372832950295384 0.4354231084450783 100.0
245 0.920696953604645 0.651225628826517 0.737170662400265 0.42903830373518614 100.0
246 0.9096649568276796 0.6396890196011388 0.7363244170694621 0.43347625072416596 100.0
247 0.9294581796866042 0.6958460500789263 0.7352688821056047 0.43241696447661626 100.0
248 0.9331507516024913 0.7091929988352045 0.7347891917551789 0.4338192316934255 100.0
249 0.9372296930375673 0.7131637417517434 0.737460762285115 0.4323173928865263 100.0
250 0.9303216373215675 0.6894942269224151 0.7354295884668182 0.4297345368100537 100.0
251 0.9311417042502919 0.7131618801920642 0.7359030549254553 0.43146642128180046 100.0
252 0.9237499893768408 0.6669440074247592 0.7371577429425183 0.4320334897108855 100.0
253 0.9398042924006258 0.7161343357590269 0.736900234287905 0.4337664403553042 100.0
254 0.9233700070393372 0.6815409692121327 0.7360294903684025 0.4325655498915742 100.0
255 0.9280680482940811 0.7002061854136172 0.735717753776704 0.43265704807879557 100.0
256 0.9418195301776108 0.7348913679903406 0.7353092057037464 0.43361517217694356 100.0
257 0.9358922261665105 0.7148982934497033 0.7353226474184719 0.4293642076568422 100.0
258 0.9228910605824082 0.691485534460227 0.7375506439426573 0.4324196934073045 100.0
259 0.9324058189128033 0.7038198327653146 0.7368709731930742 0.4332212762453462 100.0
260 0.9343196581969953 0.7214623717747486 0.7363979400329953 0.4315732226021527 100.0
261 0.9328011966768388 0.7087124185143323 0.7341930734041905 0.4289425976223435 100.0
262 0.9390407153851418 0.734479962571323 0.7363825908056054 0.4329848888252681 100.0
263 0.9356262479629552 0.7396151415709514 0.7358157835437339 0.43276394109293653 100.0
264 0.9327708582084587 0.7130603191414455 0.7360247491904288 0.43455524190625155 100.0
265 0.9279452626502033 0.6926874289245256 0.7352531853395328 0.4318011133499208 100.0
266 0.9236665824704544 0.6706856622220152 0.7348181002767048 0.4311345885715866 100.0
267 0.9153284675372856 0.6472056583419284 0.7382284241032913 0.4344943690490016 100.0
268 0.9337434649428669 0.7147628661339099 0.7360000424044044 0.4338772987625189 100.0
269 0.9115450812259195 0.650081432041187 0.7339095303939338 0.43221639521961647 100.0
270 0.9376441494126516 0.7292932152603876 0.7372685650866743 0.42966194190524093 100.0
271 0.9396839228634145 0.7448728700046914 0.7366779541686412 0.4296103750546076 100.0
272 0.9386896681099114 0.7364148333859653 0.7348820973504762 0.4300040858400063 100.0
273 0.939037420745091 0.7069813663127437 0.735711234648114 0.4304159784634786 100.0
274 0.9293744138672351 0.6802161736331712 0.736885569760184 0.43116523807753865 100.0
275 0.9293159793231325 0.7011009129611264 0.7353571741681374 0.4331473943124451 100.0
276 0.9276041487271202 0.6954250994544959 0.7340253965360742 0.4302810476701363 100.0
277 0.929037639042314 0.7087478346894893 0.7360185742973152 0.4326398678225009 100.0
278 0.9424214953788145 0.7386948591347298 0.7355227385316258 0.43032997947087415 100.0
279 0.9161158160529255 0.6620526201631465 0.7368970795750155 0.4331594901421076 100.0
280 0.9457160310763356 0.7290727996707015 0.7360018490535066 0.43092542960743074 100.0
281 0.9453495812043577 0.7459227261638398 0.735698469553494 0.4322284600739705 100.0
282 0.9367283085082444 0.7118538098251393 0.7367013822583833 0.42983975454646667 100.0
283 0.9291767560735241 0.6733350607122135 0.7349113711508838 0.430555875285416 100.0
284 0.9393045103789823 0.7294384509401567 0.735040156101974 0.43400523435605287 100.0
285 0.9368907108451567 0.7144445974238834 0.7344048497382626 0.4328600183159042 100.0
286 0.945196485376141 0.7534687957360817 0.737456041085804 0.4321380025069798 100.0
287 0.9337010407587786 0.6918105562433082 0.7338936035519421 0.4305740024935797 100.0
288 0.9337041408789165 0.7067904737750199 0.7352208427293461 0.43243473483732164 100.0
289 0.9308250045002676 0.6904466946940856 0.7339081292476066 0.4279904120491443 100.0
290 0.9441057509486241 0.7631587751248425 0.7357629169681696 0.4317664053088404 100.0
291 0.9314749219890703 0.6883273731704945 0.7349395915742478 0.43066694289351654 100.0
292 0.9299297271043818 0.7004250788202633 0.7357297982740773 0.43221577882689544 100.0
293 0.9357999551070176 0.7219030998000145 0.7362675118907609 0.43180277536990064 100.0
294 0.9290477502304961 0.6924008041623726 0.7347196761321879 0.429476860115993 100.0
295 0.9287025515094338 0.6867376975977347 0.7332571867555806 0.43471731007095316 100.0
296 0.9363599374442879 0.7163803373891957 0.7341359314595279 0.43135631623035176 100.0
297 0.941504056230864 0.7390529610916468 0.7356450345156733 0.432334070440765 100.0
298 0.9311166602556032 0.6996838492863897 0.7358643765619991 0.4314819425351327 100.0
299 0.9432428609062343 0.739437501130077 0.734825314846174 0.43366815623992383 100.0
