1 0.20862508778197916 0.19468298966522074 3.000016372293569 0.34182332108976754 100.0
2 0.22244719954454437 0.18029238770013623 2.854806351248535 0.3507423996978759 100.0
3 0.2061779629333461 0.20174698440296254 2.8683089450842636 0.34907034151294336 100.0
4 0.22077234539772514 0.18026768720851355 2.746124253922449 0.34902796721077 100.0
5 0.2339013838120295 0.17104040109720092 2.6717152727812716 0.3755293151569415 100.0
6 0.21410889679727454 0.1941228350875826 2.805903630572507 0.34755300557070756 100.0
7 0.2430380329481605 0.1659799191571627 2.713431285240308 0.3612267840155231 100.0
8 0.22557051739572337 0.1762212848806633 2.6987100770932213 0.3678479886824255 100.0
9 0.24834215453746883 0.15977129481455124 2.7596121168051044 0.3607714820812147 100.0
10 0.21842918230834146 0.18573492701820937 2.8824225300548894 0.3545623555918665 100.0
11 0.21652271659581768 0.18635204054866558 2.590527928624975 0.36042600218780524 100.0
12 0.22082238859979028 0.1865034609442269 2.80853499190908 0.3413702929678688 100.0
13 0.21555356054828234 0.1891727940351577 2.7721014391503087 0.36407053126586747 100.0
14 0.24893859446327343 0.15689829505487007 2.714543660113098 0.36070323331744436 100.0
15 0.24132658056523154 0.16041581280796083 2.7415366071820735 0.3593785295791424 100.0
16 0.25839558940069196 0.13620983316593088 2.5907287721654124 0.37435111481885347 100.0
17 0.23482958439562082 0.17191660084410082 2.8560739283121657 0.3485654777024676 100.0
18 0.2162932874226629 0.1802782688727678 2.746630971508762 0.34956336399544946 100.0
19 0.23816124821989942 0.16400609276447217 2.8336618543536973 0.3499843918087528 100.0
20 0.2508222746696249 0.14808357511729645 2.653391878806894 0.348649123954864 100.0
21 0.22903304910462374 0.1722429668921821 2.8907710323218656 0.3425004273761404 100.0
22 0.2333051766410624 0.16152544857633638 2.601914880485163 0.3512250738721033 100.0
23 0.27136085031477536 0.1308061397976396 2.7199907661728693 0.37869816900174624 100.0
24 0.22519008200946203 0.1774858730042318 2.9128593375158696 0.3487693989442846 100.0
25 0.23229404035932247 0.16770587275076151 2.7929944093529455 0.3363211572817487 100.0
26 0.25186007550508493 0.15256529096179602 2.9581648747295004 0.34340355619456747 100.0
27 0.23215620055024697 0.1642724740501252 2.8921427431431725 0.3490592441798079 100.0
28 0.2607992436058267 0.1396811445107216 2.7864573292062897 0.3447774836359066 100.0
29 0.22147387509339014 0.1802137802678015 2.8084809566045723 0.3622346098730032 100.0
30 0.24057246715081565 0.15848410500918553 2.7426887752534936 0.35423001824771305 100.0
31 0.2260022054509462 0.1811691192796841 2.7818167452401323 0.35954974972302683 100.0
32 0.22250520839660304 0.19253318947765052 2.697255290163021 0.3460631078531753 100.0
33 0.2571970119617976 0.14071285531737712 2.9333874968470397 0.35308145250675227 100.0
34 0.2349425186596467 0.1759781651423412 2.59813755648837 0.3589713150153262 100.0
35 0.22963547194401782 0.18920615471105534 2.8328160816551216 0.33911725872442255 100.0
36 0.2652122991065299 0.14865657547714045 2.849139078096141 0.35602210083852254 100.0
37 0.24524109402517782 0.16462074132070853 2.997119406975115 0.3555205899482658 100.0
38 0.25099819718513156 0.1583296826502124 2.7914364977357904 0.3575215726559619 100.0
39 0.2448744194204498 0.15925579188765565 2.881365050985309 0.3243901723281013 100.0
40 0.2437450727749202 0.15862979233789626 2.6893303768632886 0.3614400846363597 100.0
41 0.2711973890445165 0.1230814125029502 2.8061073307534685 0.34788728944693964 100.0
42 0.24619054003157906 0.15876219257532787 2.8276710933052103 0.35804614936263274 100.0
43 0.2290002978958645 0.16964891240528515 2.723347868863525 0.36105285217381233 100.0
44 0.23020438125755133 0.1881858734666268 2.842875280427114 0.3506849766616189 100.0
45 0.21846599234317604 0.19738519289876416 2.6527132594391354 0.3657223008348107 100.0
46 0.2250091691446164 0.17195051611753034 2.758791005701852 0.34911910763280973 100.0
47 0.2656684647805117 0.1351011381561666 2.848365219269416 0.3476822165217725 100.0
48 0.2630957680084706 0.14962825463990873 2.676572960595373 0.35269257532836323 100.0
49 0.24889455251593912 0.14411233374153704 2.6163629466742986 0.3634210320774436 100.0
50 0.24207235293719345 0.1611571297497556 2.9204845852197154 0.34430581127989957 100.0
51 0.21857160615171742 0.18285500757031276 2.92169922991575 0.333799762397837 100.0
52 0.2185778962182532 0.18164452498189507 2.778777475089581 0.3606505727938365 100.0
53 0.23751068556390925 0.16922618665001193 2.6901702576531354 0.3538581977928048 100.0
54 0.24851686494348263 0.15996780369226254 2.801819498569614 0.34521440925201974 100.0
55 0.22961614799036814 0.1783738465416642 2.7000298638395535 0.35717278117319295 100.0
56 0.2523966993844401 0.14694205284858128 2.742928218454159 0.3619388536097584 100.0
57 0.24183058087015236 0.16670428174134871 2.857921335561814 0.33778840420271833 100.0
58 0.24617860877272424 0.15665111416535032 2.7852138152085524 0.351697531117102 100.0
59 0.2451503170096525 0.15666285710789507 2.676778105003708 0.36114758545343717 100.0
60 0.22252315900218195 0.17949970524178901 2.797193324189792 0.35976754805122924 100.0
61 0.2715053084312654 0.1494783363616568 2.6588824262012114 0.3525863702210385 100.0
62 0.23418955900068558 0.16723810274356066 2.704875087810321 0.35105722446196463 100.0
63 0.2451361489305759 0.1684826348674862 2.893359453916933 0.35143299796355454 100.0
64 0.22148650944440104 0.17927058515566185 2.7538995638405743 0.3501601603185297 100.0
65 0.22480984194117673 0.18198859620194563 2.782502623984591 0.3597299881954251 100.0
66 0.24474240383083154 0.1531638204989891 2.6926605165196023 0.342974388578693 100.0
67 0.23099996487233648 0.1689276315673468 2.880244867173778 0.3489232587648622 100.0
68 0.22421442950626114 0.1804320422954671 2.9973690852622683 0.3569140644532805 100.0
69 0.233986673371896 0.16197209972925491 2.7736248739148954 0.3604501457762602 100.0
70 0.23430442446316557 0.16728186834836273 2.7303848980024217 0.3451102019629074 100.0
71 0.2461559380829701 0.15202392786464963 2.838076276784105 0.34957925033665055 100.0
72 0.24720793231248078 0.14207432340159803 2.7032319749495395 0.3552801788597068 100.0
73 0.24494942077357784 0.14979444695329344 2.7134490163916 0.36001838275477105 100.0
74 0.23297980654587097 0.16183543866548156 2.677628011758272 0.3722206833716051 100.0
75 0.23884936899826714 0.17222023960118152 2.7768422368338497 0.353547048517621 100.0
76 0.24036014791316065 0.15766058700395336 2.8716045512248365 0.3521225581324946 100.0
77 0.24493818220813068 0.16250668731473839 2.7086866891078314 0.3642598864829665 100.0
78 0.24684595948395818 0.15973129088099963 2.755560896740414 0.3600159196136585 100.0
79 0.2479974013252869 0.15929805273438036 2.6716171912344526 0.3571938282945547 100.0
80 0.24196300095816076 0.16385481094553095 2.6790027801862846 0.3668932491188343 100.0
81 0.2179153886423733 0.19360684923543203 2.872188245496699 0.35968054501413665 100.0
82 0.2497942148419386 0.15498794591322188 2.6874579259920366 0.35854233226429005 100.0
83 0.24987385626479544 0.15625619470105617 2.7975700822750165 0.35748322008263383 100.0
84 0.22208858549082047 0.18781140865667004 2.7494632107626873 0.3712952190817764 100.0
85 0.22874318652224818 0.18484677690286058 2.7780109073420705 0.3439807199901364 100.0
86 0.23504900768846348 0.15845014566025845 2.7149157614814667 0.3453574546832379 100.0
87 0.23355361253353607 0.1657855336800278 2.776213601415936 0.35347586283396915 100.0
88 0.24034871068772617 0.15371501046656016 2.765512500257601 0.3620969836741885 100.0
89 0.2919493725286201 0.11453051639652423 2.9871679266281044 0.3498862727405384 100.0
90 0.25172183587224983 0.1447038056298034 2.6913847175087424 0.3611732040662634 100.0
91 0.21359496428189892 0.19018824788200878 2.988944500220806 0.34549027832955287 100.0
92 0.22608461279201503 0.18127129729191477 2.732315525109987 0.364738348867375 100.0
93 0.22656605949908126 0.17627017939923778 2.7331654513793695 0.354665277826578 100.0
94 0.24156599819512575 0.16610208881591995 2.681798414339028 0.35431523954635563 100.0
95 0.24688101510096033 0.15650350269535518 2.717117968712987 0.3463665957533239 100.0
96 0.21306873041840008 0.19046986393799242 2.6776234357283126 0.36739963794473596 100.0
97 0.22632469294663898 0.17780529032861514 2.6681341120068125 0.3672440396769206 100.0
98 0.24670644180130355 0.15623797709678017 2.9024345850172963 0.3452847854855319 100.0
99 0.239020875673924 0.16631007753001817 2.822656218005082 0.3541628496000097 100.0
100 0.2487440650080754 0.16775450239054648 2.7547598987188495 0.35856332221060905 100.0
101 0.23261381892806404 0.16834987360230025 2.647695748913166 0.3641760155266517 100.0
102 0.23663387965555865 0.16465202350664515 2.7237447896013696 0.35398550610515694 100.0
103 0.2255622524212954 0.17800023509307375 2.799392230352468 0.34576745896643146 100.0
104 0.25213761348242414 0.14930950557795764 2.722453066985707 0.3651735656234051 100.0
105 0.2481993121343487 0.1554859280262288 2.5714023322184927 0.3683754780847214 100.0
106 0.2341875617538604 0.17153863997902538 2.5551343297920566 0.37296626530363575 100.0
107 0.24760535140713408 0.15491625971488343 2.7933079044947924 0.3489821308597641 100.0
108 0.259038444594137 0.15061206076584252 2.5656897633978737 0.3514128447370221 100.0
109 0.23044985860652512 0.16461399498729076 2.6705948877440826 0.3676820674786704 100.0
110 0.2201083201604242 0.18212050545436304 2.6641877050683327 0.365984547103105 100.0
111 0.23308730331663802 0.1715552487049619 2.9510518622816413 0.33854805627818785 100.0
112 0.2586376236059536 0.142471733125974 2.6839347033599084 0.35978312599566964 100.0
113 0.243140281358682 0.1597318752475374 2.9407437486597097 0.3284294878528104 100.0
114 0.2266511385578449 0.18080581679179425 2.8095949482097597 0.3523635438918712 100.0
115 0.23223815651209123 0.1728799502905955 2.7859132948672376 0.36438573137188673 100.0
116 0.26448663692520546 0.1338397053982734 2.7452926313316963 0.36379361986081626 100.0
117 0.22853501926314088 0.17979196190643584 2.736439041671651 0.3690505449807201 100.0
118 0.24592594657897487 0.1513000287581975 2.5883467573189973 0.35470408765424405 100.0
119 0.20710143511943707 0.19828921831014 2.7426046137289255 0.35471851435040025 100.0
120 0.21618493361894453 0.1966224279539552 2.6272393539922336 0.36436507767230875 100.0
121 0.22648885562668739 0.17694470944499116 2.8376418927026625 0.3485856022292819 100.0
122 0.22532512804896646 0.17797643501329752 2.7438273637438506 0.35607842932032385 100.0
123 0.22965166125716716 0.16907130168990697 2.8803450967283597 0.36465060271555 100.0
124 0.22390281419924124 0.18196266495150426 2.9811362595638102 0.34295315101576956 100.0
125 0.28280420769300496 0.13817441032449423 2.66770095721907 0.3542982753221638 100.0
126 0.2627715751005324 0.14451349166705477 2.585383582060742 0.35522960342180115 100.0
127 0.23278822316222475 0.17623792178075232 2.7159771041479948 0.34601323913200793 100.0
128 0.25994645758851614 0.13591086906441757 2.8906404374147923 0.3484568489149719 100.0
129 0.23513662773779226 0.1661183907352775 2.755508004978985 0.36507109193206955 100.0
130 0.21024678918153422 0.19148115982577404 2.76913342017562 0.348859328501529 100.0
131 0.24489088080486657 0.1555644819275753 3.0117284431364295 0.3382230315199285 100.0
132 0.2678692541048463 0.13810452549854563 2.6845317204144146 0.3600709088526938 100.0
133 0.24578633734479055 0.1492205384393946 2.9244382019657733 0.3432862730601074 100.0
134 0.2308870226230856 0.1692262468162396 2.801944583956094 0.34366341797188493 100.0
135 0.23184920474382906 0.17584833831663396 2.5734061819713423 0.3623271957346887 100.0
136 0.24668789000796928 0.16018454779273988 2.76093415429249 0.3603404783011596 100.0
137 0.2522997757549858 0.15689855307695932 2.5757815181659085 0.35736186365162903 100.0
138 0.23915659018295726 0.16234168097740248 2.774353287968173 0.35255822346602567 100.0
139 0.24652945180743213 0.15431047145069923 2.696996771064718 0.3590327660464908 100.0
140 0.2313182094337444 0.17788553907742832 2.8555283012262964 0.34832625853025767 100.0
141 0.2304603034387326 0.16831447171532005 2.8014068713512343 0.34754122520873015 100.0
142 0.21577155758002536 0.1873021674704053 2.7388072203171414 0.34490051095166685 100.0
143 0.24031178994319696 0.15371613859409292 2.891717110582273 0.35026070149618527 100.0
144 0.2508847708473855 0.14545289342298645 2.7483552150730413 0.35125194234315493 100.0
145 0.22291760627054286 0.18474721363042398 2.624823848010474 0.36301413183381703 100.0
146 0.23209578722757152 0.16715622202116437 2.9170228616853118 0.33914968609681617 100.0
147 0.26345379605808755 0.1405515964073874 2.7190510123617004 0.35611195648751287 100.0
148 0.23842355153630396 0.15932433855848901 2.724644787713654 0.3537609791409708 100.0
149 0.2383454595495053 0.1670085029763009 2.8948888812007874 0.34152326484197343 100.0
150 0.2549724896905501 0.1491649285605005 2.867068804960586 0.34206708857359686 100.0
151 0.24534696699818864 0.15288974366201588 2.6826142972713822 0.3729823146086483 100.0
152 0.21913822006406414 0.18748323085277596 2.7333228716691225 0.3554498823812 100.0
153 0.2557110938024273 0.15182108403132036 2.714439845192226 0.34805228578042235 100.0
154 0.22129209122486398 0.1858537342251302 2.767094684700826 0.3679238209774976 100.0
155 0.23734539463386675 0.1632406250537972 2.7644627311338796 0.3628414097159249 100.0
156 0.23653952663421415 0.17245984704882514 2.850591934483238 0.3437529502309909 100.0
157 0.23206723691658024 0.16778334671130998 2.624069582316859 0.3566932129713088 100.0
158 0.2660039054435962 0.15539137492287236 2.716158828061766 0.35571418155550827 100.0
159 0.24161949172709654 0.16710965302278294 2.7362092654368446 0.34152262149326423 100.0
160 0.22299778405379392 0.17888949137341387 2.841714926934253 0.346718079307625 100.0
161 0.24201786614952722 0.1629499593067306 2.8406697748901855 0.3525652710123324 100.0
162 0.2362615737537234 0.16449225708012022 2.8204649834034674 0.34291899227724054 100.0
163 0.23773720643835414 0.1706496173453367 2.74993675859519 0.35656338394349146 100.0
164 0.26225272773763125 0.1379578847702984 2.750367004210502 0.3702625263303097 100.0
165 0.2590170296276927 0.14572015571343083 2.7219324182291373 0.3597215235623354 100.0
166 0.2580874516119739 0.15224881903888537 2.6621138885939257 0.33884561172704963 100.0
167 0.23745375866419507 0.1703445828871406 2.737508971224416 0.3656610342111719 100.0
168 0.22026667834853061 0.189995398343195 2.8916441467687273 0.3525288838616021 100.0
169 0.25015191248594587 0.14674725988774734 2.805746167382496 0.35911717191449116 100.0
170 0.27016825132427175 0.13342097572502107 2.734044669814198 0.3599745270149731 100.0
171 0.22765120741215966 0.1715987001004359 3.1058569590599445 0.34127545297415807 100.0
172 0.26163157180910324 0.12934259992375202 2.8651378423586715 0.35667279771918503 100.0
173 0.23498077683679738 0.15948982680041518 2.7651335749781607 0.34767972872441155 100.0
174 0.23646354306733688 0.15749493100450968 2.7427429865887185 0.3624131048581195 100.0
175 0.25428763889425837 0.14818643082207028 2.771335217113215 0.34595727067590637 100.0
176 0.24718465875570264 0.16288054152554332 2.638544918319698 0.35954650461873694 100.0
177 0.25089796959436284 0.16348027586129968 2.6851475485980196 0.3628605338696344 100.0
178 0.2659743565248408 0.14250164405800322 2.836631966277261 0.33980368071810446 100.0
179 0.227292738868143 0.17116149638811742 2.787679743007849 0.3596785589101862 100.0
180 0.20687920289491926 0.20237494588013022 2.7704697684098134 0.35195727316515696 100.0
181 0.2830547383825369 0.11510567003410341 2.7786164251456866 0.35544367760187684 100.0
182 0.2773117131319417 0.14576670738259398 2.589869559246231 0.3530167860837389 100.0
183 0.21753374412344179 0.18683604186736955 2.9105760416054194 0.35086055640762626 100.0
184 0.2473788910200716 0.1484091084375207 2.968063345598726 0.34010633904459897 100.0
185 0.22621529900040493 0.18493809633474972 2.8039793362663046 0.3495496897272382 100.0
186 0.2372019893296739 0.17127215727177067 2.7938607230402086 0.35406505782241837 100.0
187 0.2247934415559491 0.1728012274605848 2.830330128048968 0.34511704006507754 100.0
188 0.2409666478110458 0.16917280829788772 2.759511728500926 0.34796381185324077 100.0
189 0.24934256480872113 0.1471582980059789 2.72886894107543 0.35159848037351915 100.0
190 0.2594954356744098 0.13303352823384618 2.715059858156848 0.37084873554663755 100.0
191 0.23353245464859151 0.1753254694372392 2.718775205581603 0.37765370899857126 100.0
192 0.2266222728409773 0.18015948372653132 2.7533789338228596 0.35945823839042623 100.0
193 0.21660632305372868 0.18952075350143982 2.8679872373129003 0.3556688277094684 100.0
194 0.24423682715825681 0.16121627674204425 2.598420396486593 0.3598151653644218 100.0
195 0.23256613861859807 0.17042540715051033 2.861899539358588 0.35575251959926024 100.0
196 0.22470818996876107 0.18071246533890387 2.7785749382144234 0.3632961014074857 100.0
197 0.21863295675284805 0.18366560649079186 2.850709561124134 0.3445912557471068 100.0
198 0.23573498605987142 0.17292813707474847 2.8645474512344937 0.35243956318074293 100.0
199 0.24962922446986133 0.15666394229294425 2.6580320274366707 0.36258637943335437 100.0
200 0.2273306596330149 0.1769819935789655 2.7021316254049883 0.34759269827274797 100.0
201 0.21392165931835105 0.18697163296490107 2.7370248926335226 0.3524899122513672 100.0
202 0.24577241470892436 0.16540799751963642 2.878068421993935 0.3473470894559732 100.0
203 0.24589897046703907 0.14843136667102738 2.816427200871215 0.3575001009743183 100.0
204 0.22702121055384894 0.1738891684137544 2.9067032584834704 0.3529237426147194 100.0
205 0.22698602942129834 0.16897014764100388 2.73138798673518 0.34586736759382497 100.0
206 0.26789997360283074 0.15130472245163878 2.7359426472009316 0.3509270936571316 100.0
207 0.24404838861387318 0.17269481988586627 2.5353361788592217 0.35813093583680533 100.0
208 0.22254936457118416 0.1727304422351458 2.873639970319197 0.3422681910232076 100.0
209 0.26068746159804607 0.14706943999225458 3.061977165877587 0.3408241720619018 100.0
210 0.2772498206408486 0.14826342331672698 2.611541800593709 0.36537955970049946 100.0
211 0.2430121693162952 0.1561684907516738 2.730772666722879 0.35194936964616297 100.0
212 0.2133386721162509 0.19320233127936376 2.8056790675260777 0.3555071353267227 100.0
213 0.23562283421609975 0.1632481991465714 2.7200296681852647 0.3586965033660729 100.0
214 0.23616038795253275 0.16718615481083593 2.857680318719333 0.3532590787661909 100.0
215 0.2662426552888828 0.14171976603007735 2.8288651667016658 0.35372095376169 100.0
216 0.22247216418022858 0.17672278511153275 2.76430635883124 0.3614619900578617 100.0
217 0.23952429018345983 0.1652862718429065 2.7860802539042213 0.3459860572003186 100.0
218 0.2454715358780674 0.1627450832054649 2.7074537816590807 0.361119363679345 100.0
219 0.2778729308665061 0.12343639428479798 2.847344715907777 0.3467022103975558 100.0
220 0.2533505327161065 0.1496750247097997 2.889991236660858 0.33450651878972837 100.0
221 0.24628621910399046 0.1607669254321174 2.6443302200952976 0.35911100683890335 100.0
222 0.2325571479861232 0.1775121517061275 2.6709247067312245 0.3634423778100732 100.0
223 0.25558729304494926 0.16069937605759452 2.7713886987110428 0.3526656801893292 100.0
224 0.22219528607171424 0.17845892357640147 2.822032874154579 0.35557229865908707 100.0
225 0.2183848501408181 0.18422904293993642 2.7793582383067985 0.3443432408610615 100.0
226 0.23389563677272723 0.1612769168345481 2.837347403228314 0.3728916292011131 100.0
227 0.2072240991482721 0.20049002269161909 2.9046272800181923 0.3458240903334974 100.0
228 0.24306725747298516 0.16235192640323065 2.6456035643974403 0.36894046820428955 100.0
229 0.2402133669276172 0.1656156605248267 2.7545067873657105 0.34700546250395137 100.0
230 0.20840126889454963 0.20221750454533644 2.818535676011265 0.3483680978953572 100.0
231 0.22830026329190029 0.17023421755462076 2.8902450074306376 0.34875553445550783 100.0
232 0.2389699505223739 0.16480673278596608 2.645824316836203 0.3667577468999437 100.0
233 0.2307766478870604 0.16972233812776316 2.8145515204066576 0.34617396013500507 100.0
234 0.2219821555444562 0.18889384818641453 2.81710220073299 0.3507109462244985 100.0
235 0.2369868842722287 0.15648249562417157 2.918566687611805 0.3683684603648104 100.0
236 0.23857899433725568 0.16333176024635138 2.694604323003726 0.3490407029024552 100.0
237 0.25229402630588843 0.1408076396910696 2.7166775135793224 0.3554598397793155 100.0
238 0.2334161236911667 0.17280336522661524 2.835740027511996 0.346521100740998 100.0
239 0.24864647417835264 0.144132570131358 2.7263184048383033 0.3693850176084986 100.0
240 0.23951493372142746 0.160898115504452 2.8037474005754364 0.35331592581762034 100.0
241 0.23922626158663435 0.1696777575353228 2.707872592434467 0.358393348486499 100.0
242 0.23432668407083512 0.1682857017025951 2.863171201710922 0.34060691902803975 100.0
243 0.25503602632622424 0.1419171486607305 2.6861733667717815 0.35586262292769977 100.0
244 0.22731624489628718 0.18320603145000275 2.8054391894372324 0.3555098899105801 100.0
245 0.26794658470494087 0.12498084300674113 3.066914877733658 0.35701048590470774 100.0
246 0.23082867334558924 0.1834240225562814 2.7488725117667565 0.35921163102453296 100.0
247 0.24611738198381686 0.15309077099775373 2.7693615865175643 0.36226560793967116 100.0
248 0.25015876507063006 0.15574870964742019 2.738311585783276 0.3625280274793824 100.0
249 0.23421418571260627 0.1634246593542769 2.6745543742297344 0.3605233691769194 100.0
250 0.2344520740996336 0.16636833537060675 2.77443033354417 0.36557179434776843 100.0
251 0.2312109130970493 0.18153655011055475 2.743023754858079 0.34652479204924247 100.0
252 0.22032047140601696 0.18170335539512988 2.7512773798014454 0.3564809591897076 100.0
253 0.22938496044351026 0.16308853185036842 2.9346864811188125 0.35389110010077074 100.0
254 0.24402984467883915 0.17050117991563724 2.8327879132764835 0.35471733083122464 100.0
255 0.24936384013397306 0.15060791696345124 2.794731368129036 0.3589263188753145 100.0
256 0.22426983103565584 0.17861823166933752 2.598039522556081 0.36832849372934434 100.0
257 0.25841145771636453 0.14026699619453434 2.615840436982802 0.37343442667322213 100.0
258 0.254263796699986 0.14397704930198596 2.6940505774881034 0.3522002404470749 100.0
259 0.24956445622624845 0.15160598825913246 2.7585327450557764 0.35249024618183084 100.0
260 0.23978519112508723 0.16053221665121148 2.756112985295198 0.36398341630270925 100.0
261 0.21835306783373198 0.18140209328588225 2.80075089013591 0.3442750838606643 100.0
262 0.2218167215215466 0.18250987252058737 2.8632753070523123 0.3564603955767783 100.0
263 0.26740102238262853 0.13652066369184357 2.9603355084293224 0.35498046610184886 100.0
264 0.22440787390777092 0.18061530277779594 2.817200061379574 0.35340304960039637 100.0
265 0.23353940742487542 0.1688989039949978 2.5913344646173333 0.36293818692102703 100.0
266 0.2128468216857053 0.19366370273166955 2.864858733615665 0.3491828162737414 100.0
267 0.23560225747327893 0.16560966330753762 2.738216890412656 0.3644430501923037 100.0
268 0.2215729291751228 0.18584042800854764 2.842952498783767 0.34414408298198096 100.0
269 0.2522693597064098 0.14149520896743706 2.737767761165327 0.34477318130244744 100.0
270 0.22741302155201612 0.1775505055322412 2.758384105964866 0.3423219538419052 100.0
271 0.25213842250244795 0.15340727353212827 2.647309742479774 0.350993910448555 100.0
272 0.24858289921462476 0.14783768790638604 2.8269338643064668 0.3475110475635296 100.0
273 0.2277809963141238 0.17635623172471013 2.9540808573609856 0.34063173705121513 100.0
274 0.23907384154226233 0.1702781338630438 2.691655444062922 0.3476512771658874 100.0
275 0.22552671941703148 0.1799959003127562 2.6338797317993654 0.3736550854181261 100.0
276 0.21403206199030161 0.19964958697184151 2.739783464570216 0.35490058575679806 100.0
277 0.20760828026167175 0.19433279729040465 2.8753560840950163 0.35344741759434123 100.0
278 0.25882993251955366 0.1292935835487124 2.7835241711740366 0.35803641162592964 100.0
279 0.23198136612173115 0.18257273110610514 2.731115464684803 0.3475696936567797 100.0
280 0.23119867841742242 0.17341989133984517 2.7732877169172836 0.35721088819485036 100.0
281 0.2492472739246691 0.157724181172286 2.758633898934652 0.34939736134986843 100.0
282 0.24287432285693744 0.15546595063003904 2.799721299962199 0.3546014274611801 100.0
283 0.2784857762797032 0.12922339674068153 2.5561339757918544 0.3701015410390393 100.0
284 0.2498972121032224 0.14582077267408888 2.832976799872219 0.3517024190164624 100.0
285 0.2473707638003902 0.15047849732824803 2.711624072590083 0.35667853934043253 100.0
286 0.27488219022424926 0.13661311740545454 2.776280538131495 0.3567562763421797 100.0
287 0.25408703895269247 0.1439883974513192 2.77400920941326 0.3625138157261856 100.0
288 0.24032559459710146 0.17239226501952903 2.8673917102029236 0.3550852505060564 100.0
289 0.2642386473239268 0.13275050884072473 2.8542844770574582 0.3465837949622592 100.0
290 0.243470685927249 0.15361286646730232 2.780477823762627 0.3495701980998419 100.0
291 0.26587917354030227 0.14472502702352524 2.7577568176924236 0.3697190475945883 100.0
292 0.23922930948290927 0.16492263542991964 2.915914703941905 0.34193610354689447 100.0
293 0.2547479386253897 0.1434712891888844 2.645772061871722 0.3630983929359404 100.0
294 0.24155938312740005 0.1591878144659107 2.605372988167404 0.3474733730584144 100.0
295 0.252114259855602 0.15260627298884533 2.6898932568296177 0.34578885377905433 100.0
296 0.23532272297459386 0.16251944277617433 2.837462716770319 0.34264631960045616 100.0
297 0.23785828815783172 0.16196536179067264 2.9487106447724614 0.3618400988921217 100.0
298 0.22543695758182788 0.17603532916553544 2.9593649322619244 0.34773044353842797 100.0
299 0.22856786683429614 0.16533866934069916 2.88449380996117 0.35883795718099615 100.0
