1 0.2313715929378608 0.1718105647728957 3.1373605304559233 0.3303076508598684 100.0
2 0.28207559497981216 0.13026443901982132 2.706237322529404 0.38401722091004237 100.0
3 0.32063154238364094 0.10903570427258195 2.7131505719891016 0.38813036616732416 100.0
4 0.3584597623303166 0.098392097127564 2.6823876390414796 0.4080757113421989 100.0
5 0.40300660971289154 0.08589618502051541 2.6520559571646074 0.42702780068501256 100.0
6 0.43991472427569894 0.09213752422235358 2.61896731909382 0.4423739602964393 100.0
7 0.4843355949967875 0.100803524535432 2.615903310265789 0.4565111294241317 100.0
8 0.4867079415512069 0.1021647218195888 2.6042369476180096 0.4690167097696812 100.0
9 0.5319453627235996 0.128434681574983 2.591549761377897 0.4747750772871507 100.0
10 0.5464520738427998 0.13418831826734606 2.5870204823020453 0.4840466766227287 100.0
11 0.5462344506730619 0.12511882777313352 2.5760258119580515 0.4915481724997648 100.0
12 0.5791495077165347 0.1614523720984183 2.583309168979458 0.4943101688509315 100.0
13 0.5978000535419234 0.18019313715537563 2.564184046467812 0.5079476135969235 100.0
14 0.597211968762607 0.1829124037267378 2.551249332318859 0.5110097602312615 100.0
15 0.6269196948545532 0.20954955937112224 2.563089703544861 0.512720538698709 100.0
16 0.5855132840290779 0.15303800069131365 2.5629158263999487 0.5185281923187243 100.0
17 0.6632525653877943 0.2605561698726746 2.5598834218570574 0.5217927807953694 100.0
18 0.6159027631160908 0.18017589252121874 2.54604612851093 0.5269433760517135 100.0
19 0.6330357979536432 0.21552655282398253 2.5480038334219115 0.5278052554030151 100.0
20 0.6402246764405369 0.2139899998699014 2.5500554143885 0.5318630927829716 100.0
21 0.6392573539907755 0.22828581924888092 2.547338500005867 0.5330113700633974 100.0
22 0.6331527859283806 0.20046821197044104 2.5268707653061413 0.537749363393086 100.0
23 0.6618272716297564 0.2345507237185851 2.527540229518374 0.5392300165883074 100.0
24 0.6674070072805433 0.25627221833527236 2.5189246890024215 0.5405557772430343 100.0
25 0.663314042613942 0.24860200771589167 2.5258248638079404 0.5430056954391655 100.0
26 0.6619767742415852 0.23277434922111873 2.5101646078513076 0.545990704872495 100.0
27 0.6814795817061109 0.26981128840093627 2.5297253096594106 0.5459836146692997 100.0
28 0.6984091670034366 0.2713468607934395 2.518176619411096 0.5493160373029855 100.0
29 0.6916103703981757 0.2716598668142436 2.516486889038292 0.5499338145342348 100.0
30 0.6754540249279968 0.23848501287696436 2.525097781253487 0.547485638534212 100.0
31 0.7138923481444912 0.3047467499789049 2.514040078470093 0.5478817531495161 100.0
32 0.6915996186763748 0.2713353521032704 2.501091413221985 0.5531259927447485 100.0
33 0.6938081749205558 0.28088993280236346 2.5054915406742904 0.555097147690092 100.0
34 0.7203218711826728 0.31611478107037105 2.511355775368161 0.5581664119040102 100.0
35 0.7054507742872534 0.28959687962055136 2.507195945697227 0.5549538995862726 100.0
36 0.7272529448337076 0.3248646043986003 2.520894528012349 0.5565673054861382 100.0
37 0.7199260304786148 0.29351474019544177 2.490978073336757 0.5597257765569195 100.0
38 0.7351929049853422 0.33119108936419445 2.496849622351652 0.5600166048597818 100.0
39 0.6996718329882897 0.2762686024234041 2.4920891531809004 0.5603427684713106 100.0
40 0.7235414811126077 0.3201665966525747 2.4991341152156017 0.5581442970641893 100.0
41 0.7372389533176444 0.32829673766096673 2.4955416057823037 0.5623760069952172 100.0
42 0.7438526219151176 0.3441903059969738 2.4981985902242414 0.5581360939354375 100.0
43 0.7531634572246851 0.3554072074212442 2.4869453628708755 0.5663786216603235 100.0
44 0.7600629931265427 0.37681191192313135 2.485512122609013 0.5634308003964018 100.0
45 0.7169500689710128 0.289490236121287 2.4964887834587572 0.5651345682363775 100.0
46 0.7566519323002201 0.3659743881487132 2.4935218200079934 0.5635830881246991 100.0
47 0.7688531834162085 0.3943420532104819 2.481371837966595 0.5658211789023663 100.0
48 0.747423678593855 0.363149508419969 2.4751923867336125 0.5668045961900264 100.0
49 0.7311116795963051 0.3251294747574671 2.4805577942148656 0.5637623209190707 100.0
50 0.7225497164308996 0.3034331838230207 2.4781484872573305 0.5699600192925874 100.0
51 0.7395501480041508 0.339295376927812 2.4822415600296925 0.566579909510122 100.0
52 0.7597279668948359 0.37622158964311764 2.485629588815697 0.5670134043572996 100.0
53 0.7473706959030396 0.36301924137823044 2.47492447159243 0.5690505530323403 100.0
54 0.7581816201962566 0.36221247649603877 2.470323755126765 0.569937736994537 100.0
55 0.7599664498976475 0.3719306782943664 2.472815105638469 0.5670772459234428 100.0
56 0.7502340981955592 0.34965191221486186 2.4683364978016997 0.5691769974479889 100.0
57 0.7453040734340071 0.3524831324028222 2.4743661715606295 0.5697730358843102 100.0
58 0.75936367934831 0.3744935601904649 2.4838676910089754 0.5685008023062226 100.0
59 0.736489008798018 0.3425374660634851 2.4753882932543987 0.5709029766708794 100.0
60 0.7628145895644844 0.36528688098656376 2.478533426406011 0.5727163564005945 100.0
61 0.7784329527658547 0.39972526205882775 2.4811192933730966 0.5716616538750424 100.0
62 0.7726144545096215 0.4005798737390501 2.4731042350566375 0.5768946744581239 100.0
63 0.7563230280847613 0.35597743770931634 2.456707147339567 0.5767684534740514 100.0
64 0.76547171296144 0.37195954362919326 2.465144072542248 0.5758186711957654 100.0
65 0.7871815928460277 0.41872033408898324 2.465155542778493 0.5744895394603295 100.0
66 0.7874159306318961 0.4191782856042958 2.472657503467376 0.5722559798182401 100.0
67 0.7329885666500382 0.3369536773369324 2.4681173044005162 0.5725387529822773 100.0
68 0.754352779631875 0.37167610373541804 2.465154546777669 0.5721039213903252 100.0
69 0.7843001691265665 0.41382069711474495 2.459926723973563 0.5738166407409779 100.0
70 0.775506757457253 0.39820563188364205 2.478515118241377 0.572107351102863 100.0
71 0.7584424980779713 0.3568678868220838 2.459794731533682 0.5756413845495889 100.0
72 0.7864825758773967 0.41983533214092617 2.4592560311957583 0.5749912203084123 100.0
73 0.7858225141670739 0.4126536559593519 2.461910680945301 0.5773875368187338 100.0
74 0.7866504144247866 0.4068647124529081 2.4622058156537956 0.5750997193649684 100.0
75 0.7978115967597642 0.4212157502466519 2.4469500584200143 0.5812312129420175 100.0
76 0.7871208216366948 0.4213059038942689 2.4703330521751177 0.5783268463285016 100.0
77 0.7732154731401244 0.40118660116073934 2.4619225789010932 0.5791234294202746 100.0
78 0.7590320561128817 0.3714815174786573 2.4623815566957994 0.5769353016449011 100.0
79 0.7752830564117582 0.39648400357466435 2.4640496983222744 0.5767090630121002 100.0
80 0.7780592912939194 0.38875067365362825 2.477836897797336 0.5742420551670159 100.0
81 0.7648902674021555 0.38875136175673886 2.4628087456644927 0.5774371894748022 100.0
82 0.7619690833666531 0.3680729636735234 2.4635315121219374 0.5779365390711426 100.0
83 0.7703365298262854 0.380029720530286 2.4454118673199146 0.5801109816495356 100.0
84 0.7768585091144067 0.4086109772930022 2.447177972611137 0.5817164499093493 100.0
85 0.7749918389081187 0.3980674656260106 2.4413912307464525 0.5784987575263684 100.0
86 0.7921568778790699 0.429616301430911 2.456817114118216 0.579482104669985 100.0
87 0.7759839284629692 0.39966426893863416 2.457451533586942 0.5790395865698598 100.0
88 0.7781103246515135 0.40378425166923876 2.454757980356116 0.5816242983824575 100.0
89 0.7957651866007511 0.44529225026065505 2.4550503264012087 0.5787774841426928 100.0
90 0.7890014366926792 0.41145297869886277 2.4545034462456012 0.5828992616785705 100.0
91 0.7645883364507629 0.37301232799041373 2.452999541481762 0.5780342462755956 100.0
92 0.7899243335535077 0.43092686154798715 2.457369254904239 0.5796988770283114 100.0
93 0.7981141271986665 0.4343530662666775 2.4575492135724315 0.5816227949116383 100.0
94 0.8079887452207357 0.4782261429333059 2.441968985524204 0.5800130695826194 100.0
95 0.7793681264460878 0.3962990606590421 2.4527242701243965 0.5836509150261514 100.0
96 0.8098145230456929 0.4521117330298709 2.4476881241569295 0.5818917866391408 100.0
97 0.7984359082079523 0.444843331612378 2.445480949850865 0.5811370630733148 100.0
98 0.7903507194159416 0.4051554522359445 2.4477829504014865 0.5833902312578979 100.0
99 0.8037383461193093 0.4488123129546665 2.443546264681792 0.5810485390274391 100.0
100 0.8153191492105266 0.48640684826204966 2.4435045756558464 0.5814114739466829 100.0
101 0.7897539196265848 0.4302238885996882 2.4379446870764854 0.58229916783075 100.0
102 0.7887406471433626 0.4274821168816682 2.437411138238535 0.5859638800371328 100.0
103 0.8023464825466949 0.44908753667064816 2.436567679577059 0.5846186073145778 100.0
104 0.7795066626164661 0.3914439960451857 2.4502458301274856 0.5829234870178027 100.0
105 0.818807309231321 0.4862400556030895 2.4487639949138913 0.583701171594259 100.0
106 0.8234951932753073 0.49008138747561736 2.4318521650319824 0.582120547001087 100.0
107 0.8050194897109025 0.4509019301296101 2.4508299177313635 0.5849935683691094 100.0
108 0.8198933287963382 0.4886933253263055 2.4408648199357557 0.5848660761848293 100.0
109 0.798662665052716 0.44012770918212424 2.44947112231817 0.5836132036229386 100.0
110 0.8183286394675667 0.46208010645665043 2.4338471023422064 0.5830247694515724 100.0
111 0.7972958954455177 0.43872629771729693 2.443139746375925 0.5871285891820274 100.0
112 0.8098860416395888 0.46259019092147324 2.422916859349658 0.5851672740782695 100.0
113 0.8039461620341859 0.45062051399070435 2.4396471719394897 0.584465809994448 100.0
114 0.8032866786751188 0.4553857392347579 2.429719634243448 0.5886023341386728 100.0
115 0.8015247640576127 0.44189767884682946 2.435326608632593 0.5862574508173592 100.0
116 0.8250295414387766 0.4865615729407897 2.4257350180018014 0.5826679613519717 100.0
117 0.8164620152587484 0.4793993686850044 2.4318455576115445 0.5880397973490195 100.0
118 0.7923333618702642 0.43027148597468284 2.4365223670744696 0.5819529281279218 100.0
119 0.8200579448273249 0.4948331395263553 2.4332560381115673 0.5857638012638953 100.0
120 0.8026215198726669 0.44657729068563656 2.450784345035734 0.5864957306174898 100.0
121 0.7885193617817502 0.42599128789383484 2.4247878094731488 0.5851478200143181 100.0
122 0.8127402201034909 0.4712324828257929 2.4302959535200044 0.5837342171766391 100.0
123 0.797697900056291 0.4402502373901194 2.4337061667338604 0.5828459168575795 100.0
124 0.8204640324372988 0.4696486285667278 2.4463495750698168 0.5830732353219567 100.0
125 0.8235722139190657 0.4981003801001775 2.4255897306969545 0.5902269919536313 100.0
126 0.7938822107737132 0.4261790265116395 2.4344540251160662 0.5867816803016652 100.0
127 0.810706153181598 0.461516404078864 2.4281394411966217 0.5874872497625006 100.0
128 0.7852170169138242 0.4062733236145239 2.442821913789813 0.5852245958087942 100.0
129 0.8044995793914107 0.455636117049067 2.4314004478511593 0.5840026204447019 100.0
130 0.8420789609423032 0.5197301996427374 2.435218250342868 0.5843707105830477 100.0
131 0.8175210199744266 0.4853426061078832 2.432301599490737 0.5866650587680395 100.0
132 0.7917702932994166 0.4243564458439744 2.426465029499956 0.588158274750628 100.0
133 0.8208820970117753 0.4845462687390603 2.428597703445012 0.5825799391451089 100.0
134 0.8108109444740182 0.45014014969759814 2.428170773218413 0.5890198407604462 100.0
135 0.7939035643757228 0.42421743236657183 2.430036468081875 0.5884149015120165 100.0
136 0.8275798153184744 0.4962034268300929 2.4255274219359655 0.5853934077998315 100.0
137 0.8257226014980545 0.5102162853474677 2.4294358537720226 0.5848279855150699 100.0
138 0.8140419247393333 0.4839850117544708 2.428356414436102 0.5870052767329889 100.0
139 0.825848153015817 0.5109509099172329 2.4306545949089102 0.5879159304214707 100.0
140 0.7970948431768318 0.45043579314929744 2.4424289587190606 0.5857441065594942 100.0
141 0.785693470101821 0.43077824907507023 2.429195421689097 0.5861510420616667 100.0
142 0.8271093243713797 0.4982057327244954 2.4351774361195258 0.5885531918965947 100.0
143 0.8030846660128367 0.45157605031556636 2.4353070558330296 0.5871959008009283 100.0
144 0.8233700284038098 0.5008457816980169 2.4307751558716597 0.5891262018292548 100.0
145 0.8112375446981465 0.45895820894648104 2.4222375577479522 0.5874395527723664 100.0
146 0.8256565482057718 0.4982691431945289 2.4272076797908673 0.5867866365529606 100.0
147 0.8140998067671263 0.4726498042948783 2.4248390700246274 0.5850840144183567 100.0
148 0.8098986246994255 0.483784512353516 2.4286322318633324 0.5870521015337565 100.0
149 0.8041090454840409 0.4638763303193235 2.4362828483573096 0.583446203651302 100.0
150 0.8212869648264125 0.4829091871160082 2.4259143179129588 0.5859953669680744 100.0
151 0.7958496714538823 0.41633515028155055 2.434088764090374 0.5879810721758685 100.0
152 0.8339189520483107 0.5138517391679145 2.4214905834076625 0.5868324851045104 100.0
153 0.8209174039169504 0.46532086698995656 2.433968727160951 0.5866390901067335 100.0
154 0.8141172542396821 0.4777190110266873 2.4310104135717148 0.5881190314352694 100.0
155 0.8206564308054562 0.4863079097190976 2.415194070034713 0.5845703755938135 100.0
156 0.8079895201885314 0.4563047240745992 2.4147451883893405 0.587887981720471 100.0
157 0.804162000257453 0.4721188811940176 2.4299255517227967 0.589794790713312 100.0
158 0.8374251409165033 0.5141336677064448 2.4228217753885573 0.5858719920100088 100.0
159 0.8061492305458127 0.46152728986090674 2.4091062049294085 0.5887048811004896 100.0
160 0.8142083491071209 0.4860671922122015 2.4264552564450574 0.586103938017999 100.0
161 0.8383447883925864 0.5109372746758283 2.4134735264268823 0.5920607016517423 100.0
162 0.8176311010072452 0.47518222756406575 2.402017232151009 0.5873282245414972 100.0
163 0.8528776133670867 0.544643284665801 2.423051465220082 0.5908376259966598 100.0
164 0.8311575808477404 0.5005556313334115 2.421203975545045 0.5890832451059651 100.0
165 0.8325350081909833 0.49494171602860165 2.4176028750167164 0.5924616372664651 100.0
166 0.8093712448906588 0.45750208963657374 2.423572219405396 0.5909404325650549 100.0
167 0.8025607528658234 0.4578600516916365 2.4345765486226414 0.5874518548659189 100.0
168 0.8366328500588203 0.5095394912015189 2.4353271482949843 0.589081616581947 100.0
169 0.8175515098076701 0.4813771964125536 2.42483713420421 0.5882906461452326 100.0
170 0.8375236047580344 0.529191508998146 2.4322850384607095 0.5910719703882678 100.0
171 0.8401939668003148 0.5434437914026317 2.4297596801706605 0.589847573348255 100.0
172 0.8246188598160182 0.4973301555927137 2.4242732937897444 0.5884200499902247 100.0
173 0.8407419773964614 0.5152182345402029 2.418113770665829 0.5898118736464734 100.0
174 0.8261333851581181 0.4918500604641322 2.4241686608802135 0.5901442116583878 100.0
175 0.815405906764818 0.4666127670697241 2.4284997898616 0.5856085230654845 100.0
176 0.8023714843481611 0.45113361628947807 2.428802274493667 0.587096637629675 100.0
177 0.8065796387299267 0.451699567758539 2.423726097106263 0.5886791691632677 100.0
178 0.8138267072658592 0.46687879558028805 2.433105619096576 0.5855729583165666 100.0
179 0.8293294477224264 0.5038284075880906 2.4199473546030346 0.5886236850485411 100.0
180 0.8324499154867014 0.49814872535486854 2.4245473819783374 0.5871179666999763 100.0
181 0.8253708570648898 0.5089861231175956 2.4188585734854797 0.5889293509221543 100.0
182 0.8273805106473233 0.5017258754221625 2.4095528888575926 0.5904250224283253 100.0
183 0.8207321824755263 0.4819623761671233 2.42267578551579 0.5858302524489414 100.0
184 0.7971393419578494 0.433986307456977 2.4220451745321494 0.5890163956871175 100.0
185 0.8402935952146937 0.528122533587692 2.4114742272961704 0.5923222121862101 100.0
186 0.8280596911083273 0.5099382984153877 2.4065732220513922 0.592699264553206 100.0
187 0.8250679223671215 0.480782510955808 2.428110824484289 0.5905902759509903 100.0
188 0.8150145767854453 0.4815748990033012 2.420357693094426 0.587755540848708 100.0
189 0.8096798545726018 0.48269416217888517 2.4133895896551945 0.5872914958487895 100.0
190 0.8163527568344642 0.47101837545466724 2.415418456386966 0.5928962276295195 100.0
191 0.8416635716347548 0.5289367840643532 2.419046406671316 0.5887305353684852 100.0
192 0.8122343553087014 0.46949058978366087 2.4297717227180664 0.587600642788244 100.0
193 0.8286608766182846 0.5018436479514701 2.4122747671765685 0.5902480756760792 100.0
194 0.8258288988932745 0.49713041815571557 2.4146518085590856 0.5883995508789613 100.0
195 0.8075638435983855 0.4556974928648836 2.4147793628081344 0.5878278661423899 100.0
196 0.8260490970935159 0.4900342578492756 2.403625166687783 0.5931578866237999 100.0
197 0.8318958775638562 0.5112170415490466 2.4198523237075342 0.5887014776873927 100.0
198 0.829995013581058 0.5094786757537332 2.410310376963748 0.5900914424107822 100.0
199 0.8332073206582814 0.5129111353756176 2.4116745695308155 0.5922548877976996 100.0
200 0.8447351802962072 0.546292290953721 2.410491863869851 0.5897557049140655 100.0
201 0.8275883867297693 0.49153352215900276 2.4169102349167586 0.591785382677898 100.0
202 0.8148083010792447 0.4755413172694032 2.4022469441891947 0.5914812334842806 100.0
203 0.831159999908204 0.5110170039432514 2.408021966957938 0.5918082641766811 100.0
204 0.8288602696489349 0.49742900205426743 2.4176946634744407 0.5897918047995199 100.0
205 0.8148787351787774 0.49150665443395897 2.4162417132810132 0.5891736111557015 100.0
206 0.8314271371165538 0.5049723146348413 2.4193538356540176 0.5912342979639416 100.0
207 0.8079518869205441 0.45086120661312973 2.4048854114403824 0.5901724876344756 100.0
208 0.8280138217188098 0.4952677424587603 2.417585560722176 0.590911123628172 100.0
209 0.8473855076444987 0.5337956550352081 2.4103160294162453 0.5914992147331097 100.0
210 0.8114610161617546 0.46078558397164826 2.4073257608611 0.5926222924069929 100.0
211 0.8297724191612039 0.5265545784455723 2.412180203022236 0.5909102176654124 100.0
212 0.8238961841021393 0.4871217630905258 2.406241097803906 0.5941301694663973 100.0
213 0.8251232316655315 0.49078019702669495 2.4075923748004073 0.5942506284512487 100.0
214 0.8442644985416484 0.5390992452825472 2.422743932957785 0.5868404185880327 100.0
215 0.823360417599892 0.49119196279322513 2.4087312800421516 0.5894296720436223 100.0
216 0.8326844195826459 0.5156954970579538 2.4090549803942762 0.590073263938354 100.0
217 0.8396732034975394 0.5053293326743533 2.4009437500086084 0.5913564075790168 100.0
218 0.8315386450822457 0.5068179922363302 2.41179142771462 0.5869964296811412 100.0
219 0.8282436865190139 0.5046316269360891 2.417365220594777 0.5930201101733263 100.0
220 0.8280396382662529 0.5041741095689537 2.4206554309000183 0.5905015735455189 100.0
221 0.8328701742642796 0.5235961566537113 2.399712761327311 0.5938304217297197 100.0
222 0.8327304131054235 0.5242213410737478 2.41047332061252 0.5870876340501343 100.0
223 0.8203587956148951 0.48553975275670824 2.4185852176092273 0.5898774293807196 100.0
224 0.8182402551776278 0.4999215226794007 2.4065486152109714 0.5918861699368799 100.0
225 0.831122733680384 0.5039936686034326 2.413423797798528 0.5905680037196392 100.0
226 0.8337290026828686 0.5108941270780106 2.4166163522379316 0.5897161647987172 100.0
227 0.8498818004538663 0.5431461026280758 2.4155086077668817 0.5946956222312144 100.0
228 0.826383541870986 0.5015662710820826 2.403448932583806 0.5947021778088994 100.0
229 0.8254444496688358 0.49476364344385787 2.418707770993684 0.5901066982052557 100.0
230 0.8429593790562337 0.5217139169817688 2.4087251841265003 0.5903600466385348 100.0
231 0.836266059596779 0.5213877774247834 2.407916028118299 0.5918641652931959 100.0
232 0.8497128488791061 0.5554741263168362 2.402759397291005 0.5917046378224547 100.0
233 0.8161656822441418 0.47516973343578345 2.4032753802616487 0.593533790884726 100.0
234 0.8473190790010225 0.5255453152661974 2.4098028066095205 0.5908458930163009 100.0
235 0.8252713408275523 0.49968037814569355 2.4172829387354002 0.5909409969570549 100.0
236 0.8475966354274622 0.5412323608318572 2.406529280727333 0.5927377976203244 100.0
237 0.8350749906508856 0.5136905801771992 2.395559454644582 0.590104516701937 100.0
238 0.8361020351104878 0.5140935808681714 2.4029338781217935 0.5918464989174661 100.0
239 0.8431537895767022 0.5404046625087555 2.406751144278293 0.5933754378678465 100.0
240 0.8535110381441604 0.5509091911497717 2.404017448432534 0.5934398992737743 100.0
241 0.8283851051274529 0.4985910271502955 2.4119053046841588 0.5953016300392285 100.0
242 0.8466905948641696 0.5408229023804697 2.400758002239875 0.595866733828892 100.0
243 0.8444284854721321 0.5295976995261164 2.4124728571937535 0.5937952469371167 100.0
244 0.845585388067868 0.5537810016815494 2.405906717315294 0.5918623936417398 100.0
245 0.8540577847879373 0.5436766122566632 2.4111273446495773 0.5927701705629235 100.0
246 0.8541238294931079 0.557547405215105 2.396470734966318 0.5904578441191655 100.0
247 0.8534231711032931 0.5505823744088998 2.407497933579202 0.5917748710628226 100.0
248 0.8525513473594677 0.5595010362177346 2.396144218861213 0.5871764467919851 100.0
249 0.8665481813257688 0.574086780950163 2.3979877164730095 0.592471442404878 100.0
250 0.8431644024242939 0.5336949258066156 2.403506775426068 0.5939821631736893 100.0
251 0.8571704576655077 0.561826660963179 2.402503149170189 0.5936538039053508 100.0
252 0.8539289503530457 0.5634228581074117 2.4072539159310677 0.5914313392008169 100.0
253 0.8105124669587195 0.458567696514445 2.39290018238991 0.59338903824491 100.0
254 0.8369989298749141 0.5157592068665516 2.404750725178673 0.5928760730121968 100.0
255 0.8448675893904776 0.5311199210466396 2.4114143545833127 0.593445705052403 100.0
256 0.8316947563068683 0.506282417774035 2.4143735558145583 0.5952453503059411 100.0
257 0.8288151016171519 0.4935038932537337 2.4088139816594882 0.5940213570156325 100.0
258 0.8507636834297224 0.5390196132790274 2.406111025220682 0.5899805092105764 100.0
259 0.8284449061305271 0.5032820566734147 2.410537015861394 0.5910865570421493 100.0
260 0.8375498977476667 0.506708099976491 2.408347263692349 0.5917454011505907 100.0
261 0.8316172774678001 0.5109277344370565 2.4095941245879158 0.5925644481670971 100.0
262 0.8289177512250069 0.5120644639322398 2.4008120820626466 0.5907610589164105 100.0
263 0.8411161838766374 0.514968140826261 2.410909590483307 0.5918574787252262 100.0
264 0.8387751970281413 0.5307424119364051 2.4018999542035155 0.5908237099881768 100.0
265 0.8546529500618506 0.5482086556754531 2.408895894413602 0.5915584170199218 100.0
266 0.8422280185966444 0.5534599087877201 2.392697747442402 0.5886519452361084 100.0
267 0.8389145781456829 0.5291280123396462 2.395171016867916 0.5929399911659865 100.0
268 0.8389155513644109 0.5140893065009082 2.3932182059290947 0.5969546655598299 100.0
269 0.847427898843567 0.5532762789594053 2.3958976829878442 0.5925054482640633 100.0
270 0.8561059889382377 0.5693237181947489 2.399141670651117 0.5941657656725121 100.0
271 0.8392585082020859 0.530969125044282 2.400356642348999 0.5903297408408621 100.0
272 0.8369506125817116 0.5203043787004613 2.4000485201683786 0.5914167631149225 100.0
273 0.8631091586389538 0.5745156278880983 2.4017782655729905 0.5937781689315854 100.0
274 0.8345035361377583 0.5123711971528483 2.407402381245126 0.5937269745742314 100.0
275 0.8303119329964322 0.5185759749432629 2.412558832446102 0.5942639425962901 100.0
276 0.8645313957670423 0.590990138031168 2.39409632218875 0.5943366207550518 100.0
277 0.844014178414301 0.5279786178892323 2.4013109324821316 0.5950690418412354 100.0
278 0.8487795851616711 0.5447887009259786 2.399423636297472 0.5945277280289528 100.0
279 0.8278674590857823 0.5011814223344914 2.4022885940140513 0.5952992167528484 100.0
280 0.8373646179093329 0.5218593182423145 2.392071044928272 0.5945426753880804 100.0
281 0.8643816547884939 0.5828257588966713 2.394925525782426 0.5950360247778196 100.0
282 0.8426562210001615 0.5285555213118223 2.390584181344701 0.5959101995952715 100.0
283 0.8468672200911547 0.532573087325678 2.392880179415668 0.5927630537839089 100.0
284 0.842100974309144 0.5370153933974805 2.403122965981394 0.5926169790548187 100.0
285 0.8480139771984945 0.5452599062064043 2.397508461106098 0.593955821820161 100.0
286 0.8454911373703087 0.5310174968066587 2.404523342309636 0.5955171508677417 100.0
287 0.8612794166412167 0.5710089801282041 2.3987180689551018 0.5944882479717185 100.0
288 0.8496793417706973 0.5487873384968271 2.4015686064230777 0.597353963182226 100.0
289 0.8416704336415103 0.5273118828899072 2.3903311399519978 0.5958319687465751 100.0
290 0.8365288192608379 0.5190574250947121 2.3925492575315928 0.5953299569515268 100.0
291 0.8516363114491412 0.5631567755695811 2.398478543814759 0.5959754862387302 100.0
292 0.8498913711988818 0.5563452405014883 2.3928782626425176 0.5959382845088308 100.0
293 0.8519341596074018 0.5534059321516424 2.3948069024659326 0.5969423286403582 100.0
294 0.8444967602236707 0.5353789631337073 2.3925066428084394 0.5954420080469464 100.0
295 0.8312887461282166 0.5045643465717159 2.4049702856512654 0.5947000437932493 100.0
296 0.8579728289347611 0.5608558524720503 2.384304531908443 0.5976032282088588 100.0
297 0.8545201524574388 0.5499948499598974 2.3907787755266434 0.5934840831659437 100.0
298 0.8325240904135951 0.5074392573389992 2.398478559377928 0.5917316212651831 100.0
299 0.8466776195942578 0.5395755020718308 2.378567261599267 0.5971353727091127 100.0
