1 0.2354511563055444 0.16622827509377153 3.044399724147251 0.33483848712982306 100.0
2 0.28330529682404737 0.12488774284337953 2.8494388669817563 0.35024835783608077 100.0
3 0.33246857314522243 0.10107852026440271 2.8634914298549234 0.3541651984076289 100.0
4 0.3800381844248769 0.09285055875448732 2.83596829542535 0.36169989307207084 100.0
5 0.4073704387061167 0.0853958153160466 2.8371971858268665 0.36742470207422356 100.0
6 0.41822535967277097 0.08820144104307014 2.816869260961987 0.37660634757640027 100.0
7 0.43400118195932325 0.08336375143228668 2.7965818369831674 0.3826741611451787 100.0
8 0.45560357808060803 0.08792848003876592 2.81082704401433 0.38509596293482873 100.0
9 0.47395327986700075 0.09911455057557722 2.809956283660191 0.38658096114837165 100.0
10 0.5135468543493199 0.1022840432278162 2.775116994428243 0.39521195256082814 100.0
11 0.5194962757099124 0.1216779032485284 2.7648003282117215 0.40099611841579164 100.0
12 0.5080898134435113 0.1081542077751261 2.7707467008472393 0.40408008263302186 100.0
13 0.5340721104104897 0.1256247395636647 2.7662140555096357 0.4086945370575068 100.0
14 0.5310991044835587 0.12160856333703862 2.7701229721173077 0.4093088422603741 100.0
15 0.5746939724821671 0.15433768135970938 2.7523553302196957 0.4161542394817594 100.0
16 0.5700738665842892 0.14948319506896046 2.7317348285113674 0.4193754172919246 100.0
17 0.575629523658284 0.14809683029401013 2.7341525268580553 0.42356895339802564 100.0
18 0.5952523973113698 0.1775864421849818 2.739217809817199 0.4251612023717555 100.0
19 0.6075379882441826 0.17578032103319605 2.7322133591552324 0.42926189754764005 100.0
20 0.641930363486963 0.22564996298815865 2.73099592065027 0.4296075078783219 100.0
21 0.6330387486262623 0.201516073603336 2.726243525157534 0.43552069298125273 100.0
22 0.6312222813445939 0.20132464804777617 2.7046521639061307 0.4365107366233045 100.0
23 0.6232380330807229 0.19254171353924618 2.712352268116064 0.43943622155747436 100.0
24 0.6668166088385342 0.2571480277206765 2.7142606912306246 0.4407294676884731 100.0
25 0.6330844194433088 0.20048393300269293 2.712737807625181 0.4441528129035781 100.0
26 0.6423832371792575 0.2183375954945885 2.6954174345687965 0.44739991877124147 100.0
27 0.6452203378694652 0.21026865461354446 2.7169241342454327 0.4471278788682265 100.0
28 0.6532260561088171 0.21775691610229664 2.699888697501255 0.44849106512249015 100.0
29 0.6759566886459788 0.2652245133032431 2.7102460024451474 0.44883176227116534 100.0
30 0.6735794396258575 0.25738040953415003 2.7022591940460234 0.4524864284902246 100.0
31 0.6781877520824895 0.2667288897471832 2.6986647596881763 0.4555153946855647 100.0
32 0.6816217445218966 0.2667460959967146 2.6734530596551185 0.458435065834851 100.0
33 0.6827626796129371 0.26306384993843646 2.685831641352026 0.4597156514667865 100.0
34 0.6875296372900475 0.26322204700016066 2.669253120634242 0.4625300766975974 100.0
35 0.7162135537447221 0.29869019167246535 2.685231427686903 0.4604151710309106 100.0
36 0.7003345254888044 0.2745662153786495 2.6773257300206974 0.46429575942337725 100.0
37 0.7417553674290298 0.3527046387790617 2.683812618069581 0.4650672445539801 100.0
38 0.7091740042888636 0.28437128463714867 2.6615540092730665 0.4688400443662583 100.0
39 0.730903188564228 0.3322713610532427 2.66818326349728 0.4702359545971433 100.0
40 0.7352278350693683 0.3518397441905878 2.662043563636952 0.47330840396177826 100.0
41 0.7534053360388323 0.3599046231879972 2.6532648855264944 0.473569894055995 100.0
42 0.7251465915081322 0.3290665502224578 2.6654653283057828 0.47363969204835804 100.0
43 0.7267870321988619 0.3267134287486566 2.6400084600990703 0.47863655630084856 100.0
44 0.7007664556277521 0.2889386208151013 2.6560422112794617 0.4773591273677724 100.0
45 0.7173856035893731 0.3044866404246563 2.6498147978790754 0.4816645767883881 100.0
46 0.7241179801144224 0.31923464862302275 2.6484601443693276 0.4810413505666723 100.0
47 0.7814442641240883 0.4134121625788522 2.645199133688544 0.48353522250660647 100.0
48 0.7346472423355705 0.3237473129702636 2.6407728214397848 0.4852777431403545 100.0
49 0.7485084252962271 0.3702603569917656 2.637909263302459 0.48628474435151875 100.0
50 0.7459656645048592 0.36001705278740687 2.6358339531544512 0.4880050491019536 100.0
51 0.7412981252537848 0.3531385608843429 2.6282081301788236 0.4895731026544876 100.0
52 0.7532655429184336 0.38382827649644 2.638452154325749 0.49004603382637724 100.0
53 0.7473575974359126 0.34722074410080156 2.6267270178305506 0.49066052118654285 100.0
54 0.7592282079550635 0.38903599182955484 2.6377442734341567 0.49030139215532076 100.0
55 0.7800927019673101 0.4179063900842721 2.62294090793563 0.4904592257454763 100.0
56 0.7723033618230845 0.3940784510236901 2.6342823901524737 0.4924552816061297 100.0
57 0.7775821395883653 0.4063455278104873 2.626527739366103 0.4931748238160202 100.0
58 0.7700830027557727 0.4048175728923914 2.6327486671624696 0.4988288701658603 100.0
59 0.7850011705315708 0.4306781447873342 2.6286837123929327 0.4983187075609917 100.0
60 0.7540123351729601 0.3620472152331621 2.634080154715178 0.4962661357275843 100.0
61 0.7713479166074704 0.39671855488232693 2.6119322642540266 0.4958924003001693 100.0
62 0.7560899040812619 0.39241145621357987 2.6144304765005204 0.49994894128563305 100.0
63 0.766681642228994 0.4022177569418982 2.625058397459097 0.49899267496086175 100.0
64 0.8000028970252394 0.4688085571382154 2.6115163555787655 0.5039595310547386 100.0
65 0.7811387475958875 0.4124835335404649 2.616939800394002 0.5020305276360679 100.0
66 0.7899444137343781 0.4150416995836097 2.619292409025137 0.501921807405812 100.0
67 0.7808903658845162 0.41782082246053265 2.611495841380756 0.5016800168425738 100.0
68 0.8069260974277276 0.4747889533910837 2.61163824855741 0.5030442576745373 100.0
69 0.7917832160171178 0.4371486321457045 2.6042496648575364 0.5068080092427414 100.0
70 0.7908876678153725 0.43285448265713283 2.6096980930390776 0.5048192766258733 100.0
71 0.8203885138282352 0.495408543031716 2.611336943709277 0.5035069059693043 100.0
72 0.776909880975516 0.42613496423549685 2.608946063626833 0.5071907653602791 100.0
73 0.8116303171624166 0.48592185958394113 2.5966262425182283 0.5083204139826459 100.0
74 0.7923443725098369 0.4351670580757591 2.6021273630973325 0.5093961969451037 100.0
75 0.8115862210954972 0.469158084776325 2.5895370463559417 0.5126038365885895 100.0
76 0.809225507546289 0.4632557088106617 2.6028095534186035 0.51165116423389 100.0
77 0.8047562228153805 0.46168112653422255 2.6102727868296927 0.509130123563811 100.0
78 0.7848419646369313 0.4227260154838397 2.594054129871259 0.5137315023012093 100.0
79 0.8074676978151927 0.46598616051485303 2.6027292561074087 0.5126487109568375 100.0
80 0.7928924655746582 0.4388904394973832 2.593189319942638 0.5130844502001685 100.0
81 0.8188202543225214 0.49896653752242953 2.5978644019833173 0.5162140948189698 100.0
82 0.8061883779594123 0.48266351361782384 2.5908758887479952 0.5137359653060564 100.0
83 0.7952645856700913 0.44605058524260216 2.596387874820532 0.5153995542996512 100.0
84 0.7928416725202152 0.4464434242295638 2.6039621592981153 0.5108358385633374 100.0
85 0.8103291425559463 0.48633855434031603 2.594085361960619 0.5167846354462231 100.0
86 0.8169032661892404 0.4687540817736439 2.6052453915357447 0.5155322257529932 100.0
87 0.791461612837419 0.44473836901231034 2.596841900306959 0.5170870709911459 100.0
88 0.8054397739052978 0.472911944486603 2.5932437544833165 0.5208422675016868 100.0
89 0.8136228928076028 0.48664389377038103 2.5834969637513603 0.5185649250176809 100.0
90 0.8172403315682639 0.4927882544051254 2.5864040447820367 0.5186663185152336 100.0
91 0.7939238504326178 0.4299893614270421 2.585573170095983 0.5199786682617558 100.0
92 0.8077441353799503 0.46990228915982896 2.583163615432927 0.5232491120812933 100.0
93 0.7703020481495605 0.3798902213362389 2.58038982461439 0.5236887179974423 100.0
94 0.8086903892636207 0.4679889209201013 2.5813608017050544 0.5223506988630113 100.0
95 0.8100447451047345 0.4544073958508777 2.5961486495560178 0.5210980722038048 100.0
96 0.811367505490947 0.4846284873040213 2.5799712509253867 0.5202252503625445 100.0
97 0.836809060050398 0.5222577377480523 2.583071949630824 0.5236947649157689 100.0
98 0.8169282933770619 0.4715931517127304 2.5816409406425556 0.5230816316952853 100.0
99 0.7911317108300483 0.4242071874077373 2.5798016880624535 0.5226813593417529 100.0
100 0.8239057068073743 0.4844652799865882 2.5941538307734318 0.5235277576563505 100.0
101 0.8010610651778726 0.4550608178807793 2.5957332832717874 0.52173835150374 100.0
102 0.7863058340003626 0.4307832302119017 2.584958869606432 0.5267235948743944 100.0
103 0.8033336522152728 0.45628408095709616 2.5782782104876985 0.5246865091284952 100.0
104 0.8135044857434944 0.49405128389236347 2.585197127907949 0.5254058412163733 100.0
105 0.8096323278338956 0.46700546691994094 2.5701717761255436 0.5286872663075675 100.0
106 0.8052938670812436 0.46638604490527896 2.577070392156865 0.5268788622239152 100.0
107 0.8071400331225255 0.4681668589360332 2.5811395781524396 0.5270134041019184 100.0
108 0.8014322588515147 0.47351515797488875 2.5854541145539782 0.5297952438447618 100.0
109 0.8114026582505329 0.4746687336301468 2.5879280128028395 0.5258798896758868 100.0
110 0.8116832128499404 0.4898066230454175 2.569116684309728 0.5296701545803542 100.0
111 0.8365678610788454 0.5183374686131518 2.5776200649843655 0.5282726431123583 100.0
112 0.8356665367184988 0.5203457039210961 2.572849674063268 0.5286068917192642 100.0
113 0.8163685051376204 0.4951651862456567 2.5709946369493224 0.529461975781643 100.0
114 0.8245276449062737 0.4906502042148244 2.5761704351938692 0.5302359720858186 100.0
115 0.8007486969058913 0.4554253120962633 2.5613899542991954 0.531100520920979 100.0
116 0.8316978128142501 0.5021049110543233 2.5573112620850034 0.5324888285597811 100.0
117 0.8247794350501491 0.5185429121433334 2.566986080397998 0.5306490620047717 100.0
118 0.8255222745792941 0.5001890185450328 2.568181712730019 0.5324400610237633 100.0
119 0.8178224928635536 0.4978827863197555 2.5781656913209963 0.530023249412861 100.0
120 0.8247770590568086 0.4908187171893601 2.574616745377205 0.532405143854196 100.0
121 0.8202477200457204 0.49770522123728433 2.5893629285482587 0.5317914558714046 100.0
122 0.8132198610651861 0.4701512707572511 2.5758650093717184 0.53363343913024 100.0
123 0.8193474788156621 0.5024733973623363 2.570894476228958 0.5327040495732522 100.0
124 0.8345914689609668 0.5317428369460021 2.5667222734437427 0.5358107334953726 100.0
125 0.8435046500929458 0.5314141099766986 2.5835582550489384 0.5310599162550196 100.0
126 0.8311587740289396 0.5100697885232564 2.5627141081934237 0.5350950682145498 100.0
127 0.8279066003091684 0.49639470737354413 2.5681417518341743 0.5350243326963349 100.0
128 0.8385906617847102 0.5218600195343757 2.573068027029621 0.5341720461124759 100.0
129 0.8444349144859196 0.5506660197924893 2.562085753481682 0.5338231520299781 100.0
130 0.836717674482151 0.526449966996752 2.561883146112324 0.5376774999958935 100.0
131 0.8679508784151458 0.5793177017429582 2.5731782863772295 0.5345831642028455 100.0
132 0.8464787119618526 0.5504743441158686 2.557927196515705 0.5338378896570909 100.0
133 0.8241519185237719 0.5123887058180336 2.5576282850609005 0.537176858480982 100.0
134 0.8310142487317155 0.5128877066824916 2.557307398447072 0.5360134505057242 100.0
135 0.8436260917040143 0.5420376540069205 2.5659086693460127 0.5386929936142573 100.0
136 0.8138596393713123 0.49221535325666727 2.54903121449102 0.5369474503801582 100.0
137 0.8169078063482408 0.495131291262714 2.5528352612304137 0.5388355907007137 100.0
138 0.8256527649321204 0.49989292642464755 2.570670831932344 0.5401395686945707 100.0
139 0.8423890370423602 0.5387125453132553 2.553911559099184 0.539527548840419 100.0
140 0.8431588287939101 0.5401618636760224 2.566927534504789 0.5379955003168042 100.0
141 0.8513448477238381 0.5745460105577801 2.5573239315224914 0.5392582688766372 100.0
142 0.8562503520672418 0.5723560064730555 2.5588482202785894 0.5407699899038004 100.0
143 0.8434846795647511 0.5453530852126959 2.548551534691235 0.5400294753186656 100.0
144 0.8261019468967846 0.5053783496356437 2.5500168598476036 0.5383313501394409 100.0
145 0.8473746027228047 0.5543734323484764 2.545840133121737 0.5411794541815685 100.0
146 0.8215536234363197 0.4979268175694939 2.543868667551646 0.5419464924521814 100.0
147 0.8225404408441125 0.5058191277073825 2.533714519041722 0.5413492534837763 100.0
148 0.8420728278053847 0.5321520091520702 2.5559203477970276 0.5402407546474953 100.0
149 0.8378037746048627 0.5269446662375263 2.555442856652582 0.5436323706491073 100.0
150 0.8450508730647859 0.5396166869139776 2.5585842581169618 0.5412396133507142 100.0
151 0.8469644178892232 0.5665321734679845 2.5531727354403246 0.5439634878038033 100.0
152 0.8701309379293845 0.5967966456038464 2.557999156797343 0.544987132215053 100.0
153 0.8287175123208906 0.5119302119436013 2.566539761552521 0.5427175714046306 100.0
154 0.8575818884270748 0.5715402688836843 2.5505672479936194 0.5441457809830262 100.0
155 0.8364774254507682 0.5078211988298161 2.5477214893789735 0.5449618835012466 100.0
156 0.849686621410916 0.5542663595758515 2.5433958762649826 0.5422436815862792 100.0
157 0.8521525915216668 0.5481534313659242 2.554160851358939 0.5434745919888126 100.0
158 0.8452896387581155 0.533079756183337 2.546505808561646 0.5438667492361895 100.0
159 0.8174323537143704 0.48440191704075675 2.5480873289203667 0.5430280198928447 100.0
160 0.8423224194185971 0.5519844950740869 2.559440390734131 0.5438408812310843 100.0
161 0.8603920565341118 0.5821548821400938 2.527790094171168 0.5471145052252864 100.0
162 0.8471602413272983 0.5468590044263544 2.541350431146307 0.5463420800562039 100.0
163 0.8450821367261437 0.5491820911378279 2.5378633910844464 0.549329258868056 100.0
164 0.8341696606978671 0.5117611310451432 2.5381081331396986 0.5479596157568429 100.0
165 0.8515112168589681 0.5450320928996886 2.5424241754878363 0.5468201643313502 100.0
166 0.8639639985906293 0.5725275471828891 2.551408311790599 0.5453608732332209 100.0
167 0.8372598254325453 0.5245998814858641 2.5406878849743464 0.5444959094066111 100.0
168 0.8707649316397114 0.5933512454020274 2.5515197207708145 0.5473580906375751 100.0
169 0.8375950256568951 0.524519439777543 2.55381859780032 0.5471697342650562 100.0
170 0.8696290709623375 0.604754601990527 2.545065866098208 0.54881514216649 100.0
171 0.8276857599315658 0.5135503673039565 2.532585303761755 0.5470116350839137 100.0
172 0.847055778495325 0.5450130706613299 2.543368781659849 0.5483075591008132 100.0
173 0.8545846079690983 0.557049763884084 2.5388031338078774 0.5470467226990428 100.0
174 0.8592092718888706 0.5713436299794263 2.5473502147160616 0.5511128598334469 100.0
175 0.8646700009606773 0.586285570671354 2.5467332207214795 0.5464038809963929 100.0
176 0.8441272262514684 0.5348834428475465 2.547498748434691 0.5500554393651474 100.0
177 0.8240601900737475 0.5027831784373418 2.5397877483926576 0.5514503891790697 100.0
178 0.856139382706574 0.5525248731436779 2.549838030767682 0.5498577551610384 100.0
179 0.8628658777934731 0.5889357556436073 2.532847823983653 0.5500729683833786 100.0
180 0.8437861063021359 0.5352452047725522 2.5391783511290353 0.5481810262842647 100.0
181 0.8590090834562158 0.5714576680692225 2.5327208131666894 0.5500658758455739 100.0
182 0.8663902630665379 0.6001664987614332 2.535112007493522 0.5496902121413146 100.0
183 0.8615892627981268 0.5703077898848176 2.5330063734741 0.551120535459042 100.0
184 0.861624841757439 0.5784027410568985 2.533230294449071 0.5508244440881943 100.0
185 0.8745895232294183 0.6032694034842071 2.5219916687034423 0.5537777341590986 100.0
186 0.8652878455135758 0.5787794488734986 2.5215889036827086 0.5514620317572185 100.0
187 0.8836496391499102 0.6447282250813454 2.5310790664845446 0.554154660516932 100.0
188 0.8864430893481692 0.6420074605271072 2.5249948970857368 0.5527642129474072 100.0
189 0.8632994726760841 0.5776937699542138 2.5276719708056166 0.551954901966446 100.0
190 0.8749774595045215 0.6018858347840214 2.532519686888165 0.5502412586112745 100.0
191 0.8748052122927646 0.615126435340879 2.5308782157114798 0.5506059445063317 100.0
192 0.8397428545303319 0.5224673598345015 2.5221358848011564 0.5544682222470525 100.0
193 0.8662251465936286 0.5877568854275839 2.533394973030282 0.5504037299145813 100.0
194 0.8592138453440213 0.5867230770176868 2.5238825930679196 0.554258300715641 100.0
195 0.8807412814607076 0.6226676396934845 2.5280116933113144 0.5534267546424756 100.0
196 0.8569976659689403 0.5774608720918173 2.5250869327191947 0.5565441066978846 100.0
197 0.8807833772949896 0.6258247736542274 2.5398823089687905 0.5542398995075143 100.0
198 0.8573725483259794 0.5657969197221517 2.5305888215331946 0.5500952128232074 100.0
199 0.8829684963786019 0.619316809802343 2.5280578839664782 0.5518934738057379 100.0
200 0.8782277581456509 0.61774519521598 2.5127455066863855 0.5588610769623078 100.0
201 0.8380975285641084 0.5394692015144463 2.528818727017341 0.5537087521582355 100.0
202 0.8607257073533501 0.5821980794189973 2.5219210347336647 0.5525597880761285 100.0
203 0.8885581543431066 0.6325230665326043 2.5176382877463213 0.5555115204797665 100.0
204 0.8777998448646918 0.6137352511812004 2.5253935780971806 0.5554743101190734 100.0
205 0.8691050517687842 0.5871798779612993 2.535869552893776 0.5594624953751609 100.0
206 0.8488454211751914 0.5611812170032815 2.5235373575925237 0.5567558102502858 100.0
207 0.8752152970576852 0.6144267412495436 2.518942514586868 0.5560050780927065 100.0
208 0.8871299001211753 0.6452748953685358 2.521809226472145 0.556013304319541 100.0
209 0.8724360275287772 0.5898244213923995 2.519207940902331 0.5556838126637677 100.0
210 0.8694319519827783 0.603884882357887 2.522643611535884 0.5535504659620751 100.0
211 0.858372442397555 0.5634876350464427 2.5325304400097557 0.5563386271498045 100.0
212 0.8756585426995598 0.6115080436289819 2.516745308719473 0.554462939419782 100.0
213 0.8645943769603999 0.5938275823270868 2.518568413824353 0.5543751414677651 100.0
214 0.8557636041847205 0.5699458437568129 2.521198144720286 0.5580347547903963 100.0
215 0.8641301785281017 0.5996428980465605 2.500149264370597 0.5581818918113789 100.0
216 0.873159819471269 0.5940166222277611 2.5287260412328267 0.5546300452729135 100.0
217 0.8507836035212303 0.5722481213926297 2.5090899538810842 0.559882222973466 100.0
218 0.8781800102421236 0.6196277511755923 2.518285464135861 0.5577294124082863 100.0
219 0.8701996028486063 0.6068753118851685 2.5149733264395384 0.5594239148801069 100.0
220 0.8703835154921308 0.5989473391531235 2.5190313251691534 0.562078478567416 100.0
221 0.8684211932442039 0.6084489420700417 2.5220046314304123 0.558850689143306 100.0
222 0.866950588915963 0.5921578539295738 2.521270096060086 0.5565752800093713 100.0
223 0.8634266091864897 0.5819975333985803 2.5097053422980418 0.5587099253536497 100.0
224 0.8579507325258511 0.5718503172203067 2.5103548412051735 0.5600674839015697 100.0
225 0.8655842123990436 0.5879027791615103 2.518356130362775 0.556975932222528 100.0
226 0.8774416598394985 0.6039157105907883 2.5169182661643332 0.5616613994092368 100.0
227 0.8835531085794901 0.639159817037063 2.512655813202702 0.560528922136693 100.0
228 0.8904342841319846 0.6396176606600272 2.515340604119246 0.5605068543851608 100.0
229 0.8799372057373634 0.6314831913454562 2.5185677624320526 0.5582442463693047 100.0
230 0.8704079848997118 0.6048818190531979 2.5071465849896653 0.557238029899771 100.0
231 0.8926603953833182 0.6529809961118991 2.517033852198619 0.5592785273386569 100.0
232 0.887050786850666 0.6236442973220817 2.516799302105879 0.5567392905896227 100.0
233 0.8706233253559277 0.6046989467771021 2.520285786279834 0.5595360067432796 100.0
234 0.8645370230368634 0.6031956681125898 2.514101844034384 0.5595870401288259 100.0
235 0.8858451629455726 0.6248669672030912 2.518161509632373 0.5603684409875198 100.0
236 0.8907302126954535 0.6532418064032488 2.5163271077151808 0.558300471706707 100.0
237 0.8661497892444785 0.5903662234941232 2.5018503473227938 0.5626404011045615 100.0
238 0.8874962671852802 0.6356965935828357 2.5154789242667004 0.5576850994600221 100.0
239 0.8799273319406494 0.6278602082209032 2.508022810960001 0.5623066575423323 100.0
240 0.8694505542831892 0.6019044038572349 2.5070413675901397 0.5590174980095932 100.0
241 0.8713820303510381 0.5927097056016851 2.5130032953948787 0.5594705398326587 100.0
242 0.8665341549125002 0.5855615605916054 2.5108758852688062 0.5611755853421055 100.0
243 0.8694938887676047 0.6034691949308167 2.5229295383988646 0.558769713493824 100.0
244 0.8765244421211856 0.6150877000544738 2.5041979181448406 0.5634850199543187 100.0
245 0.8760410755013985 0.6122707655123449 2.515130373433028 0.5622160358162568 100.0
246 0.8962959293374502 0.664306490063473 2.502240360178994 0.5603239566532761 100.0
247 0.8662675757850506 0.5895787091365081 2.5055571339560267 0.5630710262826617 100.0
248 0.8788749616291363 0.6212442083345332 2.5095380031533163 0.562034066717914 100.0
249 0.8737360644456341 0.6036982304598189 2.5060139403911106 0.564268431668947 100.0
250 0.8718724688758726 0.6038637358624074 2.490535613035009 0.5630980603214484 100.0
251 0.877799314354635 0.618306808997463 2.501289636672544 0.5648674867843984 100.0
252 0.8891494112095732 0.6394801121973228 2.5075408561737493 0.5634747148890863 100.0
253 0.865667762307318 0.5884023708897721 2.5032864278672164 0.5621993771744604 100.0
254 0.8706537398837213 0.5930121124031079 2.498060804620703 0.561572846052037 100.0
255 0.8781311640242184 0.618680947739379 2.5036260635452665 0.5618784630420968 100.0
256 0.8813378877824379 0.6277427071852638 2.503218753107979 0.5610398208336551 100.0
257 0.8893159665810874 0.6294667100189062 2.509004964611041 0.5634963933338044 100.0
258 0.8581475714231324 0.5771835008352555 2.5144811541254017 0.563799195302169 100.0
259 0.8645233025750544 0.5904168600160504 2.5017054312765903 0.5630271628055667 100.0
260 0.882382778246725 0.640417748847175 2.5160188310772535 0.5620106308512234 100.0
261 0.8836152823104194 0.6298558491264058 2.51439739828852 0.5645814752141831 100.0
262 0.8678870024961803 0.5912700534397266 2.5071882479706447 0.5630726551239451 100.0
263 0.8805800378976829 0.6270098182904107 2.4989029926137447 0.5663827143065242 100.0
264 0.864656983993179 0.5823600791105767 2.503353314019683 0.5658157653317413 100.0
265 0.8754494925593739 0.610301691989127 2.509601354789757 0.5645477060763227 100.0
266 0.8759016703151835 0.59807351716537 2.5113234522431793 0.5634687793292676 100.0
267 0.9005715643203827 0.6616554013088576 2.511731040144054 0.5624386686138505 100.0
268 0.8776923598666135 0.6218962192404482 2.501056142663628 0.5662624904694515 100.0
269 0.9104104878734824 0.6962454787901762 2.5010821510375036 0.5650750349534054 100.0
270 0.891363076579481 0.6370499970296387 2.5033097210969544 0.5670436089960829 100.0
271 0.864545836470432 0.5753681577691755 2.5074556200024976 0.5651978143813613 100.0
272 0.8652345498815107 0.585159746253676 2.508562119319402 0.5629046761514657 100.0
273 0.8585081830688387 0.5702262749757336 2.506857864598111 0.5638807930756273 100.0
274 0.8863983591740882 0.6419154808444132 2.5019549360628344 0.5652248953726828 100.0
275 0.8768523701050226 0.6238446427791484 2.5135353567507894 0.5637079972788835 100.0
276 0.8918236330315963 0.6388307728803291 2.511120872309476 0.56248748945474 100.0
277 0.8571309229736026 0.5829276695894855 2.490208361148441 0.565914720971466 100.0
278 0.9008130019901553 0.6747083503589636 2.503093703927391 0.568058382153454 100.0
279 0.8862697545988714 0.6465677436944484 2.499920674677193 0.5664159535084149 100.0
280 0.8923446714648159 0.6587233451024992 2.5030822560477053 0.5664823280911312 100.0
281 0.8920876422823174 0.667790155448501 2.490642056571925 0.5685247820324193 100.0
282 0.8867180047563366 0.6346492191973117 2.4996913096127105 0.5674854893119978 100.0
283 0.8828430952197287 0.626778761603418 2.50487755618848 0.565360309614273 100.0
284 0.8847915030574929 0.62357981467643 2.5032347288630485 0.5645606036158634 100.0
285 0.8854330031387205 0.6242163539522231 2.498237239430529 0.5652238792578733 100.0
286 0.8732247816126238 0.612581295463489 2.5097949933415804 0.5652735732382513 100.0
287 0.8827300953307962 0.6306564767245427 2.4946045100373713 0.5676473732293159 100.0
288 0.8947666233238468 0.6533337224409843 2.496919218771306 0.5642838437209577 100.0
289 0.8773315458628094 0.6156867152271657 2.495296485170494 0.5651430233724836 100.0
290 0.8640011811719356 0.582044122440443 2.4990360519439507 0.5687150898632608 100.0
291 0.8917350515960986 0.6499122585372841 2.511364750445477 0.5670416404298565 100.0
292 0.8769451769055355 0.6142154381056002 2.4875048952677803 0.5677706788553057 100.0
293 0.8858155670545037 0.6395160205657843 2.5042354585655375 0.563302191781287 100.0
294 0.884009716481184 0.6423893014703509 2.4968798809154706 0.5673268198940538 100.0
295 0.8639658004415283 0.5648645900410817 2.5028377739919527 0.5641948105345853 100.0
296 0.8690360943526969 0.587041487187904 2.4915848522166266 0.5689950008196564 100.0
297 0.8733243306342257 0.6104167003816701 2.5053632184949244 0.5658874142123953 100.0
298 0.8809170966550514 0.6194004899979553 2.509771700645295 0.566588065526103 100.0
299 0.8722627863409876 0.5955883800346042 2.5068985124384686 0.5665770762107852 100.0
