1 0.23649833149593583 0.16503925720325222 3.072095427877609 0.33139314721237206
2 0.2847440888121963 0.1289823917757789 2.9242559934664207 0.3448776722255497
3 0.32922443643098 0.10315706138323226 2.848164411628156 0.35475194423473466
4 0.36744273084535234 0.08775080590443256 2.8468883483780654 0.3606291513054199
5 0.399506609842124 0.08473252349981635 2.8339109959244233 0.3684163862393344
6 0.4337667201066037 0.08975775599385587 2.8253473449645092 0.374670078374752
7 0.4544397483808598 0.0935825967932123 2.813987154049728 0.3797538777347215
8 0.46893085986183003 0.09338855457868796 2.806629061157538 0.3846831125462699
9 0.4789830458191511 0.09326701629506921 2.793876799872013 0.3895443459970294
10 0.4965282493131442 0.09939482306124585 2.7804580927509677 0.39479600214434535
11 0.5171788288717895 0.10990098558407825 2.7651972098854 0.3995448509498692
12 0.5316589723667958 0.11175705997607714 2.7574416876025203 0.4042970316675496
13 0.5482862699875098 0.1212203781851628 2.7499869464921907 0.4081630537089273
14 0.5596967611395597 0.12754070158266226 2.7428260918846736 0.4125609957039386
15 0.5726010251510586 0.1392510890727208 2.7378100679361133 0.415902194325465
16 0.5851443515640073 0.15719597820207 2.731955296091726 0.4190235639079083
17 0.5971937751157154 0.17107384782144633 2.7319433206200046 0.421999758979588
18 0.6024793295793983 0.18205874356596607 2.7214850209759294 0.42639126286243845
19 0.6039155714035492 0.17876667305861438 2.723388096979624 0.43004204758001846
20 0.6154827341987422 0.19661255139372813 2.7199814855486024 0.4319490587974764
21 0.6260988002383435 0.2074514458303782 2.722602625918471 0.4327721614189677
22 0.6381816365659582 0.2231071781973889 2.7133602161746224 0.4359700284192652
23 0.6402479817342869 0.21596809375046613 2.706660031269147 0.43956310643314983
24 0.6523206579833453 0.23062788244915997 2.7018489743009724 0.44269362255693406
25 0.6558817005899685 0.2339673815454717 2.7022225307253134 0.44413876684383286
26 0.6684882774203894 0.2513058357464179 2.698253266767249 0.445477047979042
27 0.6645256260043193 0.23882717946909904 2.6930933333275546 0.44860048158245397
28 0.675339787285278 0.25568959167011424 2.686723304455121 0.4509568869224289
29 0.6783587930822513 0.2647579139330456 2.682891214228363 0.4539653546104081
30 0.6875044603371686 0.286012192225088 2.6770864434010555 0.45568872788812725
31 0.7006583157539349 0.3060241690121866 2.671189499752527 0.4584627705287167
32 0.6979799572473047 0.29373667297914435 2.669429477746789 0.46052694391507987
33 0.7061504310629255 0.30774524015595583 2.6719718286627727 0.46233715370011125
34 0.6905589562993842 0.281862216912865 2.677850388361984 0.4629847621026318
35 0.6896472581668626 0.29151640522437205 2.6776703911334656 0.46328896241429657
36 0.703171617572361 0.30905478822069604 2.674247362755223 0.46438565156100564
37 0.7061690879921069 0.31649395162071103 2.6729967213592136 0.466325159459591
38 0.7188531457908768 0.3309033550689378 2.671771130392497 0.46834420575902064
39 0.7080785235253604 0.31353156621169637 2.667332672325641 0.4698516503133063
40 0.7177548964108275 0.31959364143485275 2.6605575096543586 0.47130168329463373
41 0.7257746773843617 0.3323535481415694 2.654938014924932 0.47275348029539055
42 0.71935350612031 0.3155134753648186 2.6538867401330424 0.47437945354225186
43 0.7280546936835209 0.33054954745660875 2.6577442011716683 0.4756086957519196
44 0.7229156604998973 0.3220573770949732 2.6575432007715136 0.47746133403432484
45 0.743318526996574 0.3640757935382726 2.657232040263631 0.47792527398356044
46 0.7415667190696472 0.36136796801059434 2.650487278127174 0.4796461601698281
47 0.745898029274536 0.359597293553499 2.6465384982472737 0.4811913965869423
48 0.7373498178937186 0.34219382271150006 2.6436114440645215 0.4831510058156457
49 0.7425089899392242 0.3458481296199844 2.640404865401438 0.483577220300621
50 0.7414606772262459 0.35417259451548055 2.63974468203136 0.4842888658553446
51 0.7419753708751973 0.3525622257343897 2.635171608648798 0.4855017076070522
52 0.7407333580551113 0.3521236308719566 2.632492193098377 0.4866266004337623
53 0.7466951825439142 0.3584627921272681 2.6343856432500634 0.4877713223526723
54 0.7519185224135022 0.3664363795079435 2.6341356873659962 0.4894283189663115
55 0.7659423431369209 0.3953520880287907 2.631029580905964 0.49173064662032434
56 0.7678544937779636 0.3950590897710837 2.625122160916223 0.49259293252299763
57 0.7739544104656132 0.40909053918138133 2.628134825416707 0.49365611532505294
58 0.7688380387815451 0.3959341144721971 2.627909922805024 0.4931751873967302
59 0.7711618786026979 0.40597245699112133 2.62605544756174 0.49330232343050323
60 0.7695978948054071 0.40560779705285493 2.6209114836426814 0.4942717858197831
61 0.7656755897571944 0.4106210761015145 2.6227178808926594 0.4972679903988233
62 0.7657669539922605 0.4116372162824922 2.627292831578466 0.4977668225484832
63 0.7767967984497663 0.42969200635106514 2.6233892500580667 0.49778676894932716
64 0.7811778409870924 0.42867989874040163 2.619719450872449 0.49659292651447284
65 0.7835199274292495 0.42803401720209083 2.612226247522076 0.49856659960529437
66 0.7803864193190265 0.41944490184942324 2.6157196756177226 0.4992727341694197
67 0.775778351652614 0.4115023279969463 2.6140224227880697 0.5004038437262083
68 0.7839159645711636 0.4306412421527703 2.6129999218020927 0.5008832439301317
69 0.7904506373389651 0.44539675267356554 2.60774857031474 0.5034742054308174
70 0.8023794352521576 0.46557099903370847 2.6084672365793033 0.5045039700512196
71 0.7934086626438873 0.4482874795774776 2.6076746154818213 0.5044872502658336
72 0.7906639406050538 0.44297479410311297 2.60946016483981 0.5032318222528276
73 0.787524117316461 0.4443109670114181 2.6076975304005803 0.5040691271007852
74 0.7944368662710936 0.4558506885015173 2.6092716049768145 0.5060301802096744
75 0.7931074822592102 0.4491699509575968 2.6073731874810253 0.5073295915011454
76 0.7943997942644242 0.44711552052284137 2.606559231135183 0.5082000831474937
77 0.7949782318827535 0.45422072719410783 2.6030836651421954 0.509595629255343
78 0.7907976046263642 0.45437197723272577 2.6038729371208156 0.5107133008954706
79 0.7905506877444112 0.4516984519068668 2.6028975721798293 0.5111132183063497
80 0.791088023267838 0.44515157383772536 2.604833781741608 0.511227407771594
81 0.794139101336181 0.4518273698710749 2.605947989232714 0.5109339371082855
82 0.7952687988430562 0.45984250017309747 2.6002945214107025 0.5118673423664253
83 0.7936047098868149 0.4545287994781917 2.596441251829128 0.5125745049775049
84 0.7926808368008187 0.4511167877993329 2.591924470802969 0.5119646351071071
85 0.792958674396857 0.44544595863623543 2.5969366671802447 0.5120170379494549
86 0.8024770209959261 0.46450108987088273 2.598311587388475 0.5117893384566218
87 0.8068265346568055 0.4642588921210913 2.596952460035995 0.513940501442247
88 0.8033553647191197 0.4650406912698286 2.5932359281027697 0.5145960263918433
89 0.7957063343815411 0.45475575577033256 2.5888399459344695 0.5159413569131707
90 0.7965190273786619 0.4632490176229485 2.587519182948916 0.5171558076498118
91 0.8120597709126792 0.48741454049137456 2.586464953284738 0.5177756016953388
92 0.8193911307894973 0.5014249368528074 2.58189663104479 0.5194630889557845
93 0.8207428195872147 0.5050241286771185 2.5815528779799597 0.5198916764833696
94 0.813731810113158 0.485753933537256 2.576779349846085 0.5210437962492701
95 0.8144779458117467 0.490827771320083 2.58060443969986 0.5199961652527235
96 0.8145176149365602 0.49031429882098254 2.5766830133749643 0.5205041966282749
97 0.8147221761306235 0.4972534529217092 2.5761947354126598 0.5203994454044277
98 0.8157227259335453 0.49492298934001794 2.571172131784555 0.5207693051198018
99 0.8172931057051694 0.4968085651156504 2.5692122429746473 0.5205325982857377
100 0.8188442461339792 0.5017761519912813 2.568925717256619 0.5214959870474171
101 0.8176831253486908 0.49469501114810027 2.5676274855448877 0.5232531247309457
102 0.8172768613096443 0.4923273955710287 2.567713911561039 0.5241495695287621
103 0.8277372080230269 0.5092157674377015 2.5696903617233366 0.5236363902352196
104 0.8309668510028554 0.5204865544508651 2.5696936431849804 0.5232573993824893
105 0.8344304604033916 0.5268444320247366 2.571353492955554 0.5239642897848449
106 0.8174026741168475 0.49617803700632973 2.573840893849675 0.5252286128135896
107 0.8153375555780658 0.4846933304356004 2.5738546659341037 0.5255258843193773
108 0.8104059501245824 0.47462745990601213 2.5700834844959957 0.5246449279060453
109 0.8224555805724902 0.4969652439724137 2.5663760081764937 0.5248555803251428
110 0.822422887109342 0.49803579820720567 2.5681670319354177 0.5254823069835397
111 0.8301408170682586 0.5130930463016915 2.5698158625201373 0.5273709815787969
112 0.8287369319737691 0.5067806468687619 2.5679008115240234 0.5290221993942642
113 0.8393255764228224 0.5362533424594322 2.563824104037589 0.5296020648028983
114 0.8387202045784435 0.5352367188270087 2.5604227196095692 0.529308684669754
115 0.8417977752446254 0.5435042977583588 2.5567260207637763 0.5284317349113521
116 0.829739652094161 0.5177451404383583 2.5564494589355875 0.5284130415508614
117 0.8289329522927408 0.5258324223288521 2.5586325736621616 0.5278674324441922
118 0.8265410901984085 0.5264145006300529 2.5618187232521747 0.5288509030324166
119 0.8245407140082782 0.5254611068462562 2.560487761432463 0.529000304241363
120 0.8288492645353712 0.5250689826348524 2.562208946989339 0.5305632726517575
121 0.8277846459207615 0.5165939453674486 2.559813974610512 0.5307655450280057
122 0.8298900157547046 0.5187920191408856 2.5576598616008526 0.5310825882569642
123 0.8358813606431608 0.532292435808502 2.5506117882522865 0.531465253775183
124 0.8380681184878092 0.5371242217486665 2.5461097345698986 0.5320547758242645
125 0.8443033855025132 0.5454572723335595 2.549304353832973 0.5323955757662296
126 0.83318471644422 0.5229928623982478 2.548203116570036 0.5335261142610598
127 0.8385582960619361 0.5321895991959815 2.5463173301924438 0.5345173092798778
128 0.8366578990358952 0.5333920475786588 2.5438809463842333 0.5350779316863727
129 0.8497899948428954 0.562716285560075 2.54168813889244 0.534477044950829
130 0.8432350666016447 0.5513214618493317 2.5434211190130274 0.5334726672079549
131 0.8453151285328618 0.5506495280133952 2.540495223774219 0.5347177445927637
132 0.8354767171696276 0.5259814380651258 2.543908885456865 0.53397614014328
133 0.833657086065437 0.5227824171183514 2.5493698047344435 0.5352589965459881
134 0.8320377722548513 0.5254902327777589 2.551895912064964 0.5343079569137731
135 0.8397671680639268 0.5422127671139872 2.550757162569482 0.5354960616157203
136 0.8437855991855706 0.5549223444067664 2.5479137913273306 0.534196956629179
137 0.8467225336597624 0.5633022066838947 2.546111338623176 0.5356410670965094
138 0.8378767618985942 0.5511719115685872 2.5470742283333587 0.534757134107956
139 0.8446524926049935 0.5625251781018491 2.547756807068613 0.536145413580653
140 0.8373747872907457 0.5435151416770122 2.5514046442820804 0.5342293373902927
141 0.8400412466878361 0.5439253270494787 2.550466065924161 0.535565287754653
142 0.8379740406326022 0.5362924268860255 2.5475756218953456 0.535542111319783
143 0.8493509392452799 0.560460207073277 2.544271724358158 0.5376260900687558
144 0.8472906630837812 0.5589482395773963 2.545944820733975 0.537530212138119
145 0.8492541013610717 0.563643255060369 2.545279459730423 0.53757452321982
146 0.84849472917567 0.5524837210572833 2.5494317345847306 0.5363289169549758
147 0.8508791110389294 0.5594744329399551 2.5506539848392613 0.5362099570432459
148 0.8489670406969129 0.5535127926488262 2.5491062900690906 0.5359606780866645
149 0.8530006887470516 0.5715963513758456 2.5427398389012175 0.5366451892634816
150 0.8550126699382563 0.5729058190703092 2.5361127864107122 0.5380359046588082
151 0.8597426175417846 0.5916108612990225 2.5349455001586625 0.5392796969981755
152 0.8594251619988471 0.5916558044975578 2.532852793024094 0.5402594484279467
153 0.8659627326328442 0.5990058571102113 2.532962619615393 0.5401604502274736
154 0.8659974264932943 0.5915379526546932 2.539512682917212 0.5396257558333278
155 0.8677228838458797 0.5943028635769548 2.5430294656041657 0.5380915142873502
156 0.8704003240568926 0.6054720492838102 2.5445844476655264 0.5391050700779318
157 0.8678586160478421 0.6003907222679347 2.537005946895269 0.5407369807802714
158 0.8570271630920949 0.5736493190588604 2.536029089172983 0.5432886425645486
159 0.847035029341948 0.5537100870077872 2.5318170792650196 0.5428195950248212
160 0.8419916240717703 0.5397900768611873 2.532954043281215 0.5422280142889018
161 0.8451980230279124 0.5507291088553499 2.5313168952228478 0.5428327412721323
162 0.8460953679766462 0.5520275518637813 2.533075141624384 0.5436509043485215
163 0.8492679754772922 0.5642993385670115 2.5343376332763032 0.5445960568719331
164 0.8486833261681852 0.5558929444903115 2.5323264949567 0.5452091952024481
165 0.8525904890053918 0.5586382305312266 2.535279942796468 0.5450611298089497
166 0.8577533162697247 0.5712702533740833 2.536584987525437 0.5444660936746039
167 0.8630188925119162 0.587169553222337 2.542473778269782 0.5439495767539881
168 0.8592348617677468 0.5828230298093452 2.5389539015933527 0.5452102622135314
169 0.8530014722114374 0.5681394706205094 2.53432278019147 0.546745756888842
170 0.8478397324053962 0.5621818509680939 2.530350013519488 0.5463339106062585
171 0.8527337293835241 0.5726658570518567 2.5351259660737155 0.545040220882974
172 0.8562511808191945 0.5793109362101011 2.537448426457653 0.5436838201512008
173 0.8623029884918175 0.5854674983518845 2.5376246950251247 0.5446634774247933
174 0.8642886469232303 0.5870010604229733 2.533046695724332 0.5454653506516814
175 0.8632326020130053 0.5841290129019382 2.5348982142695866 0.5459805912703054
176 0.8645613296970979 0.5923716136617226 2.5354908287767017 0.5452609121102446
177 0.8660784248446921 0.6008832984144222 2.532868996903186 0.545625288128961
178 0.8690122894411244 0.6050861969783442 2.532626629482527 0.5462388873066716
179 0.8694393804324219 0.6019470768417698 2.5324138721190326 0.5476964709325026
180 0.8618058341304957 0.5836263513575558 2.534682854941645 0.5480627914055092
181 0.8617037492401334 0.5849833635326908 2.5316022764232087 0.5474971280624302
182 0.8621152558532478 0.592803763409404 2.5285454122382647 0.5475266162223895
183 0.865036633844961 0.5930636676821637 2.5278239808833263 0.5472774478219676
184 0.8636405730841323 0.5898402492541135 2.5299268940660435 0.5474630894842892
185 0.8600673720751851 0.5747207909366022 2.5286737398503223 0.5472014953391077
186 0.8618877964194009 0.5815204378354902 2.529795180018072 0.5485387795870736
187 0.8665020418184818 0.589905620488977 2.523692946476666 0.5491805456987567
188 0.8624820087624413 0.5794658359768493 2.5283094340763133 0.5489798603648182
189 0.8644767561236212 0.5856066086463495 2.5282604781797127 0.5474020925629184
190 0.8555687258247109 0.5672275969164059 2.530418726300193 0.5476493759696396
191 0.8546999790729073 0.5671322961169679 2.5286329393382605 0.5476374676731397
192 0.8502571517082326 0.5631027596297633 2.5261745456493747 0.5486181549731849
193 0.8541151852810729 0.5800163516124791 2.5254618198502636 0.5491744818170242
194 0.8544332984555192 0.5799434015671728 2.5281326399170077 0.5489285960806219
195 0.8579017295033005 0.5819468818971152 2.5289964223085537 0.5491420422267469
196 0.8554238295998394 0.5767699180309261 2.5312502971153186 0.548641030339592
197 0.8615729430188024 0.5938753912742685 2.5249928472254024 0.5495514743203946
198 0.8622723537000243 0.5937064158586934 2.5267412726222087 0.5502608926909763
199 0.8651678867265115 0.5903237871772635 2.52477491668543 0.5520040398854641
200 0.865451204422755 0.5853820160438726 2.526548427837034 0.5513962235667075
201 0.8654932430039394 0.5906098910072212 2.525240201216953 0.5506458207478561
202 0.8686737256616256 0.6013336148089606 2.5242539204356014 0.5502073025761015
203 0.8719495528569828 0.6123687506995147 2.523918679595582 0.5522927173307521
204 0.8814086340815996 0.6306775806522199 2.524842967474577 0.5537952178170079
205 0.881598301704804 0.6240344353657562 2.528557056424292 0.5520035699427593
206 0.8792155416845876 0.6177053480848598 2.526769052685592 0.5517125309058604
207 0.870723622778892 0.5943733302904102 2.5270494562921426 0.5504610412753775
208 0.8664868230573264 0.5920253978222483 2.522000775468023 0.5519004806226556
209 0.8580551271232791 0.5736075818415117 2.519070652927355 0.551682544663699
210 0.8597526887928097 0.57783712815882 2.5187784456819693 0.5523929437243391
211 0.8592108654961955 0.5725867503036399 2.521058892601721 0.5523263294050788
212 0.8676160497113097 0.5936304833306255 2.523819285638305 0.5532813720015343
213 0.8665462931636306 0.5987077422694825 2.524543781794021 0.5532687726569853
214 0.8662013279297701 0.5995078304174458 2.521520339247177 0.5540892473439701
215 0.8692152232540299 0.601143387512949 2.5201465029170307 0.5528345881262056
216 0.869597666073362 0.596927234316745 2.5129411946626274 0.5530057003791642
217 0.8727617308872869 0.5988672902047419 2.5134775736122243 0.5527012627261046
218 0.86889404142261 0.596540591288944 2.5122889143368368 0.5539930447495981
219 0.8641635682694145 0.5850397537357267 2.5117675754280935 0.554265263687591
220 0.8650141377269307 0.5955643584659897 2.5104023615532483 0.5547290224277516
221 0.8646372255569963 0.5891740463747784 2.5126948407725 0.5546207750447304
222 0.8637891609413099 0.589209834767665 2.515260188559041 0.554233886447176
223 0.8685768377481176 0.598357599325321 2.5099013289994745 0.5550250144466081
224 0.8688674064512069 0.6029652259867581 2.5105707678626916 0.5545843419509624
225 0.87673749820743 0.6188594127904549 2.5082424935654486 0.5551893839328446
226 0.8701026738121743 0.6031498875672892 2.512581256915644 0.5554366673158185
227 0.8727643240666288 0.6050195681385143 2.509207454645639 0.5549396655736593
228 0.8733056507368501 0.6081579267373992 2.5096297883479077 0.5544596478583578
229 0.8766338035193754 0.6148205148750225 2.5121557724314205 0.5528568347574858
230 0.878749018736066 0.6226374989446031 2.5110725184727225 0.55431816870813
231 0.8707175232925759 0.6042642787380482 2.5117762622342745 0.5557150460435348
232 0.8623494740463178 0.5906426002451092 2.5101986488811856 0.5560720573042449
233 0.8581377971024121 0.5873740707350468 2.5128971632335477 0.5552112713902334
234 0.8646920800942225 0.6038665848455499 2.5126909579394043 0.5543008551296856
235 0.8769937032902017 0.6273127947296574 2.5167466900924276 0.5543773823707628
236 0.8775617652851943 0.6215773570977131 2.513068194120947 0.5543224092040151
237 0.881766406200263 0.6276136356650402 2.506808846269862 0.5548900587718669
238 0.8734990668431762 0.6103496197826707 2.498768454967449 0.5567714513565397
239 0.877165407768803 0.6196934626350594 2.5036910279063407 0.556481864742311
240 0.8750680254365211 0.6171198812561363 2.509711182200727 0.5577534768615114
241 0.8801279979999266 0.6281898558806379 2.5093805473074355 0.5581084744217174
242 0.8839667934577751 0.6378254316954082 2.508863817709024 0.5591952835717061
243 0.8810463970482355 0.6289853652670093 2.5072034547697064 0.5594854575963438
244 0.8788069690808439 0.6186716901600758 2.5102390717031167 0.5586204383914123
245 0.8771981960312821 0.6125201064385662 2.509276672247838 0.5600831653016602
246 0.8767361592157029 0.6152393838134389 2.5084282630013495 0.5595750195342387
247 0.8768523062545911 0.6194650393325781 2.508327759806962 0.5600734055044547
248 0.8653982764130173 0.5946952417312356 2.501250325455566 0.560634345654852
249 0.8674918558504882 0.6048162512948022 2.5022591979426902 0.5602284639468577
250 0.8761709956414151 0.6260296639970369 2.502686346763775 0.5599318639434991
251 0.8916524257853 0.6595398210919496 2.506054373050805 0.5587946822931388
252 0.8900872072938114 0.6496917972600799 2.5032963736495564 0.5597011019088235
253 0.8852758140192964 0.6405141351211969 2.504822224521591 0.5599905273659974
254 0.8827426278355318 0.6341455231221439 2.5036484564369044 0.560376537400835
255 0.8804119083625642 0.6258764184119908 2.5092893667853287 0.5595591100705702
256 0.8799312928308222 0.6266701654065004 2.5069691013757454 0.5599439737384705
257 0.8759669384164264 0.6246214486287608 2.506344389262057 0.560179369134675
258 0.8809372148502503 0.6392478119443149 2.502600096017192 0.5615714209354383
259 0.8781336468607903 0.630822610650445 2.502294521723916 0.5622999200188955
260 0.8794363693169155 0.6294545346111763 2.5050352825575435 0.5623844634495391
261 0.872283234169569 0.6125414635843858 2.505545055316729 0.5614204588507669
262 0.8709992863091035 0.6071422175099711 2.5052725703029473 0.5603277893769539
263 0.8660834010164935 0.5914424951053331 2.5026519006949157 0.5599546248105287
264 0.8702279725400152 0.6029365672337281 2.5007771408032826 0.5610857809208866
265 0.8709270230180995 0.6103418602105041 2.498650383325359 0.5606532659544651
266 0.8812448384938514 0.6414443951532108 2.4980895111583763 0.5604475126489245
267 0.885569148515042 0.6524018598400793 2.4968254163222143 0.5595567896509627
268 0.8890461691203858 0.6591763573255452 2.496824447479459 0.5601907674327832
269 0.8845352957873464 0.6441454641256643 2.495589655524673 0.5615462486474088
270 0.8789670093006956 0.6281606717015671 2.497074280518872 0.5615125439546391
271 0.8816271284185818 0.6301607456156003 2.4956732659079304 0.5622784503682952
272 0.8797480687317535 0.6281996657141359 2.4979165587290892 0.5604162552292676
273 0.8739047593929961 0.6150749541463242 2.4968871074597545 0.5595394211141235
274 0.873874839896871 0.6200640626244299 2.5022689840409362 0.5584530995232989
275 0.879445090873336 0.6335614422678464 2.500801395303339 0.5601059880195888
276 0.8916427448435768 0.6626551136380597 2.5000225599057404 0.5617979724122389
277 0.8857426531957838 0.6435632123853536 2.4917115767755624 0.5630500551921634
278 0.8758806942618852 0.6214743485050619 2.4912590054240655 0.5638441831891607
279 0.8737711588380189 0.6105909986016211 2.4866118603988814 0.5639516686476065
280 0.8741096193782897 0.6153593564303576 2.491609803032244 0.5644501963774307
281 0.8812599157124211 0.6279391986391998 2.4931421870190427 0.563655259461341
282 0.8789261587814711 0.6254792293424409 2.495471541238708 0.5647979934553007
283 0.8811000541750995 0.6253797894237785 2.4968870202214135 0.5631717501007562
284 0.875120930893594 0.6164730593964937 2.493170099386185 0.5635945478905249
285 0.8765190979693948 0.6191047708421448 2.4982039280495854 0.5628357057534307
286 0.880888745842625 0.6304210281193479 2.495192083270907 0.5635589424602965
287 0.8835823084812463 0.6352002094544953 2.4947181588608767 0.5621665926145452
288 0.88577752051525 0.6431521322684188 2.490351181602898 0.5620932706088865
289 0.8831187349996953 0.6343288271809057 2.490829237132863 0.5615288132185058
290 0.8826372552297919 0.6306857292483802 2.491833787689748 0.5627015448998111
291 0.8796207751789628 0.6264695807430276 2.4963733801772547 0.5624269094060222
292 0.8774938181671095 0.6284671485335513 2.4976509985686337 0.563236651540018
293 0.8740222344556505 0.6202990626751265 2.498422697590073 0.5629267466812488
294 0.8722933883379428 0.6177460879305094 2.498623945037458 0.5624130685316967
295 0.8755410290510702 0.6238534149427315 2.4945292119084974 0.5629970657097085
296 0.8837098849597126 0.646830223039042 2.4935669336037094 0.5630306886834994
297 0.8881713134535444 0.6537625344028902 2.4885941695414426 0.5625991622229777
298 0.8954224625990594 0.6693886934990348 2.490997674331278 0.5632160160268747
299 0.9067651208865535 0.6932168419228012 2.4948950951802464 0.5662456782909563
