1 0.2313715929378608 0.1718105647728957 3.1373605304559233 0.3303076508598684
2 0.2780262434337713 0.137036902688433 2.8522494749914764 0.36748507931241164
3 0.3203889665645899 0.11256408013998909 2.700591844519995 0.3934077661398551
4 0.3606993048089497 0.09777466214022046 2.6825313893983966 0.4077446260648452
5 0.4004603654396357 0.092141935456811 2.6511369717666358 0.42582582410788355
6 0.44241897632845933 0.092945744592767 2.6289755288414054 0.4419709634685278
7 0.4703194202745644 0.09836859019245812 2.6130358589925393 0.4559672664967507
8 0.500996299757198 0.1104676426433346 2.6038966730872315 0.46676763882698785
9 0.5217017927058688 0.12159590722063929 2.5942690637659838 0.4759461545598535
10 0.5415439624131537 0.12924727587182086 2.584865351879331 0.48345664213654804
11 0.5572786774107988 0.14025317271296597 2.582118487746518 0.489968339324475
12 0.57439467064384 0.15558811234230915 2.5745063424684402 0.49793531831587323
13 0.5913871766736883 0.17485263766017725 2.566247515922043 0.5044225142263722
14 0.6073105723863612 0.1908850334177452 2.559507694110511 0.5105593041756314
15 0.603214982548746 0.18183332126305793 2.5590849540878895 0.514086163749565
16 0.6252285147571418 0.2077145766450368 2.561962983933956 0.5176805039376009
17 0.6215562041776543 0.19792335436173566 2.556281792255979 0.5224214497219357
18 0.6373970421525095 0.21875287173929195 2.5513111279299663 0.5255138040833659
19 0.6297210791700903 0.2032308150717009 2.548035125440447 0.5288705747459
20 0.6375059427949852 0.21926745731425493 2.5484659159387593 0.5308932394164614
21 0.6375449387865643 0.21424801036307448 2.541421559900169 0.5342079420798184
22 0.6447458038496375 0.22110158497930235 2.533916498276794 0.5366635833482637
23 0.6541290216128934 0.23043038467476618 2.524445227942312 0.5391783857414759
24 0.6641827738414139 0.24647498325658304 2.524096594109579 0.5409304964235024
25 0.6642326080453568 0.24588285842409427 2.5183047202205566 0.5431840591848983
26 0.6689234661872127 0.25039588177931554 2.521904927106219 0.5449933383269867
27 0.6806218409837109 0.2579774994718315 2.5193555123072717 0.5470967856149268
28 0.690499706369241 0.2709393386695398 2.5214629393696 0.5484111555021735
29 0.688491187443203 0.2604972468282158 2.5199204299009583 0.5489118301238107
30 0.6936522478235546 0.27163054322337093 2.518541582920624 0.5484337354059876
31 0.6936486639162877 0.27152237165304655 2.5134097576485215 0.5494977948094922
32 0.6997667139138072 0.28565734496151296 2.5068743441221226 0.552034964528119
33 0.7019098882598679 0.28944668865866835 2.505979576421479 0.5554631841129501
34 0.7065269401301606 0.295533864497762 2.5080144205798924 0.5560724863934582
35 0.7176751967678779 0.31019208836317425 2.513148749692579 0.5565625389921404
36 0.7175432498665253 0.3026587414048645 2.5063561823487777 0.5570823272097768
37 0.7274572934325549 0.3165234779860788 2.5029074079002527 0.5587698956342798
38 0.7182635894840823 0.3003248106610134 2.49330561628977 0.5600283832960039
39 0.7194687396954133 0.30920876281339105 2.4960242969160515 0.5595012234650939
40 0.7201507558061806 0.3082439789123152 2.4955882913929353 0.5602876908435723
41 0.7348776854484566 0.33088454677017176 2.4976247704073824 0.559552132664948
42 0.7447516774858157 0.34263141702639494 2.49356185295914 0.562296907530326
43 0.7523596907554485 0.35880314178044975 2.4902186919013762 0.562648505330721
44 0.7433921731074135 0.3405697851552209 2.489648756312882 0.564981330097701
45 0.744554998132592 0.34409217873104386 2.491840908691921 0.5640494855858261
46 0.7474850615624805 0.3499355591601607 2.490460813811115 0.5648462784211477
47 0.7576429314367612 0.37448864992638803 2.4833620149027333 0.5654029544056973
48 0.7491295138687896 0.3608736787959727 2.4790406729716907 0.5654626986704878
49 0.7336950248736865 0.33057072233348556 2.4779662227352692 0.5668423121338949
50 0.7310705146771185 0.32261934516943325 2.480315947167296 0.5667674165739267
51 0.7406092771099622 0.3396500501313167 2.482006545367573 0.5678511110533363
52 0.7488829369340088 0.3595120693163867 2.4809318734792734 0.567547955633254
53 0.7550934276647107 0.36715110250579563 2.476959271844964 0.5686672314613923
54 0.7551729219989812 0.36572079872287855 2.472687777452555 0.5686885119834401
55 0.756127389429821 0.361265022335089 2.470491786188978 0.5687306601219895
56 0.7518348738424047 0.35802190763735015 2.4718392583335995 0.568675759751914
57 0.7516339503259588 0.3588762016027163 2.4755234534571016 0.5691502785461738
58 0.7470522538601116 0.35650471955225743 2.4778740519413347 0.5697256049538041
59 0.7528890925702708 0.36077263574683793 2.479263136889795 0.5707067117925656
60 0.7592455170427858 0.36918320303629226 2.4783470043445024 0.5717603289821721
61 0.7712873322799868 0.3885306722614805 2.477585651611915 0.5737575615779202
62 0.7691234784534124 0.3854275245023981 2.470310225256434 0.5751082606024059
63 0.7648030651852742 0.37617228502585326 2.4649851516461507 0.576493933042647
64 0.7696587779640763 0.38221910514249763 2.462335587553436 0.5756922213767154
65 0.7800230788131213 0.4032860544408241 2.4676523729293725 0.574188063491445
66 0.7691953633759874 0.39161743234340385 2.468643450215462 0.5730947574202823
67 0.7582524256379365 0.3759360222255488 2.468643118215187 0.5722995513969474
68 0.7572138384694932 0.37415015939569846 2.464399525050583 0.5728197717045268
69 0.7713865687385648 0.39456747757793503 2.4678654629975365 0.5726759710780555
70 0.7727498082205969 0.3896314052734902 2.4660788579162074 0.5738551254644767
71 0.7734772771375403 0.3916362836155507 2.4658552936569396 0.5742466519869547
72 0.7769158627074807 0.39645229164078727 2.460320481224914 0.576006713892245
73 0.7863185014897525 0.41311790018439537 2.461124175931618 0.5758261588307048
74 0.7900948417838749 0.4135780395529706 2.45702218500637 0.5779061563752399
75 0.7905276109404152 0.416462122197943 2.4598296420829757 0.5782192595451625
76 0.7860492971788612 0.41456941843388667 2.4597352298320754 0.5795604962302646
77 0.7731227836299004 0.3979913408445552 2.4648790625906702 0.5781285257978924
78 0.7691768618882548 0.3897173740713537 2.462784611306389 0.5775892646924253
79 0.7707914679395197 0.38557206490231666 2.4680893842718032 0.575962139941339
80 0.7727442050359444 0.3913286796616771 2.468231780594701 0.5761294358846394
81 0.7683062140209094 0.3818583330279635 2.4680590518612555 0.5765385945709869
82 0.7657319601983646 0.3789513486535161 2.4572507083687816 0.5784949033984935
83 0.7697213741024486 0.3855712204989372 2.4520404506843296 0.5799213235433425
84 0.7740622926162702 0.39556938781643297 2.4446603568925016 0.5801087296950844
85 0.7813357419671983 0.4120982481166413 2.4484621058252682 0.5798991040352343
86 0.781044215083386 0.4091160119985186 2.451886626150537 0.5790068162554043
87 0.7820837103311842 0.4110216073462613 2.456342209353758 0.5800486632074341
88 0.7832864799050779 0.4162469236228427 2.4557532801147555 0.5798137896983366
89 0.7876256493149812 0.42017649354291886 2.454770584334309 0.581100348067907
90 0.7831183199147311 0.40991918564997726 2.4541844380428572 0.5799036640322863
91 0.7811713688989833 0.40513072274575457 2.454957414210534 0.5802107949941592
92 0.7842089324009791 0.41276408526835945 2.455972669986144 0.5797853060718484
93 0.7986757353243034 0.44783535691599025 2.4522958180002914 0.5804449138408563
94 0.7951569996218301 0.4362927566196751 2.450747489740344 0.5817622598401364
95 0.7990571315708387 0.44221231220740626 2.447460459935177 0.581851923749304
96 0.7958728525665776 0.4310847084337636 2.4486311147107305 0.5822265882462023
97 0.7995337168898623 0.4340368389593978 2.4469840081364267 0.5821396936567845
98 0.7975083245810678 0.43293703226766295 2.4456033883113815 0.5818586111195506
99 0.8031360715819259 0.44679153781755354 2.4449445969130417 0.5819500814106733
100 0.802937138318807 0.4551476832721348 2.4416651758047077 0.581586393601624
101 0.7979379053268247 0.4480376179144687 2.4396201336569554 0.5832248406048554
102 0.7936136831055475 0.4355978473840015 2.437307834964027 0.5842938850608203
103 0.7901979307688412 0.42267121653250067 2.4414082159810264 0.5845019914565044
104 0.8002201514648273 0.44225719610630776 2.445192501539479 0.5837477553088799
105 0.8072697217076982 0.4559218130412976 2.443620663357786 0.5829150685377162
106 0.8157739974058437 0.4757411244027723 2.4438153592257454 0.5836050956548186
107 0.816136003927516 0.4765588809771777 2.4411823008997007 0.5839933971850085
108 0.8078584945199857 0.4599076548793466 2.4470552866617634 0.5844909493922925
109 0.812294877772207 0.46363371365502676 2.441394348198711 0.5838346830864468
110 0.8047623999886002 0.4469780377853572 2.4421526570121004 0.5845888540855128
111 0.8085035255175578 0.4544655316984736 2.4333012360225963 0.5851068775706231
112 0.8037093663730975 0.4506456675431581 2.4352345925550245 0.5855872244182483
113 0.8057062941162978 0.4561988147156451 2.4307612218441985 0.5860784727371301
114 0.8029192015889725 0.4493013106907639 2.4348978049385104 0.5864418649834934
115 0.8099469947238361 0.4612816636741257 2.430260420292614 0.5858425821026679
116 0.8143387735850459 0.46928620682420785 2.430969061415313 0.5856550698394501
117 0.8112749728559298 0.465410809200159 2.431367647562605 0.584220228942971
118 0.8096177739854458 0.46816799806201415 2.4338746542658605 0.5852521755802789
119 0.8050042755234186 0.4572273053955582 2.440187583407257 0.584737486669769
120 0.8037329421605807 0.45580057270194224 2.4362760642068166 0.5858024506319011
121 0.8012937005859694 0.44793368713508813 2.435289369342962 0.5851259226028157
122 0.7996524939805107 0.4458246693699157 2.429596643242338 0.5839093180161788
123 0.8103007175323603 0.46037711626088007 2.4367838984412273 0.5832177897853917
124 0.8139113821375519 0.46933308201900825 2.43521515750021 0.5853820480443891
125 0.8126394857100259 0.4646426783928483 2.4354644436276125 0.5866939691924177
126 0.8093868592914589 0.46193193689689366 2.4293943990032143 0.5881653073392658
127 0.7966017936230451 0.4313229180683425 2.435138460034167 0.5864978419576533
128 0.8001409164956109 0.441141948247485 2.4341206009458642 0.5855714886719988
129 0.8105985190825127 0.4605465467687761 2.4364802039946136 0.5845326422788478
130 0.8213665201027135 0.4869029742665625 2.4329734325615884 0.5850127965985964
131 0.8171234247387155 0.47647641719819833 2.431328293111187 0.5863980147005717
132 0.8100578034285394 0.464748440230306 2.429121444145235 0.5858010908879255
133 0.8078211115950701 0.4530142880935443 2.4277445020544604 0.5865860182187276
134 0.8085322019538387 0.45296795026774345 2.4289349815817665 0.5866715604725239
135 0.8107647747227386 0.456853669631421 2.4279115544120846 0.5876093833574314
136 0.8157353270640839 0.47687904818137744 2.4283332479299546 0.5862120982756392
137 0.8224481138519542 0.4968015746440105 2.42777323004803 0.5857422233492967
138 0.8218708930844016 0.5017174023397238 2.429482287705678 0.5865830642231765
139 0.8123283069773274 0.4817905716070004 2.4338133226880245 0.5868884379046513
140 0.8028788220981568 0.4640549840472002 2.434092991772356 0.5866036930142106
141 0.8032992125500108 0.45980659164962107 2.4356006055092276 0.5868161135059186
142 0.8052958201620125 0.46018667737171065 2.433226637880551 0.58730004491973
143 0.8178546729293421 0.48354252157935956 2.433753215941405 0.5882917648422593
144 0.812564079704931 0.47046001365335477 2.4294399231508805 0.5879205518008498
145 0.8200880404359093 0.4860243779463423 2.4267401311368264 0.5877841303848607
146 0.816997966557015 0.47662571881196275 2.4247614358544824 0.5864367345812279
147 0.8165516598907745 0.4849011532809744 2.426892993892942 0.5863075841683579
148 0.8093691589835309 0.4734368823225726 2.4299180500817563 0.5851941065344718
149 0.8117648783366264 0.47685667659628256 2.4302764660445337 0.585497890717711
150 0.8070818939214451 0.4543735559056274 2.4320953101202143 0.5858075475984149
151 0.8170185294428686 0.4710320255218244 2.4271645551369985 0.5869363080828177
152 0.8168953424730478 0.46516925214647387 2.4298493582196623 0.5871508824623708
153 0.8229845367349812 0.48563053906151943 2.4288232413801096 0.5871968688821712
154 0.8185636963206963 0.4764492625785805 2.4267244035891267 0.5864428323786055
155 0.8142544017445567 0.47344388160679474 2.420316557331923 0.5868591295831846
156 0.8109359837504803 0.47157717166257146 2.4199549367156163 0.5874177160091989
157 0.8165255537874959 0.4808524243250205 2.4224975051668984 0.5878515881479306
158 0.8159121239065897 0.482593279587123 2.4206178440135875 0.5881238879412701
159 0.819260906856479 0.48724271659318436 2.419461078921008 0.5868936037094992
160 0.8195674560151733 0.48617725224964553 2.4163449959337826 0.5889565069234103
161 0.8233947461689842 0.49072889815069853 2.4139820050076497 0.5884976214037462
162 0.8362845009223062 0.5102542623018983 2.4128474079326576 0.5900755173966331
163 0.8338887650740241 0.5067937145210927 2.4154242243053785 0.5890830318813741
164 0.8388567341352701 0.5133802106759381 2.4206194385939477 0.5907941694563633
165 0.8243546113097943 0.4843331456661957 2.420793023322386 0.590828438312495
166 0.8148223353158217 0.47010128578560395 2.4252505476815847 0.590284641565813
167 0.8161882826051009 0.47496721084324306 2.4311586387743405 0.589157968004307
168 0.818915037577438 0.4829255797685697 2.4315802770406116 0.5882747058643661
169 0.8305693215415082 0.5067027322040728 2.430816440319968 0.5894814110384825
170 0.8317563604553397 0.5180041656044438 2.42896061761186 0.5897367299605851
171 0.8341121437914558 0.5233218186644971 2.4287726708070383 0.5897798645755824
172 0.8351849346709316 0.5186640605118494 2.4240489148754114 0.5893598323283177
173 0.8304980741235326 0.5014661501990163 2.4221852417785956 0.5894587117650286
174 0.8274270897731325 0.4912270206913531 2.4235940738025477 0.5885215361234485
175 0.814636925423699 0.4698654812744448 2.4271569084118267 0.5876164574511824
176 0.8081190099476352 0.4564819837059137 2.427009387153843 0.5871281099528091
177 0.807592610114649 0.4565706598761017 2.428544663565502 0.5871162550365031
178 0.8165785979060708 0.4741355903089725 2.425593023601958 0.5876252708427918
179 0.8252020234916624 0.4896186428410824 2.4258667852259825 0.5871048700216946
180 0.8290500734246725 0.5036544186868516 2.421117770022284 0.5882236675568905
181 0.8284004277329715 0.5029535746315422 2.4176529481071367 0.5888241133501518
182 0.8244945167292465 0.4975581249022938 2.417029082619621 0.5883948752664736
183 0.8150840116935664 0.47255818634875424 2.418091282968511 0.588423890188128
184 0.8193883732160231 0.4813570724039307 2.4187317291147035 0.5890562867740896
185 0.8218308760936234 0.4906823798200189 2.413364207959904 0.5913459574755112
186 0.8311404028967142 0.5062811143196292 2.4153860912772838 0.5918705842301355
187 0.822714063420298 0.49076523612483225 2.418347246543369 0.5903483604509682
188 0.8165874512417229 0.48168385737933145 2.42061936907797 0.5885457708828293
189 0.8136823960641705 0.47842914554561783 2.4163885797121956 0.589314421442339
190 0.8225653943472736 0.49421644056596853 2.4159514842378256 0.589639419615598
191 0.82341689459264 0.48981524976756036 2.4214121952587826 0.5897424685954163
192 0.8275196011872469 0.500090340599828 2.420364298855317 0.5888597512776027
193 0.8222413769400868 0.4894882186302822 2.418899432817907 0.5887494231144282
194 0.8206845397033149 0.48489051965735647 2.413901979514596 0.5888251642324768
195 0.8198139465283919 0.4809540562899583 2.411018779351668 0.5897951012150503
196 0.8218362727519192 0.4856495974210686 2.4127522844011504 0.5898957434845274
197 0.82931332941281 0.5035766583840185 2.411262622453022 0.5906502689073249
198 0.8316994039343985 0.5112022842261325 2.4139457567340323 0.5903492692986249
199 0.8359791715118489 0.5228940340276905 2.410825603454805 0.5907006783741825
200 0.8351769625614193 0.5169123161627804 2.4130255561058083 0.5912653251298877
201 0.8290439560350737 0.5044557101273757 2.4098830143252683 0.5910074403587481
202 0.8245188959057392 0.49269728112388583 2.4090597153546303 0.59169162677962
203 0.8249428568787945 0.494662441088974 2.4093211915405246 0.5910271008201605
204 0.8249663349119721 0.499984220143826 2.4139861145711303 0.5902578933773008
205 0.8250553806480886 0.4979693237076892 2.4177634041364904 0.5900665713063876
206 0.8180859197386251 0.48244672522730997 2.4134936534584708 0.5901934655847062
207 0.822464281918636 0.4837004212355771 2.4139416026055254 0.5907726364088631
208 0.8277837387612843 0.4933082013690327 2.410929000526268 0.5908609419985859
209 0.8289534485083543 0.49661632715520554 2.4117424503331737 0.5916775435894248
210 0.8295396476558191 0.5070452724841429 2.409940664433194 0.5916772416018383
211 0.8217098731416993 0.4914873085025821 2.4085823538957474 0.5925542265129341
212 0.8262639449762915 0.5014855128542643 2.4086712252088494 0.5930970051943527
213 0.8310946381031065 0.5056670684665893 2.4121924685206992 0.5917404055018929
214 0.8309160492690241 0.5070238017008224 2.4130225292667813 0.5901735730276345
215 0.8334364452413955 0.515328901711242 2.4135100644647376 0.588781118190003
216 0.8319060135600257 0.5040722641751775 2.406243336815012 0.5902864478536644
217 0.834632089387477 0.5092809406562124 2.4072633860391686 0.5894753670661707
218 0.833151845032933 0.5055929839489242 2.4100334661060017 0.5904576491444947
219 0.8292739899558376 0.5052079095804577 2.4166040264031383 0.5901727044666621
220 0.8297178330165155 0.5108006310529181 2.412577804274035 0.5924507018161883
221 0.8312134085453186 0.517330535765471 2.41028050427995 0.5904732097751243
222 0.8286531276615327 0.5111190834947225 2.4095904331830194 0.5902651617201912
223 0.8237764879659822 0.5032275388366189 2.4118690511442398 0.5896170777892445
224 0.8232405948243023 0.4964849813465138 2.4128525435395756 0.5907772010124129
225 0.8276973305136268 0.5049364394536147 2.412196255082477 0.5907234461517455
226 0.838244512272373 0.5193446327698398 2.4151829192677803 0.591659930249857
227 0.8366647816692403 0.5185355002627231 2.411857964196207 0.5930379882796104
228 0.8339032639978962 0.513158672384672 2.4125551037814574 0.5931681660817899
229 0.8315957901986852 0.5060146105025698 2.4102939625679967 0.5917229742175634
230 0.8348899627739496 0.51262177928347 2.4117829944128277 0.5907769700456621
231 0.842979429177373 0.5328586069077962 2.4064668698452683 0.5913096165847285
232 0.8340481969066756 0.5173438790591344 2.4046502685569844 0.5923675313334589
233 0.83773253670809 0.5187297250062723 2.4052791947207246 0.5920281072411605
234 0.8295853673575722 0.5001318089492248 2.41012037520219 0.5917735602860272
235 0.8400623517520124 0.522152684747916 2.411205008690751 0.5915082291978934
236 0.8359809889686334 0.5182011063849167 2.406457224702438 0.5912611037597721
237 0.8395912203962785 0.5230055072924092 2.401674204497903 0.5915629377465759
238 0.8381102717793585 0.5227296078513753 2.4017481590148893 0.5917754844957499
239 0.8442556209437835 0.5351358115088994 2.40456749027754 0.5928872786863623
240 0.8416833109494385 0.529968293602941 2.4075579657983286 0.5940389890602832
241 0.8428622460452609 0.5301077068935123 2.405560251785523 0.5948694210472983
242 0.8398347284879182 0.5230038763522938 2.408378721372596 0.5949878702684125
243 0.8455681561347231 0.5414005345293785 2.406379192249641 0.5938414581359162
244 0.8480238861093125 0.5423517711547764 2.409835639719542 0.5928092703805934
245 0.8512556674496378 0.5516683397177725 2.4045015989770633 0.5916968027746096
246 0.8538682617947795 0.5506021306268893 2.405032004398366 0.5916676285816372
247 0.8533661159852896 0.5558769386139132 2.400037629135578 0.5898030539913244
248 0.8575075665961766 0.5613900638589325 2.4005432896378083 0.5904742534198952
249 0.8540879770365102 0.5557609143248378 2.3992129035867635 0.5912100174568509
250 0.8556276804718568 0.5565361225733192 2.4013325470230886 0.5933691364946395
251 0.8514212701476157 0.5529814816257355 2.4044212801757747 0.593022435426619
252 0.840537291659091 0.5279390718616785 2.4008857491637223 0.5928247271170259
253 0.8338134490622263 0.5125832538294693 2.40163494116655 0.5925654834859745
254 0.8307929954080371 0.5018156081425454 2.403021754050632 0.5932369387698366
255 0.8378537585240866 0.5177205152290755 2.410179545192181 0.593855709456847
256 0.8351258157714992 0.5103020773581362 2.4115339640191196 0.5942374707913255
257 0.8370911804512474 0.5129353081022653 2.4097661875649092 0.5930824055107168
258 0.8360078970591339 0.5119351877353919 2.4084873409138545 0.5916961410894527
259 0.8389194957693054 0.516336589976311 2.4083317682581415 0.5909374891344388
260 0.8325373604486647 0.5069726303623208 2.4094928013805528 0.5917988021199457
261 0.8326949754801579 0.5099000994485957 2.40625115678097 0.5916903027446995
262 0.8338837375231481 0.5126534463985192 2.4071052657112895 0.5917276619362446
263 0.8362697107099285 0.519258338898302 2.404540542249823 0.5911474158766045
264 0.8448481103222099 0.5313064028127064 2.407235146366808 0.5914132019111084
265 0.8452187218955455 0.5441369921331928 2.40116453201984 0.5903446907480691
266 0.8452651822680592 0.5435988589342732 2.3989215529079733 0.591050117807339
267 0.8400193827022461 0.5322257425427582 2.393695656746471 0.5928488673206417
268 0.841752676117887 0.5321645325999866 2.394762301928285 0.5941333683299599
269 0.8474831463820719 0.5455631012183542 2.396085853189352 0.5945419598321351
270 0.8475974653279635 0.5511897073994788 2.3984653319959865 0.5923336515924792
271 0.8441050365740117 0.5401990739798307 2.399848944389498 0.5919707565427655
272 0.8464394264742504 0.5419297105442805 2.4007278093634556 0.5918415576291234
273 0.8448544357861412 0.535730401247136 2.403076388995498 0.5929739688735798
274 0.8426415425910481 0.5351542666614031 2.407246493088073 0.5939230287007023
275 0.8431156216337442 0.5406457700424264 2.4046858452933257 0.5941091793085244
276 0.8462858357259252 0.545848243621221 2.4026553623723275 0.5945565350641925
277 0.8524417197810048 0.554585818948793 2.398276963656118 0.5946444635417466
278 0.8402204075539181 0.5246495803832341 2.401007720931218 0.5949653288743456
279 0.8380038873855954 0.5226098138342614 2.397927758413265 0.5947898733899605
280 0.843204577261203 0.5352888331578257 2.396428388241583 0.5949593056395828
281 0.8481341645659962 0.544413532816936 2.3925269173517996 0.5951629665870571
282 0.8513016986266034 0.5479847891780572 2.392796628847598 0.5945697593856667
283 0.8438748051334867 0.5327146673449935 2.3955291089139212 0.593763410811333
284 0.8456607238662643 0.5382827956431876 2.39783720216772 0.5931119515529629
285 0.8452020296259825 0.5377642654701812 2.4017182564657094 0.5940299839142404
286 0.8515948437366733 0.5490954610470891 2.400249957456945 0.5946537402198738
287 0.8521499652607408 0.5502712718105632 2.401603339229272 0.5957864540072287
288 0.8508763973511414 0.5490360671716461 2.3968726051100595 0.5958913933001732
289 0.8426261982243485 0.5317188821604821 2.3948163346355558 0.5961719629601093
290 0.8432785214504964 0.5365086945180667 2.393786313766116 0.5957124706456107
291 0.8460188339696203 0.5461864803885939 2.3946353546629564 0.5957479092330292
292 0.8511539474184749 0.557635982740904 2.3953879029744027 0.5962853664626397
293 0.8487740970099847 0.5483767119289459 2.39339726930563 0.5961075403987118
294 0.8425732219864296 0.5311164139523551 2.3974279436418793 0.595694793493518
295 0.8445861117622161 0.5335997207258245 2.3939271534560493 0.5959150933496847
296 0.8479272425068055 0.5384716830012212 2.3933511976954502 0.595262451722684
297 0.8483390239352651 0.5394299865903157 2.391187288937671 0.5942729775466619
298 0.8445739541550973 0.5323365364569091 2.3892748655012794 0.5941170257134131
299 0.8466776195942578 0.5395755020718308 2.378567261599267 0.5971353727091127
