1 0.23326692874872176 0.16779866387036532 3.124409351962538 0.3314078056759503
2 0.2898367932065002 0.12722172090000206 2.9521192205341333 0.3461999410345005
3 0.33603120051327123 0.10165837147382618 2.865575821948344 0.3562868163712712
4 0.3710721356210134 0.09141048705644038 2.8566963265112992 0.36282478160604
5 0.4046022019724886 0.0914042416258909 2.8411091231233567 0.3699481638139271
6 0.43615437049127487 0.09033356842547624 2.8192333607374853 0.3779638479057004
7 0.45999134279800513 0.09333373124907096 2.8115535586822404 0.3839359377559382
8 0.4861842281524704 0.10071683972596801 2.8002141125944466 0.39061566199422576
9 0.4964809414410752 0.10160309573296988 2.798153912936671 0.39541261823128354
10 0.5159164716696073 0.10997107911655685 2.7832255405075377 0.40155291816222843
11 0.5280947236135872 0.11885330444205104 2.774557936009335 0.40575985142950666
12 0.5480341750130315 0.13403091138323206 2.765426230817632 0.4096645276950861
13 0.5565879318927157 0.14179704873149346 2.7621286601573396 0.41321917525223234
14 0.5697611159914702 0.14714231398475397 2.7609522652288923 0.4168055431910369
15 0.5792894456992893 0.1574837820258434 2.7548612434276323 0.42120179116755735
16 0.5888685591860742 0.16232721154850657 2.7503390652609245 0.4244793592268583
17 0.593797905012663 0.16991684453717504 2.7407938920041865 0.4286732001848807
18 0.6033196073359435 0.1779128713522574 2.7313791086138663 0.43233091879325913
19 0.6125388494986636 0.18857497992172279 2.723492838931756 0.43564327310040185
20 0.6180273214285741 0.19491590354175234 2.7233585857279916 0.43822409385532807
21 0.6326046972599667 0.21376078762393905 2.7196070900120524 0.4405063824614253
22 0.6388884893236569 0.21357742703867244 2.7121686680080384 0.4432403702102772
23 0.6454547295202017 0.22251780531987583 2.699692754437212 0.44609948464655097
24 0.6465012072412805 0.218879225993148 2.6966469933473842 0.4489803607263079
25 0.6584495986059861 0.2414159749942986 2.6903673436322806 0.4521458440700381
26 0.6614252916646205 0.24492172506965312 2.6881398279219635 0.4539173570341233
27 0.6651210355235866 0.2505133835461433 2.6855052182593826 0.45623514769082085
28 0.6652797649263082 0.2530895658329225 2.6842032821798845 0.4586702059636419
29 0.6710812402889325 0.25869760491927757 2.687572263177239 0.460797323591086
30 0.6767396707279749 0.2628559243045108 2.6831368772344018 0.46200949128499663
31 0.6908382812553048 0.27512491770561404 2.6798522441336714 0.46473143526005073
32 0.7016572454577874 0.28848905055102525 2.6699249032632433 0.46728304708833535
33 0.7091708304101991 0.2981239851925999 2.664441432049957 0.46973207698587033
34 0.7078685138067842 0.3013184309062341 2.660301309998015 0.4696606311669071
35 0.7122635388472096 0.3111586795733187 2.663279591462849 0.4723526974635555
36 0.7112703488194194 0.3161307653060571 2.663336661254581 0.4760035793673762
37 0.7127590998036827 0.31950413666928795 2.666598580750829 0.47772073096827433
38 0.7091867833470283 0.31645823926275335 2.6636018034422677 0.47813619870133506
39 0.7038619789771091 0.3053012306847776 2.665748941349442 0.4780462886570466
40 0.7108523297702741 0.3103815986137795 2.659916662645733 0.48092093894596166
41 0.7194400701574102 0.32258190322233626 2.6583733018503843 0.48302022110085147
42 0.7304340712293116 0.3429376123771759 2.6542214426547344 0.4849480189616373
43 0.7326194480765036 0.34325752838822865 2.652451400110845 0.486679642263896
44 0.7287178139571276 0.3343988506081888 2.645558319860355 0.4884138685799168
45 0.7380445464398168 0.34460263732928437 2.637218912186865 0.49020900908654347
46 0.7469491147199699 0.36249249957878554 2.6319336916168767 0.4921581173956224
47 0.756634171242547 0.3724825628877538 2.6284006884053555 0.495187060038449
48 0.7511175799824011 0.3593492489431716 2.629102374641294 0.49613886690118053
49 0.7454265834207074 0.3498638640967255 2.6291883620397734 0.4964804870629087
50 0.7477930637153797 0.3597177871843769 2.634577628865354 0.49606317726897003
51 0.7480390973851425 0.3673330897044295 2.6341189938903335 0.49739064045977094
52 0.7553221361831772 0.37638996812902265 2.632880534784617 0.4975374417747313
53 0.7494582123536789 0.36499357890368506 2.6287543594814444 0.49810459249058187
54 0.7581356961350328 0.3710711930178489 2.622265393055696 0.49995496541412066
55 0.7591781444373863 0.37809545581474535 2.6193561502003755 0.5014499835781294
56 0.7691250658549519 0.3934540256849978 2.6190846144029565 0.502740399465248
57 0.7680168282977838 0.398020911710196 2.6200977201185967 0.5031309761420313
58 0.7579745631687219 0.3805216081002918 2.622176655955227 0.5044864792035255
59 0.7586439970507083 0.3803798032756269 2.6153124677251838 0.505009340780891
60 0.7581176834785927 0.3796819930313036 2.6114700913065803 0.5061645566156958
61 0.7684652349858029 0.4016815483126473 2.607412881724551 0.5069845515549296
62 0.7653671778675061 0.3960718850748634 2.612800642330925 0.5075499591275142
63 0.7679037109842772 0.4029994034079371 2.616195426905572 0.5071050315801718
64 0.7654450505199751 0.39047900881595227 2.618218399941607 0.50782147404936
65 0.7732459955439985 0.40673989599642185 2.6130250025840462 0.5094147365457898
66 0.7719916611231227 0.39923129676226504 2.614329794415561 0.5101302569621617
67 0.7772865856084369 0.40922593870083795 2.6117279104342868 0.5107962388329162
68 0.7664822661081533 0.38812684454257473 2.614947797301688 0.510751641693686
69 0.7693640115886214 0.39770737185917165 2.608664617939335 0.5122354631253131
70 0.7632477404988794 0.394015609736055 2.608511136843649 0.5134226034570023
71 0.7823785366628558 0.42375031102847416 2.599822911571128 0.5152787554234401
72 0.7883705208770051 0.42687672083935696 2.6045079407098446 0.5169933398756161
73 0.7998395150983221 0.4449511057386386 2.6003774348093525 0.5182798421167528
74 0.7905198379968684 0.4359821966911306 2.6007290395083236 0.5197820363820709
75 0.7980000229471528 0.4548317166004068 2.5939526453252637 0.5206294825843686
76 0.7976501903222323 0.4529318035473808 2.595029905997662 0.5204371666094705
77 0.7961148997098206 0.44876875940532673 2.598593139980592 0.5202650123306546
78 0.78365762253802 0.4252137937226063 2.5990058463560346 0.5207940680590122
79 0.785296718288978 0.427663363678634 2.6006805450381933 0.5213982063032053
80 0.7895660696929948 0.4343578315706625 2.5908132032028868 0.5225854961010737
81 0.793576712434018 0.44200993026968477 2.5911356276793756 0.5226785024094318
82 0.7942342049620326 0.445637101151025 2.5846945248720634 0.5234913014347523
83 0.7969848350393584 0.4531157954895426 2.5875767390418596 0.524166079543931
84 0.7989485010750159 0.4560282776139057 2.5793628642554256 0.5237347281383558
85 0.7966599422274482 0.4505681149155489 2.578944751647058 0.5245819363962264
86 0.7940959843108436 0.4457184567538153 2.580239144385963 0.5249270943952568
87 0.7883502237867791 0.43529358222561515 2.5833854920653256 0.5261779928442879
88 0.7936410463208009 0.44323195036532287 2.580535810900162 0.5258225189690483
89 0.7974445712014945 0.44460203507290214 2.5818325089326386 0.5255876112141489
90 0.8014332537063343 0.4539627422984176 2.578644445745688 0.5265754362079438
91 0.7937835858653443 0.436483036086948 2.57921414558759 0.5275150217264658
92 0.7940219374765434 0.4402375354232742 2.5731160801399446 0.527499084765863
93 0.8046132937691929 0.45867200195143365 2.574348681149911 0.5276137227140195
94 0.8118718297371722 0.4721165397234898 2.5752834494516597 0.5276987135799358
95 0.8177832166878817 0.4803220528043246 2.5818534049873456 0.5276906192622857
96 0.8108423773278757 0.4677099507728106 2.5817776004676465 0.5280709209975952
97 0.8095734590539024 0.4678048614392421 2.578376510473289 0.5296376082656737
98 0.8067013738547527 0.4652464821027042 2.5668003172450544 0.5319406594422655
99 0.8169485110648114 0.48793661362766816 2.566397611182142 0.5328971797352086
100 0.8155830794146852 0.48606417049968126 2.5665905372759616 0.5330605004388962
101 0.8135724145655918 0.47865834013768066 2.572229001905812 0.5329599890092492
102 0.8108415059652044 0.47064717340565804 2.564781848572488 0.5333572209693752
103 0.8170631135923018 0.48419296596748945 2.5632629178822035 0.5343580855542464
104 0.8173280157072996 0.4903722259982244 2.5625142565336287 0.5352507785389776
105 0.8091485473501331 0.48108662800865004 2.5686159070428487 0.5349468907339417
106 0.8044338208198503 0.4735979797437389 2.5711868549719514 0.5354071392863574
107 0.8084254109895023 0.47989962864069685 2.568578305208405 0.5361002055603042
108 0.8206806724645049 0.500802927065886 2.565148632549213 0.537808695040592
109 0.8284125342951262 0.515292195444676 2.561265037887097 0.538609247077756
110 0.8232463874497383 0.5041192503640971 2.5614210446729877 0.5384785234974664
111 0.8205098881677407 0.49149653833927176 2.561751754226908 0.5382477458181514
112 0.8168615851915654 0.4832842751548756 2.559686117651886 0.5380267099496793
113 0.8226229030383229 0.49620678440408966 2.558078548155559 0.5390095370311047
114 0.8154781719793341 0.4838966677944143 2.5562475630656003 0.5398908597533214
115 0.8096444062336486 0.4710921869802545 2.558037045943987 0.5401456816220188
116 0.8082899329317242 0.4679831049255547 2.55882943430854 0.5401948380060578
117 0.8138416469814119 0.47964172874130323 2.559099113002659 0.5401110493121801
118 0.8243220966811751 0.5029719687620924 2.5593293235682766 0.5400406031758104
119 0.8220771407024984 0.4935955205428395 2.5593635721542967 0.5403597639557858
120 0.8243745812463862 0.497913208333399 2.559617500316284 0.5404448776370354
121 0.821919041232832 0.4892580443920636 2.5585345631241467 0.5394926322345537
122 0.8266071523497508 0.5031345664048242 2.5550501200579383 0.5383600774756389
123 0.8248592974462822 0.5019731162690788 2.5546066729196686 0.538565097286477
124 0.8238877216117418 0.5024830336950861 2.5539270396790203 0.5412593058056588
125 0.8206038853895695 0.4945654637787083 2.559300839131568 0.5425711516096191
126 0.8222817472348063 0.498184561322011 2.5570362397563233 0.5448949312087825
127 0.8205418364083461 0.4900649469363758 2.554328791486555 0.544986902431539
128 0.8199761527858498 0.49070029419434996 2.5477939913754937 0.5452577953275065
129 0.8252259452361606 0.5003943526046433 2.5500750061563244 0.5450031488891485
130 0.827511571329302 0.5079012458115485 2.5484260169424724 0.545526181137832
131 0.8361564052854552 0.5205786985869963 2.5490796685754487 0.5453363203152229
132 0.8425698437278744 0.5309674680629918 2.5509194102364656 0.5443682067452359
133 0.8475186388979613 0.5377514475639066 2.5554667989218083 0.5432058284970624
134 0.8509599789682518 0.5498682940340943 2.554474623684722 0.5447379102598994
135 0.8473774855841052 0.5474361251793932 2.5514565726115865 0.5447974734369917
136 0.8445989061878656 0.5453837026383265 2.547305109113233 0.5461007476101865
137 0.8417334731585756 0.5399078344652383 2.5462166879421195 0.5456519815840892
138 0.8362869574427667 0.5302482881712086 2.5424627305717524 0.5462574790668914
139 0.8459659332517163 0.5438436454526628 2.5439590013318827 0.545666354387932
140 0.8427351898924642 0.5387635225142878 2.545383206109095 0.5454626969046444
141 0.847925938021893 0.5476533635785388 2.54683151755775 0.5467538129595917
142 0.8433330229140346 0.5390647040627058 2.545957718936103 0.5477975749424152
143 0.8452912288933856 0.5426860890814228 2.5423441157414706 0.5489689347949254
144 0.8519438994311836 0.5540492370489994 2.541609820668505 0.5485781588519458
145 0.8551559013570263 0.5649510953631283 2.539105274705087 0.5493759072525034
146 0.8578512239758883 0.5682993254425056 2.54177147941568 0.5491539694716396
147 0.851707186018721 0.5544218989326465 2.538921375947538 0.5505209741322877
148 0.8509023713558527 0.5544009670665595 2.5395916354315218 0.5513241644411214
149 0.8531273764654794 0.561060425351049 2.5353087448931078 0.5525272454322375
150 0.8556510028734933 0.5686383672921128 2.5326389436287164 0.5533349396702891
151 0.8474586375502079 0.5542724074322896 2.5256353699641885 0.5533459209025453
152 0.8460601340519114 0.549636331829686 2.5247841632427392 0.5544266455797519
153 0.8490900480264787 0.552423842981273 2.5255703124474707 0.5535116375468419
154 0.8572032122404695 0.5694393137180237 2.527257260082106 0.5538866368229137
155 0.8601058580898041 0.581048810736139 2.5275240399153986 0.5530986151494388
156 0.8517274305479958 0.5691779726029336 2.5302623056309734 0.5531612881722536
157 0.8422573006339089 0.5433909695938177 2.531994043085714 0.5532347708123303
158 0.8488200001953424 0.5517654857783392 2.531224670198936 0.5544631086978473
159 0.8563922601988638 0.5653982090477628 2.5265763532082963 0.5542793166078158
160 0.8711768742961895 0.598991138819622 2.5228094181481 0.5548234671195762
161 0.8729817583299532 0.6059715044770847 2.522013765421853 0.5549979398872719
162 0.8693689636102979 0.5988771695218964 2.526699304122116 0.5560766922768915
163 0.8666775769481451 0.5958093077716219 2.524634893381639 0.5568095194190462
164 0.8588680709469414 0.5766408639508342 2.5292094719414866 0.5570542942231943
165 0.8641240201843708 0.5847333604669932 2.5288857022339335 0.5564861132875046
166 0.8644682811225145 0.5812615509214347 2.536511841032012 0.5564545943769565
167 0.8617825058661475 0.5690198301902691 2.530602674242115 0.5555431930651633
168 0.8543264919823921 0.5593245420600543 2.5280328236336724 0.5571293192175634
169 0.8569663675525502 0.5607148200049371 2.522473488356963 0.5577085405372136
170 0.8663025147403293 0.5934161981372298 2.5189227619937813 0.5598499747457378
171 0.8715030889999781 0.6013834450446077 2.520640157660747 0.5607210744549337
172 0.8681357902821972 0.6030045312528222 2.521888416361852 0.5597530886969722
173 0.8668240769700851 0.5933217339003555 2.5245367516877573 0.5582561988574088
174 0.8647535355958315 0.5901004662803201 2.516757942714419 0.5580315788125731
175 0.8649031223202224 0.5883354600482007 2.51379727447122 0.5590875361473941
176 0.8613836110826575 0.582792609147521 2.5143831827099405 0.5592528455607663
177 0.8696396178578988 0.6008067801845954 2.5184181527426803 0.5593015674109734
178 0.8718779217688096 0.6049537198944999 2.5169319967141326 0.5603074346113833
179 0.8758900594817661 0.6124029402763097 2.517840377865976 0.5609906913207904
180 0.8813789821961747 0.6259738352695462 2.5154046938568286 0.5613415573842003
181 0.8792752027585449 0.6234924285094919 2.511092643978563 0.5610520184388675
182 0.8767627720073262 0.6201879098026964 2.5092653891864978 0.5614774216060261
183 0.8578520633253089 0.572803545752295 2.511488075861154 0.5609429638651271
184 0.8552560414455983 0.564964646263619 2.5225418767939156 0.5612876474213111
185 0.8565544787641249 0.563698083222025 2.5196087116664745 0.5619191762287191
186 0.8611842838364652 0.5747233048073616 2.519878475357954 0.5626014136689726
187 0.871546924142745 0.5975308436644369 2.5129101062211254 0.5616695097443006
188 0.8646468754378916 0.5897871816058506 2.5211151034865353 0.5597797503096067
189 0.8677122535673316 0.5962278007196476 2.5177535451422624 0.5591331689110087
190 0.8683804583302761 0.5953558648995284 2.5179265263272903 0.5602864169400013
191 0.8699483687348503 0.5897157079724229 2.5100179009698587 0.5619970684741956
192 0.8682395242409032 0.589601133121331 2.511897632641102 0.5635483753488085
193 0.8562391135395463 0.5637562180964172 2.513329939704311 0.5621265710908916
194 0.8584292145115987 0.5685152684557857 2.5162025986334946 0.5621327808466174
195 0.8555757617826169 0.558183125674124 2.5150547094861646 0.5617618889662432
196 0.8572347802456255 0.567284964512915 2.5166397242037264 0.5623479634337919
197 0.8667779448484191 0.5969481130580095 2.511807183370528 0.5622133011825737
198 0.8751092702189481 0.616749475018568 2.511339740337591 0.561905284313618
199 0.8843268436032411 0.6348072467665267 2.5041931428585174 0.5628896197813137
200 0.8750503952166113 0.6114547759469774 2.508174276225448 0.5636996777962744
201 0.8788293048351581 0.6198938938381334 2.5051455738681994 0.5641737342313774
202 0.873853893916384 0.6061424623480919 2.506478425171031 0.5646081969682729
203 0.8801156862542207 0.612013106959903 2.500775621395728 0.5653789338095235
204 0.8791155527273878 0.6124825495572185 2.5080774273172346 0.564925855622126
205 0.8811551443706532 0.6202185590853191 2.5108655528684594 0.5649662773109199
206 0.8748442456856121 0.6115708343901672 2.512034459399944 0.5647984131108772
207 0.8736583218963139 0.6068401246261568 2.5081544087611296 0.5653660374255686
208 0.8754612065562691 0.6120612829906934 2.5084185979653153 0.5647503988755574
209 0.87815531863701 0.6176156771299955 2.5064035865314436 0.5649806969784952
210 0.8803389821713713 0.6220780185820822 2.497719191850322 0.5665879678502102
211 0.8804930556178642 0.6173976855638509 2.497129802045794 0.5674869406089961
212 0.8810171116013329 0.6167066340417564 2.501700653124829 0.566879622433848
213 0.8772363587155034 0.610111478606334 2.506500452671664 0.5656029625592383
214 0.8790650544865178 0.6129351826554511 2.503633591570527 0.5647405521188733
215 0.8762996556216417 0.6133286713830749 2.4970830678415297 0.5656550105648496
216 0.8766390572353108 0.6161487229500966 2.497682739940474 0.5662252260343815
217 0.8804082816263366 0.6287735232260049 2.499067832377271 0.5665338288691486
218 0.8828741111198856 0.6328539024416872 2.5050260638988138 0.5647845589968096
219 0.8820393987838999 0.6248588223795962 2.5079585203076196 0.5639806102977505
220 0.8739524821674788 0.6071429799321663 2.5035839057170732 0.5655002299303455
221 0.8745578127223003 0.6034897030483294 2.5018399406343064 0.5676862785756719
222 0.8804537160476916 0.6225056499250426 2.4972370718368544 0.5689358117611868
223 0.8825430705782441 0.6263019323011494 2.4979603206689247 0.5674962203505867
224 0.8796751299408888 0.6217128779521205 2.495177446575519 0.5664399455713779
225 0.8744507014851477 0.6087588429299974 2.498772855448316 0.5652177847271088
226 0.8727808016707295 0.6061577908268455 2.4972576799385227 0.5668115677636697
227 0.8739002544426983 0.6088526063574129 2.5001862919334292 0.5675661528563338
228 0.8751814581531462 0.6122214933363868 2.496370066991917 0.567777518333395
229 0.8778213613271798 0.6145487877073034 2.4972988757317025 0.5672995899122056
230 0.8812205404756791 0.6210307896309635 2.4922228475276076 0.5681205037894245
231 0.8814416084869893 0.6169641917741823 2.489215651395472 0.5694757509291642
232 0.8818849841409632 0.6181098693532916 2.4917139122222776 0.5706219948108044
233 0.8805643025510599 0.6174288005078424 2.4948888565223264 0.5697234922976959
234 0.8756381322109897 0.6064628703077255 2.495243937869724 0.5715523768851215
235 0.8721652582150119 0.5988866854987694 2.493256448993433 0.5711228626391835
236 0.8712145034456821 0.5967570364046433 2.493006808384149 0.5709548098215812
237 0.8779130148426512 0.6143085205772651 2.49342890047687 0.5684502807475214
238 0.8777536708664716 0.6142470193572156 2.4919642316944173 0.56893389431552
239 0.879059981712104 0.6172204850042208 2.486316679541209 0.5707825134337182
240 0.8760437244539334 0.6112493883968616 2.4901556362391335 0.5718799307499699
241 0.8777018680769624 0.6175323586319407 2.4947379751546417 0.5711902871115234
242 0.883362364269305 0.6306550052830778 2.4973119423646692 0.5708127769599655
243 0.8851680919055646 0.6310209563969412 2.492879542584875 0.5712412129011036
244 0.8868575915150806 0.6321466445121633 2.487072456658824 0.5711851612071679
245 0.8848298380253011 0.6274583604303369 2.487561752447586 0.571141474267061
246 0.8844947024402031 0.6277810248567585 2.4864745279814646 0.5708344372266545
247 0.8818295173751877 0.6217216481063014 2.4916675023023918 0.5709902867884806
248 0.8789782090428767 0.6149397527755184 2.491392419919369 0.5716163501242869
249 0.8737654855672745 0.6077628604656132 2.496074144822927 0.5709905886783724
250 0.8786197901979677 0.6186490385370466 2.4935250091487458 0.570695915305485
251 0.8845302612505392 0.6378716571218777 2.498207241049198 0.570396444202236
252 0.8894670091856156 0.643881634744846 2.4960786293337764 0.5708841810051575
253 0.8859177904398149 0.6369322881504337 2.5006704781628324 0.5710154843325631
254 0.8770699174674966 0.6113721079540997 2.4988642436112865 0.5706239617573727
255 0.8695893125404722 0.5956900725155808 2.4994765341306393 0.5712176273133909
256 0.8670410017061645 0.5901479078243498 2.4909288990937797 0.5718540036986292
257 0.8687185862948494 0.5980566816643428 2.4894987627881275 0.5730927728856695
258 0.879618845550227 0.62093719141921 2.487540758034044 0.5746060807828991
259 0.8886117616611307 0.6433340167285687 2.490689112039618 0.5757311465727829
260 0.8955280679906082 0.6520475029314873 2.4874960014193475 0.5760679250112924
261 0.8889955876709822 0.6384431246046226 2.4864221125505317 0.573732493425093
262 0.8872244208778062 0.6307419300821993 2.485072110753483 0.5733614792595911
263 0.8808913030383163 0.6154913381983586 2.486094552429663 0.5727309968389853
264 0.8881192029771522 0.6340219394631049 2.4874214008169586 0.574122597392048
265 0.8836780419988087 0.62337022797594 2.4912452299626913 0.5739378377891796
266 0.8902206528357454 0.6403240172875937 2.493397620242634 0.573663202898258
267 0.8898834376247676 0.6396434921560248 2.4917596328700076 0.5742107662863793
268 0.892081263686665 0.6457723883225418 2.4884324035260406 0.5734824002473377
269 0.8862783462203971 0.6346141287830719 2.4874348106205484 0.5740993739541368
270 0.8823078931070182 0.627163446422347 2.4892615487843925 0.5732905846778587
271 0.8864818182602766 0.6333501717366801 2.4848538148764345 0.5757291647106882
272 0.8804100049880517 0.6183688420210517 2.485651084528445 0.5749408955103751
273 0.8808070883864648 0.6185293586883315 2.485288010116557 0.5755549736717153
274 0.8744381710454326 0.6096866049056087 2.494470646820101 0.5736815296008358
275 0.885713815950279 0.6339209120310138 2.490128252358611 0.5742441723235903
276 0.8865226840271864 0.6341933213716442 2.48505266017087 0.574357590328912
277 0.890465151883063 0.6435462613583066 2.4764322365152043 0.5748720959589809
278 0.8864587504681659 0.6335453612711213 2.47824626099295 0.5760546865284818
279 0.8934385253006317 0.6466892318803551 2.48157114719762 0.5750937229494388
280 0.895985331263142 0.6559196291195772 2.4829324099389294 0.5772102907753266
281 0.8995847723535736 0.6613333141806463 2.4782187775379048 0.5767791378661116
282 0.8891248146691124 0.6425421847712163 2.479996232126097 0.5789254806392612
283 0.8857172304696285 0.6284789492856381 2.4808676336968025 0.5758067269695138
284 0.8897520543123599 0.6462311275403989 2.4840486054073896 0.5771644551735684
285 0.894844579674098 0.6545341747522319 2.4798997263123304 0.5756857909208976
286 0.8934125547589987 0.653624560487812 2.477794224117888 0.5771676629856162
287 0.8861054721391763 0.6302437288298895 2.477852013390494 0.5756541656615567
288 0.8848596315438187 0.6333153632792087 2.4789929868201086 0.575639563488784
289 0.8836194671588334 0.6334448416654278 2.477530126469597 0.5751558066342185
290 0.8804443318731541 0.6318875722666825 2.4765184922614236 0.5750605620239505
291 0.8826004325372879 0.6309350027395286 2.4762785990187215 0.5758330380051171
292 0.8806984836786427 0.6266325470440884 2.475827158021491 0.5758678248730584
293 0.8811155717840626 0.6233194905612008 2.4743213943676126 0.5771958887533034
294 0.8786792064772907 0.6230365006924513 2.4765304902299463 0.5768275607273788
295 0.8788155999890327 0.6238871252548822 2.476124550658415 0.5777812845978744
296 0.8826351504383467 0.6330736580902393 2.4768864601629774 0.5775383229503483
297 0.8916005170449894 0.6513767763228236 2.476505264403635 0.5771145508186579
298 0.9012680461252041 0.6688452960276124 2.4829145306099027 0.5767427626962794
299 0.9050463425556905 0.6759502785451561 2.4897089972491893 0.5763188244302779
