1 0.22419015004740928 0.23092487036991532 0.5879536181476115 0.09165955484065386
2 0.20334060891556005 0.20385519333122426 0.5754379567969135 0.06815347858521764
3 0.22349631376895282 0.22722700095507614 0.5335289272647541 0.0787455270730322
4 0.2088116004147707 0.21035403285137352 0.7038429976917825 0.04569841193083191
5 0.21010897672827122 0.21139754249741693 0.6286811873255093 0.06177603391414589
6 0.25687361903159117 0.26090708860620493 0.533295480857279 0.1000756991923018
7 0.22991466929932552 0.23401697526556647 0.5888978235863165 0.07190818195569629
8 0.2153935865213082 0.2172603122312936 0.6533584305659259 0.06594269370285127
9 0.28375925176888284 0.296898818336463 0.5132232589500845 0.12960726542841794
10 0.1956383820200249 0.20487585801336022 0.5827756000610114 0.07550139406948715
11 0.2960392160285105 0.2999061753390606 0.5792956661686781 0.08836116084562828
12 0.2279234985249558 0.24114293737536951 0.5286913073986443 0.10855541944223285
13 0.25231210429052525 0.256520804612266 0.5569907183889402 0.12208339331339997
14 0.23794880793635403 0.2443130930469339 0.5706534240507244 0.09960394017784342
15 0.3469588045865255 0.3613568541016331 0.5288428847365658 0.16368112560633896
16 0.23730728689129554 0.24407536549412903 0.5584081942071423 0.08190973687274274
17 0.3247637810759275 0.3407109003530874 0.5780068924546987 0.12722596978768377
18 0.299448121402573 0.3122264387458378 0.5619152261162079 0.11664384368521995
19 0.24099286005514564 0.24387986264734368 0.5834312718478567 0.08825275386388509
20 0.2692094453348939 0.2814688298088279 0.5700086312534539 0.1451513153485088
21 0.23764073052008217 0.23901983818748995 0.5690900180397944 0.08010021011921573
22 0.3333120440196734 0.34298730686946133 0.5607998080820482 0.13895668802494437
23 0.3240759057191225 0.3392924833802651 0.5328112204412054 0.15376997483916843
24 0.28458444481685125 0.2916495998481097 0.5579957959223211 0.15225217729344234
25 0.3183276970974813 0.3403207670317327 0.5385219145847944 0.12701004523008913
26 0.29725025165910585 0.30505631465429944 0.5591226872497872 0.11995955313503584
27 0.3153432408960682 0.32284834158973297 0.5903973141061414 0.11034078106879901
28 0.28257593028591654 0.2876182352242863 0.5699561577202861 0.16532491572281455
29 0.3521604156682595 0.3626981891183637 0.5615499137078794 0.15445191598347258
30 0.36451324213287795 0.3964643805272746 0.5804044086974975 0.21099569943595253
31 0.2704833274886979 0.27201831344859484 0.5471960335764177 0.15457641954035378
32 0.3180206763317138 0.3303638308165781 0.5910053127174258 0.16345988722119578
33 0.3112968301409186 0.3286077160660003 0.6197648585979365 0.1312404460965755
34 0.43454181335770997 0.4624967173816613 0.564322330243038 0.18604512731246295
35 0.40235184085431697 0.43052233868414 0.5845685136597009 0.26308856329602237
36 0.3464875397505499 0.36350055535316417 0.5622002135068347 0.16680778970742255
37 0.4523956173690049 0.49809407008557605 0.5613132810639933 0.2613099248696421
38 0.357322949022598 0.38199377792358674 0.5929588106677985 0.1854845242604744
39 0.3678694873641481 0.39687945358392246 0.5723268589156031 0.2174675230767635
40 0.34747891865098135 0.3710427737037717 0.5900924888489987 0.16743402652754175
41 0.3638373962561515 0.41170716395085316 0.5710693038705604 0.2294597608954435
42 0.3557139421099908 0.3685851085501327 0.5828143667432958 0.2005381007231819
43 0.4317562712698794 0.47389049546234807 0.5391673251402086 0.1895546827829679
44 0.4350444638780709 0.4682469413793684 0.573414239428763 0.2296193405766677
45 0.3137772901367307 0.3272115781372118 0.5949965945932187 0.20043155645313948
46 0.34477787234422175 0.3724227885215353 0.58636821137713 0.2098408112198108
47 0.40062336112688185 0.4255445179870855 0.5430039462926644 0.2079083993505797
48 0.41535823705785957 0.4542363664732364 0.5164740117362158 0.2527052722429262
49 0.4494773298849607 0.49477135697632135 0.5786237427113337 0.20095251382568524
50 0.4175202613668459 0.4373575530602261 0.586508941661623 0.18175951406801405
51 0.4404668130076599 0.49746141397364285 0.5648888336544663 0.26896546149082606
52 0.4955756796676192 0.5529096255240407 0.5499290501695473 0.2677431507694842
53 0.3586043740960434 0.3662249896866193 0.6185496843531053 0.1544051347125217
54 0.5451079841134486 0.5931856360409357 0.5766708229189718 0.30598486459203295
55 0.4653233812233951 0.5158489144617391 0.574635875753065 0.2353009065680064
56 0.3616498691784149 0.37233775187851126 0.5934038116454208 0.17533114055663718
57 0.4324486848907931 0.45088721352256345 0.5978505960232818 0.22858445130171162
58 0.41964118122132366 0.4431000001711538 0.575732467789312 0.26448421431317337
59 0.39645660154962736 0.4276934896354748 0.5507019824029091 0.2769384355769009
60 0.3851851637610997 0.42309043616338377 0.5887661887419158 0.2685896504304964
61 0.4465492969131116 0.47300065821426995 0.595577474804662 0.20166172238178692
62 0.35884077852875135 0.385235710078906 0.5593075605852457 0.24267354736768476
63 0.596665141625585 0.6408206501392706 0.5641670038189603 0.28512970655992986
64 0.4814624869753319 0.5301307949023777 0.6016040342368763 0.2669206824131801
65 0.5740245933556111 0.6452357280606695 0.5789984119228726 0.2836687326567084
66 0.584384247934347 0.6264379190604594 0.5781899614056061 0.28964244435098807
67 0.48582120534408346 0.5342408690009414 0.5599982098796457 0.27781828817623655
68 0.43084395817021787 0.45850496687603526 0.585280189982472 0.25124426804419364
69 0.5201504850663788 0.5790212411235186 0.5785343283929336 0.2873918352147585
70 0.4824211671726746 0.5204581232333398 0.5492130207028301 0.2748493715353805
71 0.4958974878126925 0.5470733421813548 0.563647035412401 0.30478446151733274
72 0.47654182275087587 0.5170355520397154 0.5751445225604921 0.22510515828588412
73 0.5657271977688072 0.6274322817842699 0.546174089287869 0.3067675466347765
74 0.5926370742309333 0.6604882490339203 0.5488331746754522 0.2848461821687365
75 0.4327071113637774 0.475813372881296 0.5562894488921346 0.291400229264651
76 0.5665140393674408 0.6558160804152 0.5771061006495748 0.2750893637754671
77 0.40084973142901226 0.4467685622379927 0.5653802100502268 0.28297884173100485
78 0.5722196054724533 0.6213491225599761 0.5258220103562765 0.37615243932212233
79 0.4427298173807309 0.4744429837735452 0.5624605372773392 0.262556851023894
80 0.5018221467255629 0.5506493504152249 0.5557105116762783 0.2488410431850812
81 0.6761941157386469 0.7491519651875492 0.5506932805064639 0.28494725139534127
82 0.5073845761714424 0.5522148576046011 0.5473965052662009 0.3140554601076981
83 0.47470324333165415 0.5299410131070432 0.5513769279710379 0.3268913153749403
84 0.5196202496938718 0.5761725245571552 0.5284948583930853 0.3765337067981319
85 0.6220359664308597 0.6971358950603896 0.5489727055411238 0.3788586964547468
86 0.38908532031749427 0.410073293445276 0.5376344261211118 0.24692228964872628
87 0.6385436125369024 0.7005385523179125 0.5102556720374137 0.3451987590861426
88 0.6492023113611438 0.7088556603442987 0.5282841208548938 0.3570274235492409
89 0.6022236282285887 0.6654234368157866 0.5585297095449361 0.3138014777879917
90 0.5392669124323486 0.578224291705302 0.5651994504451898 0.2809399058948629
91 0.5325496829506985 0.6045905740608808 0.5329683057753238 0.38035702072220884
92 0.523467061197577 0.5946790292013209 0.5354571042455256 0.32248989512949044
93 0.5055076473193063 0.5640791132145524 0.5437320869505 0.3272546512694722
94 0.5200757759639416 0.5587664173887756 0.5580264746176686 0.35269090213614196
95 0.5611846919365511 0.617240147135599 0.5364930951045384 0.3667135251966722
96 0.42754756860411536 0.455299013650314 0.5379049780088632 0.3421783488365482
97 0.5377559307819881 0.583565737482139 0.538497240646828 0.355207368442953
98 0.592994184827351 0.6564251201519962 0.522521183975595 0.3276255844167979
99 0.5606550822901698 0.6183557779172262 0.49787801464223214 0.3758121503150186
100 0.6515766304711149 0.7125054413357778 0.5328047619158025 0.3685899672333112
101 0.6299776186673407 0.7183585916353119 0.5263590617683371 0.3879064051325204
102 0.7206234637704503 0.8003762857469806 0.5031331717996746 0.39854453903274883
103 0.6309342587830171 0.7281303036745288 0.5223904847674097 0.3880655444342192
104 0.579382402591516 0.6574435704696315 0.5164550315098327 0.3912076303227866
105 0.5551711078761212 0.6290287810533641 0.5310207525265281 0.31547049154501505
106 0.5492926383869567 0.6166092270034974 0.5277063324109826 0.3434948441295423
107 0.6221086514616252 0.691377973204033 0.5233956420343748 0.37144666251464004
108 0.6070770627729751 0.6741723923088989 0.5185834209283411 0.3616992765049757
109 0.6286097884758832 0.6913955144772705 0.5258157373713934 0.3424313255403399
110 0.6092029651271492 0.6851942015946286 0.5363613824131644 0.3929013371763136
111 0.5699601175846961 0.6213538956850493 0.5394628089969303 0.34251017588159993
112 0.7082743624578645 0.7878491944426012 0.4979455944815706 0.3909864974513502
113 0.5401484019057531 0.607306683538654 0.4976980940398871 0.4116785706005117
114 0.6655059659393597 0.7397337583074088 0.5128170527220508 0.375614168977669
115 0.5445419436285918 0.6091463715040227 0.519509922367945 0.36344692308273163
116 0.5523521571736302 0.6028672474276531 0.48568077667879184 0.37848726167552765
117 0.686513899347237 0.7559205257620096 0.5001852541673832 0.39380428714698823
118 0.6657212164388717 0.7801302462633724 0.4957629750016209 0.3959941436848546
119 0.705515552614375 0.788863525335092 0.5315232757831736 0.3795979141359215
120 0.6715967376709675 0.760724272185214 0.5045562019024823 0.38842319125107183
121 0.5853562009538029 0.6580499256285239 0.49103797504398455 0.3987926612534394
122 0.8186936465960442 0.8964116030054741 0.5000026164238295 0.38865671484603476
123 0.5848334573501288 0.6779496862891846 0.5396045803773495 0.3752626719098575
124 0.5720624250624402 0.6413875291528208 0.5096585170062742 0.3764790348896355
125 0.6451912302730132 0.7055901228916279 0.5131589447834036 0.4207201304646874
126 0.6559348827970906 0.7383955209578033 0.5395429264958274 0.37954676677260585
127 0.7507760373075197 0.8328677932312584 0.49077104595592425 0.4262649184299501
128 0.6578231139021983 0.7446930558486347 0.5084585693893813 0.3607990297453666
129 0.6421785283900792 0.7367336467455188 0.5007895480410551 0.37409981612075344
130 0.6492442622083335 0.7394774684775192 0.5015716101100147 0.39027819194914404
131 0.828017155370514 0.8946364090407253 0.493029912482896 0.38647467310361905
132 0.7486080901754917 0.820132606982362 0.4896320924724963 0.4076681893634512
133 0.6183703891216189 0.7017546615311593 0.49394137903608226 0.4155476500573667
134 0.7273801581893653 0.8280954861662309 0.5165069924251224 0.39408299124037244
135 0.6278720418423542 0.7348016310783909 0.5132805562341429 0.39032108773896945
136 0.6720457925324916 0.7445572031221143 0.5334815084429669 0.3595292009267337
137 0.5999679373090769 0.6870341914507553 0.5365852286707762 0.36330743064368237
138 0.7142280021878791 0.7851608184142207 0.5208266673693496 0.38096313385037844
139 0.6850109783800543 0.7532872457942585 0.48727498099979843 0.3493876992314385
140 0.5664870667494055 0.6276406631307467 0.4792298685216055 0.40957627602751623
141 0.8437261678212655 0.913246701793446 0.504595827392412 0.4033293146643272
142 0.5212724903667976 0.5784420377392641 0.511520609646769 0.3570746511311944
143 0.6088582814049379 0.690411458246409 0.5264057317455565 0.37489832148816427
144 0.6803553103136796 0.7950582305320892 0.5173494737655647 0.41956280740718566
145 0.6201648381271091 0.690782428800002 0.49454735420234197 0.4143993492954592
146 0.5973373739583369 0.6721206859585014 0.5039917440740493 0.3802562641043765
147 0.6674898410700534 0.7782594652396508 0.5151351577623027 0.3726218770137922
148 0.6873812771565715 0.7679542218899028 0.49514670559834806 0.43200554131050106
149 0.7527156372352466 0.8586592938628033 0.4903627453625606 0.3921877847287142
150 0.6752163868849206 0.7621866678485688 0.5132145238440715 0.3648245802317023
151 0.6716839797139138 0.7747212606545941 0.5197130586996791 0.3924772225324259
152 0.6867738308192524 0.7786863991578898 0.5084906874874262 0.4217864643652047
153 0.5487911835714512 0.6446007045438765 0.5218679759661706 0.3747456559646909
154 0.6555143302577873 0.7418496451920512 0.4748540644536715 0.4219291195569729
155 0.7706215461794061 0.87477531208675 0.4911512821105699 0.4537696137536217
156 0.49116256310116835 0.5589368318959146 0.4872170047641149 0.40265460643185524
157 0.6761093967169622 0.7722650458061553 0.5083753289970225 0.4292448305283205
158 0.5401232428584333 0.6062611817563567 0.5041144674224566 0.3914377776376
159 0.7331341406328988 0.8174323626149521 0.4927155068061154 0.38437644427990314
160 0.6917155137355752 0.7642640732028512 0.5017944796199346 0.4133376165997953
161 0.804247125374322 0.9065772274200096 0.5254738547492903 0.40056199116256075
162 0.6765236194246991 0.7659330292973416 0.5225520220068127 0.3927626025916642
163 0.5933400452748887 0.6705704335201161 0.49340209430142984 0.4195696233685078
164 0.7428725724565151 0.8133387985467807 0.47919555573631045 0.42422414117424767
165 0.697768131999876 0.7800293464750567 0.4924137561634721 0.4125489139528736
166 0.7761465537551312 0.8553133743331081 0.4923992157163958 0.41078127501564654
167 0.6244263941000056 0.7139593331612278 0.4959700580980832 0.4037542517275945
168 0.7178045743862538 0.7948269254437383 0.5072965277074573 0.41975091251629104
169 0.6131448472074441 0.7056505986948576 0.4954755433254079 0.4167432037667359
170 0.7037545073159992 0.8110969325437392 0.475957847432277 0.45494220344213326
171 0.5795886517145479 0.6481639885349384 0.49293443435378076 0.41507684840583725
172 0.9387117864766649 0.98338385236724 0.5007214444492545 0.4165947002264282
173 0.7691846148149801 0.857848647096696 0.5058779621902444 0.4131223718695113
174 0.6447949888134769 0.733707325657754 0.49549157049512016 0.4319619004717684
175 0.6308940632153983 0.7192775557347154 0.4954442629975842 0.4316926292619088
176 0.7556401386668965 0.8370948533309059 0.5245457116331305 0.3996529424336914
177 0.7564353028956057 0.8414376630556242 0.47799002710611593 0.4441928530010878
178 0.7471962702157414 0.8155411280867437 0.4789545106079587 0.4399861606744975
179 0.7591028334437183 0.8522040686673791 0.4899435767739716 0.43448161814775976
180 0.5951167581990329 0.6698013736224687 0.5025499633088282 0.41518684204968925
181 0.6610608189406078 0.7352592814933472 0.5075568386036013 0.4423693517499375
182 0.7454059189926954 0.8321203707795184 0.4918442519357403 0.42122733910243126
183 0.7584318191192555 0.8200012733000089 0.4891529877503977 0.4281502477362675
184 0.6610580649104973 0.7559303757445293 0.48866475618528427 0.42367340715094465
185 0.7307543853330551 0.837716383232974 0.5148792483476075 0.4215923499151745
186 0.5287638767138648 0.596724223695817 0.5248771943018268 0.3906190783744511
187 0.5400571148470503 0.6204357810705333 0.5132014009970189 0.3437656907698068
188 0.8209009584267022 0.8997675477786551 0.5013480211353056 0.4276577646641565
189 0.5910625044418566 0.6634670932498068 0.5038580062887869 0.41064374202234155
190 0.6642662658630707 0.7343871386943432 0.48445885891099383 0.43107352050098896
191 0.7261058239827014 0.8088641051936443 0.5008596551050101 0.39887681369510786
192 0.7237513700603854 0.8196133576427242 0.48605793933299346 0.422865093340714
193 0.6660862834770105 0.7585589835473474 0.5014921810829063 0.42588449323422234
194 0.6143271806399984 0.7173947908891379 0.5025985979415896 0.38087865284194844
195 0.6764357913649753 0.7548755312251454 0.4874745000975296 0.42044317551561805
196 0.7509511991222604 0.8340839088833807 0.48060786028386104 0.44647244667830305
197 0.7238251056787084 0.8033290967710731 0.5011339661248321 0.4251371164678343
198 0.6474741680522547 0.737104870981258 0.4867566249900037 0.4210239784681483
199 0.7891265368380858 0.8628965057942601 0.4839748265099938 0.4316348683467429
200 0.720243288653218 0.7987911816964227 0.5047446570038729 0.43022003445113344
201 0.6991983644195978 0.785268901175067 0.5227049800805745 0.4258770136877757
202 0.71845614751055 0.8163239036292318 0.4823997807176814 0.4332299810067103
203 0.6470721621668818 0.7397215047782127 0.5020901602666881 0.4053207950468496
204 0.714087895041045 0.8131222459425269 0.4868226192711924 0.4358631524223723
205 0.7582111211253537 0.8582626106605978 0.4774224590527521 0.4294946921151047
206 0.733722009004413 0.80476601647778 0.49434080875005704 0.4256575488637019
207 0.7127270884216201 0.8086490848063819 0.4798359981727064 0.4570453122369847
208 0.6676892153753519 0.7618882633221573 0.4985933420513704 0.4383964249090908
209 0.5926434783608554 0.6872913736038231 0.5027449084028489 0.410015016685221
210 0.6558028355543621 0.7478011505346001 0.47299511058170457 0.44292690583264765
211 0.5416059238812716 0.5968114254607509 0.5075122945391353 0.3844786176888641
212 0.6257802726235275 0.6880746280808694 0.5051168737982297 0.40676268567472695
213 0.6929143501708745 0.744525409996444 0.49828894685027886 0.40601757963361906
214 0.6623332377895876 0.6933732099855549 0.49722877716141 0.34504801281995856
215 0.7374443684865044 0.8107227879888603 0.4931432010429737 0.4022896980154428
216 0.7735893725144061 0.8673898494983303 0.5038378380063517 0.431068246401377
217 0.7576611156623897 0.8573255886882676 0.5070881584556574 0.4488027506670465
218 0.7041807135921687 0.7874660504297819 0.4833695017607085 0.43609702257811667
219 0.54383039073949 0.6105136419926507 0.4879834049210797 0.40351260709467773
220 0.7850157636492325 0.8776014736029352 0.4851484825307357 0.43974532651140474
221 0.6440810607738937 0.7132988057725572 0.489621855528029 0.42175616759887513
222 0.662315694232447 0.7380753507929128 0.5163664029802629 0.4160449474676679
223 0.7591826632448382 0.8455895652117031 0.49832469328995166 0.43460309184811285
224 0.6306610489315696 0.7218757302725619 0.48608010326304874 0.44198395635447396
225 0.6979472974530477 0.7834569867984356 0.49435383856929016 0.4298806254288623
226 0.6972792854253997 0.7952525401604852 0.47986075156823527 0.4385631837615733
227 0.8248997592798377 0.910865040815561 0.4648750008721909 0.4294892945902883
228 0.7711843216999039 0.852428340185685 0.48081618974495555 0.41868221647107356
229 0.619197497622477 0.6851591653266011 0.5015124429041266 0.40795872114294446
230 0.66335532418043 0.7511007978223889 0.47215964580011704 0.44856457706948005
231 0.658854863917081 0.7453590222531279 0.47787680733442806 0.4295584368254045
232 0.6986462026619897 0.7560688331851235 0.4809146507441189 0.40329856588067137
233 0.6776666343450217 0.751064323577119 0.49619040665254976 0.4414622441376127
234 0.6778661229899372 0.7567820208785153 0.5132465701274102 0.38805888431687985
235 0.6554763353473418 0.7541800899079889 0.48173317417103145 0.45475914435946
236 0.724524561910441 0.8146619799162111 0.4649254788897479 0.44173392415884594
237 0.5082239608898851 0.5527979807122866 0.48662604891674377 0.38825088319251166
238 0.7629497670765664 0.8464087982275716 0.49834828250847163 0.42973097189025355
239 0.866123385203112 0.9469109601159131 0.4756366231745048 0.43109014562838927
240 0.8494781767652252 0.9240394157842418 0.47696599645167637 0.44543407733122586
241 0.7276782005425175 0.8337831020572584 0.4880774553549718 0.432740126998145
242 0.5924834402453335 0.6704054588830826 0.4880203168927205 0.44634229081284305
243 0.8216918027419767 0.8979108470476653 0.49487887871653125 0.4035375495105942
244 0.670555646950985 0.7273020145181739 0.4822000719563795 0.42616090269141915
245 0.767626246186517 0.816534320039858 0.48739677984085994 0.4456545825345157
246 0.8485601532513878 0.92734136924321 0.48591897689865304 0.4215849331899958
247 0.6883351907796762 0.7808720715057282 0.46825889392883674 0.4226575300813282
248 0.658224615784154 0.7310775055350666 0.48189831657641335 0.44486153580609133
249 0.637932380030062 0.725060396440154 0.4773931051516156 0.4302268685534555
250 0.7415230567676724 0.8258335122545382 0.4805263265286028 0.4240643616152422
251 0.6756483966070914 0.7517242055473217 0.4985786427882458 0.4321193516800839
252 0.7109325836483867 0.799658201759921 0.5047187367871542 0.4325016059705912
253 0.7336638786211916 0.8167152120395358 0.46931245850709064 0.45654559510258297
254 0.6571927218982963 0.7485144556209542 0.4895799094151756 0.4322855194257661
255 0.7100757785389012 0.8088415319907434 0.48483971775089296 0.456278126784924
256 0.7320852005094598 0.7896256435988065 0.47489123101807806 0.4506042447267186
257 0.6911098640545501 0.7730931451074045 0.4473128750581118 0.46546519447981993
258 0.6291730089678031 0.7004383206207596 0.46207234481744675 0.43604482027028635
259 0.7300596273250988 0.8140635633082028 0.47179008557295543 0.45574059934684363
260 0.6793308373614776 0.7573380777686808 0.4799636764072065 0.4455414552881982
261 0.6515778332817322 0.7137343415917473 0.4792589868588758 0.43688762476261644
262 0.7534859327757035 0.865805952109642 0.45641032910514956 0.4686063086666287
263 0.7877434413202067 0.8860025373129685 0.4798213362511796 0.46698204986854625
264 0.7705229160815339 0.8453806575757941 0.48473986112978845 0.4455543594210092
265 0.7573497596854342 0.848182782522834 0.47786005163613215 0.4322425299667477
266 0.6609706746274207 0.7316632124803847 0.4678428673074324 0.43896376250167835
267 0.7658993471564055 0.878826223467359 0.4743597578087443 0.47311451184478803
268 0.6230295021892943 0.7068393475535479 0.47863770062563304 0.4331599640062549
269 0.7895215973160714 0.8774214649505984 0.479121794897441 0.4866605019482276
270 0.6575985107194968 0.7202538619340948 0.48632470551512363 0.435241627730622
271 0.720134985217576 0.808931839754059 0.4665058203579568 0.4603952677705379
272 0.6717847270910156 0.7577672500463288 0.4732152681211025 0.45642266019996447
273 0.7384945595800505 0.8357375813359356 0.45866512544900817 0.4938835418004939
274 0.672916612298723 0.7493530693175006 0.468757164814919 0.4617870927569179
275 0.654507342168308 0.728120355928688 0.48768873490781395 0.4405481233789642
276 0.748882237255015 0.8463529419772406 0.4784348995159875 0.4555200436407665
277 0.8105294992380792 0.8797840036108406 0.4545997174105706 0.5141226251190936
278 0.7553577083367928 0.8569016150344905 0.4822607229508797 0.439968460123301
279 0.7154666974943353 0.8056267894440134 0.4935190519233622 0.4330450037207445
280 0.7591773197353109 0.8481003857877045 0.4680176482890914 0.45586953041390343
281 0.8102850281583915 0.8886671375714296 0.46614998074424885 0.4733185977067271
282 0.8271827632036062 0.9228371298644777 0.47733286302163425 0.4720432789127538
283 0.6474065089761163 0.7364142061511353 0.4866189704999815 0.4642306710420385
284 0.6605674735262612 0.7164522114736858 0.4992491857935759 0.4037268154949193
285 0.6911376179357014 0.7940884670784574 0.48425923082378314 0.4629484633246588
286 0.7925419902242745 0.8859125512574364 0.4963456590183539 0.47682392004420127
287 0.7261223333085807 0.7926724116953101 0.4798221629686504 0.4468749110876495
288 0.63326465470195 0.6868319217659493 0.49225487342805146 0.3920574144689931
289 0.7753627625198761 0.8669211270710114 0.5134540550620784 0.42429813652915527
290 0.6469249580323202 0.7042948147179082 0.4900376962767138 0.4389388495951874
291 0.6757034230220408 0.7465645063765735 0.4875477538204015 0.42460005142076795
292 0.7403810066543584 0.8373239426453442 0.4854588211299872 0.4314363935789939
293 0.8471939268501515 0.9274456436068457 0.4822914477513822 0.4817332725512504
294 0.5684978883330201 0.635606125045935 0.4897431227516478 0.41016121412896644
295 0.5940997873730828 0.6534023474744486 0.49435802958203123 0.4282197169358151
296 0.7814479814330548 0.8661243376338663 0.4787677117272819 0.41915710745123325
297 0.7993602187290032 0.8925996698840895 0.4669870088598039 0.46610759921669787
298 0.7981648540490315 0.9121953227841926 0.46194731937819106 0.454671331156985
299 0.6099643849020218 0.6813607609254442 0.4729451627344892 0.4722899920065462
