1 0.6403938629189143 0.18608722117615212 0.7508163472915275 0.4458378862534773 100.0
2 0.6903021852212415 0.24332260006932604 0.7407751664523591 0.4404507666653531 100.0
3 0.7005021573180137 0.20545379511945955 0.7503729309539391 0.44118110654113646 100.0
4 0.7197997364713594 0.22972556219192314 0.7509874670287318 0.44911147740614493 100.0
5 0.7370705865820604 0.21611344303775476 0.7476015505390825 0.4327724404255312 100.0
6 0.8099521050941888 0.35810263042864976 0.747242489589212 0.44347026980750154 100.0
7 0.7516263843200669 0.2775966351262028 0.7488937651065442 0.44943947051986327 100.0
8 0.8043793089503188 0.39859840185809486 0.741960331505441 0.4349582575103496 100.0
9 0.7929433589580522 0.30262808440699973 0.7444576367354714 0.44619243639412254 100.0
10 0.8125804502226263 0.391304375969383 0.7485682502331944 0.4343396314554668 100.0
11 0.8033281514119105 0.30981032114117985 0.7466734033693498 0.4297292605664108 100.0
12 0.7947314696002797 0.29862385694643256 0.7490002620511932 0.43519892436940666 100.0
13 0.8485511925949127 0.47878982571210765 0.7457155368292466 0.4396412995040066 100.0
14 0.8659681437142538 0.4850584038436961 0.7477728971514129 0.43110737415396655 100.0
15 0.867235210642989 0.48860761181798945 0.7457958455222933 0.4391478644310093 100.0
16 0.8320182646498457 0.3569242268285672 0.7467739121672202 0.43669157818235876 100.0
17 0.850351401591003 0.45009287746308974 0.7524120576402666 0.4435597969920478 100.0
18 0.8508439060624721 0.5218426637488114 0.7419015861599821 0.4414290835076223 100.0
19 0.8702624477767683 0.5257711870769939 0.7430275421430548 0.4362439037248732 100.0
20 0.8477793645829854 0.4488221492927142 0.7456906887323355 0.4323146484703484 100.0
21 0.8341548898076819 0.38660360603864136 0.7465969909413003 0.44129298225835933 100.0
22 0.8189783323504167 0.3691921932686743 0.7525229460137222 0.4437333077493163 100.0
23 0.8457577602028525 0.45510667987111075 0.7399480316371182 0.43159778397638127 100.0
24 0.8671934151939759 0.46573818438408443 0.7422914773836142 0.4373314952448112 100.0
25 0.8554464339321759 0.48409742154141944 0.7434123835150965 0.4332558621998611 100.0
26 0.8425880752358086 0.39894568379498574 0.7476114315281369 0.4403173758916677 100.0
27 0.8771767110420313 0.5341439160057547 0.7482705815416552 0.43981880244989124 100.0
28 0.8511191516274167 0.46407841894814206 0.7474130814061999 0.4408105931838783 100.0
29 0.8797136825337718 0.48854740960925147 0.7479036159046204 0.43727861904545273 100.0
30 0.9123600175194395 0.6057835882987335 0.7439280874224627 0.44386939151819715 100.0
31 0.8828409636839851 0.5877412624001055 0.7456227631100645 0.4334129258735964 100.0
32 0.8517708928189073 0.3967980570068333 0.7402155645685768 0.43248128164620087 100.0
33 0.8641167056518398 0.4915181365661881 0.7440543230374501 0.43835036067618505 100.0
34 0.89612612979738 0.5852069008633378 0.7478813458267164 0.4318823013974079 100.0
35 0.8750211821321414 0.543087962244836 0.7411416434473914 0.43589122329522406 100.0
36 0.8052283717347504 0.3505124035311958 0.742916243450544 0.43780960617627296 100.0
37 0.853356731113595 0.5274739415502399 0.7460674334931658 0.43648221529469533 100.0
38 0.869017762824846 0.5502835010566896 0.7471915099117331 0.4361520074933125 100.0
39 0.8656664954156689 0.48353300609579264 0.7469653928560973 0.4441494409489891 100.0
40 0.8851971161878588 0.51974866399463 0.7415522550462836 0.43386005983166187 100.0
41 0.910245466314937 0.6191270507619239 0.739350537536809 0.4409077938524211 100.0
42 0.8746578819214983 0.5131309596660096 0.7492176932637312 0.43417039205283664 100.0
43 0.8741740190249099 0.5494563685748239 0.7447640098661148 0.439596302319853 100.0
44 0.8915163478462512 0.5356248537966584 0.7392784062630345 0.4368585359835981 100.0
45 0.8850667698662453 0.5401289917739012 0.7389065317379134 0.43294906413658474 100.0
46 0.844467765202929 0.41780929289686064 0.7410338600475106 0.43936625940613655 100.0
47 0.883641048372177 0.5705296017427139 0.7431948324584253 0.4435243100521154 100.0
48 0.8295451845205031 0.416197248035283 0.7439202803662635 0.4364162129474486 100.0
49 0.8580819635459115 0.4448098150819105 0.7467608951095068 0.4390398685777058 100.0
50 0.8888951292341696 0.5542793072971612 0.7436521908163939 0.43867686165018893 100.0
51 0.9249556471526578 0.6652479953147521 0.7492258633162737 0.4374221835091047 100.0
52 0.8655293460247219 0.5600047266760032 0.7392560856625898 0.44154217486097946 100.0
53 0.87246615434428 0.49945592557823604 0.74564373598352 0.44388506128739713 100.0
54 0.9034095860314688 0.5659293181217654 0.741840732743947 0.4425820894085198 100.0
55 0.8693434255802492 0.47883615564281967 0.740362511611315 0.4380926583306774 100.0
56 0.8840870512493302 0.5219851044239748 0.7387878566922967 0.44182200672671873 100.0
57 0.8788922991964603 0.5859730141091501 0.747982289616424 0.44123615238681024 100.0
58 0.8572894842992513 0.4807450873010682 0.7494756796293938 0.4426889348637674 100.0
59 0.8533772238463364 0.46307581656270286 0.7447694295295146 0.44087424002177433 100.0
60 0.8571821181558654 0.5265913130724764 0.7403121933659045 0.44697761667864244 100.0
61 0.8611979021947329 0.5839343878823959 0.7423150520764946 0.4425750407201428 100.0
62 0.8356152278345446 0.44066855224448515 0.7423618673188238 0.4400461671605937 100.0
63 0.8836232688380491 0.5231894370081782 0.7435607915410615 0.4368616074591437 100.0
64 0.8742163942872031 0.4778033274166881 0.7430868814205677 0.4264383634186567 100.0
65 0.8612424091372881 0.43481294881023613 0.7407179438784562 0.44221307354033446 100.0
66 0.856674117565501 0.4379913018329801 0.7438433302962653 0.4437478973011504 100.0
67 0.8772936146081447 0.5342088922704509 0.743961444664044 0.4352585687385549 100.0
68 0.8602190390110203 0.4828904777735709 0.7428090593713156 0.4383422250531416 100.0
69 0.9036356029358453 0.5564790941686804 0.7384643706110684 0.4313355017883732 100.0
70 0.8469135755144375 0.41373902941525564 0.7489522427104861 0.44620173330821 100.0
71 0.8798893341178431 0.5528607105817864 0.7466701292506454 0.4387613750714043 100.0
72 0.8976790543190948 0.5516488110945489 0.7444581172239408 0.440708373626327 100.0
73 0.900535200110254 0.5859900084009017 0.7472903326081117 0.4390002414583994 100.0
74 0.8273260266082658 0.3766007490344823 0.749929041831013 0.4416369212513981 100.0
75 0.9014883822056234 0.5711850834405466 0.7479776759589722 0.44390334722012603 100.0
76 0.8384741352608558 0.38658321203890333 0.747835440088928 0.4350910058123203 100.0
77 0.8444790862108181 0.4902441132624255 0.7407386299172818 0.43808874343030935 100.0
78 0.8891800429243164 0.5677600340126017 0.7458846530239669 0.45354594332461834 100.0
79 0.8947611806074685 0.5973297329408058 0.7399206006606003 0.4446818930802777 100.0
80 0.9109803821749592 0.6670981052648478 0.7387025619288347 0.43638219342004303 100.0
81 0.9107750921786464 0.6410652957621447 0.74770196050838 0.43975966456659277 100.0
82 0.9064007129184135 0.6134369283987755 0.7503758788753574 0.4412454776906681 100.0
83 0.8840872418036992 0.5576826075119279 0.738183030524756 0.4408700708807455 100.0
84 0.9075740690909356 0.6049741521004715 0.7490646674499429 0.4341698071202401 100.0
85 0.9065648776601476 0.5653731925003282 0.7356131350864819 0.43623755285645405 100.0
86 0.927401905490362 0.6698617161387193 0.742823360030117 0.43581465316248585 100.0
87 0.8739696125592801 0.5502323580645209 0.7442646538998288 0.43405149042254426 100.0
88 0.903764195967125 0.5664784665796381 0.750287830317616 0.44489722362420575 100.0
89 0.904148035169413 0.5672822801237742 0.7427582623066744 0.4435737807354908 100.0
90 0.819761840568274 0.3506474085807946 0.7387165649207176 0.44529098440195325 100.0
91 0.8630466270426297 0.46816902230623575 0.7433548724699273 0.4386205451435517 100.0
92 0.9119626541506352 0.6525698235280862 0.7450011463364394 0.4439242447188346 100.0
93 0.9160330027636281 0.6405827774182697 0.7476587329750518 0.43728957603145285 100.0
94 0.8469856778619731 0.4762268306246211 0.7432789758389755 0.44433506404877743 100.0
95 0.9147574837965614 0.6356280788543552 0.7383138633485168 0.4413480801888395 100.0
96 0.8817168493596 0.5627005546548453 0.7473924790057407 0.44690455128606016 100.0
97 0.8950466001038742 0.5429884442978897 0.7468522730042852 0.4413338159067471 100.0
98 0.924399060607926 0.6004727916880622 0.7398802317750747 0.4432848227196885 100.0
99 0.9117617727220682 0.5985967602250641 0.7484976472399064 0.4415390957690872 100.0
100 0.9284573679439729 0.6628924454060197 0.7439820330670895 0.44598087841739814 100.0
101 0.9239546606217169 0.612832080845053 0.7410939722655077 0.4402844543527932 100.0
102 0.8453284185387583 0.49964837670541334 0.7386051937151883 0.45140400978890566 100.0
103 0.8718802864988489 0.4638429291528963 0.7382040584525653 0.430597372571435 100.0
104 0.9188284062625108 0.6417759517477688 0.7430822381862602 0.4363833291059123 100.0
105 0.9164640064495911 0.6282269461309541 0.7421383555847065 0.4346164283676902 100.0
106 0.9465667796595252 0.7207014056272274 0.7391912199717995 0.44629668633677977 100.0
107 0.8967205948091012 0.5895953149494598 0.7386145353779956 0.4356416105275932 100.0
108 0.9135911656770881 0.632825034954557 0.7386058208767519 0.43526938288382444 100.0
109 0.9358841350954584 0.6815632573416515 0.7431221998230637 0.4389988486001952 100.0
110 0.9182858832331664 0.6654716513719452 0.7467307908794462 0.44258129660650897 100.0
111 0.8808119566819499 0.5155056841968753 0.747568587363409 0.45028866296127995 100.0
112 0.9526372753766275 0.765651091203065 0.7462739474824839 0.44496018954278743 100.0
113 0.9119257471756421 0.6786655904512412 0.741811571635698 0.4412439810302147 100.0
114 0.8845292772133014 0.5257116897295327 0.7411279073413947 0.4460270045207129 100.0
115 0.916587576476903 0.6120125293619327 0.7485428932260334 0.44440690583745013 100.0
116 0.8892106125706316 0.5497172874081359 0.743735812410053 0.43334248161881994 100.0
117 0.9382287762776536 0.7060559844547665 0.7420384926758118 0.44050328170819497 100.0
118 0.9069513915270448 0.5959965792819216 0.7426459451697228 0.44703270113428906 100.0
119 0.8965918392116728 0.5286519468148656 0.7435510321713555 0.44963922115764265 100.0
120 0.9020999404153945 0.5865140498366348 0.7408679432584289 0.43502195669614324 100.0
121 0.9132409506892657 0.6128709066825551 0.7429424693350194 0.4384506542736399 100.0
122 0.9443512511977279 0.7134163904228374 0.7362002170798811 0.43195823149140855 100.0
123 0.9272309659908695 0.6504782651968434 0.7405413755578731 0.4480473960588906 100.0
124 0.9140636453931432 0.6353345987200919 0.7445209619540235 0.44707640988738684 100.0
125 0.9132539153801563 0.6196378223989829 0.7431718716826282 0.4454609055138604 100.0
126 0.8897908927658701 0.522805439104161 0.7447072232507714 0.44754641685173235 100.0
127 0.8507548827925573 0.432502346074939 0.7398900229339329 0.43564681480348033 100.0
128 0.9240192437836938 0.6684105878617452 0.7408425945505454 0.4363448582340954 100.0
129 0.852549657896111 0.45571166516675143 0.7376277698768989 0.4453925615202078 100.0
130 0.8331879390087138 0.36139351491691446 0.7379095724579151 0.44759373385400664 100.0
131 0.8956616227592692 0.5987894654931228 0.7419531526783383 0.4390984225583091 100.0
132 0.8869233375983123 0.5075507539061468 0.7375708822966522 0.4414328852800047 100.0
133 0.939100549889733 0.688282736237334 0.7442586466904566 0.4410896095446556 100.0
134 0.9071848788519402 0.5823867803241483 0.7367394151679713 0.43268354136492215 100.0
135 0.9270512038957076 0.6740432419730129 0.7432107742696206 0.4461591341353735 100.0
136 0.899288694584891 0.5517622331860976 0.7416369455955887 0.4339653315943881 100.0
137 0.8983121953275415 0.6113242644232851 0.7442741050961841 0.4468454746372627 100.0
138 0.9025755771238225 0.621513334187723 0.7356440450771228 0.4257229910663346 100.0
139 0.8538205025252656 0.40789048629369623 0.7409821313790741 0.44246138320095396 100.0
140 0.9415590656050705 0.7060355053366962 0.7419014249095532 0.43419797364783586 100.0
141 0.9011215591964288 0.5425682769310607 0.7420194123768257 0.4328916042690255 100.0
142 0.9059559298006906 0.5948483166336967 0.7423123091181544 0.44469119830351733 100.0
143 0.9108585732168851 0.5875664513946794 0.740601535307905 0.43758359909549566 100.0
144 0.8774019481165496 0.49468148265037576 0.7389971830160216 0.43083088746119147 100.0
145 0.9422069132368444 0.7000138548243042 0.7375343106093574 0.4276136887775485 100.0
146 0.9139376722399769 0.6564457383525227 0.7376367402040461 0.437957801759682 100.0
147 0.9591446619333623 0.8003625785125015 0.7411631073598216 0.4381498862715788 100.0
148 0.9043998288465968 0.576687433696027 0.7434214145842286 0.4411847904504639 100.0
149 0.9156550745288362 0.6039759328255745 0.7356749425146576 0.4365403807230906 100.0
150 0.9176327702106913 0.6428302083393806 0.7374566939346318 0.4283912724176723 100.0
151 0.8560552077131423 0.4837420361513713 0.7531282065598623 0.4451408690572869 100.0
152 0.8013027510441271 0.35894293571825775 0.7631275393513698 0.44144510606424897 100.0
153 0.8334040878958126 0.4130248488718774 0.7609213862465699 0.43968274527444795 100.0
154 0.8440473592908635 0.3838906055450789 0.7570668709592561 0.432927973428483 100.0
155 0.837806062467175 0.4380138415572407 0.7553261411880586 0.44210003806949416 100.0
156 0.880369538675248 0.5466362023390727 0.7619079018579097 0.4436850788426465 100.0
157 0.834910282104242 0.4053604983676974 0.7591599149008397 0.4415699669004881 100.0
158 0.7901445464313489 0.3157363405792931 0.7622973883278223 0.4488286594366254 100.0
159 0.8103441784312009 0.3436644498388685 0.759558119536677 0.44311040487482656 100.0
160 0.8217137637710129 0.38448641604837264 0.7614302779939659 0.4447118477368873 100.0
161 0.8499610858624095 0.5090564373159423 0.7597972724837316 0.44242750457147134 100.0
162 0.8520394611668729 0.47536678245263647 0.7556909706576471 0.4400865272786394 100.0
163 0.8349049149378962 0.39324875930625075 0.7609960538859001 0.4414238678154505 100.0
164 0.8454785287787203 0.5042585810268083 0.7641465314962751 0.4383269188806912 100.0
165 0.8306644480359683 0.45445402228980114 0.7635491768665267 0.44904784777373125 100.0
166 0.8781379288051895 0.6058471310753377 0.7566252932665594 0.4457103012747929 100.0
167 0.8861720496649579 0.58256495714324 0.7616729074917 0.451878813681982 100.0
168 0.8173525838770971 0.3557677646968596 0.7560817817846835 0.447103421519229 100.0
169 0.8307417740207793 0.4272034708779314 0.7616276974292254 0.4438097242092981 100.0
170 0.8191168360617397 0.43308885674581654 0.7588689735725807 0.4498794262796159 100.0
171 0.8179323498981713 0.3514278515242523 0.7551242470643627 0.43871628099208476 100.0
172 0.8258304024103523 0.3543273201862921 0.7577717009602596 0.44635811946265963 100.0
173 0.8605746712765626 0.557105651682636 0.7608064485990786 0.44886206346720015 100.0
174 0.8319663164737833 0.3764109283040633 0.7586593293687651 0.4531861474186784 100.0
175 0.8625719123211173 0.5050007538303651 0.7604455317546629 0.454023247751565 100.0
176 0.8666366014489693 0.44061506447785065 0.7570324028632948 0.4440252779111578 100.0
177 0.8557984211820016 0.43503137945616865 0.7591132529058737 0.44384101155589883 100.0
178 0.8685221765001971 0.47644660460134514 0.7600152207037957 0.4402365563991447 100.0
179 0.8922705486025106 0.568686403967561 0.7594456020524774 0.44734330137598777 100.0
180 0.8653258659373882 0.43246909044224735 0.761807681701358 0.44768949473730535 100.0
181 0.861868194260418 0.48391737738698204 0.768349263685365 0.43780344709190927 100.0
182 0.8963053633016902 0.6196783926751225 0.7598088881951842 0.44527976446476536 100.0
183 0.883628146353491 0.5326743056125082 0.7669552748325055 0.44315674904026175 100.0
184 0.8591168979926062 0.5338847271628788 0.76453560000899 0.45198173663932223 100.0
185 0.8357756322182514 0.3832549742047101 0.7494134495969258 0.4305256329869481 100.0
186 0.9325387113472438 0.7291855005637913 0.7542056734161576 0.44032572569820105 100.0
187 0.8837144892084778 0.5514465574698797 0.7602247138280518 0.4400900400738821 100.0
188 0.9258867436136715 0.6670309551010901 0.7614505386490585 0.4439805384291386 100.0
189 0.8963728451624018 0.5770395696610009 0.7621635248303965 0.4458075388324323 100.0
190 0.9018636193602919 0.5401917488696224 0.7597379668883104 0.43987311085181935 100.0
191 0.8554899190354277 0.4797501378207956 0.7590409587941329 0.4324665948637926 100.0
192 0.8930472410331609 0.5183825603073247 0.7629274853511693 0.4506720736828469 100.0
193 0.9004369893359645 0.6006085287704025 0.7617367443913222 0.4450624571564141 100.0
194 0.8441135438715209 0.4547672663701337 0.7594281148885078 0.44480866017839055 100.0
195 0.8325489485207263 0.45585155818075196 0.7592411179780262 0.4388888276448749 100.0
196 0.8030024137646207 0.3834759849051156 0.7627339640737225 0.44261215301998746 100.0
197 0.799943185242369 0.34447134721924316 0.75722789785247 0.437540031678861 100.0
198 0.8358509882846107 0.4349730425222065 0.7545543807963148 0.43374037333911053 100.0
199 0.7984148005837042 0.370245940374557 0.7583239069293339 0.4544669460100401 100.0
200 0.8816884342813609 0.5028251313382549 0.7569170665468987 0.4408526599405184 100.0
201 0.9145509796851445 0.6107710490007565 0.7627607834306499 0.4490140541922488 100.0
202 0.8455086964163423 0.4561592167716011 0.7607879038939064 0.4371584311289892 100.0
203 0.8480309573581168 0.40041997452472844 0.7499438828602105 0.4345369886890039 100.0
204 0.8211245006194099 0.3820705257571448 0.7532285307104299 0.44384471381695956 100.0
205 0.8394240429192464 0.4656623769789768 0.7488215990109557 0.4335331607304139 100.0
206 0.8519732178866685 0.46406751126892337 0.7498204606094656 0.4391237682592151 100.0
207 0.8746918879385657 0.49045667047748587 0.7563528734986199 0.43977175390907214 100.0
208 0.8617907454879891 0.4983520936925389 0.7548553933612064 0.4370888668718357 100.0
209 0.8261315865737459 0.3803062200172422 0.7619488740305218 0.4388214542090876 100.0
210 0.8615134409687046 0.5073165740527406 0.7551193792728813 0.44227914573584803 100.0
211 0.840032409048351 0.4921313410262468 0.7473142903185146 0.44075446026840603 100.0
212 0.8558668342590527 0.48624749503124265 0.7535050371599411 0.4342728494500589 100.0
213 0.8459977805670817 0.469494797454545 0.7525219336781429 0.44697306009236276 100.0
214 0.8549407600950936 0.4559967563495567 0.7572938651180265 0.4401586323492597 100.0
215 0.8441888375146034 0.46537449821276294 0.7605566914925708 0.4420764637104444 100.0
216 0.8328618092590098 0.45795736749386906 0.7570001176943979 0.4386923479447127 100.0
217 0.7939020242194968 0.323287009789171 0.7616973701399136 0.4451844947900042 100.0
218 0.8534639277535725 0.4465103571608225 0.7573958912810771 0.45031721228834093 100.0
219 0.8915369764908977 0.5258821196423115 0.7555068222202473 0.4471379276475199 100.0
220 0.842632235807983 0.4495533919455993 0.7548707754582771 0.4453898209017221 100.0
221 0.8847123851581706 0.5465640552360707 0.7590717749303864 0.4405118857277076 100.0
222 0.9000843824650511 0.5849238795387519 0.7564886921786338 0.43354523415529816 100.0
223 0.8348862251168692 0.3771610702074179 0.7525875136011113 0.44422190828666847 100.0
224 0.861069092062986 0.45838031929060935 0.7559963100565005 0.43653183790025596 100.0
225 0.862865679466948 0.44166298466365295 0.7551695111271484 0.4445599033522399 100.0
226 0.8511656983791607 0.4730966440324436 0.7532458472308156 0.4415575436129391 100.0
227 0.8939178712971195 0.5830287656020199 0.7586328358810712 0.4395645096830038 100.0
228 0.864187879946025 0.4857981028652948 0.7553949517681257 0.44171119871490916 100.0
229 0.8888572778963857 0.5578608131599548 0.7500737254760403 0.4506038164872905 100.0
230 0.864432279010075 0.4955922972662985 0.7621287658954752 0.4421656171678804 100.0
231 0.8423246224760239 0.4454490748211426 0.7537854035637552 0.4376656829669314 100.0
232 0.8397040826094809 0.41139045212847647 0.7516623487042046 0.4437534911757336 100.0
233 0.8531399394338803 0.4453890576571372 0.755141697745537 0.43736990846741153 100.0
234 0.8197488534556794 0.3789341502903957 0.7547006816014188 0.4310603324141873 100.0
235 0.8531264837836018 0.4317697636246126 0.7535661441812389 0.44231880281098246 100.0
236 0.8486503276038851 0.43542164068403305 0.7552201317755729 0.43268734579937523 100.0
237 0.8612019079554679 0.46084823048023943 0.7528609320292344 0.43586645223432974 100.0
238 0.902847790363295 0.5947952911732937 0.7548357118657429 0.4505417570943851 100.0
239 0.855139274306404 0.49385343387448766 0.7506885952555874 0.42843353854279903 100.0
240 0.8842640235679564 0.5292435441709463 0.7598820838939073 0.4433339464413203 100.0
241 0.9110079009587968 0.6066882737178684 0.7578924475297169 0.4373379457537772 100.0
242 0.8479889536448966 0.4297711405589954 0.7547951732279208 0.4382171475465088 100.0
243 0.87480837308809 0.5015516279854207 0.7568138924972849 0.43855980365694586 100.0
244 0.8670993561073645 0.4858874243498842 0.7598187581606706 0.4443023001954087 100.0
245 0.8617634578726621 0.5218743844206596 0.7544007725709294 0.4387670871950059 100.0
246 0.9446932656125483 0.7123948190853324 0.7587461967941629 0.4398357633130649 100.0
247 0.9068815218165461 0.5726475122407187 0.7602926313773837 0.43572649892812854 100.0
248 0.9101839224993095 0.6335166003073683 0.7591281310156841 0.42957063169266785 100.0
249 0.782656587528009 0.34080040645395304 0.7588055221609371 0.4365943324208012 100.0
250 0.854701358784465 0.5297362057721908 0.7492204261032234 0.43522649047411344 100.0
251 0.8422067729120869 0.44775155184180093 0.7483329859634551 0.4300126011112394 100.0
252 0.8852360188935979 0.532590412615293 0.7611388530766976 0.4421605535497554 100.0
253 0.837692972353423 0.40524106930195475 0.7537359729410376 0.4348312802805433 100.0
254 0.8279337756016304 0.39881705608974183 0.7546982783601868 0.4365435313456638 100.0
255 0.8458774336831054 0.41588194562941416 0.7559293692190507 0.4406737687110889 100.0
256 0.9254323198219396 0.6418199957772124 0.7533904344203111 0.43616304359710867 100.0
257 0.8798234596756285 0.48273925865103406 0.7514917695740085 0.4398661697448828 100.0
258 0.854593369326094 0.49207235769563606 0.7542570632713969 0.4392080249490712 100.0
259 0.8534981382848642 0.490672891077638 0.7500436985129592 0.43992362482389974 100.0
260 0.8893006161387309 0.5370826467832001 0.7507894683424803 0.44471410446252113 100.0
261 0.8696125327631108 0.45563743560260317 0.7497644362869401 0.4357435201381973 100.0
262 0.8605544680778878 0.42876291521608084 0.7558278541604498 0.43754934917084254 100.0
263 0.8844399503695233 0.542724712428179 0.7553260533075404 0.43746664547152736 100.0
264 0.871016941697374 0.5169350036224793 0.7549032020761828 0.4338382301032814 100.0
265 0.8372421360367388 0.4544402157019925 0.7543538459490695 0.43401359219369284 100.0
266 0.8803015561334673 0.5224305079446319 0.7465341680226464 0.43854939449461056 100.0
267 0.8376878919843838 0.41757392625160045 0.7521859044947031 0.4336271981769764 100.0
268 0.8814625539582337 0.5112189492997153 0.7550520109477897 0.43759327472993004 100.0
269 0.8768842930896115 0.536080110276645 0.7492825134210206 0.4402715003400817 100.0
270 0.8458776043112352 0.490268965244194 0.7516723362647748 0.4354396484910139 100.0
271 0.8672683282194091 0.5488271617658276 0.7499821632036258 0.4366864793102522 100.0
272 0.8968785373579763 0.5933651257654988 0.7531903602204696 0.4419181713902307 100.0
273 0.8694957167637034 0.5644604468090698 0.7583741217691016 0.4404148249393035 100.0
274 0.8835373225907815 0.5433776473045622 0.758904554086162 0.4562901538355069 100.0
275 0.8753781667041723 0.48888333911510584 0.7567160616097729 0.4446357357935075 100.0
276 0.7954120870137011 0.33869141398727765 0.7471240742307141 0.4383939166513285 100.0
277 0.812368016221414 0.3411102061125096 0.755045307705151 0.4354087544431808 100.0
278 0.7863410409537641 0.30496847883720507 0.756429388203606 0.4404583074087765 100.0
279 0.8554959473909616 0.4927891754519361 0.7510714641806537 0.4263788688562199 100.0
280 0.8225020542434723 0.4760089922395503 0.7546798927134206 0.4353209948444096 100.0
281 0.8566909613044007 0.5025484713933046 0.7547736417044286 0.4316396134174865 100.0
282 0.8551549067941154 0.5116554514835674 0.7517615236857962 0.4397999798903759 100.0
283 0.8429869688786228 0.45966584115389536 0.7616570159065124 0.4382842383952875 100.0
284 0.8759015972074711 0.6089169643584665 0.7584331418912378 0.4450776768626065 100.0
285 0.8253708353776246 0.454205818787905 0.7537970124639582 0.43235735907976397 100.0
286 0.8859105953672838 0.5765818117101846 0.7552453545334905 0.4391878813891858 100.0
287 0.8103484504559961 0.39351256319586614 0.750304084708737 0.44060943174308875 100.0
288 0.8568092609088932 0.48286586363486295 0.7524286316095539 0.44425587939690125 100.0
289 0.845757350831193 0.4117721567897178 0.7489491397335721 0.4270335328489672 100.0
290 0.8580308884605502 0.4698109523506117 0.7550964409179748 0.44274920032737575 100.0
291 0.8470703466678113 0.5255030406047193 0.7445518453477502 0.4292612498357176 100.0
292 0.7940828795018329 0.40144841016997496 0.7523024236897452 0.44130403828376996 100.0
293 0.8606700055872963 0.5170631397599466 0.7511131046215711 0.432175290652438 100.0
294 0.8782551767419065 0.5694505959053393 0.7493215898585004 0.4234355686221364 100.0
295 0.8906374824384816 0.5637093303760431 0.7539626085953677 0.4332986411605438 100.0
296 0.7694736756326713 0.36354755558742446 0.7474013853817844 0.4284985948992911 100.0
297 0.8115863272535574 0.4425562004522206 0.7454837524195177 0.43466419629072706 100.0
298 0.9158097597791015 0.5871671230203405 0.755532907735363 0.43140439609215403 100.0
299 0.8677337487933838 0.440248323926859 0.750763407320655 0.4357848721315866 100.0
