1 0.5777665667217801 0.6207351537332149 0.35736509889931656 0.37872473879562046
2 0.5800086417421079 0.6267425564095661 0.342498853766603 0.40515664545150337
3 0.6301665990134891 0.6829166390438501 0.3356461560039703 0.43058983713608556
4 0.6676580128693668 0.7234447753352512 0.3297620884867169 0.44876337909481867
5 0.706084115529581 0.7626972878893792 0.3265495696247493 0.4706466877586621
6 0.735138745105133 0.7962381170723364 0.32457162720858224 0.4868350454349873
7 0.7249336446242683 0.7860921538738543 0.322222062949316 0.5054096626602815
8 0.7347561335206908 0.7927598210952993 0.3230317212643817 0.5145850487591327
9 0.7325163662875294 0.7899174074370372 0.32230224828882414 0.5253420362480119
10 0.7178912045821704 0.7777474542074876 0.3228165612514702 0.529941966787956
11 0.715737666118743 0.7744880046997598 0.323624989736823 0.5301153344831251
12 0.7318272104757332 0.7891221463230207 0.32462396664660753 0.5272276144540029
13 0.734728398094291 0.7939957075978098 0.3245581059532273 0.5303378911761949
14 0.7259777682987297 0.7880365844823503 0.32383762498601915 0.5357615178022606
15 0.7456613262697385 0.8050386058389505 0.324613713566401 0.5374976775117002
16 0.7572193225118692 0.8167032815383379 0.32424457529503653 0.5476460103995431
17 0.7809336375945694 0.8414628428334318 0.3245811150756631 0.5530103405593534
18 0.7812767069742899 0.8440092622408795 0.32375139354498195 0.5554199494114547
19 0.7914295135354864 0.8556830390753373 0.32361891265381015 0.5635921258124178
20 0.7902681764047312 0.8587859027201871 0.3217923855973799 0.5748550510182013
21 0.7833478191414012 0.8556646818874905 0.3208814553426138 0.5779558066964591
22 0.7636320837200264 0.8344473137783014 0.32043046328969693 0.5838782059088047
23 0.770517849612203 0.8422063960974737 0.32170263362791274 0.5862437030413336
24 0.785314186286025 0.8545993608855851 0.3224059061959735 0.5860680342474904
25 0.7726294309391083 0.8409139216158017 0.322253685195791 0.5826905069650916
26 0.7841761216475506 0.8505463207170623 0.32213139462326074 0.5844165556197746
27 0.7924132550421318 0.8614740302113717 0.32325183796531515 0.5774723919847252
28 0.7869865158133308 0.857275818278824 0.32209176984816273 0.5790447036043964
29 0.7805651363609655 0.8549973590322253 0.32103735628867247 0.5802740258164747
30 0.79991561054992 0.8730657818753185 0.3221965708337394 0.5742198559001561
31 0.7904219391778617 0.8608972294854548 0.32263591020964366 0.5701210391677967
32 0.7978780304509229 0.867907202531385 0.3219004172551795 0.5726791861242121
33 0.7989693339500006 0.8630055230389349 0.32098133545042323 0.5749327679080887
34 0.7919360007658027 0.8531829490479301 0.32233070628047356 0.5731559295405375
35 0.7945729294329527 0.8537801479225896 0.3205885715307977 0.5836338877761029
36 0.790892539581846 0.8493597326378625 0.3213248883865518 0.5853927158580107
37 0.7841895525860784 0.8418820098549752 0.3208390218996766 0.5872783558537892
38 0.7965548824300988 0.8544187959081764 0.3218250786898562 0.5898664009787506
39 0.8117341497398662 0.8689410166516245 0.3212334022736516 0.5918629421967981
40 0.8121253950880082 0.8712020981694473 0.3227706110885403 0.5929335792412407
41 0.8311465308147387 0.8887055063829805 0.32322678155047296 0.5956104406038596
42 0.835166027815492 0.8935927960991081 0.3241761324346818 0.601404989037913
43 0.8231950652123958 0.8857135922248759 0.3249885756033843 0.5986365740710016
44 0.8305416592545953 0.8899187412005076 0.3252151296754576 0.6005939809966103
45 0.8241723994327105 0.8821142366328271 0.32540437542860917 0.5942701718545769
46 0.8212624580878012 0.88392530083098 0.3247309345394133 0.5942953172781762
47 0.8170523792787862 0.8796248602024924 0.3247252725647094 0.5869347760599628
48 0.820306170376264 0.8794858843227471 0.3239217997502225 0.5919927187471912
49 0.798904646065741 0.860785414949628 0.325008204321766 0.586343534349288
50 0.809307482274701 0.8710914441066795 0.32392836464608143 0.5900256078913605
51 0.8136861872871128 0.8735935257229752 0.32484070742633053 0.5884498479959028
52 0.8267710823884873 0.8832963449577047 0.3245209606863164 0.5952321855211162
53 0.8394097344867391 0.8953881725718169 0.3235777662586372 0.5979627378886855
54 0.862079805283711 0.9157616196439881 0.32265915384914456 0.6003193993903623
55 0.8557856685994942 0.9114889045050802 0.32348680550074266 0.6041934488793128
56 0.8500914701501289 0.9056752491855565 0.32307850220645246 0.6078440929486705
57 0.8367395659700214 0.8972977755718112 0.32273136945414727 0.6076170577499495
58 0.8213887640145874 0.885592654167837 0.323434729162902 0.6032064335401361
59 0.8126915036989997 0.8753875046992665 0.3221140320693598 0.6063253664980266
60 0.8211822372454636 0.8834277645025013 0.3211259969777225 0.6092011072299386
61 0.826778240328547 0.8843513488193713 0.3208216113094344 0.6108942705310829
62 0.8237381739881673 0.8800883959249928 0.3201690410998763 0.6135912555822407
63 0.833412954574586 0.8853491336877675 0.32063596765803526 0.6152417351106941
64 0.8250218636239296 0.8807602197048251 0.32188502073453196 0.6134169351395661
65 0.8293535342315748 0.882323035592836 0.3230941050464941 0.6101419122556729
66 0.8257598893640162 0.8835499402248159 0.3223143154601105 0.6080256302164957
67 0.8362890122603364 0.8901308955526082 0.32306782124423405 0.6088446226830093
68 0.8255597876171391 0.8853938936277979 0.32318341114328486 0.6101024315586839
69 0.8429958978974839 0.9009722353622681 0.32392085105978496 0.6138642347990403
70 0.8382639058112288 0.8958085129419555 0.3235931286565078 0.6146000935536878
71 0.8510515366853983 0.905358936781916 0.3239997424112425 0.6154778283835945
72 0.8536404982532544 0.9103403862607721 0.32469791108481394 0.6137952104387961
73 0.8477282593313605 0.9030139364734081 0.3253340491804545 0.6108533565344525
74 0.8357702758876571 0.893523798770364 0.3242760189735979 0.6096602146479235
75 0.8193268183201836 0.8782574039013797 0.32408724295143587 0.6115833670256249
76 0.8072754954883496 0.8700396940652322 0.3245780824551934 0.6154641136473205
77 0.8048324246553135 0.8662141256657441 0.324114870386306 0.6140475940894369
78 0.8253477328057279 0.8854623259257475 0.3237706145113568 0.6151515442281154
79 0.8263937118395012 0.8853837968589039 0.3242363818177741 0.6144207780835151
80 0.8532461741950886 0.9116682204081623 0.3245303814220436 0.611653444501498
81 0.8541633805285753 0.9132198115768017 0.32457346625086275 0.6089268996850488
82 0.8457155825160096 0.9080397533927668 0.3253064239187755 0.6084324476260907
83 0.8385487676902503 0.8989883659004771 0.32562608887452804 0.6120774006688923
84 0.8385444265639321 0.8997218363435364 0.3247930956443576 0.6165052094551112
85 0.815247261185472 0.8816379533363214 0.3241076002380351 0.6181898821423448
86 0.8201878764331777 0.8823217199931497 0.3225322378690302 0.6205749041625458
87 0.8222938662181981 0.8828633687745917 0.3220820778950565 0.6228191223807537
88 0.8042744910185773 0.8696105106576862 0.3211680041748329 0.6220228743841206
89 0.7961721916215735 0.8599101065081671 0.3211694926990042 0.6246644499170998
90 0.8025637721198275 0.8650542729709481 0.32150144628164706 0.6266291236942155
91 0.7974728566926721 0.8636180325206905 0.32353982549717664 0.6251593749272051
92 0.8092957161564623 0.8759137315628289 0.3230319378264806 0.625938750902012
93 0.8325196363186732 0.8959582226656391 0.32264005548634483 0.6294160151304828
94 0.8330219032027083 0.8987922610880231 0.32232245868813025 0.627405496825947
95 0.8415470274705867 0.9058939308544052 0.3232206312494565 0.625378369563229
96 0.8462780579292308 0.9105593891077455 0.3225767561922326 0.6272830940843466
97 0.8500580562572667 0.9131321107749104 0.3227692670125849 0.6311190864468885
98 0.8503725289639205 0.9137433740714546 0.32437362581034956 0.6263194129475067
99 0.8450123129398118 0.9083845643712845 0.325925490881232 0.6255994988843299
100 0.8285434935925029 0.8951495958734721 0.32577833831567105 0.6245924874022302
101 0.82248544313014 0.887582373277273 0.32663820615373296 0.6231581056873272
102 0.8192061677010519 0.8859970106156313 0.3272740239148151 0.6186120378639244
103 0.8195990327451088 0.885864901721428 0.3269893742345202 0.619441462386672
104 0.8314813414543162 0.8974172097610376 0.32737661509999294 0.6178671818116956
105 0.8428389217098683 0.9070755297164069 0.3274821893167814 0.6180894334360689
106 0.8533557955758265 0.9177304720173429 0.3267761755044196 0.620468508102855
107 0.8437439409955024 0.9084724527404612 0.32656682017733224 0.6245129077012124
108 0.8422076364641718 0.906071330225154 0.3271577169103238 0.622068413229349
109 0.8381841349425377 0.9029318799442543 0.32777557913827243 0.6249757311229193
110 0.8304462765501602 0.893808943785514 0.3277352806582784 0.6255600628797399
111 0.8339804920508955 0.895545667305581 0.3287287061416978 0.6238731766240131
112 0.8339482298713797 0.8968907037834178 0.3288686030013692 0.6253551722190195
113 0.8232432867336176 0.8886652721155084 0.327245748922473 0.6313553085984026
114 0.8233933830584854 0.8897414181595945 0.3265431356229519 0.6298729277250116
115 0.8202193803005932 0.885829154724 0.327543678369019 0.6291788743970766
116 0.7944891685459492 0.8630366304150241 0.32672449065762477 0.629494672938908
117 0.8051180153303037 0.8712382855170709 0.3274385949629611 0.6275254305044667
118 0.8157200747438775 0.8811617501480098 0.328201889221742 0.6292854428844455
119 0.8189627477727903 0.8827744725749345 0.3277605260551143 0.6313955217479621
120 0.832227626026633 0.8952824248384832 0.32718140116862243 0.6330358828439656
121 0.8294721862503991 0.8940199698834588 0.32728087226211194 0.6363113073874418
122 0.8172520677951338 0.8813984208772563 0.32742602042909263 0.6364527651406233
123 0.8131051964384562 0.8769505855039237 0.32708894580693304 0.6358096449623452
124 0.8090175803382227 0.8740671518902043 0.3279728875530096 0.636662652317819
125 0.8186163797385462 0.8824243135219396 0.32685780078202953 0.6391309005425495
126 0.8343949808410136 0.8994056802048614 0.3270683381085164 0.6344629896157878
127 0.8407236288197686 0.9062014468213624 0.3260795290851598 0.6373318469867347
128 0.8426861986311363 0.9096519552596558 0.32619754911744153 0.6375972421088564
129 0.8443889015094317 0.9106682719459777 0.3246874108673857 0.6366339355805474
130 0.8358424975346379 0.9041451877652413 0.32554941312590097 0.6362830796037479
131 0.8244518849442777 0.8917400870005585 0.32550406627344025 0.6345142555165844
132 0.8329274252474924 0.9002895231652465 0.32631069416493486 0.630174234060252
133 0.8322324193291608 0.9007250330777297 0.3263596729260939 0.6310253316354407
134 0.8193118875991987 0.8863012248473059 0.3272409089198166 0.6293668643234522
135 0.8046834381954998 0.8744106776853421 0.32769546594905 0.6290177112820352
136 0.8200318320944918 0.8876254967292168 0.3281372870630774 0.6315835716971612
137 0.82619255689158 0.889672524423187 0.3272598607924144 0.6334455623552779
138 0.8107397045511178 0.8727314904756749 0.32803154074475294 0.6259132200079034
139 0.8263525230880482 0.8878475656310639 0.32821572731212256 0.6269843030827625
140 0.8286922604637359 0.8919098469150413 0.32777292717213763 0.6281450973913495
141 0.822414363024879 0.8851853694522047 0.32654226093233785 0.6329443375385164
142 0.8090818864179641 0.8777168903105815 0.3273992944717733 0.6325149493204377
143 0.8145852525554815 0.8809459077304087 0.3270730789888675 0.6357917078761965
144 0.8195851731925249 0.8857778745406707 0.3276252775575161 0.6354744917212479
145 0.8294184545302568 0.8926424544687539 0.32844715158226323 0.6367644238995254
146 0.834312628023819 0.8969825433874895 0.33029806682599877 0.6338479085753448
147 0.8431959006336829 0.902349806300918 0.3308924357587877 0.6347072864059095
148 0.8573446235163396 0.9184617361645119 0.33103395217014286 0.6346686675979508
149 0.8543382560760818 0.9154903980153684 0.3310917738330558 0.632920132691219
150 0.8574555883833135 0.9152462792968628 0.3317655485922666 0.6333836894880929
151 0.8497542420803489 0.9087426255928281 0.33161571615062535 0.6339830468908613
152 0.8374114158290882 0.899799904019549 0.33148007031920973 0.6328938147192751
153 0.841172316163448 0.9036760644097445 0.3306225805736539 0.6385253753266376
154 0.840882981352234 0.9044463173791385 0.3303199355805771 0.6389038851736455
155 0.8482803474983929 0.9133717420194865 0.3286823282649975 0.6422249886870843
156 0.8595540142573558 0.9231308555184649 0.3290699228571537 0.6413226664442224
157 0.8658845800806139 0.9258700851600115 0.3289486381098251 0.6418287549734172
158 0.8540630173484537 0.9149549920821535 0.32935629387345877 0.6423556353163802
159 0.8629642304779847 0.9232984964512893 0.32953203175756257 0.6433592045749459
160 0.8505361985322046 0.912267742346156 0.33048815757654515 0.6379275032693431
161 0.8471749778304252 0.9114253713320094 0.32968458254172806 0.6386176543899744
162 0.8366803777047757 0.903602295591371 0.3299454976863376 0.6373988245746748
163 0.8418414759055075 0.9094602419419502 0.3308524475032619 0.6336894368333449
164 0.8207413031602776 0.8910131604114234 0.33139254971553667 0.632096044177031
165 0.8223776705088405 0.891741653008846 0.3306698479833696 0.6314545572372211
166 0.8047556961868644 0.8725432055854618 0.33086219151667196 0.6316555507504071
167 0.8063656310745941 0.874689402833385 0.32935459265762157 0.6365840554399265
168 0.8011506123424148 0.8674603030340137 0.32995104594699687 0.634577348383047
169 0.8274050248125325 0.8864430917348851 0.3292445564243052 0.6369982306830221
170 0.8307565960039996 0.8896064373411393 0.32896211098407185 0.6407418986852951
171 0.8469226198936637 0.9062906732164506 0.32976402985153397 0.6387870988698818
172 0.8400439766727033 0.9018688719199695 0.33129622758477445 0.6339493107489261
173 0.8366476911586801 0.8986551702038961 0.33072109456129906 0.6320958075390521
174 0.8162160165268595 0.88643715764926 0.3317247281900624 0.6319420175952342
175 0.8135528503980456 0.8857383946062252 0.33230503602014294 0.6305788332259683
176 0.8130147174243965 0.8867534078769367 0.331226948452482 0.6313586400032907
177 0.8268121393211725 0.896243045187628 0.3307960993519973 0.6368143474501355
178 0.8333328704908466 0.9029826829635736 0.3309310792791724 0.6407011796369083
179 0.8474430078797044 0.9118299972653933 0.3296327454247554 0.644130017074937
180 0.8526740989257918 0.9154596616853068 0.3293269526616037 0.6480813850148157
181 0.8532871539165443 0.9157410670025303 0.3308103054176809 0.6456542297765437
182 0.8489851745193384 0.9127813496990085 0.33167653119378 0.6372233278378123
183 0.8570208218838552 0.9187797499225526 0.33166824295305086 0.6398253878014992
184 0.8546179993623427 0.918052218802417 0.33252357009341676 0.6375633450287147
185 0.8413023460754528 0.9077095030094771 0.3330794505574179 0.6333280968557214
186 0.8252999119355167 0.891993706062532 0.33171569637672704 0.6378064164183318
187 0.8171130719743172 0.8851749068718041 0.3312474375332872 0.642206236563403
188 0.8078357595213109 0.877874325619581 0.33035002893942444 0.6458400524814754
189 0.810525180004371 0.8780332030613061 0.32945973063788186 0.6493328943078712
190 0.8159418960028313 0.8842239742205613 0.3296323543342477 0.6483696481848785
191 0.8306269255722759 0.8990797876498261 0.32882121951306464 0.6494512227106952
192 0.844928676463655 0.9118025841100375 0.3277336095833919 0.6494244466139637
193 0.8648942684955971 0.9269396805979735 0.3268850613561988 0.6457319212443474
194 0.8529080988259343 0.9155126274782438 0.3272488102511698 0.6451310730685392
195 0.8518443820042737 0.9113022611893016 0.3269046286223086 0.6461550251102696
196 0.86577618987489 0.9198947429568556 0.32748918521540116 0.6469390354908289
197 0.8751776337988828 0.9259890929467153 0.3289607014022494 0.6481839214691176
198 0.8628805093024884 0.9153044840354252 0.3304587321365936 0.64248319965866
199 0.8737398342165024 0.9254798667527006 0.33074023800631397 0.6381867753387096
200 0.8857912930592698 0.936324124709523 0.3317411259134769 0.635442523977346
201 0.8792085297002619 0.9311647644695539 0.331605970229272 0.6344604789083197
202 0.8646541168577286 0.9201564255723514 0.33080631808571237 0.6349507364981455
203 0.8568341359703929 0.9158956751252159 0.331306901893067 0.6369753371084222
204 0.8570508059711134 0.9175285447796453 0.33112013914837524 0.6390049374698373
205 0.852670368208474 0.9137624541575258 0.3294858556661563 0.6429682718322732
206 0.853770978079314 0.9167951075838664 0.3303500523964374 0.6446427452290637
207 0.8562180914879003 0.9169078147400451 0.3302530802317324 0.6456644248854566
208 0.8685780876830469 0.9249009397954273 0.3293237967475348 0.6519898889474073
209 0.8751266115793545 0.9303136216464722 0.32942419858002125 0.6520835991406073
210 0.8757687676219653 0.9307324298397915 0.32918139605678753 0.6556831061769296
211 0.8562110822668991 0.9138724176559053 0.32849937935754825 0.6527911945633631
212 0.858136354821163 0.9172067331979779 0.3285933893510632 0.6491738970728942
213 0.853995311851644 0.9174499747968701 0.3288721650164791 0.6454256266249401
214 0.8313901619219054 0.8980784964533601 0.3298629596671091 0.6425176188782209
215 0.8249113068276117 0.8943467616735223 0.33047271651557025 0.6388264216059008
216 0.8368845622744188 0.9043530111839087 0.3311646018580411 0.6391523147113799
217 0.8480791084830186 0.9121675219841101 0.33160971228289277 0.64336869316605
218 0.8394070261403046 0.8994317571302088 0.33220378586509397 0.6424860609278745
219 0.866369661993524 0.9225924514470488 0.331783084696056 0.6472950506852769
220 0.8581639331967947 0.911550165862835 0.33233468239475294 0.6434966140249742
221 0.8577229876277286 0.9123063369450662 0.3314632586665641 0.6465094289730544
222 0.8403455819595921 0.8992903957086911 0.33191332139047436 0.6416845364613732
223 0.8449741140184377 0.9064992514273037 0.3322622364113921 0.6410952158487555
224 0.8231577566058826 0.8861881900118146 0.33216989523786866 0.6409083650094318
225 0.8462876435981983 0.9071317844006981 0.33255206288684896 0.6440474210588377
226 0.8468130156074218 0.90546078229559 0.33323018510215213 0.6436382805215288
227 0.8514722243627126 0.9107335476888568 0.33234406363502 0.6463710948369834
228 0.848498774041377 0.9085546152185661 0.33183193057852045 0.6497683515121615
229 0.843307598141293 0.9060176403575962 0.3312893307906113 0.6508338418420812
230 0.8337160974166326 0.9005044966344469 0.33103009883877543 0.6505842095652961
231 0.8267461706353428 0.8965315284704332 0.33147302902206155 0.6481992259572591
232 0.843597768099946 0.9072517357917234 0.3323482753022884 0.6477920118469699
233 0.8554069735207595 0.9178671706774596 0.33181359914831504 0.645140351212725
234 0.8763273265773698 0.9357995174170828 0.3316839264824428 0.6444297724361999
235 0.8684770304562033 0.929686195287988 0.3329567474732197 0.643252364280764
236 0.8726791159708549 0.9320524448471149 0.3331317747661438 0.6410988051818773
237 0.8586879506814211 0.9224742603475425 0.33300594793971705 0.6414248664168628
238 0.8505801389225628 0.9177942514884716 0.3345714371909162 0.6401028473415347
239 0.8481584173932925 0.9146335663068721 0.3353555722746782 0.638428387470595
240 0.8624496400333296 0.9243371351756753 0.33456440234184287 0.6417142832539999
241 0.8698637606804814 0.9331207737350699 0.3340862874552468 0.6437249973614759
242 0.876473081533837 0.9384720388653826 0.33474761307754336 0.6421049404626126
243 0.88145273662798 0.9401290694026427 0.3336110627100418 0.6453794973479429
244 0.8789457738032095 0.9393944664762974 0.3335795011135059 0.6450865773017228
245 0.8691914652658204 0.9294319177403656 0.332903756220177 0.6439785848417907
246 0.8762501509257555 0.9327408170199203 0.3338021312430611 0.6432567957616334
247 0.869465547286333 0.9272901908641206 0.3322608295830909 0.6457836584759294
248 0.8564709621016681 0.9144974504410038 0.3322339845537225 0.6436257548591142
249 0.8473658986699105 0.9068177669147683 0.33153487439202045 0.6436109959237772
250 0.8544332035960764 0.9158219216484478 0.33284271637862217 0.6417064921942109
251 0.8479688975850413 0.9094621670285272 0.33262347681671733 0.6412907673770565
252 0.8389928027730109 0.9011966736826919 0.33320684295163816 0.6431083117672359
253 0.8596582122379409 0.9201739259732327 0.33324399147372186 0.6466988229291142
254 0.8514275234241111 0.9126361835123087 0.3335827748917094 0.6483008002962162
255 0.8505881635879108 0.9106317286837715 0.33140786576853215 0.6532670857400876
256 0.8502549315882432 0.9117488786070835 0.33013321963222186 0.6587078616262836
257 0.8449891845929084 0.9068475846139327 0.3300531555639098 0.6594357983607873
258 0.8393317056041774 0.9015325740020085 0.3305757303428945 0.6562704993121663
259 0.8456320080161867 0.9067113720411335 0.33120752759449523 0.6511640772237008
260 0.855989599001423 0.913221703229069 0.3324720977475888 0.6479080839930736
261 0.8624572365521403 0.9167546704944416 0.3338505447333215 0.646400626712205
262 0.871003770625582 0.9227255524648845 0.333215756323677 0.6479994527763624
263 0.8697843003593821 0.9238028470206043 0.33383263361158705 0.6484101450261247
264 0.8908369419723323 0.9408365504045161 0.3329183389597511 0.6552320569138502
265 0.8874310933534628 0.9396983267072356 0.33309559974993447 0.6583075030431904
266 0.8851404436570073 0.9395746213525034 0.3323171309245507 0.6613601877101062
267 0.8930326301722058 0.9494835469715195 0.3332104174104682 0.6567133548788654
268 0.8866477305958046 0.9409558638303711 0.33174048872214856 0.6600322538510011
269 0.8793296097326374 0.9345997391199878 0.33276102209747416 0.6569431057800895
270 0.8770655269476295 0.9338238373003845 0.33227964106013425 0.6573624604418914
271 0.8745395494409077 0.931616887273225 0.3332355440085978 0.6533656795375655
272 0.8824770090364821 0.9356261787687918 0.3334327599035555 0.6525656259025692
273 0.8955768974783311 0.9487596183951723 0.33359328507184277 0.6510237321012824
274 0.8971306196043738 0.9517713569082801 0.33391719301465006 0.6532217899081709
275 0.8896483516459757 0.9440445086354268 0.33454996539298304 0.6502800969617433
276 0.8816528886052184 0.9392987808863177 0.33396219770994157 0.6504429452945846
277 0.8697975438101804 0.9306971238755279 0.3340373253431273 0.6557337555249266
278 0.8681240246170139 0.9298369709395298 0.33516490218482237 0.6549348841240388
279 0.8539294235854087 0.9162824849400641 0.33556879618760166 0.6515035217505727
280 0.85661512657945 0.9211755815612562 0.33660929524113825 0.6501380169981648
281 0.8638680632864787 0.9239914953993431 0.33653562999975184 0.6520517313348708
282 0.864586848942424 0.9260876424745144 0.3372353821664941 0.6513809918368446
283 0.8470217141083246 0.9095634288959363 0.337557834781897 0.6528829305355146
284 0.8566391947882843 0.9193897112743665 0.33746498747930687 0.653828680077487
285 0.849111063461085 0.9119766572905604 0.3360242872578233 0.6585119111364521
286 0.8429171677620493 0.9092047799036879 0.3360753677535594 0.6570578981512831
287 0.8433486928770856 0.9073514422324802 0.3346663460458293 0.65647206047572
288 0.8534760065470772 0.9154110414554621 0.33390753375495386 0.6544362330510893
289 0.8622902746609515 0.9222021812170528 0.33236344167270804 0.658199191297347
290 0.8669615094547873 0.9244174792329364 0.33411290900208196 0.6517031707981659
291 0.8737682980025842 0.9305067892015068 0.33482728590196675 0.647649715492449
292 0.8745555911286976 0.9329830550124296 0.33480854964000617 0.6470483179076071
293 0.8691730581229399 0.9298546335864796 0.33558293856930915 0.6462511523694398
294 0.870124901354201 0.9296475768224346 0.33558836608477477 0.6462257589667767
295 0.8750621446729548 0.935249644088616 0.33382384143038024 0.6509434021927823
296 0.8649875185074605 0.922956528674414 0.33320205305063383 0.6544464941916894
297 0.8741835422872294 0.9302333519776518 0.33299515784279854 0.6558973792369314
298 0.8727302988127118 0.9293977283705654 0.3322741566465093 0.6575253181896862
299 0.9055952488606043 0.9603530448700569 0.33060626683893907 0.6637485325847058
