1 0.2369679898251659 0.2418915803606206 0.5833785273325562 0.1390483743725224
2 0.19149904928201902 0.1932266248491338 0.4277989069676276 0.1146358208075604
3 0.18231918618427415 0.1834037614545952 0.39209352661086044 0.11459437444998802
4 0.16863501053873206 0.1687586631379113 0.3428529646575225 0.11018491501716421
5 0.16854891516778156 0.16866875002098577 0.3390579826002744 0.11451346125859194
6 0.16854891517297357 0.16866875003137521 0.33887754488402844 0.11425528369253271
7 0.16855029466781332 0.16867075776222826 0.339493360371595 0.1133836561120303
8 0.168550331004171 0.16867083069079794 0.33999829482027855 0.11299763367950491
9 0.16855098315027842 0.16867189090577303 0.34041174694467663 0.11240032316116452
10 0.16855097958397586 0.16867188394185978 0.3397594072749016 0.11300676067036339
11 0.16855058522925725 0.1686710970907238 0.33906903810165834 0.11385836279594574
12 0.1685492017551256 0.1686690813988425 0.33890035421426623 0.11406475021242275
13 0.16854914534896812 0.16866896844079873 0.3386214392608053 0.11416910977769865
14 0.16854895588381383 0.168668597081474 0.3390763407110603 0.1134129594856346
15 0.16854895582424262 0.1686685969623593 0.3390942074799558 0.11350186783148442
16 0.16854938561300697 0.16866945461467148 0.33991203984075324 0.11281069966791049
17 0.16854938564088778 0.16866945467044547 0.3399404046626967 0.11293212207299523
18 0.1685493855585542 0.16866945450572102 0.34038089989292536 0.1124157077881374
19 0.16854936757610986 0.16866941864232268 0.3402819441938555 0.11271460249031433
20 0.16854938934542427 0.16866946216512047 0.3406848154463361 0.11188760615149032
21 0.16854935481506894 0.16866939316655535 0.34091136755547474 0.11136774740132131
22 0.16854921576847312 0.16866911578865748 0.340654149363336 0.11128296655667602
23 0.16854921926294 0.1686691227593127 0.34005000184293926 0.11215195354814873
24 0.16854922078910342 0.16866912579909055 0.34020762089722617 0.11201116622015787
25 0.16854919918775818 0.16866908261223185 0.3399620323043907 0.11237600491701412
26 0.1685491983670345 0.16866908097554975 0.3400408325885306 0.11257084507152278
27 0.16854933749220155 0.16866935851067147 0.3398909647127293 0.11318819128797564
28 0.16854933592545338 0.16866935540098277 0.34025510600624276 0.11279751928154558
29 0.16854941170077442 0.16866950713360307 0.34042968087371683 0.11274789461202597
30 0.16854941152282993 0.16866950677766324 0.34097731016118243 0.11225362989650374
31 0.16854943341129852 0.16866955020526517 0.3403629989348257 0.1126554796579011
32 0.16854943346661763 0.16866955031588443 0.34004239403486924 0.11296215435637869
33 0.168549404576257 0.16866949229929942 0.33974045215291604 0.11312574226219733
34 0.16854932721561694 0.1686693374085436 0.33877022458265715 0.11422485502257447
35 0.16854935648554234 0.16866939592469188 0.33857171284500287 0.11407785657748518
36 0.16854879406636353 0.1686682737344845 0.3386818021944609 0.11437879286276338
37 0.1685493755593755 0.16866941260924298 0.33869705291547963 0.11411487017693131
38 0.16854940432660578 0.1686694703806681 0.33846342306526 0.11448108289424334
39 0.16854940360524412 0.16866946893760254 0.33848853814031055 0.11423558767141344
40 0.16854938763197494 0.16866943694511374 0.3386276790441644 0.11440755764916159
41 0.1685500665558197 0.16867078752098438 0.3380286992009637 0.1148012007525919
42 0.16854952243017124 0.1686697216848528 0.3381107602290244 0.11497203452103481
43 0.16854952068302848 0.1686697181840679 0.3382650880033174 0.11494993257016047
44 0.1685495698033024 0.16866981624260818 0.3382395504909203 0.11456915991552252
45 0.168549556472311 0.16866978965029517 0.3380414603676055 0.11478374340243143
46 0.16854941801403706 0.16866951770677402 0.3386527545484137 0.11428681853403422
47 0.16854938053321256 0.16866944444117707 0.339181742033305 0.11356340285908736
48 0.1685493805872887 0.16866944454940877 0.33954266663885324 0.11277282157800347
49 0.16854933146040238 0.1686693464776409 0.33992432442327747 0.11248381870081473
50 0.16854933169820177 0.16866934695372865 0.3392728421282946 0.11331436236739892
51 0.16855068930537126 0.16867131090287973 0.33911042903646876 0.1131363210710419
52 0.16855069476943263 0.16867132183296688 0.33841080934266204 0.11402401555966528
53 0.16855069476346027 0.16867132182084632 0.33797146331543115 0.11468893864154028
54 0.16855072861402204 0.1686713893666721 0.3383297209232777 0.11458095508659594
55 0.16855072844331107 0.16867138902497855 0.3396728753580965 0.11289794352312799
56 0.16854937871357445 0.1686694407916422 0.33930908018843164 0.11358768611425193
57 0.16854937628389152 0.1686694359138181 0.33976390245913646 0.11265849950921698
58 0.16854936901352963 0.1686694213540735 0.33961859296694874 0.11300156249307476
59 0.16854934027394716 0.16866936403143232 0.33893606700004875 0.11362569611816264
60 0.16854934057897547 0.1686693646415794 0.3379766348245651 0.11447758365839125
61 0.16855068807823828 0.16867130844756262 0.33834202123704193 0.11380344893294274
62 0.16855068499719708 0.1686713023019495 0.3383796587448645 0.1141896257503878
63 0.16855071024324303 0.16867135269733852 0.3390682893857196 0.11310261754118629
64 0.16855070522583113 0.16867134266130948 0.33968698208018616 0.11258016504047201
65 0.1685507122501137 0.16867135667556987 0.3400368070844152 0.11257980427689804
66 0.16854935686435307 0.1686693971356344 0.3398263443525923 0.11312717819425444
67 0.16854935698984788 0.16866939738663206 0.33959118528909177 0.11313505489050105
68 0.16855001048609075 0.16867067740366132 0.3391870074465593 0.11388346135963989
69 0.16854984676501378 0.16867035081074924 0.338241106422233 0.1151869830857872
70 0.16854983960474876 0.1686703365244387 0.33858847131426106 0.11466056948287107
71 0.16854983963608433 0.16867033658709046 0.33885857844194084 0.11421522826959048
72 0.16854983966610354 0.16867033664718817 0.33912706542200627 0.11427300950165417
73 0.16854919494919493 0.16866907415848917 0.33955248408877664 0.1136256729878726
74 0.16854937573259707 0.168669434832039 0.3404473402149059 0.11217048229879303
75 0.16854937894919395 0.16866944126671668 0.3400251416796086 0.11259840987750502
76 0.16854937895217897 0.16866944127273503 0.33992637456584834 0.1125794700046983
77 0.16854937933595884 0.16866944204048923 0.34008020703859454 0.11227019765942699
78 0.16854935277864172 0.1686693890721141 0.3402808742061025 0.1120530711172261
79 0.1685493395027243 0.16866936254460982 0.33975409211739366 0.1131012737795671
80 0.1685493652519013 0.16866941394108897 0.33975338482649303 0.11319629000273317
81 0.16855072135667362 0.16867137489790646 0.3396607498000959 0.11381305721775754
82 0.16855072392218096 0.16867138001276452 0.33912960342746773 0.11458565097616366
83 0.16855072513598496 0.1686713824409336 0.33841403345675075 0.11530102734618881
84 0.16855072134941887 0.16867137488753126 0.33810929006314505 0.11543305447933334
85 0.1685506384246131 0.16867120942161506 0.33837783822161727 0.11494134532657593
86 0.16854928249693968 0.16866924881907028 0.33854846910403064 0.11440351936546311
87 0.16854927954594862 0.16866924293299934 0.33865252936903806 0.11389960699000168
88 0.16854884540337076 0.1686683766617181 0.3390269499559534 0.11360918820409949
89 0.16854884544223575 0.1686683767394713 0.33923669794203387 0.11320207185569509
90 0.16854890866208558 0.16866850183576995 0.33944435167667814 0.11280274689948014
91 0.16854891084371634 0.16866850620018828 0.3394900559395994 0.11283549136898621
92 0.16854891066682925 0.16866850584638304 0.33967627397383177 0.11246802569806476
93 0.16854935779196834 0.16866939800345254 0.3398223178500613 0.11213987483931183
94 0.16854940946329597 0.16866950115617585 0.3397621112517837 0.11240998344780004
95 0.16854940017032086 0.16866948363027806 0.3395012311291442 0.11276937803791823
96 0.16854941192408496 0.16866950706136022 0.3397918462565588 0.1120830917229618
97 0.1685494122680077 0.1686695077493388 0.33970845300318386 0.11260465924591549
98 0.1685493977687726 0.16866947882941113 0.3394098925231087 0.11269748260119261
99 0.16854934615067285 0.16866937578313834 0.3394048547720314 0.11265828851076817
100 0.16854934607299002 0.16866937562772244 0.3396886350578015 0.11224057149121766
101 0.1685497521693055 0.16867017164085196 0.3393241102803594 0.11249836836559528
102 0.16854931552842906 0.16866930039220426 0.33922042295485433 0.11224735234530756
103 0.1685493174414483 0.16866930421915813 0.3393033715750793 0.11245968800995529
104 0.16854933171574185 0.1686693326892634 0.33966328657915174 0.11182368236144558
105 0.16854937415757082 0.16866941747555697 0.33916414388239136 0.11273149490506022
106 0.1685489831422293 0.16866865167579217 0.33924329772248196 0.1132727329576764
107 0.16854942019932065 0.16866952375712002 0.33972671722903264 0.11280961887245458
108 0.16854911074228446 0.16866890630945328 0.33929811672661314 0.11338170635685418
109 0.16854909638944526 0.1686688776822136 0.3389980560099475 0.11387752299525436
110 0.1685489930641122 0.16866867145030748 0.33955870045022224 0.11305102968962047
111 0.16854897332075047 0.16866863195687753 0.3391171522251561 0.11334518267222249
112 0.16854899053650185 0.168668666292558 0.33902549676474797 0.11356100836141388
113 0.16854933999990562 0.16866936352644188 0.33904053596877 0.1134097789392021
114 0.16854933990408327 0.16866936333475907 0.33899838759663503 0.11341586774963494
115 0.16854940839330262 0.1686694999512175 0.33904361895144547 0.11346957704032143
116 0.16854934708616148 0.16866937761892875 0.33893148714612886 0.11371449741161108
117 0.16854932931582858 0.16866934217387214 0.33837450224504506 0.11469205253598058
118 0.1685506393206299 0.16867121117543493 0.33856218750556016 0.1143191801252931
119 0.1685519911821086 0.16867316366463236 0.33881025178715407 0.11379907675768493
120 0.16855208840319785 0.16867329906269718 0.3377699582437529 0.1151547248024914
121 0.16855214028555435 0.1686734025758732 0.33879423039737455 0.11377847013692928
122 0.16855214017048764 0.16867340234558928 0.3391160349376011 0.11322004835897263
123 0.16855059676349998 0.16867106772322976 0.33911310679358586 0.11328390367696017
124 0.16854915910528662 0.16866894408567337 0.33964957170750365 0.11281578055904792
125 0.16854899870015022 0.16866868265793505 0.3405094305654667 0.111627884675369
126 0.16854898008499727 0.168668645357204 0.3399582750401216 0.11246844303887567
127 0.16854898014129466 0.16866864546982122 0.33983412427351223 0.11265378241201585
128 0.16854917314976609 0.16866903052433688 0.3399753556475222 0.11285552160841636
129 0.16854925986860553 0.16866920351215922 0.3392528607356571 0.11379090045261062
130 0.1685493152665171 0.16866931400998242 0.33905781749692376 0.11433089373509223
131 0.16854934636907087 0.16866937624463993 0.33888564438705276 0.11459949422097934
132 0.16854934626747906 0.16866937604143079 0.3383953682810513 0.11479889025187484
133 0.16854934474067668 0.1686693729922789 0.3386835392499216 0.11428655479422052
134 0.16854930914353133 0.1686693019891728 0.3388641204651296 0.11412448336723462
135 0.16854930919985742 0.1686693021018569 0.33898421130266604 0.11376313149186028
136 0.16854935952513878 0.16866940253825993 0.3385258061335828 0.11412806238560683
137 0.16854948474925396 0.1686696485038229 0.3396553563924594 0.11308998305357806
138 0.1685494854720644 0.16866964995000658 0.3390104979564497 0.11372819085720395
139 0.16854952143496524 0.16866972168978153 0.33997237360203136 0.11257156438772024
140 0.16854954173247264 0.16866976227030114 0.33964744596073165 0.11293937190428549
141 0.16854942401091705 0.1686695269550556 0.3400666166527228 0.1125157574327256
142 0.1685492996492076 0.16866928270952242 0.3392523288277656 0.11350567866031884
143 0.16855064311647913 0.1686712183699966 0.33983958875976383 0.11283933103503763
144 0.16855066330077179 0.16867125862259855 0.33835093536208405 0.11447046178126671
145 0.16855064368003947 0.16867121939604518 0.3393130061319146 0.11343689429842256
146 0.1685506986278325 0.16867132941899216 0.3393273275482004 0.113293735061368
147 0.16855204953923947 0.16867328001280654 0.33935000363080486 0.11281502084567363
148 0.1685507004248455 0.16867133302125475 0.33886581185388154 0.11376646711977838
149 0.16855068795732828 0.16867130819671933 0.3393450903294451 0.11311304330591225
150 0.16855068366080483 0.16867129933040542 0.3387824009753896 0.11381763456559879
151 0.16855067921013106 0.1686712901858995 0.33876979369887106 0.11409995705411442
152 0.16854932748667092 0.16866933797275957 0.3388709226896764 0.11440879832674503
153 0.16854933253449578 0.16866934810471895 0.3390936474589768 0.11401240005932747
154 0.16854932473511758 0.1686693325149829 0.33877458656597254 0.11466514177766873
155 0.16854932834144262 0.1686693400004585 0.33800799714950447 0.11538364626448998
156 0.1685498471327958 0.16867035691706594 0.3380082598674621 0.11505635877348157
157 0.16854983896761283 0.1686703405695457 0.33785446001486946 0.11540050776640928
158 0.1685498390020058 0.16867034063840616 0.33796974042006334 0.11484072180281846
159 0.16854989211145824 0.1686704469955848 0.33823336812033417 0.11459350565624549
160 0.1685498921132989 0.16867044699927064 0.33844382499202774 0.11416686318787446
161 0.16854937787597887 0.16866943943490664 0.33832685222568387 0.11451116832547589
162 0.16854938724394422 0.16866945818850293 0.3385037900796627 0.11414381745706881
163 0.1685494343421708 0.1686695522109681 0.3381623194536488 0.1147757605752647
164 0.1685494302358599 0.16866954366883297 0.33851395276034346 0.11407877664425844
165 0.16854943070586442 0.16866954460925182 0.3392278240976362 0.11361513524221371
166 0.16854943050724175 0.16866954421080652 0.3387054153986207 0.1142293604906142
167 0.1685494292089135 0.16866954161362258 0.33937996935118503 0.11349021097376055
168 0.16854939002408273 0.16866946341388717 0.3399467895141141 0.11298373608695636
169 0.16854934039809785 0.16866936434950117 0.3398161674956627 0.1133325808700977
170 0.16854937207083837 0.16866942758256298 0.3389363666280523 0.11430838311750646
171 0.168549372848568 0.1686694291384137 0.33959612713618165 0.11357020006064558
172 0.16854937318582022 0.16866942981312327 0.3390966035127781 0.11400834130720576
173 0.16854936551435085 0.16866941447445488 0.3382292165299627 0.11477418877144088
174 0.16854936513508195 0.16866941371576807 0.33796503634377706 0.11487674590676525
175 0.16854933294759367 0.1686693494527899 0.33829117031934075 0.11410813162779718
176 0.1685493287660655 0.16866934106213027 0.3382709743644293 0.11395288586812871
177 0.16854932849324697 0.16866934051630597 0.3380719999462669 0.11433876734016757
178 0.16854934372553226 0.1686693708971822 0.33854742838203017 0.11359825226328417
179 0.16854934965278473 0.16866938275334012 0.338350759122648 0.11422844725983983
180 0.16854934968976745 0.1686693828273317 0.33847607635787147 0.1144783470247911
181 0.16854939176427539 0.16866946565684676 0.3383241165902966 0.11482170164870582
182 0.16854939268641098 0.16866946750194142 0.3381803907015127 0.11490343054463663
183 0.16854930604159102 0.16866929466162522 0.3380901753194163 0.11520745088785393
184 0.16854931844063348 0.16866931937042554 0.3387898839275895 0.11420318166041254
185 0.16854932241904924 0.16866932730064524 0.3387001618492551 0.11403439879596641
186 0.16854928484171516 0.16866925349684492 0.33895344652469406 0.11360934232555338
187 0.16854928388254997 0.16866925157769574 0.33981210319988814 0.11275072124994034
188 0.16854935528918275 0.16866939402638767 0.33982403666499517 0.11307927639456306
189 0.16854937220675104 0.16866942788430855 0.3396906183320322 0.11301918872340593
190 0.1685493992864501 0.1686694820536329 0.33974518741672777 0.1131750431641447
191 0.16854940355461462 0.1686694906027284 0.33972693087095146 0.1128291093961715
192 0.16854944092206964 0.16866956526886923 0.33903305704175446 0.11338381365002467
193 0.16854944099807354 0.16866956541989872 0.3388870993441643 0.11309389416344284
194 0.16854940976803284 0.16866950300200584 0.33894932159321767 0.11314525492012899
195 0.16854929682581132 0.16866927755391048 0.3391198016853842 0.11261453414181874
196 0.16854932593709132 0.1686693356057361 0.3389588046440536 0.11303734455325878
197 0.1685493126488353 0.16866930901590366 0.3390321766244575 0.11290335621605685
198 0.16854936668529014 0.16866941691712714 0.33912935929100974 0.11295870100124902
199 0.16854939128060836 0.16866946599533222 0.3386624295859457 0.11362815819313973
200 0.16855081861991872 0.16867156899108987 0.33911258484485746 0.11312661764428336
201 0.16855079338246298 0.16867151862030025 0.33969817361383026 0.11277578019423615
202 0.1685506882360424 0.1686713088272151 0.3399845182864793 0.11256065812230773
203 0.16855066338860308 0.16867125928011104 0.34046961343098064 0.11195720532796764
204 0.16855200418321295 0.16867318971788942 0.3408170843983502 0.11128926542745325
205 0.16855065871931452 0.16867125005327702 0.33998277676898925 0.11236409193481234
206 0.16855064957535462 0.1686712318150403 0.3396718298699394 0.11261813662287075
207 0.1685507308606376 0.16867139396813435 0.33921082358550025 0.11311468165040908
208 0.16855070900678157 0.16867135024297739 0.3389834267818407 0.11368440843657357
209 0.16854934544039038 0.16866937439819163 0.3389895866529155 0.11382973993197043
210 0.1685493473454306 0.16866937821492617 0.33950509522442507 0.11317058965986808
211 0.16854934784195713 0.16866937920883215 0.3392441549824804 0.11341607935048821
212 0.16854917585519077 0.16866903603693512 0.3397053299772411 0.11256789488922259
213 0.16854916821041493 0.16866902078890328 0.3394014765529975 0.11300416514610039
214 0.16854916216070648 0.1686690086878742 0.3385373561709376 0.1140837643223797
215 0.16854916033618383 0.16866900503218205 0.3381753865779064 0.11450325760719082
216 0.16854915972652118 0.16866900381200517 0.33840376337445727 0.11437307977989011
217 0.16854934156595824 0.1686693666385969 0.33844697064696266 0.1144602252321989
218 0.16854935233692975 0.16866938814529983 0.3383901646160128 0.11419441948160722
219 0.16854936265141207 0.16866940871907535 0.33935401368592955 0.11325196993524782
220 0.16854936034309484 0.16866940406143413 0.33980838455382545 0.11282544381596826
221 0.1685493603049203 0.1686694039850604 0.33949553794737686 0.1128763280192457
222 0.16854935030894344 0.16866938404361198 0.3385709043244477 0.11431271654885271
223 0.16854935129587045 0.16866938598768846 0.33889258974945513 0.1141083660963415
224 0.168549341272284 0.16866936599605897 0.3386214320884381 0.11410202071542012
225 0.16854934378471756 0.1686693710624423 0.338754508509556 0.11391292185699194
226 0.16854934379982142 0.16866937109266136 0.3394796303910292 0.11288811032507588
227 0.168549343922222 0.16866937133742285 0.33980190344379546 0.11236039953726837
228 0.168549344164095 0.168669371823561 0.33952658908914335 0.11257284828586649
229 0.16854934405975927 0.1686693716146881 0.33989635670547325 0.11224150800308316
230 0.16854934394586743 0.16866937138644245 0.33906990520577657 0.1135247776341626
231 0.16854937963624325 0.1686694426405992 0.338257642583648 0.11517244180444683
232 0.16854937960382568 0.16866944257578226 0.33948028148856213 0.11397337470118152
233 0.16854936751998384 0.16866941847020578 0.34015032553023655 0.11331806722647694
234 0.16854936734488116 0.16866941811984767 0.33983144145716954 0.11355320540947852
235 0.16854936721203914 0.1686694178541163 0.33999519044790805 0.11330604557652135
236 0.16854933176668144 0.16866934709011455 0.34034675470099984 0.11276728747249269
237 0.16854933159288674 0.16866934674247372 0.339774444281786 0.11302823221527217
238 0.16854923134993577 0.16866914678747968 0.3395027735349333 0.11313404923891487
239 0.1685492334594135 0.1686691510077494 0.33931841956209796 0.1135469242438798
240 0.1685492422914259 0.1686691686747271 0.3390767559123747 0.1138776334070289
241 0.16854927113614263 0.16866922634015 0.3386006495387078 0.11419384298912197
242 0.16854927119776691 0.16866922646341206 0.33883654881546976 0.11409900264596706
243 0.1685488181422311 0.16866832217329414 0.3389963429537969 0.1135800445445065
244 0.16854883223856848 0.16866835027878763 0.3389708456818756 0.11342264451943267
245 0.1685488238592081 0.1686683335174158 0.33898039845461214 0.11313509923946027
246 0.16854882392589143 0.16866833365104944 0.3397370205290553 0.11263638980173425
247 0.16854883687774688 0.16866835948912567 0.3390622739480841 0.1136089085162499
248 0.16854939010335696 0.16866946358844045 0.33837982262704847 0.11490571842958666
249 0.16854939306477085 0.16866946952053288 0.33812062228240003 0.11523172830022163
250 0.1685494804672568 0.16866958959785547 0.33891615646304496 0.11434083459261826
251 0.1685494514675287 0.16866953162220344 0.33888798176721996 0.11381293933065359
252 0.1685494386111021 0.16866950597512576 0.3390244213390393 0.11348932148582987
253 0.1685494386568654 0.16866950606667333 0.3395932298376411 0.11276869973299368
254 0.1685494195253074 0.1686694678801676 0.34018936363433355 0.11219364923612977
255 0.1685493287358083 0.16866934097392033 0.3393072923120817 0.11333845500286444
256 0.16854933179089823 0.16866934708574352 0.33895030908238266 0.1139196638360805
257 0.1685506835872273 0.1686712994446381 0.3389749329664769 0.11353261030239004
258 0.16855087689300716 0.16867167922908602 0.3387112751330972 0.1136164463969241
259 0.16855087781654604 0.1686716810766531 0.3384952120722411 0.11396993316595631
260 0.16855068906201512 0.16867130457997828 0.33899498212751666 0.11344828614205187
261 0.1685506957862139 0.16867131802871002 0.3390115606953539 0.11346450111380035
262 0.1685493439611657 0.1686693656123393 0.3391791761070514 0.11378244104500353
263 0.1685491507313268 0.16866898597979044 0.3393133040437653 0.11360530281225797
264 0.16854915921286945 0.16866900289177642 0.3391095284255424 0.11352381637870705
265 0.1685493508406167 0.1686693851894665 0.33927798694805666 0.11346990236320675
266 0.1685493475330198 0.1686693785374263 0.3392333495504201 0.11357539683448534
267 0.1685493488460525 0.16866938116410082 0.3392263731409616 0.11330851538417504
268 0.16854934874878125 0.1686693809695346 0.3391561331078138 0.11368359568973378
269 0.16855070079752427 0.1686713338610276 0.33988059958376465 0.11307045170372312
270 0.1685507012090181 0.1686713346843678 0.34005424361315917 0.11237650640284975
271 0.16855109873425397 0.16867211511773728 0.33955097470016743 0.1131562611000823
272 0.16855109728941542 0.16867211222734138 0.3392261701507208 0.11339294581451449
273 0.16855109741182736 0.16867211247220446 0.33940150504857614 0.11312425471099952
274 0.16854973607445986 0.16867014105413228 0.3386464091400446 0.11407894236646646
275 0.1685497504269742 0.1686701696809415 0.3385699957851297 0.11417206895076196
276 0.1685493462585813 0.16866937599593465 0.33877718173299 0.11395123920561376
277 0.16854934624627957 0.16866937597132287 0.33955420884749776 0.1132852523119456
278 0.16854936139864315 0.16866940627789626 0.3394620783409551 0.1132810378255712
279 0.16854927055454513 0.16866922505259194 0.3396910277782603 0.11288862086134507
280 0.16854925602053195 0.1686691960624947 0.3394269708993837 0.11322948986132157
281 0.16854926197721662 0.16866920795726575 0.339825856230657 0.11247547380091458
282 0.16854926240377047 0.16866920881075673 0.33997776143283265 0.11203120513199369
283 0.168549247925624 0.168669179853079 0.3394783290583001 0.11276282880374286
284 0.1685493426033641 0.16866936867132962 0.3394550618821154 0.1126354066760947
285 0.16854934354482023 0.16866937055832842 0.3393906519962112 0.11305842243794255
286 0.16854933791280133 0.16866935931303256 0.3393070376347805 0.1131760517032722
287 0.1685493508051356 0.1686693850256012 0.3380763680710336 0.11495092233182
288 0.16854935003827856 0.16866938349139157 0.3386517699341322 0.11412785834604999
289 0.16854923517931913 0.16866915441576805 0.3386316691440423 0.11402889983736783
290 0.168549234233076 0.16866915251952935 0.3385973607340489 0.11411134207353194
291 0.16854892043791475 0.16866852631373738 0.33906144027359375 0.11329955467808608
292 0.16854890730265382 0.1686685001149699 0.3401823585788522 0.11184716827641664
293 0.16854895749665583 0.16866860058210106 0.3401431137483838 0.11194427237572002
294 0.16854906897214308 0.16866882296535662 0.34054843693333875 0.11165755047422221
295 0.1685490473281837 0.16866877947410674 0.34132440958394467 0.11040267315313548
296 0.168549364139211 0.1686694116812101 0.34140322137868656 0.11042634892367587
297 0.1685493675232797 0.16866941845407607 0.34063869059041557 0.1110867134278517
298 0.16854930699061813 0.16866929715700305 0.34097019687836 0.11044217080942653
299 0.168549349004773 0.16866938158988481 0.33882718606413154 0.11262162974630471
