1 0.6052667324267288 0.6662777835863787 0.3891443089266905 0.4144982114845742
2 0.5922286698376178 0.6528955129152257 0.4103015187388624 0.41399192056508777
3 0.5953159794707273 0.6568684415833766 0.41484491208191415 0.40951717987532693
4 0.5848886582217788 0.6455605361237747 0.4210130261063834 0.4092870925852822
5 0.5886892586397605 0.6486240762587145 0.41914473466759955 0.4091978228428479
6 0.5752786831177554 0.6344382957102985 0.41980731669331667 0.4082367920620132
7 0.5571073674398093 0.6129290970454351 0.4201340290054264 0.4086174294453434
8 0.5527707524995762 0.6115933265054709 0.42171760844251327 0.40905039944632915
9 0.5549976773600369 0.6154408235107527 0.42137258671484534 0.41178573956786835
10 0.5502332303409185 0.6106936729742397 0.42377181222624716 0.41105907198061764
11 0.5629231152796658 0.6240282656490289 0.42420656389180805 0.4095305074476158
12 0.5666354699992388 0.6296358084780981 0.4235315301474201 0.40523401237766316
13 0.5698617411086803 0.6308924039119805 0.423041706354489 0.4075199619294188
14 0.5648571384409602 0.6246984581472096 0.4255917616746351 0.4013236812282722
15 0.572815138312015 0.6326551818580597 0.4239476276641401 0.400990727619261
16 0.5625083407300462 0.6232046204919828 0.4240165081371723 0.4002407244220185
17 0.5639821692565328 0.6229903092979001 0.4236340544654048 0.4054858735643444
18 0.5659388096616509 0.623495643248226 0.4217573778228202 0.40630824922047026
19 0.5719080312883371 0.6318677680150722 0.42055607952454555 0.4104436620223352
20 0.5630738484135203 0.6226435263838523 0.42178313995010397 0.4070775092392469
21 0.5650160471598372 0.6246089245354102 0.4228187647618961 0.4082895475620639
22 0.5671655168242264 0.6292139005012933 0.42361165870521333 0.4068564647512237
23 0.5688969618511694 0.6351271851858437 0.42414401304485966 0.40630650290759524
24 0.5662921538909981 0.6315671764024393 0.4243359457316502 0.4048413387107753
25 0.5809806298343366 0.6468209087836897 0.42177686765364664 0.4102577214048676
26 0.5764684084797984 0.6428580060879516 0.4205099035061174 0.4119859752639895
27 0.5786080650195211 0.6442145404310006 0.41958768518939804 0.4097728650984405
28 0.5795069716306378 0.6418600004912911 0.4187637349010969 0.41128882147677015
29 0.5715117935885006 0.6324410518774334 0.4185214054853136 0.4074956428780932
30 0.5680593313539226 0.6316184951633304 0.41860979152100886 0.4137152342701981
31 0.5749271241147168 0.6377587421105883 0.41950680027725384 0.41141760863875776
32 0.5682292239944765 0.6306132468832508 0.4205108012386183 0.4145135778349207
33 0.5694905752406967 0.6310728291739521 0.422514614219743 0.40868507766321305
34 0.5770428551702783 0.6390807564196418 0.42167484461643295 0.4137607239997612
35 0.5759658444495372 0.6346202346446429 0.4217339564061088 0.4061344150129331
36 0.5717960042433283 0.6324562264040761 0.4214189693758029 0.4060302245433013
37 0.5720765549051062 0.6343556675913952 0.4205771762304783 0.4078861748307429
38 0.5560270632140213 0.6198292206747119 0.4202692902051818 0.40931393092078083
39 0.553319594270981 0.6151646573531305 0.42044495915773916 0.4039133787072665
40 0.5594679344488837 0.6247304882147319 0.4224755724686274 0.40329898859212043
41 0.557589015515544 0.621839732945042 0.42152083222033443 0.4064323887025121
42 0.5628938823183085 0.625135501102518 0.4214323733690698 0.4072002511681242
43 0.5736442874402671 0.635366446408136 0.4208755922073938 0.40680077392469605
44 0.5845240818849915 0.64742931075987 0.4203452165090159 0.4131142126425137
45 0.573227682530465 0.6344170247900778 0.4201164122969333 0.41541606576604384
46 0.5727569002872512 0.6334631696066846 0.42304262670075926 0.4106515639834664
47 0.5692242509920661 0.6293337362895526 0.424164417899363 0.4057135467589876
48 0.5660111338001295 0.62730832994461 0.4242926220960541 0.4083820295166326
49 0.5595353054814394 0.621630321091037 0.4251280111860606 0.4050457398756774
50 0.5578305802184376 0.6189966722041356 0.42392450579831975 0.4049481080501562
51 0.5655065385091309 0.6281520070603391 0.42150298949669035 0.40605350947086477
52 0.5598678561547337 0.6234544977409628 0.420355237117995 0.4058491196301438
53 0.5689091256201277 0.6333665541774508 0.42104044239822536 0.407427088557628
54 0.5687410237877831 0.6359626653105604 0.4195806994178577 0.4100674001613161
55 0.5710351596617033 0.640991220992977 0.4208067625169941 0.404356732710552
56 0.5552652706849264 0.6203462471457637 0.4207267385591685 0.4078958249798091
57 0.5751314526298307 0.6423222330973035 0.41876654375461086 0.4158034809411946
58 0.5652814197959587 0.6322157402000884 0.41986165113233376 0.41120431432158205
59 0.5629352930867508 0.6270986065116989 0.42112654952806994 0.4081320103667096
60 0.5593581440248349 0.620650022938751 0.42331732775634523 0.40859951292744834
61 0.5609967299222947 0.626048188423663 0.4237718263969515 0.40733333177760206
62 0.5477139492391311 0.6106241359985924 0.4273827246004524 0.39653998591162287
63 0.555233660147769 0.6160049120287849 0.42649067366164256 0.39694187309954126
64 0.5543232488867045 0.6139342382080073 0.4273937497554499 0.391612815228642
65 0.5595469456100614 0.6219379199244983 0.4240093624987787 0.3962362691646012
66 0.5694666486467691 0.6317466675349218 0.42461304624250273 0.3926288980545996
67 0.5763687038951827 0.6397324824638273 0.42203280055014647 0.4004689069547019
68 0.5788124825997336 0.6431908531287233 0.42152888667826505 0.4043329635546679
69 0.5858922313338089 0.6507914523740743 0.4199585622423223 0.409640562121197
70 0.5890841663061434 0.649676866713591 0.41964855900883846 0.4093024468104584
71 0.5870028966103199 0.6466706094913489 0.4205869468188931 0.4091131443030839
72 0.5791044268892485 0.6366562299538102 0.42255239558591934 0.4042596965188886
73 0.5751147446517837 0.6325103033464096 0.4212954237079306 0.40433230309297186
74 0.5842401584405369 0.6440613252348433 0.4212441225094169 0.40572461184420144
75 0.5700548074931943 0.6322985390764929 0.4213701050629193 0.4036393402331668
76 0.5745209203795733 0.6363469100728893 0.4195004670456804 0.40586983631712303
77 0.5791549628342987 0.6422567745685763 0.41827614453124956 0.4107652991088342
78 0.5741168411083581 0.6364596501041063 0.4182437144082831 0.41058336428895076
79 0.5584816543614544 0.6200293850711777 0.419405611560414 0.40879373688578247
80 0.5706441119620889 0.6327466512383534 0.4187740368569961 0.41093615348027457
81 0.563194768763751 0.6251083380654017 0.41908899997918025 0.4135046366896983
82 0.558577398230585 0.6190930427806616 0.4193806353252059 0.41174256632826844
83 0.5606592435402463 0.6233804781015244 0.4214584425282661 0.4142488225608453
84 0.5701638883581029 0.6311893374243535 0.41952755461370295 0.4181441250565251
85 0.5730729912357295 0.6321414551952801 0.42102182148766004 0.41593778503522405
86 0.5671752650424005 0.6259794701019389 0.4194117048049736 0.41586890040577157
87 0.5684659940629514 0.6281500949381429 0.41896559431322994 0.4121995420702779
88 0.5675602414310097 0.6253380426879291 0.4200878969475256 0.40301747458043236
89 0.5573949386627044 0.6158306845316052 0.418883575703539 0.40258265648788516
90 0.5477719916714234 0.6102611671473974 0.4183822753340472 0.40488565459219805
91 0.5589544888392003 0.6258198614238673 0.41958690548977967 0.40230447354304283
92 0.5591813653815718 0.6261899687101937 0.4211861106334 0.4039417428461742
93 0.5539377763122153 0.618763280879971 0.4200976408693907 0.40832880705056784
94 0.5533172097726868 0.6165370427117165 0.42280816901894724 0.4088830243004902
95 0.5645176473160907 0.6263458086431296 0.4218904934260584 0.41239051102222285
96 0.5669134206198436 0.6256776602582317 0.4229793344670746 0.40935479439279543
97 0.5677974146448768 0.6249371456412822 0.42098984328576466 0.4092889130883698
98 0.5823385484253482 0.6430119472608451 0.4201493481138134 0.410832835708411
99 0.5854354934473773 0.6446582513655951 0.42027135470820676 0.40009546904369664
100 0.573549857024984 0.630177687998865 0.42357654308046416 0.3938263022510665
101 0.5694696820696177 0.6268154618688767 0.42258593515031534 0.4002649798071847
102 0.5734971641023832 0.6326236103627109 0.4234403263829087 0.4001222003251276
103 0.567664209965762 0.6278480921992363 0.42194885074790045 0.4028363682504831
104 0.5700125607735591 0.635050848923213 0.4217246182080442 0.41189983111891426
105 0.5805557004443229 0.6460509310299815 0.4183807863568222 0.41457023739907817
106 0.5814514975334322 0.6458201693880504 0.4181981839497353 0.4162725773134242
107 0.568475204622678 0.6325011367579229 0.41870885362484006 0.41412772673427745
108 0.567432196454901 0.6305790224206674 0.42051651367305043 0.4072834163256167
109 0.5704655782250935 0.6322768311794758 0.4206923115325272 0.40638618949660515
110 0.5643028861500193 0.6263085269970656 0.42158416397173637 0.40126131291980033
111 0.5630822626307053 0.6266785713556062 0.4213365086865869 0.399214495496179
112 0.5680840782641282 0.6314819496990356 0.42047994164645097 0.40418575375445503
113 0.5813523764896584 0.6439190185203826 0.41812169588200954 0.41332283359508315
114 0.5897402113589827 0.6515709898951856 0.4177241126290029 0.41491777314671835
115 0.5971890038356935 0.6592478620787684 0.4181563621057197 0.4209240714190704
116 0.5965502388001322 0.6567185846070218 0.4195088431934386 0.4199677662859303
117 0.6018972635028719 0.6612017785946114 0.4199402024416699 0.41618676626513507
118 0.5951222578912257 0.6516918164608648 0.42358174269799925 0.40885487442909263
119 0.5790818382714774 0.637630231804339 0.4259307155711383 0.40226749028895376
120 0.5662424133107065 0.6245857902219561 0.4257601245784099 0.3998797956948412
121 0.5611968102250422 0.6216435262439945 0.42527389562731105 0.4004441207345038
122 0.5654735282865635 0.6263156219485326 0.4240923591767559 0.4079989374134033
123 0.5575091564428741 0.6221581684482462 0.4230172183640398 0.4098333299354467
124 0.563669247125069 0.6266906138943045 0.4197882368982321 0.42007169593378213
125 0.5713560356799137 0.6362771718179223 0.4201455196328898 0.42154167459805425
126 0.5791356182182362 0.6418589507242578 0.41998631795848534 0.4229307438892702
127 0.5798533899901661 0.6414458429807292 0.4210772746238036 0.4160075443402965
128 0.5788792413817478 0.6383322001795411 0.42035960715399023 0.4150198470873126
129 0.5790286207921387 0.640505352148214 0.42130290439954365 0.41205754514904386
130 0.574182774246202 0.6333230214067597 0.42020794894650376 0.4140556159855631
131 0.5571356654928523 0.6151297471575138 0.4186407120182632 0.41263515916051297
132 0.5492552025241171 0.6095321404264861 0.41799910942138696 0.4144547124285226
133 0.5415361039095415 0.6012687893065503 0.4175564821865499 0.4179366614016553
134 0.5484991489247516 0.6056145275305411 0.4180491217751965 0.41579331882770215
135 0.5586948216224938 0.6161463281123611 0.4176990535718333 0.4176149461605153
136 0.5769908437762508 0.6373089568908263 0.4182456109136267 0.4201710587788213
137 0.5805479264662006 0.6426456594793934 0.4198791101806214 0.416196256482409
138 0.5882590718493196 0.6519937119805077 0.4196698576195225 0.41285812148809586
139 0.5740427468437009 0.6370467163714404 0.418090977613731 0.4155942974330188
140 0.5690722301670182 0.6349224845259531 0.4190736562858122 0.4076998541635488
141 0.5653865562957316 0.6290146064477324 0.42054800482550964 0.40590813063267905
142 0.5563188179860991 0.6162019450850107 0.4196630797233575 0.40828972105519157
143 0.5468177342397137 0.605038908965569 0.41864919354503305 0.4103575374895293
144 0.5644123883553148 0.6241290456616181 0.42009399891582655 0.40680754044174705
145 0.5668587206033509 0.6250962147036044 0.4185971001124556 0.41239578716590336
146 0.5699654561275442 0.6291511940124576 0.41731542221157925 0.40818479186070034
147 0.5733877017534996 0.6352057715458223 0.4188386200446425 0.4102741315086507
148 0.5825071627063391 0.6455363299312089 0.42123683436790965 0.4075759624095897
149 0.5719852711677272 0.6371829181415215 0.4206085234649019 0.40559094799311035
150 0.5671238158384276 0.6304677739656912 0.42372356304145375 0.40185996435853905
151 0.567441724187115 0.6302091287078927 0.42496467399963966 0.40426679198352156
152 0.5741979414413132 0.6368666591657618 0.42327853528973325 0.40632837291836843
153 0.5723331890261883 0.634265290885948 0.42203918858982375 0.4081638650573809
154 0.5790536223540487 0.6391388197528418 0.42133752063201174 0.41155458851241067
155 0.5860483864335689 0.6471806384104584 0.42060572255922324 0.41513826272850174
156 0.5861544995210162 0.6502396446890835 0.42116150111590034 0.41336338643045556
157 0.5855820888301261 0.6491650057864953 0.4227697807231269 0.4062863061373475
158 0.5875058075174955 0.6525609691718546 0.4241074047174961 0.403115299629237
159 0.5682033934726043 0.6320839978692934 0.4253077968282707 0.4022257967339623
160 0.5551668096843204 0.6186380958824417 0.42639206853335265 0.39605879204326805
161 0.5611838033875557 0.6237116335435335 0.42601416222051114 0.39846319083845905
162 0.5611841274727621 0.6226974620041864 0.42457095329166694 0.40540627803819784
163 0.5664046639208964 0.6264954069048239 0.42312822441777 0.4110462198231371
164 0.5717616303639342 0.6298716550227105 0.4232867866843587 0.4097542909832267
165 0.5760257946158376 0.6335549803077224 0.4232336004690548 0.4113990903852079
166 0.5666856201201611 0.6225738101679043 0.42333271398845207 0.4079060914910996
167 0.572632515571884 0.6299460695753917 0.42217809376194254 0.40941073066459654
168 0.5780621967384286 0.6365607307378116 0.42241146169712873 0.4072815314445041
169 0.5782723511499069 0.6378558611034507 0.42265467930451595 0.4097134139826558
170 0.5747161280283982 0.6321527512583441 0.4215354336797719 0.4091117881604779
171 0.5824901348159243 0.639163981565623 0.4216441033077187 0.4093647993801122
172 0.5797132212328752 0.6356842952555171 0.42396086712884695 0.407075885968887
173 0.5624576556370057 0.6146985291063367 0.4260053543564243 0.4027438243388063
174 0.564696202435272 0.6178748915345109 0.4249129543254858 0.40475826230697864
175 0.5711681089611619 0.6256710408870381 0.42482940158801946 0.40671627780536956
176 0.5762513594812886 0.6312063105835023 0.42442486438241633 0.40642310421049305
177 0.5628762077822271 0.6187158744445034 0.42457341570737556 0.4026616188831588
178 0.5735863678267892 0.6330158533010962 0.4213703997528679 0.4096513174812998
179 0.5674263940463902 0.6262803586045661 0.42151785414418486 0.40768380973209234
180 0.5681196440166214 0.6298771658960431 0.42226758973073747 0.402964363217497
181 0.5536427881422672 0.6179675444448995 0.4213386833372973 0.4099164440848502
182 0.562481918496783 0.6254806399585228 0.42066819347356266 0.41051345256349
183 0.5623837113629808 0.6263882254323867 0.4228257890229151 0.4033702040238535
184 0.5799155932688882 0.6464488940381802 0.42483219921307613 0.4036438264342618
185 0.5843944192122659 0.6498952131204128 0.42390306902289127 0.4086137759657184
186 0.5803155255742771 0.6445038535937332 0.4244127581361945 0.4061175651404537
187 0.5792511123139844 0.6438448307662651 0.42464051923078233 0.4074215802718599
188 0.5791875930071458 0.6430997467063195 0.4241871164120899 0.41257448913731987
189 0.567885205400929 0.6308609105120688 0.42390205607215287 0.41090647075172076
190 0.5574793793116183 0.6200608963109194 0.4242267306565065 0.4018012850500237
191 0.5637459187401022 0.6251970214392362 0.42298061484007593 0.40296812820143224
192 0.5649975119550988 0.6281564918632148 0.42116699459565005 0.4047194169375842
193 0.563888773359067 0.6273814461489039 0.4200778871173778 0.40458646355990674
194 0.5689473321918563 0.6318261722100542 0.41903768943294145 0.40448501215529625
195 0.5779905393700412 0.6405037360443258 0.41812763431049554 0.41488628925975224
196 0.5805751347052523 0.6451148756632891 0.4201559414609596 0.4125395367644031
197 0.5728032359073172 0.6368762146749433 0.42094188329539567 0.41184317753470934
198 0.5736142922644983 0.6369978914440374 0.420843079872693 0.4116957133769253
199 0.5607340477929619 0.6229536816744057 0.4220299872791934 0.41090380280111755
200 0.5618953142217045 0.6238518561591976 0.4223422699685052 0.4129502223606824
201 0.5690047418925026 0.6286769547646539 0.4223347561208316 0.4108342081775932
202 0.5819246654929561 0.6435184801040965 0.4221587077702761 0.4112463527460267
203 0.567493810442475 0.6299299816611985 0.4233190228488974 0.4099857606016708
204 0.5828476356660187 0.6484700011236646 0.42267417909224836 0.41412476944168314
205 0.5731819520555371 0.6388789668658835 0.42194890444405814 0.40951143758440534
206 0.5585061591851258 0.6229612730614562 0.4229016291128528 0.4060483020271265
207 0.5435838929399971 0.6045535099972936 0.4238848486915826 0.4024879044365558
208 0.5599992926749883 0.6199726088979775 0.4241021080558361 0.4017354245946553
209 0.5591451466478216 0.6181149568475066 0.4237433386309283 0.3930602772055118
210 0.5729986342743107 0.6325547161989509 0.4228218965519721 0.3954280880054432
211 0.5764991678145688 0.6399845823053352 0.4206534442107849 0.40385735510090415
212 0.579022664117294 0.6450035893431233 0.4197676773539286 0.4064533777860233
213 0.5710306421415303 0.6382070347554096 0.4188366729498373 0.41004212817930796
214 0.5711315075951574 0.6394179401246405 0.4175393297425211 0.4173578181038546
215 0.5686416913337842 0.6367374264250136 0.41868904304081533 0.41646185476053105
216 0.5739943501817878 0.6423029294789566 0.4191847900081925 0.4120461900302222
217 0.5784693141566313 0.6433357383114555 0.4189609806449096 0.4089879750014454
218 0.5891355879825615 0.6529423119608573 0.4195110135034839 0.4075125871182143
219 0.5987955831104739 0.660541837339631 0.4217624525008157 0.40743814861026495
220 0.5890202869782779 0.651601306119046 0.4233145607094958 0.4066299085287163
221 0.5938707653126113 0.6541054301830084 0.42247114197292 0.41046980592651405
222 0.6080245341654649 0.6717522392987216 0.4234011388088489 0.4116930602533551
223 0.5987059111281547 0.6607344453950816 0.42347090463473347 0.4091826722104138
224 0.5817350393005059 0.6447614467382017 0.42277278029487525 0.40497471129276413
225 0.5815220685533198 0.6465271968066293 0.4213753794303893 0.4047946636117182
226 0.5690614065767102 0.6346208423700249 0.4211989849529253 0.40308941149238314
227 0.5534101745999382 0.6167704658302089 0.4229625541128321 0.4014868470629386
228 0.5478481815989117 0.6141570927906569 0.4242524967390848 0.40129992572632445
229 0.5454117790172103 0.6133145530111884 0.4224485928968706 0.4091735539048703
230 0.5513040551833412 0.6167023707681947 0.42369288262819743 0.4056780483566764
231 0.5570202550372421 0.6236637889584303 0.4241899231516036 0.4094163412583386
232 0.5506296057678274 0.6181203740858303 0.4210236646654922 0.4157594115472546
233 0.5644275183806641 0.6313053498329152 0.41996298057834885 0.41665880310649983
234 0.5663939330053699 0.6292108449517816 0.42255999195666505 0.40640899448671297
235 0.5676245047899772 0.6301012852863661 0.4222578986321426 0.4090616357270932
236 0.5657515525519992 0.6280469827664955 0.4206826506996946 0.40680355743837715
237 0.5766235246300022 0.6404059853734646 0.4214561325894956 0.4030714207016951
238 0.5615385842050614 0.6241323150314525 0.4222665182953246 0.4003284771835208
239 0.56565424445515 0.630253958773368 0.4210237922142238 0.4076005976858711
240 0.5570827981040909 0.621732270075107 0.4217543133829005 0.4104506243503566
241 0.5662393390721121 0.6290454690533774 0.42379911033333784 0.4068757830070996
242 0.5529968856451969 0.6104086790868402 0.4241886829825381 0.4054574224748565
243 0.5604354015151636 0.6171324771041325 0.42425152680217126 0.4070406582807573
244 0.5694306700271916 0.6270332451289843 0.42279165970188276 0.40982934344214683
245 0.5682372913647832 0.6266133205966161 0.42272580544049204 0.40167195928962923
246 0.5539533881316098 0.6104980945562059 0.421916517740514 0.3999471541473535
247 0.5754045177051335 0.6350307897253883 0.42056955829841725 0.40497979169675646
248 0.5774286559068388 0.6394678064956869 0.42016887152982524 0.4071826692963363
249 0.5621197086453966 0.6228647343459588 0.42080490381348035 0.4057356186719427
250 0.5721159171001916 0.6318371357605533 0.41963726835730875 0.41436398411580966
251 0.5759521178987803 0.6396225631592548 0.4177083448358451 0.42358974012629425
252 0.5590484642101068 0.6218708940876165 0.4173758800130031 0.42099982507003925
253 0.563389440370216 0.6252464695108029 0.4167987016411203 0.4201202413413581
254 0.5625882159622083 0.6235921057135292 0.4191286881674282 0.4134871259982037
255 0.5662658694481697 0.6274742961307374 0.41995364215362885 0.41211359766685324
256 0.5679600735985411 0.6274637313549714 0.4217828851040656 0.4072157332681098
257 0.5745805337397338 0.6360764245924294 0.4214860522238742 0.4103669186613038
258 0.5654923550595432 0.6272056258038725 0.42323085557761136 0.4057521815644553
259 0.561758536194451 0.6234712881004123 0.4213541661836858 0.40864347631653314
260 0.5433883810432094 0.6055529363365417 0.42173522243084377 0.4051486180997649
261 0.5447304488257594 0.6053630201355699 0.42326323765890966 0.39948091604768543
262 0.5514373416691644 0.6115270471295868 0.4236514594478811 0.3971529206488795
263 0.5620066563679349 0.62014575832273 0.4211172456326164 0.40400142327771577
264 0.5684167672641575 0.6263711248299045 0.42201779977120984 0.39922116907324384
265 0.5674241083721613 0.6242290608901392 0.4232247222259994 0.3979204016998966
266 0.5600196239978326 0.6198350768637566 0.42291790136242835 0.4025604952750446
267 0.5466840203677157 0.60476039106121 0.42612483317407934 0.3984276230455429
268 0.5404360481790002 0.6012098682387004 0.42823826464074494 0.3969280103793683
269 0.5450752813530089 0.6062761481821368 0.42781953166285164 0.4027636285068782
270 0.5569360714606728 0.6198730637643598 0.42588166931024685 0.4032477996984228
271 0.5582677708589949 0.6183597164001033 0.42527831383246273 0.4028837643821192
272 0.5702256342169459 0.6324610797202748 0.42342238478035277 0.40963904770893017
273 0.5739347783061595 0.6351245844601519 0.42143789994142206 0.4131166889182432
274 0.5751754561410962 0.6362998221299758 0.4213828487904016 0.4137227135865197
275 0.5749228563690658 0.6359294133143851 0.4204079532616484 0.41944245753345555
276 0.5775145692645675 0.6382266346956268 0.4197862763111653 0.42284960313495024
277 0.5635384395532771 0.6228289403565009 0.41912375277287517 0.41912985707659606
278 0.5554619130387974 0.6155876948693386 0.42031841766800015 0.41746574802344255
279 0.5570747677630401 0.6176544100601417 0.41897761519631793 0.4199811042245452
280 0.5570415282785468 0.6168150505564521 0.4195249448638892 0.41750083072737876
281 0.5632250870980557 0.6250106471652582 0.4198656242626776 0.4162264959005384
282 0.5703668978788481 0.6354643490713242 0.41929358774273434 0.41506602042105023
283 0.5732092945616063 0.6350551432873267 0.41820963648817855 0.40955654080487197
284 0.5662995499846877 0.6277986178787088 0.41898987986530917 0.4019855850779649
285 0.5605225723815164 0.6217548882394918 0.41856285011855404 0.40355614354655395
286 0.5616466323907688 0.6235492820974208 0.41884552774524736 0.40236089628278454
287 0.5592314696126409 0.6190163052933926 0.4197685214730262 0.40142287342465843
288 0.5632216012044171 0.6262105961607498 0.4209890859735938 0.40244479444364006
289 0.5756015855769683 0.6399381514038526 0.42161161681130954 0.4080535213944142
290 0.5727586363963416 0.6343629076018429 0.42199098570537324 0.40461661295216383
291 0.5820390640170519 0.6411899397110854 0.4217382537855043 0.40279708654266644
292 0.5809929896777385 0.6393971099787882 0.42310295869207126 0.4030277093052053
293 0.5908081630348386 0.645753455021979 0.42312177154511765 0.400275128293704
294 0.5826508663716494 0.637617891326738 0.423720480892527 0.39767915440771007
295 0.5973834078701128 0.6564694417435673 0.42230127061218614 0.400685509609219
296 0.5797675646205045 0.6413884710782793 0.4226644404640993 0.4041320819425273
297 0.5755802843131168 0.6369006119021717 0.42106362501552586 0.4046763901812618
298 0.560278603795354 0.6243785425433811 0.4181980876274123 0.41182057882623196
299 0.5234479493729315 0.5826033622334397 0.41914416068734417 0.40495605034799664
