1 0.6375315041829837 0.1525994630507128 1.909912564172067 0.44469798919599446 100.0
2 0.6778092556987592 0.24530423057211173 1.988001330630453 0.4146634164682288 100.0
3 0.6561073236118755 0.18774584733254468 1.972699296040971 0.42245971966366563 100.0
4 0.7470336108750926 0.2823240515755264 1.9991184722624253 0.4305559919555287 100.0
5 0.8481646950595098 0.44020842697679863 1.9649301193652562 0.43532235333658165 100.0
6 0.8763582318317431 0.48138176255491893 1.9382674430801028 0.43956524917024853 100.0
7 0.8130729982789863 0.35178592579044415 1.955336917924401 0.4284331982819666 100.0
8 0.8479092173506467 0.47510050110497754 1.951226081322313 0.42798152544162227 100.0
9 0.8003355938157913 0.31217399406762364 1.9921965923898033 0.43820117017343907 100.0
10 0.9033637782235161 0.6294518536183584 1.9749990665559154 0.43117664698783376 100.0
11 0.8537074145471918 0.4686422515156455 1.9675280596578617 0.4289213570555739 100.0
12 0.9326347286526261 0.666684904113423 1.984850702298831 0.41726468980025705 100.0
13 0.9030766878331237 0.5982434624865183 1.9930699199591904 0.42439875710270203 100.0
14 0.827295755398038 0.34442670036399387 1.9643438724311004 0.4218502616021917 100.0
15 0.8959096231681662 0.5301601217563802 1.9603889148360896 0.4292779796083255 100.0
16 0.9304467807911004 0.692942809351937 1.9888245541122263 0.43301199268603663 100.0
17 0.9013024705155093 0.5137038893552159 1.9706272508337825 0.42767234499050844 100.0
18 0.8360471449745335 0.29233861346050166 1.9896982157805994 0.4276347273932483 100.0
19 0.9455189533466815 0.6970407358470669 2.0063893397012373 0.4308110735467567 100.0
20 0.9058782865368794 0.5555632242127139 1.9992634420900621 0.42460108496574495 100.0
21 0.9437472031392014 0.6611267322148199 1.9719327668597277 0.4292592893898023 100.0
22 0.8970977596150094 0.5351912906009708 1.9873232093383042 0.43383054796398435 100.0
23 0.8644709217270018 0.4347039038156515 1.9953316729642954 0.42414527609946157 100.0
24 0.887514672942108 0.60023314613946 1.985076134301145 0.41759228800599074 100.0
25 0.8848925711838469 0.5742536617437947 1.9663887640401412 0.43210904533138556 100.0
26 0.9371805513539402 0.637904893746166 1.949627946543038 0.4376165893033452 100.0
27 0.9416311578815945 0.7366648071831776 1.9700202425161268 0.42416167521830345 100.0
28 0.8412115398717255 0.4227582757672227 2.0070590352448052 0.4310577167084627 100.0
29 0.9194367916382242 0.6052523810650434 1.9603330320352188 0.4371346129143542 100.0
30 0.9258267135316391 0.6948090057701136 1.9626344088322227 0.425527888683375 100.0
31 0.7928437781597968 0.27824335719963356 1.9713155411667358 0.4301835419134713 100.0
32 0.877837813416785 0.47723627414311237 2.038085749166391 0.41830928599517747 100.0
33 0.8729205545485194 0.4697071798813471 1.9710880419489574 0.43012446264610843 100.0
34 0.820431641027169 0.4064075255701985 1.9802949648412045 0.42567042300393965 100.0
35 0.8843629250341987 0.6024714642644909 1.987394082989352 0.43247138837695187 100.0
36 0.8676398400994081 0.5297233748618299 2.0165955577642074 0.43258710575139253 100.0
37 0.8694780874776022 0.4538428765831165 2.011142846025006 0.4338182921883007 100.0
38 0.8701880073671321 0.5421852410074937 1.977287568746685 0.427220821939904 100.0
39 0.9298573186884898 0.6335190598347978 2.005627795441519 0.4322577384374336 100.0
40 0.9441462719767598 0.7062622704209633 2.000946180784772 0.4334291203123618 100.0
41 0.9511280573274389 0.7554669305326038 1.9992351818040823 0.42309564767776003 100.0
42 0.9311475484131444 0.6900894256640256 1.9858656357116735 0.43723516131513274 100.0
43 0.8892819234553748 0.4768082797004819 2.007789456907583 0.43333172129185693 100.0
44 0.9375837396523353 0.6628864027670351 1.9919906387600421 0.4319793030187098 100.0
45 0.9109807726288291 0.5624740953089467 1.9924552207267783 0.4210892607272384 100.0
46 0.9353591694490435 0.6853260687079274 1.9667233029241338 0.4344252250317907 100.0
47 0.8521548051399195 0.4977064001926722 1.9980426502541533 0.42654272799902876 100.0
48 0.8911203119297852 0.6008892297116206 1.980449290180108 0.42445452702272607 100.0
49 0.846036527890691 0.4041766186401003 2.0174188479340947 0.4240569809165615 100.0
50 0.9430601172392686 0.6735907265165528 1.9494272216026531 0.43034615802167 100.0
51 0.9072809759766388 0.6125629426557598 1.9813310948821468 0.42595896814244183 100.0
52 0.9297139311837375 0.6725302209630535 1.9991137576182052 0.4304430544616893 100.0
53 0.8402126017395798 0.4520975187384608 2.0185835355462514 0.43058699955225377 100.0
54 0.8492968989129395 0.47871432502772615 2.0130269842256423 0.42419842011040565 100.0
55 0.8608136850008329 0.5034136942231331 2.0150799115648077 0.4245982564363727 100.0
56 0.8682091875885316 0.4655289272042896 2.0291158982591564 0.42116780886201505 100.0
57 0.9398321099394724 0.6558042956296248 1.9923895630605408 0.4220616510234745 100.0
58 0.8494219678731361 0.47834931937302205 2.00068250973126 0.42829267333718424 100.0
59 0.888480284655432 0.6245072133273973 2.038853615387145 0.4170265348989786 100.0
60 0.8172513866341774 0.3374783769765207 2.0432839786645554 0.4261138577905828 100.0
61 0.8959138822621844 0.5719249019241575 1.981283006894446 0.43475144568560886 100.0
62 0.9188472292172218 0.670521701366146 1.9908164851616885 0.4315348931480883 100.0
63 0.9099705590739868 0.6689436044310899 2.024329718969611 0.41530432307314624 100.0
64 0.8721844265248648 0.519948193570505 2.041755501000892 0.42490417847121054 100.0
65 0.9398558832455114 0.7572697740099252 1.9756477345305448 0.43663270427238265 100.0
66 0.9379928596073579 0.6496998773475522 1.9842270904621615 0.4217307905296699 100.0
67 0.9465026555261151 0.7282449847831124 1.974547155526325 0.42936499804024786 100.0
68 0.9199312967875359 0.635436177222019 2.042897898198329 0.4174368664750713 100.0
69 0.8791077092398811 0.5501643917591971 1.9756111260404225 0.42885118644159226 100.0
70 0.9488030931276249 0.791732974494516 1.986697545840333 0.42272647829398985 100.0
71 0.8518907355979739 0.39495223389518824 1.9938284221765457 0.42898501058314215 100.0
72 0.894982446954472 0.5594186754760273 2.0247980323008017 0.4233523975905249 100.0
73 0.9029827026289263 0.5873727099405192 1.9943724089357224 0.4386930863167452 100.0
74 0.9197338920843565 0.6877949000176358 2.01661672959679 0.42500414262644515 100.0
75 0.9390578755054786 0.6885053265945346 1.9951847530529865 0.4397605099837021 100.0
76 0.9368398771284732 0.7365035556807193 2.01230224542246 0.42417950015193623 100.0
77 0.9214627220312265 0.6279714542963395 1.9967285880103318 0.42949822495678136 100.0
78 0.9314628617240658 0.6147774918275909 1.991579967804471 0.42739709566454176 100.0
79 0.8634556084785652 0.45578070600265386 2.012404870571535 0.4256941636389725 100.0
80 0.9620639338379249 0.7752682107922497 1.9837300941924725 0.42261196635783405 100.0
81 0.9029369774157588 0.6111953218563814 2.0449642846637905 0.42957193667285426 100.0
82 0.9080551011826238 0.6140856592325625 1.9787762267055768 0.4219294175886665 100.0
83 0.9141789202025865 0.6693784767547282 2.0150395869002327 0.4189187165435991 100.0
84 0.9128836467248375 0.6006661297566414 1.993527220317997 0.4270173656503082 100.0
85 0.8909861902456001 0.5455180319577874 2.0243304044714985 0.41201137562749734 100.0
86 0.9444254195585872 0.7224460950563945 1.9873548863869854 0.42902898668922845 100.0
87 0.9057297943035387 0.6588961683314175 1.9734630724086972 0.4232688642372163 100.0
88 0.8630919826502021 0.45331298278546306 1.9934785840824254 0.4255887420491707 100.0
89 0.8667027469584128 0.4285792324059206 2.0106987312023237 0.42825122763769247 100.0
90 0.9631988403099007 0.8012618831465975 2.0135822452075973 0.4254196406512089 100.0
91 0.9299216232021952 0.654196167909902 1.9836694622813535 0.42329808681215314 100.0
92 0.9304090143644841 0.6593836677910205 1.9996270340703297 0.42798511383495985 100.0
93 0.9667900407949146 0.7843575431371532 2.044409027386626 0.4307734386063696 100.0
94 0.8870001342354801 0.5431002700792544 2.0491602472756494 0.4166068649765286 100.0
95 0.9218064776348038 0.5894389950494388 1.9687522819121752 0.4368178944045134 100.0
96 0.9310562884806839 0.6559061525726553 2.04216080379804 0.4278903689605037 100.0
97 0.9475837558360769 0.7524030561475102 1.9723120766734865 0.44460360307596414 100.0
98 0.9562720882893384 0.7675476206755633 1.9846296866614452 0.43912839677308924 100.0
99 0.8850409014691196 0.595837066523026 2.012895733330441 0.42240079375136774 100.0
100 0.9006531494460509 0.618710472139646 2.0121736717879317 0.42134605728259145 100.0
101 0.931086246926348 0.6381539497504104 1.971611544891439 0.4283787091014693 100.0
102 0.9124095689277338 0.6166991735710572 2.0016419219965718 0.42876231999076725 100.0
103 0.9106781242251014 0.56314981734102 1.9800058153003595 0.4261031170543609 100.0
104 0.9259114674955835 0.6884809681663077 1.9839945225846833 0.42644995446071465 100.0
105 0.8909502812222966 0.5604267167687406 1.9542136870096591 0.42624208169687067 100.0
106 0.9188720530812114 0.6187107083978081 1.9993342753045664 0.42922050815268775 100.0
107 0.9061093265095052 0.5308437059391039 1.9973618612402173 0.41985508768702334 100.0
108 0.8852321330501202 0.6199970340778493 1.9812523832880635 0.43105502310123944 100.0
109 0.9486318883723014 0.7680514489327239 2.0096702613303985 0.411429751371847 100.0
110 0.9286718491214252 0.6539630455445107 1.9867190516561777 0.4373391806874348 100.0
111 0.9205681138480541 0.681940848510307 1.9809914807611448 0.42273547856434057 100.0
112 0.9366675561648907 0.714097480930366 1.987830822302429 0.43044232462171117 100.0
113 0.9346945199919456 0.7185249806637339 1.9698902455559932 0.4362574990608759 100.0
114 0.9512067394742407 0.6866719243704775 1.9785120206809608 0.42894673814749595 100.0
115 0.9490068177446531 0.8047212558944764 2.0330305006884695 0.41721113925819847 100.0
116 0.9683920470635943 0.8188969467555177 1.9840722149520904 0.4466006572555957 100.0
117 0.9163735048674481 0.6551804116252012 1.9913709618377555 0.4369982432710355 100.0
118 0.9188214922222766 0.6603774870432394 2.0133073162731767 0.4169970641240191 100.0
119 0.9479846848618463 0.7051406127501585 1.9945947867730123 0.4423711515625718 100.0
120 0.9344880749196098 0.6007191664071565 2.028134164584603 0.4212313498746359 100.0
121 0.8675581189615503 0.4048182782779449 2.052069766751748 0.4223843213469903 100.0
122 0.9196707010213787 0.5659638730398059 2.0326887070770856 0.42699104401570215 100.0
123 0.9550938525045343 0.7188663993823845 1.986023944943194 0.42069352944917887 100.0
124 0.961557596296944 0.7929008205540197 1.9893979933534756 0.4355786329996493 100.0
125 0.9571356538260807 0.7332751449608871 2.0097870267035427 0.4282832877924324 100.0
126 0.8810982466211733 0.4797778277931501 2.006119600426188 0.42305160359831995 100.0
127 0.9350355084632177 0.6787007700220495 1.951800930356113 0.4298136734966735 100.0
128 0.9407993311486594 0.7383851270331091 1.9781652713311757 0.4284784482044655 100.0
129 0.9211638948925674 0.574598296376309 1.9957698939528559 0.4240842740853168 100.0
130 0.9374071132104802 0.7197431601069463 1.9875126143019624 0.42257732581066704 100.0
131 0.9553411264512413 0.7620561210006407 2.0393819469887697 0.41637995950596796 100.0
132 0.9716923832926131 0.8028522312084329 2.0095969039364268 0.4326546556801949 100.0
133 0.977632856382769 0.8508693800320792 2.0034857452154964 0.42718028518290974 100.0
134 0.9852071597240226 0.8880039010285307 1.9949707203924725 0.42976998216705553 100.0
135 0.93674803892303 0.7626364683164706 2.020874745435619 0.42542408498061385 100.0
136 0.9154660696964717 0.6188452074151998 2.01121326879164 0.42262252788869326 100.0
137 0.9936541055319823 0.954163496958534 1.981391170563322 0.4253411553709744 100.0
138 0.9051382000814208 0.6440684595252002 2.0173043546446334 0.4235471668334805 100.0
139 0.92743124058984 0.6846920155149973 1.985007603610158 0.4190985634946056 100.0
140 0.9450729431010751 0.7426743992570309 2.026743636809612 0.4135312438094326 100.0
141 0.9708235411432673 0.8163660264998602 2.00723987024218 0.41405961799387336 100.0
142 0.9609907851361378 0.8380480715496234 1.9885393846604953 0.4263555940400888 100.0
143 0.9580419227499609 0.7821106774180626 2.001285199796324 0.44031090594562733 100.0
144 0.900757304628222 0.6007591322212003 2.050963099256676 0.4117257808126268 100.0
145 0.9307290780632382 0.6715408042187498 1.997097470234051 0.42791546479612397 100.0
146 0.9290388263999632 0.649495163329032 2.020045874968617 0.4206383014929248 100.0
147 0.9548374592109031 0.7540448718610315 2.003013189250786 0.4226015402445077 100.0
148 0.969402640224802 0.8130477069303719 1.987324794506377 0.43145404082045385 100.0
149 0.9048841130302836 0.6307544265213029 2.0481714299929026 0.41349687410532576 100.0
150 0.898892783609974 0.5967837646591942 1.9956550873966648 0.44116276784190944 100.0
151 0.9644947937471233 0.7801074008000144 1.9891251747378522 0.4370356727706449 100.0
152 0.893336745068607 0.6237878268813727 1.9865934008864337 0.4256005673744899 100.0
153 0.9386351217127981 0.6902661095209979 1.9980724292048073 0.42244284310209324 100.0
154 0.9695364005004168 0.7992849971917719 2.0074092822653844 0.42737553909327347 100.0
155 0.9325898789757201 0.7432592489929059 2.0221934098414485 0.42590912115115265 100.0
156 0.9184618684820665 0.7360735471408003 2.04010664778473 0.42811712427673704 100.0
157 0.8951908709126375 0.5982122824924999 2.112239718561715 0.3954371373228329 100.0
158 0.9217550066100479 0.6423304459089563 1.9991947659431062 0.4346044628154976 100.0
159 0.9235813599650639 0.791495062787362 1.9878951451221436 0.42327975009294266 100.0
160 0.9588532821067044 0.7703787567238279 1.9826865158053368 0.41366512382108966 100.0
161 0.9414909057031184 0.6750733717554612 1.974005547828994 0.42556716063016 100.0
162 0.9273036695209127 0.6694864768653632 2.025734058602377 0.42109661076149923 100.0
163 0.9508730665413673 0.7537548879983902 1.9883019986791601 0.41660173774941356 100.0
164 0.9041726445893719 0.6472665121750841 2.0112710642959564 0.42423364106660755 100.0
165 0.9389744334095251 0.8070508279622832 2.0386465811222285 0.42280739296387465 100.0
166 0.9097169714386035 0.62902934738364 2.03752176206677 0.42381632847542294 100.0
167 0.9270254735711398 0.7252261859075738 2.036677655963273 0.42262254414753964 100.0
168 0.9130637614189523 0.7181656816994421 2.038526684725288 0.41191087812683963 100.0
169 0.9508820873183662 0.7442342667290358 2.0477937970361517 0.41956589824874024 100.0
170 0.9584729830371815 0.8204838523960625 1.9922662357060097 0.4354019322241018 100.0
171 0.9060483478889205 0.5889394240969874 2.0274634971370844 0.4281219261009432 100.0
172 0.9750004660720984 0.8702905832209297 2.0479827107327373 0.42558500038710934 100.0
173 0.9243379185873494 0.6791729391436684 2.0109372926788494 0.4279258881893602 100.0
174 0.9653306448163432 0.8481754225109484 1.9757412841258042 0.4271209630075846 100.0
175 0.9352951081017391 0.7039432024943529 1.9951342383905917 0.4289202294366574 100.0
176 0.9236155008036825 0.6983958564136218 2.0048688758877473 0.4177483176480581 100.0
177 0.9384474350999042 0.6711021069650875 2.055112803913469 0.42210887460928354 100.0
178 0.9481570809926112 0.7970546403141574 2.037096615199472 0.4179577084671392 100.0
179 0.9204990720242137 0.6834516888255718 2.056937268339966 0.4234062074910018 100.0
180 0.9271684496493384 0.6867882335325712 2.026707156161489 0.43441034167566406 100.0
181 0.9775929176432561 0.8620524889953591 1.985021675947968 0.4312836966491254 100.0
182 0.9369250235663223 0.7107401661333319 2.0694304741695726 0.41025102373383193 100.0
183 0.897673920276878 0.5289362577970677 2.0432716742948096 0.42921617526788464 100.0
184 0.9467977674086605 0.8238964827242852 2.037775395118837 0.4215665781994279 100.0
185 0.9368421063092919 0.7007002167239588 2.038173698385368 0.42901869366441153 100.0
186 0.9507773054626931 0.7570925760388537 2.013004102275127 0.43371458790936757 100.0
187 0.9833391845675628 0.8526625317735512 2.0593615565455408 0.41662728378109837 100.0
188 0.9607589456664704 0.789550132344964 1.990883189491854 0.4216311523939125 100.0
189 0.9206840690223956 0.6876901383546581 2.0199552639291545 0.4371102630960485 100.0
190 0.9276025676541163 0.7527204121499105 1.9905681980792678 0.4350496670245678 100.0
191 0.9207929894142814 0.6510425748671674 2.0014648065749006 0.4375408223426366 100.0
192 0.9403028409066205 0.7403123462966283 2.0309412976351746 0.42099681767392516 100.0
193 0.90611544461705 0.6089894953228365 2.0204747799834952 0.43402465411108293 100.0
194 0.9328457600040728 0.7265333998253566 2.0353054219012603 0.43048703604638894 100.0
195 0.9393124818616079 0.69059583259588 2.0228039902800243 0.4152482722073293 100.0
196 0.9197096543011755 0.6354838128954649 1.9682708956236972 0.4407776833071127 100.0
197 0.9500498872785361 0.7674926179495407 2.0309443084834995 0.41990155077171637 100.0
198 0.965630346265099 0.817621417661423 1.9877952492398356 0.43081308478566205 100.0
199 0.9209169115049235 0.662662826558234 1.9751794182729654 0.4353676929422222 100.0
200 0.9688583592073604 0.7984238146766292 1.9834854834662656 0.43328047931485736 100.0
201 0.9574381290276044 0.7635352969149005 2.003530137129754 0.41855703503727215 100.0
202 0.9543588000626466 0.7557043640108787 2.0086848176700043 0.4197547875881774 100.0
203 0.9151008962307958 0.6615303912887667 2.041643337682656 0.4260930506015014 100.0
204 0.9161185390694577 0.6138975524818827 2.006193186637253 0.4135701744121517 100.0
205 0.9783418680774666 0.8488218062719944 2.0340199634147345 0.4291924317071002 100.0
206 0.9416978206435938 0.6986495804664605 1.9903711542266769 0.4419951392687854 100.0
207 0.9745663769552483 0.8584103806252894 1.992029570869685 0.426936648220154 100.0
208 0.9082862805368439 0.5918911312255879 2.023371054266673 0.42566442983532066 100.0
209 0.9930517839638349 0.9365926563615832 1.987176009047341 0.42955970407150107 100.0
210 0.9623258918078028 0.8059626816450447 1.9936200818878524 0.42188309694596493 100.0
211 0.9607441306250774 0.8043332999456345 1.9784070191675205 0.4349433225443411 100.0
212 0.9386886657678731 0.7115568831170005 2.043210034594917 0.42255551532525326 100.0
213 0.953894251607213 0.7725617216912674 1.9867097413103771 0.4244359601767417 100.0
214 0.9753653119043492 0.8258880434598013 2.0132257312628856 0.4258287349175953 100.0
215 0.9528866357668783 0.7668937527055043 2.0004931477257513 0.43309694815945915 100.0
216 0.9881632661477161 0.9018016929560059 1.994077645869066 0.41774250815371133 100.0
217 0.9302451607783662 0.6900901320814852 2.0200273150434382 0.42440713850344614 100.0
218 0.9415181035790056 0.7122096621326619 2.0155704117261433 0.42472826887608817 100.0
219 0.9528731117546256 0.8252011665293226 2.012923979062684 0.41978466203294984 100.0
220 0.9384692422039068 0.7380532113432816 2.0238402111750644 0.41697482873437136 100.0
221 0.9083144606061075 0.676863456765431 1.9945067189322991 0.42743044625459703 100.0
222 0.9817777627039519 0.8887723033940871 2.0304807868971837 0.42523550065121657 100.0
223 0.9745786238645602 0.8606700258839826 2.0025654786015776 0.42781066837199333 100.0
224 0.909371725503035 0.677653421723993 2.041982175069047 0.4203097728283834 100.0
225 0.9537063690443972 0.7243190876030117 2.033457027194225 0.4266430385153449 100.0
226 0.8560973063334872 0.4620273397244584 2.091228055764422 0.4019785554373847 100.0
227 0.9578120196300338 0.8102648413542257 2.0409036383223134 0.4205263712038236 100.0
228 0.9890234620237539 0.9160640873445844 2.024600434997266 0.42029704381064414 100.0
229 0.9865462010588744 0.8877394428158786 2.014168792093087 0.4278538770406815 100.0
230 0.9797725529440997 0.8391664179839037 2.0325611959335683 0.42622477775161505 100.0
231 0.9442623107734611 0.7269863677109047 2.0065995732355453 0.4357315940477834 100.0
232 0.9430613266767424 0.7854068831668972 2.006768143205098 0.4274146846103761 100.0
233 0.9704719736629632 0.8430381231574102 2.044540932760952 0.42093534566284596 100.0
234 0.9803293363457574 0.8730323344338997 2.033184149982416 0.42577908732787983 100.0
235 0.9193254950210129 0.6557440099792146 2.0403185330752143 0.41773030251664434 100.0
236 0.9474350962057383 0.7710911844092039 2.0203345562744155 0.427802657191174 100.0
237 0.9660356021467814 0.7797368081985663 2.020806472969212 0.422238153370664 100.0
238 0.9621415236052047 0.8416495382618763 2.033407647637548 0.42392360783264216 100.0
239 0.9483191508138976 0.7965191832996235 2.054995670750222 0.4152608358069343 100.0
240 0.9925650380462103 0.9311301042156366 2.0492745741244662 0.4224567488723139 100.0
241 0.9592246914237709 0.8371425236136154 2.063339045783284 0.42434707065741756 100.0
242 0.9807578122051396 0.8789783491840863 2.045392427277311 0.42746958922091877 100.0
243 0.9515445153619752 0.7493098495959106 2.0474724982743426 0.42053868018939083 100.0
244 0.9428810066207524 0.7179914689984523 2.012403618928622 0.41597870932831904 100.0
245 0.8447739862504948 0.49697076553194347 2.0402360199815215 0.4181377260499838 100.0
246 0.9045530234582422 0.6088932691102285 2.024087432554716 0.41489354673851775 100.0
247 0.9662728406198229 0.8239157918021153 2.0357754289714984 0.42955328637778845 100.0
248 0.9379995935169273 0.8045748958913865 2.0496802911771015 0.4363836550340735 100.0
249 0.9144909626691465 0.7149703637930065 2.058273913031404 0.4174880404028459 100.0
250 0.9125180161689762 0.5849757783617403 2.026456174905726 0.4181188458029162 100.0
251 0.9819161892911273 0.8617158076236022 2.079803561269999 0.41734523316559236 100.0
252 0.9213388132678396 0.6475158748222466 2.0051093833988376 0.4268331215628507 100.0
253 0.9403474708046886 0.7538814702816629 2.02676086805841 0.4239501840462827 100.0
254 0.9655234523829703 0.7946137995813036 2.0218489056944926 0.4366129076464218 100.0
255 0.9083225047063784 0.6768997082645392 2.017549869499059 0.43842340062725105 100.0
256 0.9188114866855533 0.597770730163689 2.025572591968112 0.42870025081081964 100.0
257 0.9320853137873314 0.7367510266683718 2.0208724789557513 0.4251191891557916 100.0
258 0.9523524994895715 0.7123166419090282 2.048287093991658 0.4236783379879179 100.0
259 0.9701576941342711 0.7948149076192397 2.006415255477482 0.42754584880538643 100.0
260 0.9590102121662623 0.7889234335970746 2.0363947929474295 0.4362168056051674 100.0
261 0.977312284357889 0.8677875416430931 2.004566263828221 0.43249691993995165 100.0
262 0.9877372457660354 0.9188987495273002 2.0394079182993297 0.4182918116350992 100.0
263 0.9764584811918008 0.8441341574461335 2.0330017307360477 0.4290492146283432 100.0
264 0.9738779187369104 0.8589894194901238 1.9903130344656705 0.42710700827109094 100.0
265 0.8221130487683981 0.4028887235627222 2.0328052255041187 0.4322362159895041 100.0
266 0.9147567746299525 0.6406715527004614 2.0388349840965043 0.4218044399079789 100.0
267 0.8938189926424893 0.5997100568180277 2.0334863016781775 0.4287552485864528 100.0
268 0.9258172593452784 0.6941844314277974 2.04286687462598 0.4231944840392938 100.0
269 0.9557116507637907 0.7593124064631911 2.024621525152601 0.42788575388193023 100.0
270 0.9475367416440272 0.6957810011886236 2.030702339014115 0.41185076232350326 100.0
271 0.9450318340451036 0.7419641951753478 2.018493882557343 0.4285245181541062 100.0
272 0.9632616640986218 0.760709283772954 2.0526295137203308 0.417713648462745 100.0
273 0.9757421065312407 0.8552554912166579 2.0434022507183776 0.4313778353654326 100.0
274 0.8817049517594757 0.5199643984693634 2.027444675834523 0.4296962133505485 100.0
275 0.957492887511421 0.7802219475577499 2.0213148937354477 0.4361768682134981 100.0
276 0.9691395211332191 0.8167023590662511 2.044623858301764 0.420031913506404 100.0
277 0.9370757803740366 0.6967098301552721 2.030321884015051 0.4249775503421452 100.0
278 0.9523769764578226 0.7401499302878305 2.0206394733273587 0.42137093661980496 100.0
279 0.9458484510452827 0.7444796444924866 2.048735183979921 0.4308544213835699 100.0
280 0.9717748349162261 0.836411753278622 2.0380498677790633 0.4253366976073626 100.0
281 0.9106782515040862 0.7091310895673588 2.0404298671547725 0.44010425062705494 100.0
282 0.9781508737476093 0.8413328749614462 2.0511880999878995 0.4272897507761758 100.0
283 0.9445007786696064 0.6623826874843413 2.0179014119757714 0.43164839905228014 100.0
284 0.9644271953701095 0.8126981492446985 2.0554859151686395 0.41689061257859017 100.0
285 0.9204934440159447 0.6553356874513553 2.0083408246914427 0.426465655410121 100.0
286 0.9650425890981961 0.7818071044546027 1.988448163287238 0.4315500303555468 100.0
287 0.9791330299309802 0.8699431545223518 1.9744617856058782 0.43689435934930787 100.0
288 0.9108337546627862 0.5998706709645204 2.0555016759474625 0.43261012817863287 100.0
289 0.9798766348671734 0.8814037180049018 2.0504450587208565 0.42370246334310896 100.0
290 0.9301838568654915 0.6942281916227525 2.045881397383803 0.4297867867259824 100.0
291 0.981182800645724 0.8667547198844241 2.039162702474306 0.4288523003917194 100.0
292 0.928166781946478 0.7565701871384156 2.0021239376380837 0.4331403580260512 100.0
293 0.9731280107601077 0.8615420291728931 2.029770451451614 0.42198264356578397 100.0
294 0.9399217593876645 0.7113446900798399 2.019940925339994 0.438985653673313 100.0
295 0.9354321711228831 0.7361171296959841 2.038243883139281 0.42886386150125355 100.0
296 0.9575881606033427 0.7998370131638385 2.0610256980156882 0.423566056020663 100.0
297 0.9587071793201518 0.7816121183381709 2.035019686431766 0.4271131632251818 100.0
298 0.9755295025420118 0.8583378943447398 2.106387943889146 0.42108321852209035 100.0
299 0.9576834330674096 0.7635470843696259 2.0415939251137822 0.4360744980252802 100.0
