1 0.2369679898251659 0.2418915803606206 0.5833785273325562 0.1390483743725224
2 0.16897982662971858 0.1691189478478071 0.35824008826027365 0.09329813156493776
3 0.16854933139117262 0.1686693463389738 0.341778105310053 0.1115609564852211
4 0.16854935115702183 0.16866938588283065 0.338870220437155 0.11455121838366726
5 0.16854943191829172 0.16866954684274393 0.3382006917142645 0.11451319144359158
6 0.16854711159745547 0.16866608877720096 0.33717571756586634 0.1170010772084034
7 0.1685493497749662 0.16866938226317965 0.33926517797403316 0.11494086277207638
8 0.16854933141713266 0.16866934639092096 0.34087591672882306 0.11027006865492495
9 0.16855624863122054 0.1686794245370957 0.34194929787498773 0.11019308048115517
10 0.16854961360008008 0.16866991148559232 0.3407253639576822 0.11258307928096463
11 0.16855037232799264 0.16867138985207655 0.3392429781878571 0.11401452461670152
12 0.16854933194345337 0.16866934744361345 0.336003479625158 0.11797305031807066
13 0.16854735964353978 0.16866541213524097 0.33742407086260656 0.11452807928283679
14 0.1685493312605621 0.16866934607768927 0.34110587843802714 0.11122501756354015
15 0.1685493315692927 0.16866934669537334 0.3393307891903777 0.11310487710734415
16 0.16854942500222114 0.16866953305545299 0.3415174854391322 0.11023377315638117
17 0.16854933164559746 0.16866934684804002 0.336092813469635 0.11841759204731979
18 0.16854950858736134 0.1686697003968018 0.3415132326665944 0.1110722384649672
19 0.16854933139996628 0.1686693463565591 0.34124770254774417 0.11183212958896382
20 0.16854933115762474 0.1686693458717512 0.3415332653415213 0.11052280568305506
21 0.1685493350899995 0.16866935373846123 0.34102270694378267 0.11172824666726573
22 0.1685494404921696 0.16866956446202894 0.33810716973203825 0.11428261035319975
23 0.1685493359355847 0.16866935540397637 0.34264599321228745 0.10847294471412224
24 0.1685486361669871 0.16866795946706958 0.3399616115870504 0.11140822536573732
25 0.16854934862995907 0.16866938072502738 0.3385125277395377 0.11486774064041871
26 0.16854934272081654 0.1686693689373505 0.34181080221521676 0.11102431002731139
27 0.16854933248544354 0.1686693485277354 0.33687922676786103 0.11610680383748098
28 0.16854933183196616 0.16866934722056592 0.3430399946329869 0.10944714548666548
29 0.16854933179282242 0.16866934714267817 0.339212272208044 0.11449495644800164
30 0.16854934079621836 0.16866936517658376 0.34033323420710515 0.11291438060826837
31 0.16854972159742168 0.16867012760045214 0.3426836765525868 0.11077618667971341
32 0.168549331595721 0.16866934674803613 0.339617373205189 0.11363548025986983
33 0.1685494412743091 0.16866956435857566 0.3399684385012036 0.11145639429365231
34 0.16854933206941808 0.1686693476957744 0.3376092477082616 0.11602832994038952
35 0.16854919634441526 0.16866907509365886 0.3388235247973389 0.11373232013736159
36 0.16854933479422124 0.16866935314667292 0.33783253870129254 0.1162717504815991
37 0.16854947794534808 0.1686696393287775 0.33862481451691784 0.11290048803442328
38 0.16854662917841495 0.16866395340753904 0.3405188852484938 0.1129610757200434
39 0.1685522395344778 0.16867504206956666 0.3376855013133552 0.11470871651122919
40 0.16854934018056678 0.16866936395078452 0.33765537554624103 0.11556338372392183
41 0.16854933118741297 0.16866934593134486 0.3379581140765447 0.11504427436744954
42 0.1685493980790021 0.16866947936633375 0.33932051903618743 0.11376033792316402
43 0.16855002379763884 0.16867070628689218 0.33752398603248995 0.11492929123719497
44 0.16854951890623554 0.1686697128889087 0.338095806453659 0.1155628853534437
45 0.168549331444853 0.16866934644685996 0.33842701441770595 0.11545287396955006
46 0.16854957678878246 0.16866983622404624 0.33783042651455925 0.11314041109425987
47 0.1685493314240452 0.16866934640476866 0.3383300684196132 0.11483325535770846
48 0.16854933150626908 0.16866934656928656 0.34058045693653083 0.11244466689520893
49 0.1685493315021131 0.16866934656092386 0.3407407438781155 0.11194580697870955
50 0.16854933171523367 0.1686693469880186 0.3402316374454478 0.11149996756413061
51 0.16854933115435083 0.16866934586520674 0.3397387154366802 0.11169539670831612
52 0.1685493326130421 0.16866934878520756 0.3350726569446988 0.11898597369062931
53 0.16855611954211652 0.16867916631504182 0.33976839147740173 0.11155446041342396
54 0.16854935882242003 0.16866940121135968 0.3372426454090818 0.11638427942182639
55 0.16854933168537176 0.16866934692741578 0.33803490730929325 0.11482458297350562
56 0.1685495004071596 0.16866968359433548 0.3415300034759129 0.11115547893359445
57 0.16854933175948747 0.16866934707673997 0.341788429118793 0.11057091587328946
58 0.16854937089343336 0.16866942514836003 0.33794941562907715 0.11500317336904371
59 0.1685493466740054 0.16866937682223923 0.33951675676260606 0.11173834639665166
60 0.16854929533356228 0.16866927412869265 0.3373083598483545 0.11653989789279455
61 0.16854935670924737 0.16866939698112962 0.3381173736414131 0.11427614705903381
62 0.16854933328462904 0.16866935012747528 0.3369912682413743 0.11483035357443246
63 0.16855610838974738 0.16867914417827629 0.3397763476914617 0.11163249974180119
64 0.16854933126879937 0.16866934609417356 0.33970494430171894 0.113669230483877
65 0.16854942156379216 0.16866952610563793 0.34075151305262996 0.11110485684678698
66 0.16854933162218774 0.16866934680098436 0.3412108371137458 0.1116638845554625
67 0.16854936840604176 0.16866942019877731 0.33874039326251965 0.1148285497565625
68 0.1685493314609443 0.1686693464785989 0.338724034032347 0.11436936932858326
69 0.1685493318962734 0.16866934734916167 0.3385291489842166 0.11370861396510996
70 0.1685526890450065 0.16867592619078414 0.33873062383996744 0.11484688919248127
71 0.1685485130168028 0.16866771383642423 0.3364813319921144 0.11818149318619908
72 0.16854933260471666 0.1686693487672245 0.3404772177226597 0.1121964817419818
73 0.16854933161762217 0.16866934679185777 0.34007456967074606 0.11214266326218021
74 0.16854933204636963 0.16866934764965022 0.3398715838845435 0.11399752012542859
75 0.1685494654604633 0.16866961374728912 0.3408577171738195 0.11161020662357332
76 0.16854941693381367 0.1686695172041734 0.34095561262276064 0.11090553974080122
77 0.16854934868770113 0.16866938094061273 0.3383662250461734 0.11433611963554176
78 0.16854933163254732 0.16866934682194953 0.3395807341019445 0.11204796389814657
79 0.1685493339652689 0.1686693514884215 0.3406407462482747 0.11245115839907202
80 0.16854933267387753 0.16866934890541324 0.3418610530113593 0.11052457391256883
81 0.16854935055422673 0.16866938456665215 0.33832170217921653 0.11614655305250629
82 0.16854947743358611 0.16866963792300843 0.3383626885916703 0.11481120075137215
83 0.1685561121564088 0.168679151606037 0.33911755896995854 0.11513179997326846
84 0.16854934679280556 0.16866937706271184 0.337985014385134 0.1163141271911026
85 0.1685493387428976 0.16866936104625857 0.33828320315777455 0.11410145576269459
86 0.1685493316213963 0.16866934679964024 0.336797985211188 0.11680668871822897
87 0.16854906280955717 0.16866881059342761 0.3397054293840312 0.11235265498758507
88 0.16854933251804186 0.16866934859331323 0.3399707133820256 0.11244267016770441
89 0.1685493320378503 0.16866934763235694 0.33850531571017123 0.11379456531379532
90 0.16854716803000827 0.16866502968985245 0.34015530609235106 0.1126493618331836
91 0.16854933181572124 0.16866934718840626 0.3378467251415901 0.114771106976207
92 0.16854937890880617 0.16866943607492108 0.3407436980572526 0.11035603020651034
93 0.1685493434261958 0.16866937041540467 0.34019923469663205 0.11260639251523472
94 0.16854933115341483 0.16866934586333068 0.33943640588133317 0.11195723695918809
95 0.16854940365570353 0.16866949047520002 0.3408855254734984 0.11100860753941895
96 0.16854959017235963 0.16866986295202271 0.33754569215020225 0.11612165001864813
97 0.16854933244393053 0.16866934844543233 0.33943929744405493 0.1121530031571012
98 0.1685494021950162 0.16866948757081537 0.34165231033370524 0.1091749609404526
99 0.16854933287302848 0.1686693493032235 0.33901943961445824 0.11456507457395664
100 0.1685493311595281 0.16866934587556176 0.33939272307312274 0.11147272431580442
101 0.16854933208186093 0.1686693477206586 0.33752050339481554 0.11592567956652602
102 0.1685493320555163 0.1686693476683529 0.3408581988729056 0.11006441805934863
103 0.1685514326765937 0.1686734676364631 0.33982968644649486 0.11046394531234068
104 0.1685471496686464 0.1686649930599849 0.338501002986933 0.11330999447251808
105 0.1685493407246242 0.16866936501033125 0.3398074661742475 0.11253440263904299
106 0.16854940345332856 0.1686694900711848 0.33932007841517753 0.11274565132397754
107 0.1685495442646612 0.16866977159982083 0.3383624853891041 0.11460348077742188
108 0.16854947759988614 0.1686696386376389 0.3402254556469478 0.11317013557542147
109 0.1685493349541031 0.16866935346662437 0.34091810051968635 0.110994424046409
110 0.16854779343944332 0.16866627777199747 0.3376644636621501 0.11539484006104103
111 0.16854933168913258 0.16866934693498642 0.3378197748318491 0.1152247345159784
112 0.1685490276379959 0.1686687404402903 0.3411657075904778 0.11047101424925239
113 0.16854937888307756 0.16866944117048915 0.3380177145216171 0.11464090048843165
114 0.1685494210328599 0.1686695251450267 0.3404598232176454 0.11207355249236599
115 0.16854954075646225 0.1686697639414168 0.33773965968226044 0.11463869294998205
116 0.16854933121002083 0.16866934597657246 0.33760903297117417 0.11525517856814257
117 0.1685493700840925 0.16866942352258224 0.3413918643645301 0.11073956070268487
118 0.16854907234737207 0.16866882950904555 0.33745705549503435 0.11586550234487994
119 0.16854933218119533 0.16866934791974364 0.33767489871222633 0.1169613281142134
120 0.1685560907804687 0.16867910894923083 0.3386780859848359 0.11277433089654472
121 0.16855609051741433 0.16867910842255968 0.33884935437914376 0.1126546617301017
122 0.1685498561895388 0.16867010051290604 0.3361903966475241 0.11751780092671726
123 0.16854933175915468 0.1686693470749258 0.34257841626314256 0.10898422901706928
124 0.16854933160586172 0.16866934676832407 0.3392839214133591 0.11416921922443021
125 0.1685483737455303 0.1686674358374331 0.3386634452647595 0.11309360748648245
126 0.16854890222634739 0.16866849023477776 0.34153167894873315 0.11031404614054045
127 0.168549054163857 0.1686687933742146 0.34048969093733916 0.11157832150832254
128 0.16854923868338986 0.1686691605712704 0.33982263863641715 0.11318702083460268
129 0.16854933188734877 0.16866934733141017 0.33866316758031223 0.11509591609013106
130 0.16854933878788753 0.16866936111001155 0.33936960213480905 0.11410230346848504
131 0.1685493358205446 0.1686693551738893 0.3379192043894079 0.1149909403615118
132 0.1685493311534148 0.16866934586333054 0.3395144747436728 0.11427828792073051
133 0.16854939419615872 0.1686694717445581 0.3389617730870619 0.11453002326403834
134 0.1685493313793897 0.16866934631536462 0.33621178705030524 0.11609289624460853
135 0.16854933115387544 0.16866934586425197 0.3408104569791604 0.11154062618021343
136 0.16854915783481808 0.16866900015835878 0.3388221104654475 0.11418058322658228
137 0.1685493314350452 0.168669346426751 0.340114928931355 0.1124715285438588
138 0.16854964582256554 0.16866997392657324 0.33666974724164583 0.11635467773277111
139 0.16854995749996565 0.16867057614317962 0.3418595383446882 0.11090249958446471
140 0.16854933476792738 0.1686693530951703 0.3375861647991122 0.11473166519834288
141 0.16854933764932248 0.16866935885723355 0.3436314886933558 0.10839745087916375
142 0.16854943292258212 0.16866954932934908 0.3384902907248562 0.11431056612668503
143 0.16854905721478758 0.16866879735034537 0.3387656007016018 0.11423660537497157
144 0.16854933569141822 0.16866935491551382 0.337788099219902 0.11585210572243103
145 0.16855605210428515 0.16867903139754117 0.34052246445910345 0.11139992707193676
146 0.1685494385707859 0.1686695601202434 0.3361882217049569 0.11655310461030924
147 0.16854933481892054 0.1686693531965821 0.3433006445740087 0.1091427287124642
148 0.1685493319537526 0.16866934746508033 0.3388372077830308 0.11352080918969878
149 0.16855609024845314 0.16867910788458573 0.3379014796329242 0.11345853464395919
150 0.1685493065323155 0.16866929643978215 0.3381015055744869 0.11615715844246051
151 0.1685493762331996 0.16866943599756629 0.3385846140827748 0.11328598554097866
152 0.16854931333630335 0.1686693088650127 0.3404871978037314 0.11266568501089684
153 0.16854930970038376 0.16866930174255068 0.33877417140043786 0.11493242163227683
154 0.16854933163115238 0.16866934681888615 0.3384071245869512 0.11500274100711225
155 0.16854933177143988 0.16866934709957898 0.3392151294209887 0.11417516710537282
156 0.16854933723630863 0.16866935804888586 0.3369893096177537 0.11654969413268494
157 0.16854933136792866 0.168669346292391 0.3366542507213909 0.11625820744500306
158 0.1685519036571494 0.1686743863255878 0.3387754849902257 0.11329598417723478
159 0.16854929080523756 0.16866926508128494 0.3376381253239884 0.11672348597175079
160 0.16854933194340488 0.16866934744388112 0.3397915314469579 0.11137623728741868
161 0.1685496027835707 0.1686698898347791 0.3383074481191079 0.11531361339982008
162 0.16854933137713196 0.16866934631082034 0.3377065350798588 0.114124995103148
163 0.16854933247054932 0.1686693485037677 0.33819062115850634 0.11501750986524195
164 0.16854933764506425 0.16866935884926648 0.3385228145938824 0.11488673162971538
165 0.16854956743453775 0.1686698175562069 0.3380841783168883 0.11453595287839816
166 0.16854958225201605 0.16866984712410343 0.34006561465258156 0.1118286937447888
167 0.16854933372715475 0.16866935101291475 0.34127589176632245 0.11180678809292426
168 0.168549331477436 0.16866934651154092 0.3355785776634285 0.11808863610724445
169 0.16854933115342294 0.16866934586334686 0.34189558435670425 0.11119098404544714
170 0.1685493715103839 0.16866942655752987 0.34091827913153405 0.11200357844437718
171 0.16854933412209164 0.16866935180217346 0.3394125045603243 0.11357291766049549
172 0.1685494920908574 0.1686696671782237 0.33687688742827054 0.116685799329968
173 0.16854933536608407 0.16866935429079452 0.3388773802040749 0.11439772082294011
174 0.16854933283968415 0.16866934923689483 0.3393979662396866 0.1133816902782481
175 0.16854933315303705 0.16866934986418783 0.33658134421745717 0.11583281576555268
176 0.1685493322257471 0.16866934800873942 0.338091603629396 0.11408570333711734
177 0.168549331153416 0.1686693458633329 0.3385075573060892 0.11284272793512769
178 0.1685493144584433 0.16866931233749632 0.3387764004295176 0.11362149202459777
179 0.16854933147559148 0.16866934650777343 0.3384030941488744 0.11531109763844241
180 0.16854940931446344 0.16866950176856893 0.33895848639627374 0.11213024038113559
181 0.16854936186200947 0.16866940728952906 0.33710825733248495 0.11723667831989573
182 0.1685493313383296 0.16866934623329083 0.3391341434822065 0.11409222675988395
183 0.16854952483098293 0.1686697264850716 0.3380166015916434 0.1153382651441714
184 0.1685493360862694 0.16866935573324668 0.33768446470495483 0.11571974211809648
185 0.16854897609036373 0.16866863756698797 0.3385074094857921 0.11365034209722209
186 0.16854942385722166 0.16866953083353067 0.34060680037335084 0.11221533218268878
187 0.16854935123040846 0.1686693858843892 0.3386855330905343 0.11324831243765335
188 0.16854933694431257 0.16866935746607012 0.33928302496883816 0.11321298279210623
189 0.16854933129044333 0.1686693461375007 0.3419777480809253 0.11142663674003131
190 0.16854933312352774 0.16866934981044768 0.33856707681132725 0.11529311782033554
191 0.16854950844506308 0.16866970012313498 0.33993970870853596 0.11191489382690319
192 0.16854948662890373 0.1686696567310111 0.3389583785140121 0.1140275846413473
193 0.16854935828513512 0.1686694002115475 0.33919174223995674 0.1114833139522402
194 0.16854951812771848 0.16866971946820492 0.3385083789349403 0.11420015800929717
195 0.16854933350354745 0.16866935056559523 0.3378372883233761 0.11384352038742637
196 0.16854935229485943 0.16866938803367043 0.3402508199538033 0.11217169761033385
197 0.16854892191779616 0.16866852949053432 0.3398107789748445 0.11137398074979613
198 0.16854950384153503 0.16866969047067554 0.3383867570333037 0.1135973660094404
199 0.16854945168643853 0.1686695865190429 0.33887523883695975 0.1135302163232875
200 0.16854960368582148 0.16866989007171257 0.33832320165613716 0.11412024431338727
201 0.1685494752714505 0.16866963342469599 0.3379161714284832 0.11551898356978743
202 0.16855605861434814 0.16867904446932228 0.34206155526940324 0.10886627800551416
203 0.16854937765425623 0.16866943861672756 0.34131470087816795 0.1118431787592044
204 0.16854892595433563 0.168668537553617 0.340306962200205 0.11245460596364538
205 0.16854947944862486 0.16866964233619247 0.3407486773786438 0.11110298034168682
206 0.16855617924449995 0.1686792856135878 0.3396535262653311 0.1121792840672156
207 0.16854933129485597 0.1686693461462603 0.33789001712259836 0.11424041054230949
208 0.16854933193445665 0.16866934742554382 0.33975996638291905 0.11311340219949646
209 0.16854933238075062 0.16866934831908734 0.3380019307780092 0.11493733110133704
210 0.16854937017934474 0.16866942371040775 0.3396116933603456 0.11395161427250933
211 0.16854936141254387 0.16866940638965897 0.3396843256207051 0.11290594154419982
212 0.16854934082005713 0.168669365229933 0.34046755998014655 0.11094465918179779
213 0.16854933441708925 0.1686693523950738 0.33845526517319546 0.11434085065259705
214 0.16854847244691878 0.168667632459602 0.34030780575181313 0.11069640879500897
215 0.16854933195546568 0.16866934747024862 0.33809242623912716 0.11613296555689837
216 0.1685493311640016 0.16866934588451357 0.3353637237104057 0.11830393742559635
217 0.16854933169744393 0.16866934695147226 0.3386577120149906 0.11304212560585336
218 0.16854933136877598 0.1686693462941894 0.33959714915594974 0.11368996151609348
219 0.16854938164410418 0.16866944659256072 0.3405238421143399 0.11113213605655296
220 0.16854938581032303 0.1686694550037632 0.33780839608437774 0.11480393680393988
221 0.16854938273641334 0.1686694487533912 0.3401829690599895 0.1135916896937994
222 0.16854932015585772 0.1686693236632662 0.3409295663544699 0.11090949500945561
223 0.1685493311779033 0.16866934591232047 0.33803291612370734 0.11394438253248067
224 0.16854933166421993 0.16866934688531884 0.3359006739996939 0.11831407870458796
225 0.16854939074495806 0.16866946472414543 0.3394168232094149 0.11378218454138378
226 0.1685493326184809 0.16866934879524392 0.33882718075490453 0.1135599627891926
227 0.16854933271802558 0.16866934899518285 0.3415949484600593 0.10996400071731464
228 0.16854933125342275 0.16866934606341571 0.3416585255310733 0.10882032487290041
229 0.16854933227622282 0.16866934810912643 0.3375120392635253 0.1156755247655504
230 0.16854939195432306 0.1686694671548361 0.33804025143615446 0.11484442828437438
231 0.16854933209680212 0.1686693477508794 0.34067601883655385 0.11190326137527609
232 0.16854933214856635 0.16866934785395454 0.3374626909615759 0.11638034887271176
233 0.16854950970530197 0.16866970233419928 0.3375972124204306 0.11705864572432152
234 0.16854933211413498 0.16866934778504197 0.34362523378809584 0.1096801892492238
235 0.1685493315351138 0.1686693466269537 0.34139047164452646 0.11156789091085158
236 0.16854933122128873 0.16866934599908892 0.3390815984712189 0.11307895229028406
237 0.1685493314843562 0.16866934652529758 0.33828143591526855 0.11514454970792572
238 0.16854933247851345 0.16866934851419044 0.3393550336858895 0.1143648552041783
239 0.16854933124516144 0.16866934604683795 0.34076368169202664 0.11098491296312119
240 0.1685488303203589 0.1686683468519835 0.34003211791026294 0.11209697602906507
241 0.1685493417686777 0.16866936710043756 0.3381598286070421 0.11514332731510865
242 0.16854937564441794 0.16866943486018604 0.33707311766665204 0.11679809552367124
243 0.1685494767020971 0.16866963684130493 0.336974501817555 0.11594590311464373
244 0.16854933155328303 0.1686693466631484 0.34194317807583685 0.11051071124734671
245 0.16854656504267984 0.16866382540139369 0.3408310886018985 0.10950218552176214
246 0.16854941225036454 0.16866950762790506 0.3380323422474354 0.11435632718973951
247 0.16854933374761602 0.16866935105332703 0.33712088153033487 0.11536036912380934
248 0.16854947703551376 0.16866963750947306 0.3407576121897712 0.11345235592601352
249 0.1685493963125602 0.1686694758535296 0.3385694451709805 0.11537330481992492
250 0.1685493311707303 0.16866934589796748 0.3374188319967205 0.11598623508844592
251 0.16854942705743406 0.16866953728836734 0.33673634052419327 0.11598637654291451
252 0.1685497707600458 0.1686699514399399 0.34109855243355913 0.11090590058579244
253 0.16854933203687317 0.1686693476312129 0.3406167387106461 0.11081287961619021
254 0.1685493320304272 0.1686693476181411 0.3392516430300776 0.11375521559580623
255 0.1685493313995467 0.1686693463557054 0.34026287448972936 0.11238312632426499
256 0.16854933139964395 0.1686693463558386 0.3397170095076556 0.11311112405859491
257 0.1685493168125504 0.16866931690870363 0.33668819582229975 0.11662992941946584
258 0.168549347312323 0.16866937819032873 0.338831822562151 0.11371892378227058
259 0.16855609101207247 0.16867910941261396 0.3393747624505488 0.11181994792735381
260 0.168550297928446 0.16867124527794522 0.33894458532283067 0.11280230679693534
261 0.16854933601733837 0.16866935559367396 0.33863669420337544 0.11487855790375597
262 0.16854837303989573 0.16866743442532955 0.33918704609867734 0.11402169429994365
263 0.1685493809333168 0.1686694454339873 0.33891471540133733 0.11379999864101306
264 0.16854933188683158 0.1686693473307605 0.34021283950903614 0.11340964758336958
265 0.16854933177925144 0.1686693471152008 0.33961522500640007 0.11191661563320765
266 0.16854937842505158 0.16866944015360402 0.33761781611226105 0.1144711257360013
267 0.16854933117863213 0.16866934591378008 0.34002933871124863 0.11375212422244223
268 0.16854936439533236 0.16866941217378617 0.3386915284131543 0.11432747099740595
269 0.1685493384519949 0.1686693604641329 0.3401779574617439 0.11207524033181807
270 0.16854933129289523 0.1686693461423699 0.33926402484066126 0.11379201716100144
271 0.16855613866876676 0.16867920461106906 0.341240148492015 0.1114054058059479
272 0.1685493332361012 0.16866935003048106 0.3408975588582214 0.1102823977180754
273 0.1685513520215118 0.16867331434063362 0.3361751838481958 0.11822624448356871
274 0.168549331227802 0.16866934601215325 0.3385539347145107 0.11325866390397901
275 0.168549331904955 0.1686693473666854 0.3401406993299377 0.1124485616434265
276 0.16854933198192934 0.16866934752070803 0.33746466894935745 0.11617884408328269
277 0.16854940499867285 0.16866949316452717 0.34051549208364684 0.11074803063955285
278 0.16854933117954726 0.1686693459155994 0.337211113587497 0.11712209575782775
279 0.16854933116629328 0.1686693458890945 0.34243907028704995 0.10992872943563818
280 0.16854940766677307 0.16866949889955235 0.3396800467972244 0.11242748921155452
281 0.1685488777614393 0.16866844139418638 0.3386094161358836 0.11421675926215213
282 0.16854933232860686 0.16866934821404087 0.3391952076892633 0.11245237563943537
283 0.1685493609629706 0.16866940538945477 0.33920554024386357 0.11335201545579272
284 0.16854933329906246 0.1686693501565492 0.3431985962979285 0.1077073860910337
285 0.16854933527604082 0.16866935411116388 0.3371828849245615 0.11608560757030036
286 0.16854935115013975 0.16866938548543942 0.3384930802549601 0.11357964862391141
287 0.16854933703588756 0.1686693576490348 0.3388731582597424 0.11456745444867462
288 0.16854933280287598 0.1686693491629755 0.33878746843670976 0.11394016178244096
289 0.16854939776073402 0.16866947871939236 0.3370452484791941 0.11658173923377269
290 0.1685493314417555 0.16866934644011594 0.34005989424005456 0.11197028764145026
291 0.1685487768553425 0.16866824010732162 0.3383925763045107 0.1130848560805007
292 0.16854933230467198 0.16866934816784146 0.3387016162097756 0.11497966562949505
293 0.16854776382706965 0.1686662181340155 0.3411078661344336 0.10988122480521167
294 0.16854933208442952 0.16866934772555497 0.3426498400054865 0.10931980722542545
295 0.16854958241176546 0.16866984877577185 0.3398636700877128 0.11245580813796723
296 0.16854933423277876 0.16866935202359937 0.3404191922292852 0.11165124657301166
297 0.16854922408487524 0.16866913071159206 0.3425814794628052 0.1087052790240614
298 0.16854934788220616 0.16866937916953223 0.34150192510814303 0.1099996036579135
299 0.168549349004773 0.16866938158988481 0.33882718606413154 0.11262162974630471
