1 0.24737481492228772 0.2555903260915176 0.48791783466883987 0.17506197939956678
2 0.26368209180973984 0.27661118203313906 0.4439917465911072 0.26691228684658846
3 0.29112028760360253 0.3067487499917525 0.43575722082179535 0.2993457127863994
4 0.33243440219482695 0.3532598091571199 0.4234988788452799 0.33415818671187675
5 0.3513993127621197 0.3775806901128104 0.422695352673257 0.35867019690064483
6 0.40259944216819826 0.44379553800455396 0.42498379555491816 0.38228751400402017
7 0.4226952781176935 0.46681700677211263 0.42105869795334694 0.3944363800755903
8 0.42033900536065516 0.46116152309155967 0.4133947382258212 0.4057032090248581
9 0.449528567139118 0.4930636695560523 0.40666256459917094 0.43820223579255346
10 0.43300917730306593 0.47821177154796884 0.41029262805886146 0.4288829746225284
11 0.49740706663847617 0.551580082700544 0.4038263616494378 0.4487710621642506
12 0.4886193533866641 0.5474965191589212 0.40785080447264643 0.4624113587588813
13 0.49424317932021566 0.5527913003757007 0.39534323318637316 0.46348985909957696
14 0.523066620216039 0.5886484236507429 0.3969835770850874 0.48870220144215076
15 0.5526525200696177 0.6201421391277973 0.40175598666779333 0.4745471734296986
16 0.5595088202197924 0.6308334021994112 0.4013415565188855 0.4875409681633223
17 0.5686742366501554 0.6322145073752752 0.40027295040862176 0.48853825475703144
18 0.5364219458718353 0.5926919638111743 0.39580010955037975 0.49274579398980717
19 0.5323709959958651 0.5832570231803994 0.3956292231031245 0.5093955585032776
20 0.5722537421062464 0.6422415652154794 0.3929105099316821 0.5153226662943944
21 0.5900363835837178 0.6577376444605493 0.3925921119654129 0.5168592271277952
22 0.5915949938328128 0.6567539278262218 0.39619863549454587 0.5183335744268951
23 0.6203299174878734 0.6801930777983071 0.3943257918887519 0.5306520621076327
24 0.5665036413912319 0.6341293666984102 0.39305136708883004 0.5352268526374269
25 0.548605348213482 0.6198140405095385 0.39214137401646487 0.527979781747437
26 0.5781105972371506 0.641101590200482 0.39476698963458035 0.5392002947342276
27 0.6182792185115175 0.6961813464450508 0.38968161653898 0.5263009261142343
28 0.5951495456625798 0.660060704373665 0.39286544987106903 0.5338142612657663
29 0.6268607620614073 0.7116232346200466 0.3895623179058675 0.5436834177417735
30 0.606217762569661 0.6698537336006245 0.3912527853265047 0.5550635523664472
31 0.6676226690473008 0.741884363629623 0.38858655563211897 0.563151107194754
32 0.6307250933462172 0.7026546776414204 0.3912217783370549 0.5636224079436042
33 0.6526636314393722 0.7279120964896351 0.39220486507429264 0.5510129148241056
34 0.6390043147579971 0.7120662614773208 0.38901994639485765 0.5659216415221782
35 0.6447513803695315 0.7203355265807063 0.3899577146254695 0.566430046336107
36 0.6852529994519257 0.7656694257115759 0.38652636886430725 0.5796772147342841
37 0.6567667641430545 0.7390164490780531 0.3946333969420541 0.5690686637504521
38 0.6744491454088706 0.7541307679674774 0.3845892578197046 0.5762187942980382
39 0.6832405406085 0.7674145176384755 0.3836861559739488 0.5760575400625763
40 0.654355612239576 0.7299787471750908 0.3860390212093893 0.5713503423692192
41 0.656849303677158 0.7436916092087804 0.38940761419890935 0.557578921946662
42 0.6517557399809741 0.7318558540522304 0.386891196705814 0.5798756330112234
43 0.6710749592399916 0.7559569111626749 0.38877725583679057 0.579429658237515
44 0.6604257622576475 0.7444212007587432 0.3859798376064122 0.5878853427806886
45 0.6466177066957447 0.7262564920337007 0.38488011261375077 0.5862691791632396
46 0.7010678195787097 0.7710310169471339 0.3875206231085403 0.5751111764775017
47 0.7343814957899036 0.819091827317572 0.3806947719530161 0.5902664089491142
48 0.7029611066207833 0.784709604136284 0.38492408891866264 0.5910406061057445
49 0.7529386187660319 0.8325901240061928 0.3839493846155604 0.5821928434941526
