1 0.23396574094051953 0.23791563683860234 0.6369361868101729 0.1550292796065064
2 0.23729716670221376 0.2415659156521522 0.6006515131101219 0.1606945893108603
3 0.231042498730936 0.2353181575369499 0.6038284098659639 0.1556947969906455
4 0.23308673085573411 0.23783369182866224 0.596311883531763 0.15860193759582075
5 0.23615043373517913 0.24262884092465759 0.6003779140650976 0.15917977030908959
6 0.23145594844836484 0.23793451187995046 0.6024597334475488 0.15569644725572107
7 0.24020956375695657 0.24762036184000763 0.5990016539966806 0.16010768074384488
8 0.2382015143958816 0.24569097061845144 0.5973712678104233 0.16045905117793974
9 0.23842507249792882 0.24539611005727524 0.597520527854648 0.1572864550349947
10 0.23674984035620147 0.242693868217924 0.5899667659771304 0.158462347636102
11 0.23932088140296814 0.24479400372378643 0.5895054426421048 0.162106949618439
12 0.2370094470920526 0.24214481892598108 0.5838547559117081 0.16847669689274508
13 0.23880473981566955 0.24475526510864012 0.5822463428769595 0.16889512220131148
14 0.2357019163514252 0.24176716961283953 0.5772702230801444 0.17531548717541828
15 0.23243350432251705 0.238497663306699 0.5849236389777038 0.17134994481490903
16 0.23727994906042724 0.24332664518405447 0.5820830862775404 0.17559217320767145
17 0.2313889767456033 0.23718775745303605 0.5860630616902425 0.16865128539429494
18 0.2307733467745873 0.23530117364169173 0.5868597814264802 0.1666460355767602
19 0.22550761794255214 0.23006541420256993 0.5886569660321543 0.15998152433338722
20 0.2262873240501028 0.23016392368896246 0.5928058950724326 0.16047990302953313
21 0.22123217645631135 0.2247516094758133 0.590903675340521 0.16445783461465407
22 0.22853438228857223 0.2321256172571607 0.5928948150081317 0.16631686109767435
23 0.22630245454300518 0.2302180953382777 0.5985468993214461 0.1653394180112445
24 0.23423852282071006 0.2391888462362032 0.5994903248256019 0.16966678584257303
25 0.2356588260126414 0.24094761576199386 0.5931918974852551 0.17040291463808
26 0.23580290726200587 0.2417167483044646 0.6018378720481221 0.1595458873911819
27 0.2350701685725914 0.24166060396804978 0.5975078666750411 0.1601261040166973
28 0.23727365110904008 0.2436320476520501 0.5888073866466799 0.1635516838255268
29 0.23604794474708446 0.24175211377571398 0.5900314101356712 0.16317916739863714
30 0.2386682571865685 0.24532343498492812 0.5945802290361697 0.1656216542752411
31 0.23990460665856492 0.24703724768339477 0.5886783672826871 0.16820281296566425
32 0.24244432954172207 0.2487882487034112 0.5931060975289167 0.1715549295341227
33 0.24892309134513532 0.2557276822247871 0.5900302981181336 0.1771442669963338
34 0.24596110534158414 0.2528430800353637 0.5930265136555393 0.1730337694210314
35 0.24267855413483236 0.24864131263562333 0.5896045336541658 0.17073501210759043
36 0.2453594187583598 0.2512442159159403 0.5940520658368902 0.17221513316001028
37 0.24388085196370687 0.25045586282851195 0.5903294025656451 0.1720031286634832
38 0.23557755598300054 0.24150130712771226 0.5980459712096896 0.16307794420806107
39 0.23520430160960926 0.2405992703759296 0.5916592971544642 0.16539540985548332
40 0.2382618851579291 0.24411549629560153 0.5858128355737704 0.1686951626706722
41 0.2332113444319718 0.2390880367027412 0.5834161226392878 0.16614649228160944
42 0.2318617437248171 0.23707206367282438 0.5818731860194559 0.16703095681788668
43 0.23827403910267822 0.24419530818468355 0.5779002675251661 0.1769485396939106
44 0.241903126303378 0.24826745419034973 0.5825201696948218 0.17707102219352044
45 0.23616348253193048 0.24199675733311676 0.5880630399661135 0.17642612476319605
46 0.23475858148804568 0.24010514966180213 0.5848554083437533 0.1775600183323494
47 0.23237067353356905 0.23781134712042315 0.5845186072325437 0.1751288782404164
48 0.22694141795764056 0.23203720680203532 0.5862700229235879 0.16762593594022784
49 0.2267648052373139 0.23131393308805936 0.586893436760689 0.16603978918582996
50 0.22864757720715329 0.23358144932538835 0.5870652434841684 0.15982170464290665
51 0.2336654275362982 0.23904263116439733 0.5954388207155237 0.15424190079804756
52 0.23588832340511628 0.24127799056401855 0.5993784884800789 0.1485928731780579
53 0.23056709386295032 0.23500125890415474 0.6111540994632169 0.14715696555281488
54 0.23619125387139173 0.24114637341847592 0.6116336102765813 0.14732822808896834
55 0.24352405780776437 0.24783951287657055 0.6060143426165308 0.15896504659058686
56 0.2422062156137331 0.24591293626647204 0.6027086054668123 0.16551768526907934
57 0.2390470283148911 0.24293383210846767 0.5975548630175864 0.1755522052956936
58 0.24551517745040646 0.25104336041634145 0.5958482041676125 0.16787810678378298
59 0.24394448764740756 0.2495387319755264 0.5924279656702155 0.16863049649814257
60 0.23882031380722601 0.24425285319279905 0.6097333334922096 0.15068402053834212
61 0.2416997365105531 0.24807943128432042 0.6099577030129352 0.1471053562537314
62 0.24221622360432532 0.24822403879541372 0.6195839220461068 0.13879682119432252
63 0.2417274403512346 0.24676461193010762 0.6076350472019423 0.148892897155026
64 0.23309295508376798 0.23780356857229507 0.6082541292664911 0.14347422363098
65 0.23168603628955542 0.23641113670410382 0.5932469828484742 0.1538998663058698
66 0.22948914883116495 0.23365065604773902 0.5985432935229016 0.15164128417937467
67 0.23187798581630997 0.23665197374959615 0.5867046088436331 0.15798350959045507
68 0.23316468757470116 0.2384939405671894 0.5871319689005875 0.1576987949903689
69 0.2373105295630542 0.24275498256506892 0.5922164536894698 0.1640303246474206
70 0.23772837365201865 0.2441680058908521 0.5916333528394505 0.1612328736229252
71 0.23375620684327073 0.23973513340071512 0.5821316997164193 0.1711453418775039
72 0.23591381263992303 0.24118618629446117 0.5856352472535882 0.1726131531051697
73 0.23573768415877194 0.24014375737103183 0.5827434854332729 0.17553853971153383
74 0.23268186991593928 0.2367961086475189 0.5740657167729704 0.17463049934045186
75 0.229602108236173 0.2329549934565339 0.5855118818151024 0.17333441412468914
76 0.2314600837345231 0.2351307297282136 0.5879427583255884 0.1671126658046131
77 0.22549602779930483 0.22988038162234967 0.5927832319040297 0.15871318563634712
78 0.23146588148078867 0.2370551993548829 0.5974931689010794 0.15839137769828004
79 0.23384120862755364 0.23948545931061505 0.5980325711111952 0.1654209835330449
80 0.24127803129286618 0.2475924862306711 0.5878626434981035 0.16999528072461556
81 0.24738233861223305 0.2542947435491493 0.5857808904077915 0.18003713370288849
82 0.24792512627807078 0.25437613605394543 0.5832022159568112 0.18128985663954403
83 0.24389879079695942 0.24998739593262703 0.5827483821304644 0.1814853231255284
84 0.24231029357232065 0.24871737642992708 0.5840513692953074 0.17860761625456983
85 0.23952093995997634 0.2448992575221031 0.5872381414301059 0.1791170445235861
86 0.23552805626827059 0.24044646508964823 0.5914467958132327 0.16804542009805828
87 0.2363302065555918 0.2413541563805924 0.6011264469684658 0.16728003442885644
88 0.2311023884668843 0.23593332679392778 0.603197899345801 0.16477732518475535
89 0.23284648341401773 0.23801971071663877 0.5989174925774586 0.1695301537162844
90 0.23372772938326639 0.2391950679787446 0.6118276370895408 0.1574943294506178
91 0.2329614385189617 0.238269929217333 0.604046074899601 0.16602355232933164
92 0.2338962232957466 0.2391058212987443 0.5956788577602304 0.16839157840437385
93 0.23300526544172265 0.2381193754266378 0.5926003078766298 0.17314308131499806
94 0.2296694529273029 0.23405231716691627 0.5946114465906717 0.17151343318163503
95 0.2273193337254186 0.23251974652729474 0.5829353050822954 0.1842246218991332
96 0.22674958815223753 0.23215131461839236 0.5908414544030574 0.17782050391803397
97 0.22831287311971785 0.23366815538921032 0.5925559877408285 0.17672035521867352
98 0.23744545860825655 0.24321742799274668 0.5903121182095973 0.1728766699995026
99 0.24089564727722007 0.24687265277337644 0.5968834418572246 0.16401587928569797
100 0.24588043196820614 0.25175852895742556 0.5885142965356133 0.16949137266107422
101 0.2503760763176244 0.2564699551317647 0.5815500646903619 0.17569787959575667
102 0.24682083124379112 0.2537257619141224 0.5797625178387852 0.18205829423134526
103 0.23489365395718229 0.24089759122415377 0.5836098768779874 0.1756469146009747
104 0.23207338947522654 0.23811382117160704 0.5845058974681135 0.1724089372032325
105 0.22180477985314145 0.22746092425827552 0.5886824754896895 0.1660853263999121
106 0.21295874957400035 0.21815865382766203 0.5976625754894906 0.1604657144141596
107 0.21776454044762433 0.22217626829493736 0.604629483944306 0.1497440797130944
108 0.22525298500224483 0.22987189013432538 0.6044417218071194 0.1548777748797568
109 0.22666813506128208 0.2311393031691083 0.6042298561540083 0.1575015396640722
110 0.23133523105643153 0.2361510384144129 0.6000190422433865 0.16395216256996253
111 0.23566446736769522 0.24096286634452774 0.594115523076667 0.16482592067063323
112 0.2353950460331498 0.24081040351668737 0.5945193080807423 0.16883048572133147
113 0.23801135315860572 0.24468163088744693 0.5901306071511635 0.17457507127990565
114 0.2429376254515793 0.24992842605608834 0.587928977560118 0.17633390250449427
115 0.24190120439090307 0.2485848953028657 0.5977742646474482 0.16846830813150332
116 0.2411921559849996 0.24713621488246235 0.595675554474723 0.1648495485761552
117 0.241335846101325 0.24671553737047555 0.5892921267250395 0.16748212703867812
118 0.23539339051589686 0.24029490120935884 0.5982617601054889 0.1572611210169023
119 0.2281777651352888 0.23310038718005952 0.5952366547299206 0.15956503135582886
120 0.22520386586538899 0.22954491862445106 0.5968771412813256 0.15643426875178132
121 0.22449599995244177 0.22898389092032295 0.6006298629472873 0.16118353244525271
122 0.221889385204665 0.22689215727970752 0.5977209803121755 0.16158541356145967
123 0.22109751773404368 0.2256310603362131 0.5927224329992232 0.16242319636267216
124 0.2231060479330671 0.2269898514345173 0.5938434537494949 0.16217792976277934
125 0.2230888761362336 0.2272365641023654 0.5902634620806162 0.15813590754430473
126 0.2251530374866105 0.22940078267859984 0.5898170872925979 0.1554107731193592
127 0.2278934200171267 0.23245570446813665 0.5923687448491053 0.15614213171211438
128 0.2323983597278098 0.23691616629787945 0.5939587957248614 0.16044974500754972
129 0.23252448606394385 0.23682221721162083 0.596460455494538 0.15666428015801642
130 0.24565889926589168 0.25045900871662724 0.5914619416117898 0.16570660367896534
131 0.24464541051779037 0.24923603182893003 0.5935406247859322 0.16332372766150885
132 0.2458800721371225 0.25039666899501595 0.5907256031569059 0.1709712407560894
133 0.2388708319032095 0.24354525716915904 0.5948595503629781 0.1665599967261023
134 0.23842444424715703 0.244160100015765 0.5966997297033558 0.1702287288822943
135 0.2327757322595319 0.23795003866469355 0.6016344554261164 0.17202253173866394
136 0.23580721160434734 0.24150309801500497 0.5982427895829764 0.17896746147151282
137 0.2313997019163761 0.23684132281496267 0.6077059544725689 0.16313894340903196
138 0.24047928117490547 0.24621072765665158 0.605601419228697 0.16758719353768925
139 0.24187819149464537 0.24755343817691716 0.6012121420195522 0.16223103576146214
140 0.23756929286301492 0.24306428839274835 0.5958522355065331 0.16202034700437856
141 0.2323077167775895 0.23740513905007482 0.5945044264328923 0.15571942936142727
142 0.23453196494941236 0.23999300435368037 0.5860003104870533 0.16254171316686147
143 0.22957556776628385 0.23484897575398506 0.580134794917891 0.1598496913828158
144 0.22904148974009014 0.2337198582230228 0.5827001590209167 0.1666620589171942
145 0.2286065136831749 0.23376406486487253 0.5864642604934712 0.16586856672924524
146 0.2317293013952444 0.23658659737938179 0.5886357367635754 0.17199736952750083
147 0.2299931921877719 0.23381848616224682 0.5920555714662576 0.17124108509355185
148 0.23700801879647457 0.2405937172016273 0.596144460162004 0.17554001189701177
149 0.23581269384692813 0.239667811501422 0.5946943631330734 0.17436915336862566
150 0.23265664319778864 0.23600403027552064 0.5961450122434355 0.17126934475404743
151 0.23623428957587173 0.23999017528502714 0.5979357379375733 0.16799676767480326
152 0.23600995824452534 0.24056034601705845 0.6004495433095315 0.16495675173742494
153 0.22648661709307394 0.2313693988747716 0.5954344545222554 0.17005338447645296
154 0.2269159026191861 0.23201721621174104 0.5957615067558543 0.16992435922209376
155 0.23332106950606915 0.23895918743515804 0.5866995367108222 0.17487498296055057
156 0.2310001553482889 0.2374304018949017 0.591538195426654 0.17530336646713846
157 0.23292497162200582 0.23960142145626367 0.5819184106064065 0.18171565183658678
158 0.23608931963035196 0.2431376827972222 0.590790840928395 0.17085039588662582
159 0.23975765585501535 0.2466519677382318 0.5879895729414127 0.17271784268010046
160 0.23465096152046194 0.24131232276722253 0.6041669250193031 0.16592219123645538
161 0.23388375279961168 0.24016771670940829 0.5906006157815116 0.1689740777143346
162 0.23024787373576827 0.23601706667852412 0.5982165218073053 0.1671579311184584
163 0.2301693040066039 0.23554181461300044 0.5923748348609652 0.1742556459833246
164 0.22802347520364202 0.2333110863830433 0.593584457736407 0.17540429911281782
165 0.2294156259630346 0.23546785980105014 0.584197124514138 0.1803036659918945
166 0.2236567874316983 0.22932445923346995 0.5922864354008428 0.17485325091539253
167 0.22891462034959656 0.23532561728441154 0.5876727013575954 0.18074554860069442
168 0.22572926820506548 0.23145831344825124 0.5844139525911458 0.1820569033036729
169 0.22779705959582927 0.23387192278445554 0.5911449125317184 0.175489339556877
170 0.2308536027537919 0.2368917921705763 0.5874402378864688 0.18128918635453115
171 0.24088739741420465 0.2474241683410628 0.5856609693322408 0.1896785249122524
172 0.24141150736871717 0.24775845643253386 0.5839076154970485 0.18583584327475416
173 0.24341187030117628 0.24997214179435773 0.5943101575355387 0.1713599907152241
174 0.2470899649015994 0.253444151253351 0.5826184374505695 0.1792264018469456
175 0.24372435166108336 0.2502309763990562 0.5864740627626952 0.17242492979168336
176 0.23952803090770036 0.24564378109516935 0.5817036305224486 0.17165452383529156
177 0.23304590199586697 0.23859043660782006 0.5893349472213717 0.16697749972397286
178 0.23292140264483824 0.23820340329969697 0.5836327588992487 0.17264586733304949
179 0.2260338402642587 0.2313013778442706 0.5942560519503386 0.16286418279595002
180 0.2274575579410299 0.23195711545169329 0.5942169956589087 0.16280181335274033
181 0.22788503640041796 0.23245098998640196 0.5934801522761927 0.16139144242183023
182 0.23376826767920447 0.23914411395992202 0.5944924522675186 0.1562715290341306
183 0.23421037038232453 0.24024337984396382 0.5915876365276385 0.15834510912256566
184 0.23147098967196156 0.23732329258868595 0.5857841197388585 0.15878857611424496
185 0.22724503710607324 0.23313093499555593 0.5828878879729945 0.15785648628549187
186 0.22643106164561866 0.2325809158717707 0.5945139516465988 0.14367827508017944
187 0.22090504676347966 0.2264385811148232 0.5858827493194141 0.15353881744660053
188 0.22555786574638673 0.2310214832380298 0.5894367536697834 0.15839612207139822
189 0.23362436076876542 0.23910828726086616 0.5821931026299806 0.17226936055098907
190 0.23598775672474517 0.24190449254485197 0.5800803811308965 0.1808116169369052
191 0.23642887543859786 0.24203207800717746 0.5781129561493322 0.18633207912277688
192 0.24340218964378463 0.25004561074729514 0.5835236368555874 0.17758572619208812
193 0.24023298561363987 0.2467580464535161 0.5813264497679745 0.17828895232875297
194 0.23907674164100706 0.24542356432399548 0.5921600282822373 0.17147359321649555
195 0.24260558825270512 0.2490119940689562 0.5956673453231067 0.15937702135693146
196 0.23980600711165626 0.24627627882060588 0.5893965185369138 0.1666451188917627
197 0.237091411291913 0.2423317501582784 0.5882102224667053 0.1785010687236713
198 0.23474340514666978 0.23965042251332075 0.5868910989707989 0.17650248023043696
199 0.2315493756207271 0.23668759651025534 0.5789552847679954 0.17736544597584217
200 0.22579710309774606 0.23029753967988514 0.5802599892345539 0.17997918996763548
201 0.23778431681963808 0.2430596007156824 0.5787212854943087 0.18401966328844171
202 0.2358641035692825 0.24152137964316864 0.5854640040968005 0.1771653633426733
203 0.23814303188463035 0.2441031990038136 0.5862464543238655 0.17822404669025463
204 0.23841873815245407 0.244435152949172 0.5908731925291115 0.17760671011761747
205 0.2448379108491497 0.25095872727999724 0.5909803104763764 0.1827321908793871
206 0.23481163437978392 0.2397415031153674 0.5952406411115999 0.1736130317044599
207 0.2347719232535148 0.23954084374703433 0.5929132872022903 0.17317651458931604
208 0.23254267591746136 0.2369453047126105 0.5969746641276377 0.16865154028772422
209 0.23069097934293886 0.23472949934740744 0.5973526883354682 0.16632931496032985
210 0.2303960350886735 0.23417925568189127 0.5962312146375365 0.1655634136097132
211 0.22775773101814786 0.23143289123822958 0.5962242661723115 0.17012477961397363
212 0.2324309492496351 0.23649222544416518 0.5925731201644744 0.17652798773605644
213 0.23395923276830582 0.23819171172255782 0.5951734024753919 0.17342438003940236
214 0.23678154518911057 0.2425744400171283 0.591679257303977 0.17766876393880673
215 0.2379299731325018 0.2449287783585959 0.5925933957776618 0.175058911055302
216 0.23840905270503449 0.24530758619832688 0.5991734900163888 0.16954957147178443
217 0.23126617674316644 0.2374132483600032 0.5916412941240206 0.16752381439826744
218 0.23690962905372595 0.2432214376076966 0.5865171927171835 0.1682767190868416
219 0.2337304556461673 0.23880880613188676 0.589863768516935 0.16477450772436558
220 0.2286682388118447 0.23256065024680903 0.5867333589171259 0.16972721530638535
221 0.23064845321293462 0.23469248083875974 0.5762218652008301 0.17713305035561056
222 0.2358678323650744 0.24091917370855773 0.5866710867059612 0.17246351057845977
223 0.2266254595523606 0.23143938691695834 0.5953212264235205 0.16684055367413106
224 0.22899029140277866 0.23448795585663862 0.5928298539482488 0.16698799268285597
225 0.23643436564347153 0.2441348544307867 0.5909198637184513 0.1716078020243129
226 0.23616356676765388 0.24440486235670175 0.591445421367169 0.1699105007456619
227 0.2329729542703928 0.24053990970251013 0.58455574770349 0.17322676415375046
228 0.23745393648665097 0.24549453947478783 0.571925277681804 0.1881087177760353
229 0.23537756968359652 0.24230475016430528 0.5808599954367265 0.1833251052522385
230 0.2300998902117742 0.23616414595441335 0.5893366784463734 0.16647047404427676
231 0.22871325102005197 0.23421991240398793 0.5951772813315277 0.16409531302028907
232 0.2275207718802441 0.23282124146335725 0.6015811079120545 0.15849796001806787
233 0.23126390523949109 0.23639585459991702 0.6085656199830026 0.15019634273692256
234 0.23753634111984606 0.24260214663012655 0.6020997019310934 0.1566541046683343
235 0.24532871856050464 0.2498223249242705 0.5974163947250689 0.15794121241654016
236 0.24780583209950297 0.2519497168575978 0.5939148817728013 0.1567601444935824
237 0.2507352261382045 0.2555337724327694 0.5928348368309033 0.1590070011471228
238 0.2462778912799203 0.2510599880692815 0.5894258493400664 0.16309316828358225
239 0.23815022274549885 0.24292152283276353 0.5833026391037986 0.15878506384235874
240 0.22792192362820834 0.23181125457342086 0.5844412661655953 0.16276951521357702
241 0.2210421647425095 0.22528378724860976 0.5845629560577656 0.16099062214114715
242 0.22694728230324968 0.23137759752774284 0.5799430311307088 0.16818871614498182
243 0.22375737226487483 0.2273128029644255 0.5869023833280604 0.1617367489678289
244 0.23429411095354066 0.2390058416510487 0.5922926279438319 0.1641165791963607
245 0.24034130346985577 0.2453525374020819 0.5946969915825457 0.16153732509193558
246 0.24749313779693263 0.2529499793801573 0.5965578576356949 0.16236131629925954
247 0.24312254584866472 0.24824744763000745 0.5947921328731496 0.16401291249084712
248 0.2489426616728993 0.2549898530266675 0.5874229444921661 0.1734255349690199
249 0.2414097665095431 0.24652605395519284 0.5914129180166503 0.16834666954152594
250 0.23648923473745734 0.24240791837791825 0.591571697720694 0.1685868260485561
251 0.23872056274453443 0.24431448401026534 0.5926071739492638 0.16537215748196804
252 0.23434243665895899 0.23989173456794885 0.5918341347491649 0.15867264777566564
253 0.22936442066499754 0.23457457439923593 0.5891079232907794 0.15719224867034676
254 0.23255153088140973 0.23757511534245182 0.5873201270940264 0.16422325225077725
255 0.23520513571691293 0.23946613950184253 0.5909965131573689 0.16653187886396034
256 0.2344248584606053 0.2390605962387637 0.5917039372395811 0.1676072130355497
257 0.23611637480136488 0.24093318148010895 0.5980524024360239 0.1686806998062623
258 0.2395932341502612 0.24493016453875494 0.6012425948858316 0.16266779710142468
259 0.23757884332539145 0.2434311760278695 0.5971168499140282 0.1604752249328046
260 0.23499767774290695 0.2416260163590457 0.592779721624267 0.16364855662905783
261 0.23748792997408463 0.24527552391353286 0.5893281753850417 0.17390399882381852
262 0.23921186530761535 0.24728009675877566 0.5931990972460375 0.16798472388851837
263 0.24021567934720686 0.24758349134691704 0.5978588023416828 0.16686531318393896
264 0.24066445258574243 0.24758378301543993 0.598795392454182 0.1682077336870298
265 0.24690327814909416 0.2535271816254142 0.5930791499646406 0.17034151295376634
266 0.2412817282241019 0.24649374462211368 0.5901138199728256 0.1671509807878278
267 0.24129348613904478 0.24665313976471626 0.5931504978053432 0.16584773072016162
268 0.23597224492096128 0.24160206336876863 0.5940753422266731 0.16233613696387614
269 0.23438730403084182 0.24037747978945126 0.5977215499361586 0.16372855830311117
270 0.22885712624366467 0.23425833936302048 0.6036369470504113 0.15297534099877302
271 0.22836114221488665 0.2342133511299332 0.6042458774006315 0.1471450904931922
272 0.22896135100380532 0.23365582480339347 0.5957381510926127 0.15348546105061392
273 0.2321598930032877 0.23691575394430647 0.5983009731000672 0.1621363214296933
274 0.23639797002063262 0.24129574304195658 0.5975303676140239 0.15504275276052368
275 0.23793949054337044 0.2427229560034269 0.5947960395897025 0.16317577266539574
276 0.23488377377022313 0.2389919094649049 0.5942583588806553 0.16441165998346446
277 0.23113614798069895 0.2358544006203525 0.6011275425146254 0.1593131571631514
278 0.22736144782332474 0.2318951006734015 0.5922576180688651 0.15901650803009476
279 0.2242663507917908 0.22852087375804694 0.59373822322185 0.15974098067619713
280 0.2209526832349097 0.22502568382911087 0.5906569758546572 0.1602367699983091
281 0.22751078738854705 0.23228764928710904 0.5969871051436728 0.16379092880453697
282 0.22696982382015482 0.23148940317645406 0.5960533291358038 0.1626031644137153
283 0.2319285753698473 0.2370800418208388 0.5926354873894236 0.16008531440759696
284 0.23073729361575598 0.23580498634840658 0.589005803247441 0.16433946657130222
285 0.2324673515320351 0.23799393261744184 0.5939922615004958 0.15939075472590067
286 0.2272554526250258 0.23256069161084775 0.5915876011205662 0.16170027082472427
287 0.23452055741961148 0.24061831182618496 0.5825891853671263 0.16841306260004135
288 0.2357728330640248 0.24179649265300815 0.5917901163179511 0.17000559774448526
289 0.23545008441086762 0.2419031784722152 0.5925705973499977 0.16711132800029435
290 0.23842883579252705 0.24529016094105 0.5942041179737334 0.16981891895715498
291 0.23840458283068666 0.24474772398512376 0.5951804828814533 0.1653122047403671
292 0.233281780749874 0.23833849313787744 0.6007347500568485 0.1623539242953238
293 0.23484726012881513 0.24000004248395515 0.5983980755231793 0.15503243967540534
294 0.23637739548832976 0.24093332374055548 0.5952912153159791 0.15485858516389917
295 0.23627825029085203 0.24054506081337604 0.5895422762641154 0.15702020311679613
296 0.24402591049394098 0.2496099456287931 0.5909196918149682 0.16018604969975309
297 0.24592657367909299 0.2521997429690551 0.5882226651229485 0.159311489334565
298 0.24771516011958697 0.2546926438167196 0.5896310310328629 0.16930987781409126
299 0.24081352702079445 0.24678380455005727 0.5923019117128311 0.15307491705908632
