1 0.23396574094051953 0.23791563683860234 0.6369361868101729 0.1550292796065064
2 0.2353379235387763 0.23801930510061334 0.5817802795384173 0.1645661111298443
3 0.24258783562734543 0.24876280501724093 0.5832380729817754 0.16248837719623027
4 0.20442135084897303 0.20672898469791035 0.6172585403460902 0.13054163163030091
5 0.23889964269906566 0.24516405603038255 0.5999289696533637 0.1658485853903456
6 0.24418690156451026 0.25049330829716415 0.599353555139168 0.1695649826323827
7 0.2506564379360014 0.26199505058059 0.6021104322050901 0.16745527469618832
8 0.21911540919327388 0.2252911597937052 0.5936471698940322 0.14507176192938787
9 0.24818942739193162 0.2551582344981963 0.599968143091749 0.15259779907091983
10 0.22885939589369092 0.23551709992260142 0.5917770387220772 0.16760543756081991
11 0.24530469207474637 0.24901900549128336 0.6000998553602921 0.1537020019176576
12 0.24228027722736462 0.24848384138383378 0.5643416228175017 0.17333473770172475
13 0.23197061442710729 0.23579183732301737 0.5913405532189037 0.16329477184107283
14 0.23663225583735384 0.24191231050916948 0.5717147094397658 0.18444653544245032
15 0.2378358595117757 0.24856933083589658 0.5837349735483347 0.169697564103652
16 0.22979057475352477 0.23407852801228027 0.5752192563762165 0.18580382678819155
17 0.2259382170828236 0.23213630985313133 0.6026087023052986 0.15350702589917856
18 0.2562028381166582 0.2599367467097946 0.5771377897180862 0.18450591380488496
19 0.2071773942632343 0.21121787185407753 0.5916145865032766 0.1497420963755677
20 0.23475770965669543 0.23913641177917472 0.5877185722295233 0.15967131501597814
21 0.2034619305933491 0.20789973081667137 0.584205179404587 0.15248127057132682
22 0.22983674762057693 0.23262885728509408 0.6233533475066902 0.15599891937990812
23 0.23092710014770082 0.23287517564404886 0.5676266910585277 0.20439557173048967
24 0.24368842342453884 0.24808791076081435 0.6015702848413302 0.15903722879066898
25 0.22359807092886036 0.22959880218475978 0.6159789937960951 0.15478409958382894
26 0.2431422719818735 0.2527534853062988 0.5889223069253664 0.17411810972796932
27 0.23693826358023343 0.24142270491404752 0.5918612108049559 0.1596795633574429
28 0.2316475063945233 0.23672083835640273 0.6108565638728626 0.15011043549599937
29 0.24002472997746635 0.2478071890787401 0.5799202579759253 0.16193831191824606
30 0.23461548361110368 0.2394560206047613 0.5724765936542895 0.1719119986279763
31 0.23701374017209548 0.2433538159246182 0.5950424243703225 0.17225552759352114
32 0.2500398257776536 0.25927931096011847 0.6146053053074486 0.17189199774046257
33 0.23782925375450556 0.24528990184873578 0.5813472551054499 0.1630162289481152
34 0.25272334439325206 0.25656219417882226 0.6020589092070726 0.1786988947605384
35 0.26700929262817 0.27415318821164086 0.5570975966003744 0.19985868593903153
36 0.22220381015433932 0.22893080497750123 0.6100235020573515 0.1517030397170092
37 0.23362706974389497 0.23827047396141646 0.5974954053005804 0.1603982111732578
38 0.2512335768721426 0.2583044182503208 0.6035849160190725 0.17041683421021436
39 0.2453305104199875 0.25262042874168034 0.5834455928508466 0.17763887227790304
40 0.22549281272463823 0.22938040970764245 0.5956804398205969 0.155232763661921
41 0.22033753828738298 0.22442062121858802 0.5780901317812248 0.16329036795412036
42 0.24891498748549418 0.2558516035597761 0.5682630973971113 0.1768969752492022
43 0.225980873242356 0.23316712028601927 0.5916013513466594 0.15767348226490047
44 0.23858250688421423 0.24254056359209608 0.5757309097516872 0.18206119495928932
45 0.2575542896139438 0.2649966322669382 0.5758158473491477 0.20482067804204068
46 0.23848297429088175 0.24478135124691894 0.6011896426295034 0.1639027804521697
47 0.22021676862825657 0.22449811927361144 0.5959774487535703 0.17367248809758012
48 0.2189563680229322 0.22370908192944597 0.5755631932348577 0.16334295011066718
49 0.22664296711183107 0.23107155088520126 0.5740469041956394 0.1699054944996243
50 0.23040801173430125 0.23612593067499907 0.5845729258043681 0.16730596654109772
51 0.2375999106892484 0.24116498267703906 0.6043067118150095 0.15597204668018036
52 0.2296306284774534 0.2358357004602564 0.5968364823709674 0.14258206538296367
53 0.24404561966865682 0.251014991124491 0.6174310793916338 0.13544393088637174
54 0.23775744645592164 0.2422483478833073 0.5937452430184155 0.14166035639967597
55 0.20380186402347134 0.20474227237567993 0.6434509807200584 0.16012642841488262
56 0.2657207107314554 0.2718905552486451 0.6067042658818308 0.15682835936094758
57 0.2662946481593166 0.2693013977507296 0.5687401440707152 0.20076615789105637
58 0.23745640869850054 0.24138210807399824 0.6009023936430414 0.16820712427883427
59 0.22196150996171155 0.22735282709328536 0.5679765307722865 0.19183295653274715
60 0.2361426097010481 0.24528991391504884 0.6349176864701892 0.1217559358553296
61 0.2578672617164608 0.26436741304457 0.5896030733948452 0.1605903079327454
62 0.24067377895840902 0.24287200383709276 0.6552669831806857 0.11103377809205406
63 0.251853522215136 0.2605149985316052 0.6020242412466688 0.15031380285578083
64 0.22454394543057252 0.22807586464875168 0.6161076259381449 0.15029028123570276
65 0.23369869343559463 0.23799277958851853 0.5751733122493669 0.17223631565884684
66 0.2146948353791276 0.21956219625550716 0.5926984837175897 0.13349694031251555
67 0.23363918498734626 0.23590984449613658 0.5802312510906006 0.16316199146650306
68 0.24086908492318373 0.24671259524978112 0.6285057946188055 0.1390208922233053
69 0.23648813035629762 0.2430824531580374 0.5569142025418021 0.1820014082911046
70 0.24013220222755055 0.2472026136764848 0.5773101125341397 0.17081274265841612
71 0.2354240453208928 0.2408674062449046 0.6181209076620012 0.16515458859777402
72 0.23572840543216844 0.24297496112505274 0.5773157468405038 0.14917473634402612
73 0.22100825087944412 0.22454823279909625 0.5809975290036498 0.18858323349619868
74 0.2472761593395593 0.2503377176267675 0.5744319402276463 0.18934046442943353
75 0.2392515598217951 0.24199046905933802 0.562851303432564 0.18543967569023675
76 0.22014497410672945 0.22412916262734014 0.5747320643604882 0.16061438674236422
77 0.22032959703333707 0.22376938517012762 0.6345465720511642 0.14269431026521265
78 0.23029812837119454 0.23542691415749473 0.5931519115560795 0.1574744918958182
79 0.21745587966346788 0.224085977097448 0.5986343081198529 0.14734306358810373
80 0.26910082822921433 0.2778645577220039 0.5864009884178122 0.18383063599990146
81 0.23202160984055437 0.23628046240600095 0.5774290754110671 0.19576241591618865
82 0.25751371035989995 0.26430451977040786 0.583696933985706 0.16556579622306578
83 0.26081966496802883 0.26893820074988606 0.5827431461045196 0.20768375678718284
84 0.2201698179926565 0.2244929396214284 0.585740935864951 0.15360667827138139
85 0.24896915082365734 0.25592085711541196 0.5841318192860785 0.18480796842982344
86 0.22407912371736066 0.22993036489250124 0.5839440112352816 0.18137388156139564
87 0.24356694229817824 0.2452139252312877 0.5996307946596987 0.16811293756814713
88 0.2408552465095001 0.2466742385876119 0.6037864180201535 0.15232563465954377
89 0.2241805694292626 0.2290313960761491 0.6341391916411165 0.14977974992537224
90 0.22283006038011996 0.22881670918208896 0.5944890811727549 0.17229442220931787
91 0.2327995984530276 0.2403622845060561 0.5625419773935689 0.2051380242190411
92 0.24797317214442155 0.2510907115418168 0.6641815172201102 0.10793381623981417
93 0.23702379218797684 0.24204854478055404 0.5648786070704546 0.1949717490531127
94 0.22885449331318708 0.23321085648320555 0.5923031059442638 0.16161988030058355
95 0.21837527111000005 0.22388447982155646 0.5790963317547512 0.19605193676243884
96 0.2161205358809291 0.2200269932074485 0.5725976709637784 0.1969897835522258
97 0.2362225761349998 0.243427858343709 0.6058008096782291 0.17148975982730508
98 0.23417506432207175 0.24020638523604224 0.6044093536742643 0.16295115914761643
99 0.23667091815058866 0.2407950603372954 0.60087577263312 0.1561191368037816
100 0.2640381985526937 0.27163084283923833 0.5678769840985944 0.176833510666584
101 0.23337147922574647 0.23830311711059723 0.6054542892019157 0.15268582998320274
102 0.26114649958993025 0.26785723926395455 0.5639550830701723 0.19886722670418636
103 0.25665328606916277 0.2637635161077378 0.5695881944480068 0.19398369382102865
104 0.21889469278142243 0.22707409424908415 0.5919380383752368 0.18792120998172462
105 0.20440231211964974 0.20748998938939503 0.5871137792946054 0.14477661251473112
106 0.21927015681596745 0.22438426684786394 0.6099343921525462 0.13649594299449172
107 0.2098034514795048 0.2145927546972967 0.5848379731780525 0.1672491726875845
108 0.21242313467345736 0.21725216395467037 0.6144886944470124 0.16588563389226613
109 0.24292364714954232 0.24716216658546078 0.6267725806493132 0.13431303647639853
110 0.24184453489275232 0.24596809858633514 0.5861749686086732 0.17044508834804312
111 0.22634590711115346 0.2307213320217784 0.6088750638869904 0.14961476691606884
112 0.23313893145525216 0.23965143092381974 0.5637839036249436 0.19950228721703614
113 0.23406931622977573 0.2413113036052446 0.5849710986134145 0.17025442439561958
114 0.24157654047681526 0.246399852446259 0.62879150566969 0.1543358617298898
115 0.25492607052003186 0.2653242354401327 0.5642314639607791 0.19916801614091392
116 0.2509772685760213 0.25695530786498555 0.597866915931763 0.1584089230390118
117 0.2279568261518711 0.2329337771577067 0.6130103390615945 0.1601743153520816
118 0.23052407420025847 0.2340679015032277 0.5744775477497883 0.15216062661887883
119 0.2422949910584422 0.24429646488632512 0.5968743669212728 0.16749875404250444
120 0.22521379259289143 0.23322105463454917 0.6090796308630262 0.14806298603203474
121 0.21489914167298085 0.22098273771848892 0.5827413890539211 0.16992847473364464
122 0.21308732980237194 0.2151564343796643 0.6212127718186201 0.14452050233184385
123 0.22698474463552235 0.23126276298258724 0.5932411560795959 0.17590694508623594
124 0.22926191731955864 0.23383779668324817 0.5823299537457143 0.16950815962353916
125 0.22125445523978468 0.22691556991707684 0.5840868942982644 0.15225190003809713
126 0.2249417926680978 0.22777669321000996 0.58834649280528 0.16870214173418066
127 0.21300147081820442 0.21638999771890483 0.6033128134742259 0.12431039123947071
128 0.23730555138740703 0.24208385586375952 0.591009282139505 0.16228127296150835
129 0.24296382997213956 0.2491124056309321 0.5950882415282515 0.17316495258731499
130 0.24377915379320042 0.24921787906579093 0.5920371486770447 0.17378996651527384
131 0.22557242434876784 0.2273069477787168 0.6008547916536632 0.1497748174865144
132 0.27867353682794366 0.28457395524393675 0.5783202440604845 0.16952200884421537
133 0.23223810764690045 0.2359689714252736 0.6014026980102174 0.1503668928742257
134 0.24913713806880006 0.2549155914613616 0.5810131333831198 0.21140251806021765
135 0.20873295262363567 0.21496081993650634 0.6127068847074051 0.1517337463653386
136 0.22334048606850537 0.23038116201174663 0.6100556883555522 0.16811847826747423
137 0.25042997688981794 0.25352364848857967 0.6029938726742876 0.1784910231260634
138 0.24739550437097768 0.25373426817683065 0.5844443687945169 0.18509154153847013
139 0.22709958962894378 0.23160671546115 0.6283289578310828 0.1322599277478134
140 0.25413084891628257 0.2618078441449511 0.6021842084880459 0.17397499700862515
141 0.23033503766720487 0.23709471461307446 0.5881093023098275 0.14133768938633864
142 0.2288854837316657 0.23107789956773556 0.5761943401091923 0.1774375793406454
143 0.22108762394385054 0.22543852146346283 0.5777053234263129 0.15358695332371378
144 0.23822083048805814 0.24454604197917776 0.5858083781018875 0.16637134677498439
145 0.2293488630006399 0.23608770114647468 0.5728566306422347 0.1605148880883968
146 0.22766464753623636 0.2314491269582631 0.6009361228249557 0.1753995270582307
147 0.22671060344708946 0.23129893277698427 0.5950148474719656 0.1734701184009005
148 0.2367015625041981 0.23955118403600917 0.5885627047768335 0.18423096731499164
149 0.2295402844506957 0.23070548589350287 0.6029075516152986 0.16258992460523958
150 0.2644229960441533 0.26996385634337705 0.5933010741209668 0.18200952210569635
151 0.221688022788504 0.2268195984572367 0.5936856376803024 0.16954523441630026
152 0.21093035020139225 0.21298002664747723 0.6022680930237763 0.1579710753280093
153 0.2545897943946133 0.2594819090835417 0.5975163332475228 0.1678680819187709
154 0.2284186277939638 0.2335563395536595 0.6154765784750892 0.14738984491834783
155 0.21680629028689619 0.22400912063194284 0.5682256301845865 0.20749268580083652
156 0.22383445041906488 0.2300586851420841 0.5953208988482961 0.1689001081445042
157 0.24295618463580765 0.24768988276456194 0.5569582427986165 0.18272419402029336
158 0.24298522360571187 0.2518379813822601 0.621709626826682 0.17000999945171036
159 0.23804270916254872 0.24441143736046939 0.567377654373851 0.1794512717655894
160 0.2326280303286267 0.2416904273367355 0.6125877817945298 0.15316640605103177
161 0.24217613154238188 0.24763010984713202 0.5813145589133842 0.17823734211187747
162 0.2174227129630406 0.2209916579095154 0.6378450031880689 0.14874593680206777
163 0.23914918000146038 0.2461149510931891 0.5538780806377236 0.18526943184110642
164 0.21986331384333177 0.22365818720604863 0.6054571845028198 0.1703705387862086
165 0.2322351816828049 0.23931416700911695 0.5833793470628293 0.18865498037536294
166 0.23144698752757256 0.23647646869734648 0.5873626732905931 0.18398060775934355
167 0.2243834667600036 0.2317755249995496 0.5909083370767239 0.17324277119745102
168 0.21035498734477875 0.21539794825528807 0.594324635071248 0.15801735645859655
169 0.24615247843282298 0.25366397746075675 0.582388514286583 0.19983202721271814
170 0.21630842096014957 0.2199776478283153 0.5670856032305818 0.19521175389025527
171 0.2417859444813914 0.248544515378368 0.6210174729934558 0.1511427890253642
172 0.23966618254981698 0.24687487193015345 0.5723849638504755 0.20224200518572152
173 0.26052396064684236 0.26805982910772047 0.5854282923001081 0.19996404924720268
174 0.24877302820538555 0.2553354179181122 0.5736217451106211 0.1806186190252272
175 0.22631023562244518 0.23104607463743454 0.6190983134230323 0.122832491092605
176 0.26017641748350706 0.26590456267333434 0.5625588725686106 0.19047484468397152
177 0.22283811634723683 0.2308089976586795 0.591663090411104 0.16823464490941045
178 0.23954235687992723 0.24512385258828617 0.5615761310988746 0.19611201946524365
179 0.2163623836462186 0.22006869548136568 0.6117783286052368 0.15723349846863366
180 0.22568773886730153 0.22911090809681922 0.5905873718124175 0.15117432913798806
181 0.22573860558060949 0.23139443539620244 0.61567533782406 0.14156642199847433
182 0.2299567047310927 0.23408768569579305 0.591467808953954 0.16792279769336188
183 0.2416797491768675 0.2475932252618295 0.5578919141852946 0.18906016481069318
184 0.24577854004015115 0.25353431534896587 0.6168398285618666 0.13163393153013564
185 0.22789825238290193 0.23460723751702836 0.5760632931130172 0.1615422295801633
186 0.2120417020287944 0.21679399911981298 0.5866577538801603 0.14378375695687076
187 0.2088269419016513 0.21312589773014282 0.5769866501246337 0.1632623485495966
188 0.23760987187459454 0.24484312964290345 0.6160222325533167 0.11816910878413092
189 0.21814846562945617 0.22282264156422849 0.5736838169259423 0.18093664336224116
190 0.251162347297437 0.25752174813306117 0.5938333148648645 0.18582875270415172
191 0.25237417714068794 0.25722801923399496 0.5504394986811458 0.21314994935482495
192 0.22064392168155003 0.22710692415007167 0.5664230426292135 0.20597363047917713
193 0.2398154654438583 0.24548105695453093 0.6061851076454947 0.14577141971348936
194 0.2530150366553898 0.26289030526481677 0.6007372204572183 0.1372048787087974
195 0.23531632714671305 0.2410839266641661 0.5828473794268004 0.18934488338747602
196 0.24659295727752423 0.2505556085863919 0.6046073912524598 0.1790731537935378
197 0.23828815474004011 0.24504907287487515 0.5839596278335601 0.14549077118135667
198 0.22581755973861414 0.23180248071277937 0.5748309737145302 0.1821119073876456
199 0.23944205755667358 0.2431676619531796 0.5948057401061757 0.19648462786834037
200 0.22357629642049687 0.22767728843937754 0.576251761947269 0.17935194092130427
201 0.23062280964781098 0.23574147857106503 0.5649283202384421 0.18338798252056393
202 0.20952679212513461 0.2130987887230243 0.590483150166353 0.15855949114032328
203 0.2857536283480744 0.29561278589176576 0.5671374550133038 0.20231427399167679
204 0.2298409913048957 0.23547655659061073 0.6285193331186354 0.16221312813949815
205 0.23497093799723615 0.2405863852426023 0.5801640130825938 0.18464535765921092
206 0.23200134098692948 0.23740124829785691 0.5880620112646716 0.18030129965737826
207 0.24162265560861274 0.24571666037715026 0.5910187399026772 0.18418689494917131
208 0.23562224600124554 0.2395266650686168 0.5884391081894215 0.1567184781170409
209 0.2296424356735503 0.2344732597489454 0.6168825635720874 0.16003054256377885
210 0.22382470131696866 0.2276086900704831 0.6004708977093303 0.16202048615125178
211 0.22274285811431707 0.22632222147184167 0.5899521323038247 0.1686901730204065
212 0.2401479343372861 0.24296544204956927 0.5854113714130186 0.18035738819608788
213 0.22243072564861716 0.22579484285030826 0.5884043658632965 0.17952530813834314
214 0.2530085268309864 0.2597699307786235 0.5986268335329017 0.1920465831741929
215 0.23146611891032234 0.23610612146244647 0.6134723092639172 0.14650244766798154
216 0.23685442021834086 0.24823586294469405 0.5724814064467505 0.1899120925174283
217 0.24589007405424218 0.2547371337569072 0.589982063781443 0.16730812377856416
218 0.2248261235112805 0.2276888820489631 0.6213048370569314 0.15197861022075515
219 0.21729414702164637 0.2202982415870051 0.5609658540710607 0.18191779780660805
220 0.25968338046311973 0.2651470677009138 0.5878518022297318 0.1502669711108525
221 0.2209585531805475 0.22617270556564462 0.589214285445508 0.17240103570504806
222 0.22057898988262953 0.22349635433151857 0.5743300157823977 0.19207166168866294
223 0.23472719551673005 0.23834803500871654 0.5687473684754523 0.18900778546688118
224 0.24339104278234514 0.25143170593599506 0.6132119615967162 0.1585700989208541
225 0.21347151639955073 0.21774813374291693 0.6311025008175283 0.12215218658920916
226 0.23278271243263773 0.24141555026404599 0.5767574230691496 0.1731382307486725
227 0.25779936108609397 0.2717308472022589 0.5647800646334102 0.21517070839594749
228 0.23337320113764162 0.239698074638292 0.5713751567190407 0.1805212790736263
229 0.22743798029603993 0.23210694266503692 0.5787635932783208 0.1751514159612968
230 0.2358764274808416 0.24252128260430536 0.5679501507090994 0.19656195470063337
231 0.2224008784173655 0.22546660371163307 0.6214310118437613 0.14922016812968858
232 0.23141096372698255 0.24102782615279938 0.6071634796816447 0.1308975523561387
233 0.2264400051790303 0.22997690688616487 0.6005781711448123 0.16864547395368795
234 0.22147558459700073 0.22511358796188358 0.6107827261809555 0.14716465095019077
235 0.25459209427707646 0.260394348287104 0.6028727110638397 0.15505386829490683
236 0.2537630578191404 0.2564980638626809 0.5891014215842146 0.18150897778674727
237 0.2703728509302753 0.2771287176235193 0.5837469436515222 0.13733309109716801
238 0.23882557287402179 0.24061386655280104 0.5830706063834745 0.16274013433889922
239 0.2361225547905086 0.24303386583774172 0.6053825014714647 0.1583989342178926
240 0.2323054199856554 0.23802542646966432 0.585827773609656 0.1754847039772041
241 0.21312471514703318 0.2158057376800912 0.5584853704028754 0.1599684555806299
242 0.21923135534382282 0.22157737632680616 0.5894400789605061 0.1572553479532593
243 0.20442677844552767 0.20797652992874535 0.5836790558443254 0.15384566897674984
244 0.2656481425942093 0.27350291723340714 0.5822828768361805 0.1943894042370659
245 0.216355869793781 0.21770145365307764 0.6206245345964151 0.1432248680914397
246 0.2658084085903626 0.2742709311132071 0.585436593481732 0.17186760672328882
247 0.24946731792539834 0.2533108550819724 0.601461897154076 0.14435907743113363
248 0.24018595008091195 0.2459637398191224 0.5929833861100702 0.15796562501336964
249 0.24379518285286972 0.2499902584826577 0.5734542530234542 0.20264738519500378
250 0.245456448914954 0.2514134806363778 0.5837785926914977 0.1902879804823037
251 0.22814393277358153 0.23195193575583373 0.6053864611041531 0.14647327958581896
252 0.22486465906496936 0.23272017719559962 0.602255795674294 0.14555985996628448
253 0.2513425901162978 0.25549656798085796 0.5981607672529198 0.14189228218042932
254 0.2219045524249923 0.22787651127107508 0.5695890570229601 0.16914983666349187
255 0.22056636894514675 0.2248276797928131 0.5701475353995701 0.18288598495570915
256 0.24407948385564238 0.24695464047191334 0.5964474801203878 0.1816282974879715
257 0.23813268324248543 0.24217529799255305 0.6206377259910069 0.15710299303219993
258 0.24744120383475945 0.25346885166546407 0.6016978876639805 0.14726895303837612
259 0.2303621341287904 0.2372394374778013 0.6013313830051743 0.17451727051705485
260 0.23795066568962847 0.24481259508604286 0.5860984976486092 0.15282147143152097
261 0.23400752973129357 0.23945969791748628 0.5758187552613703 0.17066543664487122
262 0.2252268553300627 0.233149499648434 0.5989520845422003 0.172969651513466
263 0.259892464990648 0.27171638943789994 0.5844401564678545 0.19854616401217956
264 0.23898181079644415 0.24726230170401514 0.6206859923101533 0.14492089584055418
265 0.24296973588758602 0.2463295680267498 0.6093970231268353 0.14722441790862395
266 0.2362513959239713 0.23946115626010062 0.5805017058238671 0.1773775391603253
267 0.25642098314682127 0.26286649269830575 0.5703708720944926 0.18363854784714878
268 0.23178471536568684 0.23654920442139704 0.56961350650878 0.1825935031824869
269 0.2390406003711584 0.248059277417028 0.6358693814727407 0.13840464550222314
270 0.21636352979716852 0.2210741860470117 0.6140212452334854 0.12966644912719655
271 0.2283266914733741 0.23333823836351364 0.5987327443712946 0.1843396458565005
272 0.22877009421093542 0.232270790566152 0.5999478576657555 0.12987246132545804
273 0.2293047952217969 0.23632426325596062 0.5726581582598812 0.1534422506545827
274 0.24204164431575165 0.24527164578432964 0.5933307499326465 0.17010649828933175
275 0.23235623979458056 0.23737383175157664 0.6268353552707582 0.1729207510225935
276 0.2495170765600986 0.255238183851764 0.594879716941078 0.1488718025106524
277 0.23647769682462458 0.23940685537350342 0.5862762175441489 0.17053756084981833
278 0.21402621135606034 0.21766903056335085 0.5699697547146452 0.15962168724492645
279 0.2233035153681307 0.2295841015615676 0.6276766681024968 0.14461398418776636
280 0.21348273900770934 0.21757733201682145 0.5824857330419567 0.1714375053573102
281 0.2340415914024292 0.23836704927499133 0.6022827427060025 0.1524941657411644
282 0.21990935904021894 0.22193090572882324 0.5708699807081846 0.17301650746037817
283 0.2468167321242471 0.25397885785334157 0.601620401159723 0.17739248127606574
284 0.22059869752616962 0.22559287100829253 0.623007788063152 0.1386751622336581
285 0.2382764967561716 0.2455305252387452 0.5653965243100555 0.15884825532671826
286 0.2280851826319727 0.23199177191283038 0.5841343219960897 0.17376492655969078
287 0.22855964862161454 0.23287563707399944 0.5958022719734585 0.1482729482333704
288 0.2207572375892004 0.22681265282037125 0.5895970992600752 0.18894006177018385
289 0.256924221499098 0.2658809720849785 0.578015709295953 0.1722391211102434
290 0.2445378749782383 0.25142142937286127 0.6114011790641789 0.16681093104893788
291 0.22647143936618677 0.23252520100886556 0.5880367271563228 0.15929357783873638
292 0.2434534055299118 0.2498105494181735 0.6039698750921374 0.16181090301767334
293 0.22063597277999852 0.22410046804074 0.5944789237986746 0.1664064906862444
294 0.23131021109503438 0.23383481784874705 0.605787045172929 0.1574477188850269
295 0.2523652718729442 0.25972917610324975 0.5997178063958328 0.13020350794934565
296 0.23412211616375983 0.23719160729186725 0.5725024261203215 0.15842430528120546
297 0.2429576795425233 0.24786923478227618 0.5752251798328183 0.17261899278215825
298 0.2593742737954431 0.2694248921178253 0.6013660015529392 0.1822357236010293
299 0.24081352702079445 0.24678380455005727 0.5923019117128311 0.15307491705908632
