1 0.5777665667217801 0.6207351537332149 0.35736509889931656 0.37872473879562046
2 0.5578924137290657 0.6098607889638192 0.33915289649030733 0.39688780187577666
3 0.6043669447754781 0.6496317265316642 0.33097856591018504 0.439857395683113
4 0.7008900792093634 0.7634804192120326 0.32867474420239234 0.45587300431967986
5 0.7099169906317587 0.7708751067785201 0.3220594745176502 0.48160624500623805
6 0.7652236360011678 0.8233758351902202 0.3279447613130496 0.4695924485892857
7 0.7500229270301368 0.806123351734459 0.3230903021804693 0.5063043451949939
8 0.749640092653238 0.8173358724464507 0.3210888538293494 0.5207991840647386
9 0.64986457680504 0.7127506032196221 0.31692692290606134 0.5487460904461512
10 0.7590294351138713 0.8042134428857445 0.32610776609297865 0.5274831755004943
11 0.7540247998353605 0.8091637668989093 0.3242973964352621 0.5233773860336817
12 0.6768971185033423 0.7452735855867105 0.32566186699369953 0.5293039978947142
13 0.7388724003361012 0.8010386249078124 0.3251309962561136 0.5216660225405841
14 0.7303122985899899 0.785921311335927 0.32192180745498394 0.5343074903005399
15 0.7735353732066608 0.82858124925969 0.32577846262607724 0.5430345591114546
16 0.7102716508575545 0.7793681513216113 0.3206949915992212 0.55049551916401
17 0.775314908358386 0.8302836923697114 0.3295423098956092 0.5379847964419122
18 0.7966623815467548 0.8593620034047499 0.3232853048992911 0.5724076869797988
19 0.8488838740034904 0.9097191178113967 0.3236045063581169 0.5611291410995914
20 0.7752507201052637 0.8413133462969284 0.32162985497267144 0.5550826033719609
21 0.7610356836635372 0.8377370354939 0.32003258714336213 0.5913564011688253
22 0.7695082227046096 0.8457980105939604 0.3204096746134579 0.5942994224708302
23 0.7620605952301046 0.843755899241267 0.31873065362546094 0.5879114653710878
24 0.7503051968966167 0.8036322772654506 0.32134954609353217 0.5907411371613192
25 0.809679549566147 0.8801087578927905 0.3279907066637506 0.5669100890346057
26 0.8350173670326473 0.899701859434456 0.3235489499836658 0.5904780571996089
27 0.7060844459700257 0.7773708142450442 0.3196485696125455 0.5774117860588366
28 0.8197940487723159 0.89191789474757 0.31811920076280986 0.5965417086445026
29 0.7914908638695229 0.8582708247369972 0.326951762803804 0.5560203189860722
30 0.7825458534221423 0.8591176982300528 0.32219036607798845 0.5747716471329622
31 0.8029104697708208 0.8883095632014617 0.3182768821862146 0.5966246682600002
32 0.8028368169147978 0.867712928460511 0.32544464233787995 0.5471409364772437
33 0.772325691912025 0.8310751327982505 0.3203158976423315 0.5760476249827052
34 0.8287713202348286 0.8933206899666493 0.32327429803148294 0.5688110537681487
35 0.7880023709175308 0.8346093007678025 0.31759495705420715 0.5860395560523457
36 0.7677438038498311 0.8391966932464371 0.32502373633646625 0.5877404764222437
37 0.8160214602505474 0.8706989228338091 0.3167339685895006 0.5995307276550716
38 0.7539237426564923 0.8089730563746145 0.32399748192110217 0.5848417653922441
39 0.7952563852559901 0.8559320760522123 0.32084496559710673 0.5782392537470409
40 0.8498290201376332 0.8972932310338084 0.3225252410051051 0.5989797816771523
41 0.8436401403986681 0.9118077969636784 0.3220653542554436 0.5977231825124816
42 0.8179776869912573 0.8820043304229221 0.3244200126639441 0.6048839128772845
43 0.8490294212901448 0.896490097442282 0.32627833423076535 0.5982260722053387
44 0.815353870259757 0.8803685246328502 0.32559172001815095 0.6072119959173078
45 0.7899742071221519 0.8578972116626462 0.3265874568486174 0.5851377068425954
46 0.8803731106096653 0.9328335418418373 0.32319812461581016 0.6075102171405251
47 0.7861313878818337 0.8429818075845196 0.3253662414297019 0.5732648671671168
48 0.8344797145655987 0.9055454184330471 0.32291112978478625 0.5983517993233358
49 0.7943034762146813 0.858866321490412 0.3255634101446313 0.570409289826241
50 0.8062431626095405 0.8572023322639195 0.32257009277618326 0.6104274202787368
51 0.7733654890570505 0.8393311949762416 0.32863014747352753 0.5792642951510102
52 0.8381455689266344 0.8945119533697765 0.31996704305127854 0.5916752348774789
53 0.8563732396276565 0.9180558265145263 0.3274728436860318 0.590472999846048
54 0.8597279517215544 0.9073804176640587 0.32396467644456106 0.6043209774523076
55 0.8694364231007995 0.9176614703344818 0.3178541206377873 0.624080182116583
56 0.8867158430419094 0.9411984303370969 0.32403708542606413 0.591047602659394
57 0.8066748855055508 0.8731483776752367 0.32410530130926907 0.6110454823222311
58 0.8279022473808302 0.8889875499169083 0.3254313272145808 0.6087262201928365
59 0.7929684308210174 0.8654930495953325 0.3222290126830352 0.603185801458703
60 0.7926824133236301 0.8591358633146109 0.3213709191815607 0.6020270610675155
61 0.84322954146397 0.890172682994244 0.31743359995835296 0.6066422674488468
62 0.8491285532378698 0.913349676691411 0.3191651258510828 0.6254241859817904
63 0.855882262796247 0.8936054715012581 0.3239093988731404 0.6171920366985593
64 0.7777680991191189 0.8441782851234405 0.3189661616352448 0.6166707267144916
65 0.8410563162557236 0.8854395521284832 0.3237055519723554 0.6102794587097827
66 0.8012740867106884 0.8672281130795326 0.3236788653408361 0.5975182675932063
67 0.8707869062760958 0.9211637561314647 0.32521054741089367 0.6090490715623247
68 0.8379140384584544 0.8997399946611578 0.32001045094122255 0.6066106265026731
69 0.8304137136007196 0.8770830617624025 0.32273369055586254 0.6207656890470595
70 0.7874101930397375 0.8617545425044322 0.32428350146760926 0.6165685030881563
71 0.8884546381124121 0.9451198217518838 0.32736606492333686 0.616327283794988
72 0.8471269458448202 0.8953451440299011 0.3235719353945077 0.6127283653355619
73 0.9018521928293023 0.9474921138609602 0.3220435197148966 0.6109993006522068
74 0.8433585214400002 0.9019903091566832 0.3262245339237193 0.6123525993230682
75 0.7578489984302677 0.8251222935676124 0.32746419194581183 0.6018592335664377
76 0.8286647208938943 0.8976691332366628 0.3220759138890542 0.6103615743623428
77 0.7649096580074536 0.8190131696849802 0.3226280552836974 0.622344127224069
78 0.8415955786701327 0.9064035646802223 0.32449771723368404 0.6304030337606847
79 0.8311431672748185 0.8828624671592424 0.3239084735792826 0.6052700015336501
80 0.8604255391823404 0.9213632948676296 0.32574291257106575 0.6073789842598305
81 0.8338946160627609 0.8972764879024453 0.32440475042114036 0.6067077436393415
82 0.8991719697853908 0.9504352874312725 0.32409805330504515 0.6085074593139828
83 0.8461816103375661 0.9141615205234178 0.32471314137777996 0.6167703096784387
84 0.78890417721199 0.8569621762390687 0.32757326191884617 0.6027977412388603
85 0.8245914650535431 0.8761063574061811 0.3273412373498284 0.6256037494738378
86 0.8338729104311706 0.9009438401177411 0.3202397842702885 0.6288467875704363
87 0.7826861428930898 0.8600158723951988 0.3206705762734323 0.6169308227501511
88 0.8708846865760954 0.9175803538075581 0.3168363295327556 0.6286954197794431
89 0.7994341261370923 0.859670420146279 0.3253224620489776 0.6140188323299001
90 0.7344945890554382 0.8098420668216543 0.3227708687487102 0.6216225094906724
91 0.793361413446152 0.8524418193701451 0.3202472268911451 0.6420546652353321
92 0.8146440453843601 0.8857367047091038 0.32233034418664663 0.6267541916357307
93 0.8454301094403183 0.9103991515562694 0.3270282256104037 0.6213466759443902
94 0.8585484234560432 0.9211489153569717 0.3227830236954974 0.6179157122039352
95 0.8506141898664922 0.9100645223357056 0.32081145704803127 0.639008830633026
96 0.7958727478663278 0.8666120114820648 0.3186592429000723 0.6320020737126532
97 0.8572696667237532 0.9212450535410142 0.32682120699327794 0.6166185553221402
98 0.8690852617335381 0.933726442822971 0.32380885032428397 0.6308702985499781
99 0.8774484150962222 0.9340125236927961 0.32374557779725915 0.6370956740166456
100 0.8521865533997616 0.9131208388184261 0.3288332510368546 0.615010463136117
101 0.7690716677457845 0.839817962981215 0.3264185682544847 0.6284025033967681
102 0.7749255699872084 0.8550702110519521 0.32608544416547297 0.6115834979116419
103 0.8387950094217242 0.8958903298419756 0.32810818951459336 0.623698389975463
104 0.8610520379507809 0.9260857103845874 0.3269246666026697 0.6143653348996324
105 0.8541508786200458 0.9124602943474096 0.32741000263538 0.6191575857498546
106 0.8284832112918213 0.8975795031792628 0.32835477258184875 0.6205311005218863
107 0.8317134712649692 0.9033618108287991 0.3266133152494152 0.612694756033508
108 0.891379378751515 0.949165041346656 0.32457812045278456 0.6355937633093942
109 0.8129927650491602 0.8797956140001784 0.32587788996723255 0.6345873328914182
110 0.8464693559633929 0.9004546817708732 0.33036448630033755 0.6069351133905388
111 0.8083657036836513 0.8818822517747644 0.3314440837215924 0.6350676899897374
112 0.7930241793030814 0.8577471300350978 0.32641182284944487 0.6156164148176102
113 0.9090504562551918 0.9578486589469911 0.3295452478698816 0.6271593320307607
114 0.8128314541515816 0.8865207963893628 0.3265773742655896 0.6419973108664504
115 0.7929446402745816 0.859327523431326 0.3222502159058564 0.6369357952874546
116 0.8091161853079907 0.887262981995194 0.3279310172239871 0.6276557856227816
117 0.7771541655136198 0.8381858128571256 0.3314145365797803 0.6121461481779356
118 0.7803993974819721 0.8438860374021123 0.32544930931291044 0.628738324739918
119 0.8659756880733542 0.927529071899597 0.33014789579227116 0.632151098694244
120 0.8459549373424506 0.9089448465860197 0.32606668719976073 0.645735857187349
121 0.8253295504525546 0.895326594129817 0.3257242013908486 0.6382061799403637
122 0.8434785567828336 0.9007255741748701 0.32851891214732143 0.6203479536579533
123 0.7666221986008022 0.8375737626269905 0.3259466647803578 0.645115447457299
124 0.8048750957970281 0.8644213268685839 0.3308736366271744 0.6328583874601519
125 0.8252205805590627 0.8867056697193567 0.324381314088963 0.6425202562959582
126 0.8048914699513865 0.8809094260612207 0.33014391012123145 0.6424712167177333
127 0.8914725537844517 0.9425113823335461 0.322943478292421 0.632689194781605
128 0.845515204113139 0.9224805960415997 0.32699935141279224 0.6217758928234904
129 0.8365183356908025 0.8984001599510888 0.32592959151039114 0.6472026743148861
130 0.8350334296159009 0.9039582119108236 0.324971414250372 0.6438472319065671
131 0.8134049843428646 0.8859910094928303 0.32259321887095205 0.6376546840761882
132 0.8487405339104821 0.9098959614298646 0.3272534895849971 0.6309349148976076
133 0.7885621411613383 0.8604550922181851 0.32677261715048905 0.6129317723876728
134 0.8788960372068761 0.9411473407745291 0.32996273096786405 0.6255025670332239
135 0.8315584000242431 0.906135761473239 0.3252163080561674 0.6481027197825104
136 0.7488023256930536 0.8138719683407117 0.3269993988395651 0.6293623475162468
137 0.7755982868919883 0.8504432256200454 0.3295262747311646 0.6291891496905222
138 0.8653041106562979 0.9265291874375583 0.32898172272062576 0.6257610744633025
139 0.909699661192317 0.9513824792443811 0.32557559961454924 0.6348125203238076
140 0.7542941383219318 0.8214305917356786 0.32907470781786 0.6104410080456375
141 0.8268664183777066 0.8894523441176565 0.3279203316764135 0.6347177628905424
142 0.7872969737704268 0.8707546320399313 0.3273122740312397 0.6349931212334579
143 0.8339146234620118 0.8929068001233759 0.32282839152162685 0.6497572751991367
144 0.8430372781577427 0.9140400835362652 0.32986076731172675 0.6326655792334143
145 0.7818109690095195 0.8375756788348145 0.3274436304033306 0.6268248008244317
146 0.8518660215629232 0.9136121781689663 0.3306813245196567 0.633131682115799
147 0.8364633804590864 0.9050775316803474 0.33142164415497544 0.6414427821248448
148 0.8583854909298229 0.9146072447170542 0.3320829677403043 0.6351746985782339
149 0.8874536412070629 0.9408763981034072 0.33283261197567116 0.6369624683862375
150 0.8525545834228023 0.9181353281527848 0.32815121246010676 0.6266317067846391
151 0.8368341843616346 0.8987554874232482 0.3309704328342217 0.6243890075821399
152 0.8520500419952446 0.9038569380878195 0.334790517951029 0.6437605661092143
153 0.8198787594150001 0.8820889761968818 0.3313338055320982 0.6381714855920755
154 0.8257395099507588 0.8961627902370102 0.332154382818593 0.6315163075283069
155 0.8713590850946025 0.9375161301037627 0.3238637637323276 0.6547895098214512
156 0.8353875103055642 0.9026067522702179 0.3294572078688377 0.6262815568171793
157 0.8890368727260384 0.94848406128956 0.3266024813731312 0.6603660836764081
158 0.876247093209815 0.9308845436917738 0.333271778492879 0.6336598743777666
159 0.8573923390670494 0.9098589384447422 0.33154795908195006 0.6340467501742802
160 0.8122512714338018 0.8829406647144733 0.3259020425504958 0.6574239115362664
161 0.8798935759532182 0.9443242741158968 0.33033589728935686 0.6312994031100081
162 0.8268967129971388 0.8933302907638947 0.3313831104680441 0.633207577148394
163 0.8594409897009181 0.9266726886210399 0.3292539033187936 0.6371106299809233
164 0.8049193384388017 0.8707435597415503 0.33285253480499766 0.6279526010977824
165 0.8380567624374609 0.9122303964673689 0.33043679163511747 0.6388769728296168
166 0.7743927122270677 0.8520888664632631 0.3330364083507305 0.623332439828439
167 0.8350785497399539 0.8969727537510076 0.3277696018072088 0.6300001424493443
168 0.771331118091038 0.8306804515041188 0.33021562098530516 0.638115597546853
169 0.8129690128774498 0.8814745459811666 0.325314540509746 0.6525951245453795
170 0.8119816687765644 0.8760848974705121 0.3334190580819939 0.6288434375452197
171 0.9056647745776566 0.9470028099676207 0.32950396073727223 0.6354368513283144
172 0.8518364056972892 0.9127894817822779 0.3263573746060419 0.6487184824607092
173 0.8521612375393589 0.9141016308806759 0.3342252153226157 0.6283415984697867
174 0.7785757967726472 0.8593655394987616 0.3329755291759485 0.6284061839406003
175 0.7950002412064485 0.8600163888901442 0.33054339296461704 0.6195759214958502
176 0.8035064014185537 0.8859127471944401 0.3345221288810888 0.6346679016092244
177 0.8385205750532198 0.9092956665671043 0.3292589137564447 0.6419025606143798
178 0.8494705726711127 0.919176697234233 0.32883477748431106 0.6322406323563982
179 0.8475629062565284 0.9068137260522177 0.33082128367352465 0.6556847211748249
180 0.8276038970548185 0.8937145777698735 0.33121829260049296 0.6390100824297144
181 0.8740570883628418 0.9301493187035381 0.3280304596090037 0.651812088799368
182 0.8646760302836579 0.9274439886666712 0.32772994994068616 0.6616594003137731
183 0.8525358476248751 0.9205837238203507 0.3362515412646972 0.6201048561650384
184 0.8260530092704981 0.8920151395346088 0.33515241255402 0.6135302114811682
185 0.8677821338774031 0.9237065788875949 0.33117685139684744 0.6520203822481487
186 0.8620429757552796 0.9265116631028594 0.332307095310833 0.6405018749354452
187 0.7980977638492088 0.8757304097019721 0.3305093522606918 0.6404831594488068
188 0.7725236769251937 0.8420047390856251 0.32943277036124285 0.6424964539780897
189 0.7851188094645004 0.8579211435809688 0.33281111833682087 0.6355293122065244
190 0.8213955716123718 0.8872036726264791 0.32668980842753365 0.6701894618385106
191 0.8754900781705801 0.9273060503114842 0.32785560380312023 0.6579660840674245
192 0.8251813438415105 0.9066842654982503 0.33137247074252085 0.6356669288338435
193 0.8459488247724165 0.9162838062319482 0.3253770962553276 0.6479043266071727
194 0.8566275639213963 0.921535125882025 0.3273730686884572 0.6353954317228672
195 0.9212235317720816 0.9628891550661594 0.32244706729156836 0.6517268349904296
196 0.8155592298222668 0.8701707847128356 0.3296743482779749 0.6549618431883831
197 0.8198627597332069 0.8856324340535394 0.32965156259821515 0.6407866890424954
198 0.9156078641254988 0.9592462150697179 0.3282998792207903 0.6518243785099689
199 0.9036347835413601 0.952006875831324 0.3347306496226984 0.6416198616143107
200 0.8597379092901098 0.9094661105097094 0.3299372209632892 0.6232232259381416
201 0.869855854392337 0.9210476982992113 0.3310818776265769 0.6334797215886318
202 0.8801200539470433 0.9398537238376526 0.3346560021340295 0.6270654322356773
203 0.8826940473304589 0.9334494138698719 0.3276241007997661 0.6469141531648372
204 0.8308627193286935 0.8969651813453116 0.3307323889049 0.6440711495634398
205 0.8206380048534324 0.8881623582740323 0.3324401400000624 0.6333462289895251
206 0.8709392043959392 0.9292120465713583 0.3301480639031183 0.6436277233957071
207 0.8582178651338465 0.9210232707270553 0.3264845847229345 0.646882104047857
208 0.8881970966846581 0.9486126810015744 0.3319450844511717 0.6552865201487896
209 0.8430982863716249 0.8975287171262052 0.33024752808137486 0.6491795478454045
210 0.8824379858291659 0.9281279835509441 0.3277937225790747 0.6649735492992777
211 0.9036818238774768 0.9562754558265821 0.3306500730655503 0.6440962743617072
212 0.8614286453469011 0.9231173116936524 0.3252705721067662 0.6648796392294688
213 0.7904086699093271 0.8643126200821429 0.32853500095497534 0.6408269620809568
214 0.8527246491429444 0.914200294836568 0.3307175780489495 0.6310930603930606
215 0.861732770981571 0.9293441915454046 0.3291876009061542 0.6462321970595071
216 0.790656074228783 0.8594180641090328 0.3356040463187003 0.6295562356281112
217 0.8290343698754332 0.9044586377944632 0.32831935634907206 0.6464236528678681
218 0.8502749471433617 0.9143438676340742 0.3319944276673291 0.6424564276083524
219 0.9086973801859445 0.9532728488375758 0.33294313017320787 0.6521749526664116
220 0.8183723592680007 0.8656653672758987 0.33215796881716064 0.6418190358686292
221 0.9254692534948807 0.9752215356932321 0.33350054047351013 0.6536011844151233
222 0.7880057258917862 0.849247209873394 0.331077344842557 0.6274314695663541
223 0.8480702192980312 0.9181247230452312 0.32763730902638477 0.6575205023487536
224 0.8218103518452619 0.8881931426556996 0.33519344379275917 0.6280504901080063
225 0.8415150195622288 0.9017096458689622 0.33390254392174934 0.6388724328055401
226 0.8163874664321049 0.8736662286157861 0.3330388346058929 0.6526669302185051
227 0.9036551608533637 0.9539651818178105 0.33298818308745887 0.6431267498133834
228 0.8506970793441502 0.9097697125196913 0.33102792010290055 0.6554747996622093
229 0.8451063956217159 0.9145569696220341 0.33076283645709853 0.6417145616852791
230 0.8266477679555502 0.8908149835175078 0.3313418786392515 0.6558587161814307
231 0.790431586931685 0.8609813543109375 0.3303258356663471 0.657994381868103
232 0.8556976572300614 0.9263994632020645 0.33169202332827963 0.641878588429458
233 0.8158474454377018 0.8899048716996223 0.33324257101933086 0.6435498816220242
234 0.9293643829447327 0.968158006228484 0.33513906785823294 0.6396784911338338
235 0.8856937950596159 0.9438921579461891 0.32866849786938473 0.6426004130102054
236 0.8950333522147378 0.950643088009054 0.32967747233698586 0.6544414879854786
237 0.8164461766242285 0.8958328525565904 0.33805612828216397 0.6359915476522783
238 0.8368578730109595 0.9017361194952567 0.3341177074839515 0.6327820861275906
239 0.8594085564975634 0.920267083730622 0.3345099337260993 0.641308797308761
240 0.8451547362653248 0.9204921136508348 0.3364959441253805 0.6359903176335644
241 0.8829247445683868 0.9348396621010562 0.3335981477557958 0.6460691886307811
242 0.8879022898244141 0.9443506969006066 0.3341002786179872 0.6524210265693029
243 0.8739284762467177 0.9456543122922298 0.3317271330509711 0.6428356566649698
244 0.8924551607643412 0.9470234093821859 0.33781656183758235 0.6332085128144445
245 0.8700530117360403 0.9287772663371348 0.33081319228787287 0.6523631020602159
246 0.8703899304445338 0.9311666474693305 0.33344033977311616 0.6446045883996812
247 0.8391307471374685 0.8945379532209475 0.3307215541513425 0.6468810642696423
248 0.9092219045463942 0.9621988086900028 0.3362190081653913 0.6392267112641834
249 0.8585321425672283 0.9197702786031876 0.3301100535377315 0.6458428263859245
250 0.8050800858127151 0.8648135642215508 0.33067896714103107 0.64157358397614
251 0.8248646132857467 0.8927682298381523 0.3299447889646056 0.6445307937229957
252 0.8744672717682977 0.9395587268893448 0.33726076408435146 0.6373585456218107
253 0.8769003744912185 0.9304000355904009 0.335122810355867 0.6371480871784116
254 0.8136516685070762 0.8784428118740111 0.3330268842123356 0.6549305483368214
255 0.9084071331373664 0.9596998256742542 0.33086470975144955 0.659526139785531
256 0.7837111692165974 0.8550795175335327 0.33163870605454326 0.6525406805585064
257 0.8702704725872957 0.9295364527466585 0.3263862184684654 0.6621899728411677
258 0.8752342144928799 0.9359857852069607 0.32874957967431545 0.6643519666093913
259 0.7873229335304026 0.8539363419082575 0.3326265638707754 0.6585702320093401
260 0.8801197381937109 0.9331247726146332 0.3334775836463727 0.6436996445424261
261 0.8152126812766436 0.8809735077291577 0.3347976923125474 0.6270085701161794
262 0.9220584275134778 0.9620881086863353 0.33270906923393306 0.6459100066880313
263 0.907572402246467 0.9536506215338237 0.3356418146029789 0.6568146802050479
264 0.8300556038976111 0.8837907517604722 0.32945262182255286 0.6665643623301281
265 0.8740223868627105 0.9385112453932326 0.3365619700859229 0.6457531057912367
266 0.9204758893413956 0.9661420246487171 0.3302262190533676 0.6611181295548073
267 0.9050291844191305 0.9563969901999325 0.33359537318485 0.6612872373347322
268 0.8961191537641886 0.9530320947601622 0.3317494704760601 0.672078103539627
269 0.8695165364736042 0.9333353798555531 0.33391905425214047 0.6433301981739235
270 0.8420978889807038 0.8958728296874904 0.3292123266443244 0.6623476006519151
271 0.8838852850255596 0.9343614010968009 0.3353288859299957 0.64567238920025
272 0.8937087704940906 0.9525174811019157 0.3311884679981504 0.6633840106437412
273 0.8834892662305807 0.9419973446243652 0.33652898521837765 0.6520941990179977
274 0.909203834451476 0.9533818373333866 0.3349051337269291 0.6393299299989417
275 0.9075973311899481 0.9615400278193933 0.33001495248576085 0.6546381316454812
276 0.8916538956557734 0.9494200936623391 0.3369484256440326 0.656662678234693
277 0.8562974307021005 0.9138832397376498 0.3343523298898149 0.6486755459116026
278 0.8435119510267942 0.9182687058788199 0.33359014680317056 0.6529084406822045
279 0.8499271104762857 0.9103735522794374 0.33528077189285765 0.6657839811506521
280 0.8992297352241156 0.9572392631394026 0.3356528366942362 0.6506437746410414
281 0.8206808904977466 0.8816476636650104 0.33896789565792906 0.6395058663673628
282 0.8697259456723087 0.9383487228436115 0.33955482515749813 0.6418480221495633
283 0.8797766345619366 0.9323482750692536 0.33322182059623834 0.6624770123657353
284 0.853521038756012 0.9208542876552933 0.3387795327265691 0.6624302836605207
285 0.8114040610536198 0.8746181952465136 0.3372650997712504 0.6581534681343907
286 0.868768293897545 0.9307790755571608 0.3385036591449781 0.6442346140772253
287 0.8320852890363113 0.901283452924581 0.33235132405008055 0.6652641774443884
288 0.8488071560667588 0.9184888881348907 0.33347722307491867 0.6552069474398905
289 0.8556786643311934 0.9115875992992546 0.33173442418791876 0.6595010952827053
290 0.862040629403578 0.9149161913614231 0.3334710383168732 0.647974331011237
291 0.9128396344669163 0.9647347743651148 0.330783198733749 0.663049405308514
292 0.8554414630054902 0.9123599430039985 0.3410986606969503 0.6327840749484824
293 0.8828410988057429 0.9489354379777428 0.33704910757434275 0.6349396709113062
294 0.85961512996176 0.9239689283538688 0.33164074287811557 0.656494107358496
295 0.8351279643747901 0.8992740842316724 0.3373429829633884 0.6439885033203998
296 0.9175988506232212 0.9636994905448901 0.3308103363110767 0.6629224382951988
297 0.8801276795992601 0.9403702793349057 0.33227603742497747 0.656372291078511
298 0.8324679679782714 0.8874698609067337 0.33394016567561124 0.6524551309058415
299 0.9055952488606043 0.9603530448700569 0.33060626683893907 0.6637485325847058
