1 1.0
2 1.0
3 1.0
4 1.0
5 1.0
6 1.0
7 1.0
8 1.0
9 1.0
10 1.0
11 1.0
12 0.998
13 0.998
14 0.998
15 0.998
16 0.998
17 0.998
18 0.998
19 0.998
20 0.998
21 0.998
22 0.9960000000000001
23 0.9960000000000001
24 0.9960000000000001
25 0.9960000000000001
26 0.9960000000000001
27 0.9960000000000001
28 0.9960000000000001
29 0.9960000000000001
30 0.9960000000000001
31 0.9960000000000001
32 0.9960000000000001
33 0.9960000000000001
34 0.9960000000000001
35 0.9940000000000001
36 0.9940000000000001
37 0.9940000000000001
38 0.992
39 0.992
40 0.992
41 0.992
42 0.992
43 0.992
44 0.99
45 0.99
46 0.99
47 0.99
48 0.9879999999999999
49 0.982
50 0.982
51 0.982
52 0.982
53 0.9780000000000001
54 0.974
55 0.974
56 0.9720000000000001
57 0.9720000000000001
58 0.9720000000000001
59 0.9720000000000001
60 0.9720000000000001
61 0.9700000000000001
62 0.9700000000000001
63 0.9700000000000001
64 0.9700000000000001
65 0.9700000000000001
66 0.968
67 0.966
68 0.966
69 0.966
70 0.966
71 0.966
72 0.966
73 0.966
74 0.966
75 0.9640000000000001
76 0.9640000000000001
77 0.96
78 0.96
79 0.96
80 0.958
81 0.9560000000000001
82 0.9540000000000001
83 0.9540000000000001
84 0.9540000000000001
85 0.952
86 0.952
87 0.952
88 0.95
89 0.95
90 0.95
91 0.95
92 0.95
93 0.95
94 0.9480000000000001
95 0.9460000000000001
96 0.942
97 0.9400000000000001
98 0.9400000000000001
99 0.938
100 0.938
101 0.9359999999999999
102 0.9359999999999999
103 0.9359999999999999
104 0.9359999999999999
105 0.9339999999999999
106 0.9339999999999999
107 0.93
108 0.9280000000000002
109 0.9260000000000002
110 0.9260000000000002
111 0.9260000000000002
112 0.9260000000000002
113 0.9260000000000002
114 0.924
115 0.9219999999999999
116 0.9240000000000002
117 0.9240000000000002
118 0.9220000000000003
119 0.9199999999999999
120 0.9199999999999999
121 0.9199999999999999
122 0.9179999999999999
123 0.916
124 0.914
125 0.9100000000000001
126 0.9080000000000001
127 0.9080000000000001
128 0.9059999999999999
129 0.9059999999999999
130 0.9039999999999999
131 0.9019999999999999
132 0.898
133 0.8960000000000001
134 0.8939999999999999
135 0.8939999999999999
136 0.898
137 0.898
138 0.8960000000000001
139 0.8960000000000001
140 0.898
141 0.898
142 0.898
143 0.898
144 0.8960000000000001
145 0.8960000000000001
146 0.8920000000000001
147 0.8920000000000001
148 0.8920000000000001
149 0.8920000000000001
150 0.8920000000000001
151 0.8900000000000002
152 0.8900000000000002
153 0.8879999999999999
154 0.8879999999999999
155 0.8879999999999999
156 0.8879999999999999
157 0.8879999999999999
158 0.8859999999999999
159 0.884
160 0.884
161 0.8859999999999999
162 0.8859999999999999
163 0.884
164 0.882
165 0.8800000000000001
166 0.8800000000000001
167 0.8780000000000001
168 0.8780000000000001
169 0.8760000000000001
170 0.874
171 0.8720000000000001
172 0.8700000000000001
173 0.868
174 0.868
175 0.868
176 0.8640000000000001
177 0.8600000000000001
178 0.8600000000000001
179 0.86
180 0.86
181 0.86
182 0.858
183 0.858
184 0.8560000000000001
185 0.8560000000000001
186 0.8560000000000001
187 0.86
188 0.858
189 0.8560000000000001
190 0.85
191 0.85
192 0.85
193 0.85
194 0.85
195 0.85
196 0.8460000000000001
197 0.8460000000000001
198 0.8460000000000001
199 0.8440000000000001
200 0.8400000000000001
201 0.8380000000000001
202 0.8380000000000001
203 0.8400000000000001
204 0.8400000000000001
205 0.8400000000000001
206 0.8440000000000001
207 0.85
208 0.8560000000000001
209 0.858
210 0.8560000000000001
211 0.8580000000000002
212 0.8540000000000001
213 0.8520000000000001
214 0.8520000000000001
215 0.8500000000000002
216 0.8440000000000001
217 0.8440000000000001
218 0.8420000000000002
219 0.8400000000000001
220 0.834
221 0.8280000000000001
222 0.8280000000000001
223 0.8240000000000002
224 0.8220000000000001
225 0.8200000000000001
226 0.8200000000000001
227 0.8200000000000001
228 0.8220000000000001
229 0.8240000000000001
230 0.8220000000000001
231 0.8280000000000001
232 0.8300000000000001
233 0.8300000000000001
234 0.8320000000000002
235 0.8340000000000002
236 0.8340000000000002
237 0.8340000000000002
238 0.8320000000000001
239 0.8320000000000001
240 0.8320000000000001
241 0.8320000000000001
242 0.8299999999999998
243 0.828
244 0.8240000000000001
245 0.8159999999999998
246 0.8159999999999998
247 0.8160000000000001
248 0.8119999999999999
249 0.8119999999999999
250 0.8099999999999999
251 0.808
252 0.808
253 0.8099999999999999
254 0.8119999999999999
255 0.818
256 0.8200000000000001
257 0.8160000000000002
258 0.8140000000000001
259 0.812
260 0.8139999999999998
261 0.8139999999999998
262 0.8139999999999998
263 0.808
264 0.808
265 0.808
266 0.8039999999999999
267 0.8039999999999999
268 0.8019999999999999
269 0.8019999999999999
270 0.8
271 0.798
272 0.798
273 0.798
274 0.7939999999999999
275 0.7940000000000002
276 0.796
277 0.8
278 0.806
279 0.808
280 0.8160000000000001
281 0.8220000000000001
282 0.826
283 0.8280000000000001
284 0.8220000000000001
285 0.826
286 0.8220000000000001
287 0.8220000000000001
288 0.82
289 0.82
290 0.818
291 0.8119999999999999
292 0.8099999999999999
293 0.8099999999999999
294 0.808
295 0.806
296 0.806
297 0.804
298 0.7979999999999999
299 0.7979999999999999
300 0.796
301 0.7979999999999999
302 0.7999999999999999
303 0.7999999999999999
304 0.806
305 0.806
306 0.808
307 0.8140000000000001
308 0.8140000000000001
309 0.8160000000000001
310 0.8140000000000001
311 0.8119999999999999
312 0.8119999999999999
313 0.8039999999999999
314 0.8039999999999999
315 0.8019999999999999
316 0.7940000000000002
317 0.7940000000000002
318 0.792
319 0.79
320 0.79
321 0.792
322 0.796
323 0.796
324 0.7959999999999999
325 0.7939999999999999
326 0.796
327 0.796
328 0.796
329 0.794
330 0.794
331 0.79
332 0.79
333 0.79
334 0.7859999999999999
335 0.784
336 0.784
337 0.7819999999999999
338 0.7779999999999998
339 0.7739999999999999
340 0.7739999999999999
341 0.7699999999999999
342 0.7739999999999999
343 0.7699999999999999
344 0.772
345 0.772
346 0.774
347 0.776
348 0.776
349 0.784
350 0.788
351 0.788
352 0.792
353 0.8
354 0.8019999999999999
355 0.8019999999999999
356 0.804
357 0.804
358 0.8020000000000002
359 0.8000000000000002
360 0.8000000000000002
361 0.8000000000000002
362 0.798
363 0.796
364 0.792
365 0.792
366 0.7900000000000001
367 0.788
368 0.784
369 0.78
370 0.78
371 0.7780000000000001
372 0.78
373 0.782
374 0.788
375 0.7859999999999999
376 0.7979999999999999
377 0.8
378 0.8019999999999999
379 0.804
380 0.8020000000000002
381 0.8020000000000002
382 0.798
383 0.794
384 0.794
385 0.7900000000000001
386 0.7860000000000001
387 0.784
388 0.78
389 0.778
390 0.774
391 0.772
392 0.7739999999999999
393 0.7699999999999999
394 0.7699999999999999
395 0.768
396 0.768
397 0.774
398 0.7739999999999999
399 0.776
400 0.784
401 0.782
402 0.782
403 0.78
404 0.782
405 0.784
406 0.7779999999999999
407 0.7779999999999999
408 0.7779999999999999
409 0.776
410 0.772
411 0.7699999999999999
412 0.7699999999999999
413 0.768
414 0.768
415 0.77
416 0.77
417 0.772
418 0.766
419 0.768
420 0.768
421 0.7700000000000001
422 0.7740000000000001
423 0.778
424 0.7819999999999999
425 0.78
426 0.7859999999999999
427 0.7879999999999999
428 0.7859999999999999
429 0.7899999999999998
430 0.7899999999999998
431 0.7879999999999999
432 0.7859999999999999
433 0.784
434 0.784
435 0.778
436 0.776
437 0.776
438 0.776
439 0.776
440 0.772
441 0.77
442 0.77
443 0.772
444 0.772
445 0.7760000000000001
446 0.784
447 0.7899999999999999
448 0.788
449 0.79
450 0.796
451 0.8
452 0.7979999999999999
453 0.796
454 0.796
455 0.794
456 0.792
457 0.79
458 0.786
459 0.786
460 0.784
461 0.784
462 0.784
463 0.782
464 0.778
465 0.772
466 0.77
467 0.7739999999999999
468 0.774
469 0.78
470 0.778
471 0.788
472 0.7879999999999999
473 0.7879999999999999
474 0.7899999999999999
475 0.788
476 0.788
477 0.782
478 0.782
479 0.774
480 0.772
481 0.7699999999999999
482 0.768
483 0.766
484 0.762
485 0.762
486 0.76
487 0.7539999999999999
488 0.75
489 0.748
490 0.7499999999999999
491 0.7559999999999999
492 0.76
493 0.764
494 0.766
495 0.7779999999999999
496 0.7839999999999999
497 0.7859999999999999
498 0.788
499 0.788
500 0.78
501 0.78
502 0.78
503 0.778
504 0.776
505 0.772
506 0.772
507 0.77
508 0.76
509 0.754
510 0.752
511 0.7500000000000001
512 0.7480000000000001
513 0.7460000000000001
514 0.7460000000000001
515 0.746
516 0.744
517 0.748
518 0.752
519 0.754
520 0.754
521 0.758
522 0.76
523 0.762
524 0.762
525 0.762
526 0.764
527 0.7680000000000001
528 0.7660000000000001
529 0.764
530 0.764
531 0.762
532 0.758
533 0.758
534 0.752
535 0.7539999999999999
536 0.748
537 0.744
538 0.742
539 0.736
540 0.742
541 0.742
542 0.744
543 0.7459999999999999
544 0.748
545 0.756
546 0.7619999999999999
547 0.762
548 0.7619999999999999
549 0.7619999999999999
550 0.756
551 0.752
552 0.752
553 0.75
554 0.75
555 0.744
556 0.74
557 0.738
558 0.736
559 0.734
560 0.732
561 0.7340000000000001
562 0.732
563 0.73
564 0.73
565 0.732
566 0.732
567 0.732
568 0.7379999999999999
569 0.7419999999999999
570 0.744
571 0.7519999999999999
572 0.752
573 0.748
574 0.748
575 0.742
576 0.732
577 0.732
578 0.732
579 0.732
580 0.732
581 0.73
582 0.73
583 0.728
584 0.726
585 0.72
586 0.722
587 0.728
588 0.7300000000000001
589 0.736
590 0.736
591 0.74
592 0.7460000000000001
593 0.748
594 0.76
595 0.76
596 0.7620000000000001
597 0.7620000000000001
598 0.7560000000000001
599 0.752
600 0.752
601 0.75
602 0.748
603 0.742
604 0.738
605 0.736
606 0.74
607 0.74
608 0.7380000000000001
609 0.742
610 0.74
611 0.7440000000000001
612 0.744
613 0.746
614 0.754
615 0.7539999999999999
616 0.756
617 0.76
618 0.758
619 0.762
620 0.76
621 0.762
622 0.762
623 0.76
624 0.76
625 0.76
626 0.7579999999999999
627 0.7579999999999999
628 0.756
629 0.756
630 0.754
631 0.756
632 0.756
633 0.758
634 0.754
635 0.756
636 0.768
637 0.766
638 0.7680000000000001
639 0.778
640 0.782
641 0.786
642 0.792
643 0.794
644 0.7980000000000002
645 0.794
646 0.79
647 0.786
648 0.784
649 0.784
650 0.784
651 0.784
652 0.784
653 0.78
654 0.776
655 0.776
656 0.778
657 0.776
658 0.78
659 0.782
660 0.782
661 0.792
662 0.798
663 0.7979999999999999
664 0.804
665 0.8019999999999999
666 0.8039999999999999
667 0.8059999999999998
668 0.8019999999999999
669 0.8019999999999999
670 0.8019999999999999
671 0.7940000000000002
672 0.7940000000000002
673 0.7900000000000001
674 0.7900000000000001
675 0.784
676 0.7780000000000001
677 0.774
678 0.7660000000000001
679 0.7640000000000001
680 0.7640000000000001
681 0.7640000000000001
682 0.7640000000000001
683 0.7660000000000001
684 0.7660000000000001
685 0.7700000000000001
686 0.772
687 0.776
688 0.7779999999999999
689 0.7779999999999999
690 0.78
691 0.7819999999999999
692 0.7819999999999999
693 0.7859999999999999
694 0.788
695 0.786
696 0.786
697 0.78
698 0.776
699 0.772
700 0.7700000000000001
701 0.7660000000000001
702 0.7620000000000001
703 0.7580000000000001
704 0.754
705 0.748
706 0.742
707 0.74
708 0.744
709 0.746
710 0.7540000000000001
711 0.756
712 0.7579999999999999
713 0.76
714 0.76
715 0.758
716 0.758
717 0.758
718 0.7539999999999999
719 0.7579999999999999
720 0.7579999999999999
721 0.756
722 0.756
723 0.752
724 0.752
725 0.748
726 0.748
727 0.748
728 0.7420000000000001
729 0.7420000000000001
730 0.7420000000000001
731 0.7420000000000001
732 0.75
733 0.75
734 0.756
735 0.7619999999999999
736 0.764
737 0.766
738 0.768
739 0.7699999999999999
740 0.772
741 0.7659999999999999
742 0.7639999999999999
743 0.7619999999999999
744 0.76
745 0.7579999999999999
746 0.752
747 0.7459999999999999
748 0.744
749 0.7419999999999999
750 0.744
751 0.738
752 0.738
753 0.734
754 0.7339999999999999
755 0.736
756 0.736
757 0.74
758 0.746
759 0.752
760 0.752
761 0.756
762 0.76
763 0.76
764 0.764
765 0.764
766 0.764
767 0.764
768 0.762
769 0.762
770 0.76
771 0.758
772 0.752
773 0.746
774 0.74
775 0.738
776 0.736
777 0.73
778 0.73
779 0.7340000000000001
780 0.736
781 0.746
782 0.748
783 0.75
784 0.75
785 0.758
786 0.764
787 0.766
788 0.762
789 0.762
790 0.76
791 0.76
792 0.76
793 0.758
794 0.758
795 0.756
796 0.75
797 0.742
798 0.742
799 0.734
800 0.73
801 0.73
802 0.7220000000000001
803 0.72
804 0.7320000000000001
805 0.738
806 0.74
807 0.7419999999999999
808 0.744
809 0.742
810 0.752
811 0.756
812 0.758
813 0.756
814 0.756
815 0.752
816 0.75
817 0.744
818 0.744
819 0.742
820 0.742
821 0.74
822 0.736
823 0.728
824 0.722
825 0.72
826 0.72
827 0.72
828 0.726
829 0.732
830 0.728
831 0.7260000000000001
832 0.7260000000000001
833 0.738
834 0.742
835 0.738
836 0.736
837 0.736
838 0.738
839 0.736
840 0.7340000000000001
841 0.7340000000000001
842 0.7300000000000001
843 0.7300000000000001
844 0.7300000000000001
845 0.7300000000000001
846 0.7220000000000001
847 0.7220000000000001
848 0.712
849 0.712
850 0.7140000000000001
851 0.7140000000000001
852 0.7160000000000001
853 0.7200000000000001
854 0.724
855 0.7220000000000001
856 0.73
857 0.732
858 0.738
859 0.74
860 0.738
861 0.74
862 0.7380000000000001
863 0.7360000000000001
864 0.7340000000000001
865 0.728
866 0.728
867 0.724
868 0.722
869 0.7099999999999999
870 0.712
871 0.712
872 0.71
873 0.706
874 0.7
875 0.7020000000000001
876 0.704
877 0.7100000000000001
878 0.712
879 0.716
880 0.7240000000000001
881 0.7220000000000001
882 0.726
883 0.724
884 0.73
885 0.73
886 0.73
887 0.7260000000000001
888 0.7200000000000001
889 0.7180000000000001
890 0.7160000000000001
891 0.7100000000000001
892 0.7100000000000001
893 0.708
894 0.7060000000000001
895 0.702
896 0.7
897 0.7020000000000001
898 0.7
899 0.7
900 0.712
901 0.7220000000000001
902 0.73
903 0.736
904 0.7380000000000001
905 0.7460000000000001
906 0.7500000000000001
907 0.75
908 0.752
909 0.742
910 0.738
911 0.736
912 0.732
913 0.73
914 0.728
915 0.7260000000000001
916 0.7260000000000001
917 0.722
918 0.72
919 0.72
920 0.7140000000000001
921 0.7120000000000001
922 0.712
923 0.716
924 0.714
925 0.716
926 0.72
927 0.72
928 0.724
929 0.73
930 0.728
931 0.728
932 0.732
933 0.73
934 0.732
935 0.73
936 0.73
937 0.73
938 0.73
939 0.728
940 0.724
941 0.72
942 0.72
943 0.714
944 0.712
945 0.714
946 0.714
947 0.716
948 0.716
949 0.714
950 0.724
951 0.728
952 0.736
953 0.738
954 0.742
955 0.738
956 0.7340000000000001
957 0.7340000000000001
958 0.7340000000000001
959 0.732
960 0.732
961 0.732
962 0.7300000000000001
963 0.724
964 0.724
965 0.7220000000000001
966 0.72
967 0.718
968 0.718
969 0.716
970 0.7140000000000001
971 0.706
972 0.712
973 0.716
974 0.7180000000000002
975 0.7260000000000001
976 0.726
977 0.732
978 0.7339999999999999
979 0.7300000000000001
980 0.7340000000000001
981 0.736
982 0.734
983 0.734
984 0.732
985 0.732
986 0.728
987 0.728
988 0.726
989 0.72
990 0.72
991 0.722
992 0.7180000000000001
993 0.7180000000000001
994 0.718
995 0.71
996 0.708
997 0.72
998 0.724
999 0.728
