1 1.0
2 1.0
3 1.0
4 1.0
5 1.0
6 1.0
7 1.0
8 1.0
9 1.0
10 1.0
11 1.0
12 1.0
13 1.0
14 1.0
15 1.0
16 1.0
17 1.0
18 1.0
19 1.0
20 0.998
21 0.998
22 0.998
23 0.998
24 0.998
25 0.998
26 0.9960000000000001
27 0.9960000000000001
28 0.9960000000000001
29 0.9940000000000001
30 0.99
31 0.99
32 0.99
33 0.99
34 0.9880000000000001
35 0.9880000000000001
36 0.9880000000000001
37 0.984
38 0.984
39 0.984
40 0.982
41 0.982
42 0.9800000000000001
43 0.9800000000000001
44 0.9780000000000001
45 0.9780000000000001
46 0.9780000000000001
47 0.976
48 0.974
49 0.9719999999999999
50 0.9719999999999999
51 0.9719999999999999
52 0.9719999999999999
53 0.9719999999999999
54 0.9719999999999999
55 0.968
56 0.968
57 0.968
58 0.968
59 0.966
60 0.9620000000000001
61 0.9620000000000001
62 0.958
63 0.9559999999999998
64 0.954
65 0.952
66 0.952
67 0.952
68 0.95
69 0.95
70 0.9460000000000001
71 0.9440000000000002
72 0.9440000000000002
73 0.942
74 0.9400000000000001
75 0.9359999999999999
76 0.932
77 0.932
78 0.932
79 0.9179999999999999
80 0.9100000000000001
81 0.9100000000000001
82 0.9100000000000001
83 0.9080000000000001
84 0.9059999999999999
85 0.9039999999999999
86 0.9039999999999999
87 0.9019999999999999
88 0.8999999999999998
89 0.8999999999999998
90 0.8999999999999998
91 0.8959999999999999
92 0.8959999999999999
93 0.8939999999999999
94 0.8939999999999999
95 0.8919999999999998
96 0.8919999999999998
97 0.8919999999999998
98 0.8919999999999998
99 0.8899999999999999
100 0.8899999999999999
101 0.8899999999999999
102 0.8879999999999999
103 0.8879999999999999
104 0.8859999999999999
105 0.8859999999999999
106 0.8859999999999999
107 0.884
108 0.884
109 0.884
110 0.884
111 0.8859999999999999
112 0.884
113 0.884
114 0.882
115 0.882
116 0.882
117 0.876
118 0.876
119 0.876
120 0.8779999999999999
121 0.876
122 0.874
123 0.874
124 0.874
125 0.8720000000000001
126 0.8720000000000001
127 0.8720000000000001
128 0.8720000000000001
129 0.8700000000000001
130 0.866
131 0.8640000000000001
132 0.8640000000000001
133 0.8640000000000001
134 0.8640000000000001
135 0.8640000000000001
136 0.866
137 0.8640000000000001
138 0.8640000000000001
139 0.866
140 0.868
141 0.8699999999999999
142 0.8699999999999999
143 0.8699999999999999
144 0.866
145 0.866
146 0.8619999999999999
147 0.8619999999999999
148 0.858
149 0.858
150 0.8559999999999999
151 0.8559999999999999
152 0.8559999999999999
153 0.8559999999999999
154 0.8539999999999999
155 0.8499999999999999
156 0.8479999999999999
157 0.8499999999999999
158 0.8499999999999999
159 0.8560000000000001
160 0.858
161 0.8560000000000001
162 0.8560000000000001
163 0.8539999999999999
164 0.852
165 0.852
166 0.8499999999999999
167 0.8459999999999999
168 0.844
169 0.844
170 0.844
171 0.844
172 0.842
173 0.8400000000000001
174 0.8380000000000001
175 0.834
176 0.834
177 0.834
178 0.834
179 0.836
180 0.8320000000000001
181 0.8379999999999999
182 0.8380000000000001
183 0.836
184 0.8379999999999999
185 0.8379999999999999
186 0.836
187 0.8320000000000001
188 0.8320000000000001
189 0.8280000000000001
190 0.8260000000000002
191 0.8220000000000001
192 0.8220000000000001
193 0.8200000000000001
194 0.818
195 0.818
196 0.818
197 0.8160000000000001
198 0.8160000000000001
199 0.8160000000000001
200 0.818
201 0.818
202 0.8140000000000001
203 0.8160000000000001
204 0.8200000000000001
205 0.8220000000000001
206 0.8300000000000001
207 0.8380000000000001
208 0.8380000000000001
209 0.842
210 0.842
211 0.8379999999999999
212 0.8379999999999999
213 0.836
214 0.836
215 0.836
216 0.834
217 0.8300000000000001
218 0.828
219 0.8240000000000001
220 0.8240000000000001
221 0.8240000000000001
222 0.8240000000000001
223 0.8220000000000001
224 0.82
225 0.812
226 0.8119999999999999
227 0.818
228 0.8200000000000001
229 0.8240000000000001
230 0.8280000000000001
231 0.826
232 0.8299999999999998
233 0.8299999999999998
234 0.834
235 0.836
236 0.834
237 0.836
238 0.834
239 0.8320000000000001
240 0.828
241 0.826
242 0.826
243 0.826
244 0.818
245 0.8119999999999999
246 0.806
247 0.804
248 0.7999999999999998
249 0.7999999999999998
250 0.7999999999999998
251 0.7999999999999998
252 0.7959999999999999
253 0.7959999999999999
254 0.7959999999999999
255 0.798
256 0.8
257 0.8
258 0.8019999999999999
259 0.806
260 0.808
261 0.806
262 0.8039999999999999
263 0.8
264 0.8
265 0.798
266 0.796
267 0.796
268 0.796
269 0.796
270 0.792
271 0.79
272 0.79
273 0.788
274 0.788
275 0.792
276 0.798
277 0.798
278 0.798
279 0.798
280 0.8019999999999999
281 0.8039999999999999
282 0.806
283 0.806
284 0.808
285 0.8039999999999999
286 0.8039999999999999
287 0.8019999999999999
288 0.8019999999999999
289 0.8019999999999999
290 0.8
291 0.79
292 0.79
293 0.7859999999999999
294 0.7859999999999999
295 0.788
296 0.788
297 0.7860000000000001
298 0.784
299 0.784
300 0.788
301 0.792
302 0.79
303 0.796
304 0.7979999999999999
305 0.7979999999999999
306 0.806
307 0.806
308 0.7979999999999999
309 0.796
310 0.796
311 0.7939999999999999
312 0.7899999999999999
313 0.7899999999999999
314 0.788
315 0.786
316 0.786
317 0.784
318 0.784
319 0.7819999999999998
320 0.7819999999999999
321 0.7819999999999999
322 0.78
323 0.7779999999999999
324 0.7799999999999999
325 0.7859999999999999
326 0.788
327 0.79
328 0.798
329 0.8039999999999999
330 0.8039999999999999
331 0.806
332 0.8039999999999999
333 0.804
334 0.8019999999999999
335 0.804
336 0.7979999999999999
337 0.796
338 0.7939999999999999
339 0.79
340 0.784
341 0.78
342 0.78
343 0.778
344 0.774
345 0.774
346 0.7779999999999999
347 0.7779999999999999
348 0.776
349 0.78
350 0.78
351 0.78
352 0.788
353 0.8
354 0.7999999999999999
355 0.8019999999999999
356 0.8019999999999999
357 0.8039999999999999
358 0.8
359 0.8
360 0.796
361 0.7899999999999999
362 0.7899999999999999
363 0.788
364 0.786
365 0.782
366 0.782
367 0.782
368 0.78
369 0.78
370 0.78
371 0.78
372 0.782
373 0.784
374 0.79
375 0.79
376 0.792
377 0.8
378 0.8039999999999999
379 0.804
380 0.804
381 0.8019999999999999
382 0.796
383 0.7999999999999999
384 0.7979999999999999
385 0.7979999999999999
386 0.796
387 0.796
388 0.794
389 0.7860000000000001
390 0.7820000000000001
391 0.7780000000000001
392 0.7760000000000001
393 0.774
394 0.772
395 0.772
396 0.776
397 0.78
398 0.78
399 0.7820000000000001
400 0.784
401 0.784
402 0.7900000000000001
403 0.7900000000000001
404 0.7900000000000001
405 0.788
406 0.786
407 0.782
408 0.782
409 0.78
410 0.78
411 0.7779999999999999
412 0.776
413 0.768
414 0.764
415 0.764
416 0.762
417 0.762
418 0.762
419 0.762
420 0.766
421 0.772
422 0.774
423 0.784
424 0.79
425 0.79
426 0.792
427 0.7859999999999999
428 0.7860000000000001
429 0.7860000000000001
430 0.782
431 0.782
432 0.7779999999999999
433 0.7779999999999999
434 0.776
435 0.772
436 0.768
437 0.762
438 0.762
439 0.762
440 0.76
441 0.758
442 0.758
443 0.756
444 0.756
445 0.756
446 0.756
447 0.7620000000000001
448 0.766
449 0.772
450 0.776
451 0.778
452 0.778
453 0.7779999999999999
454 0.7779999999999999
455 0.776
456 0.7719999999999999
457 0.768
458 0.768
459 0.764
460 0.7600000000000001
461 0.7580000000000001
462 0.758
463 0.756
464 0.7520000000000001
465 0.75
466 0.75
467 0.748
468 0.75
469 0.752
470 0.754
471 0.7540000000000001
472 0.752
473 0.754
474 0.764
475 0.762
476 0.76
477 0.756
478 0.756
479 0.754
480 0.754
481 0.754
482 0.752
483 0.752
484 0.752
485 0.744
486 0.744
487 0.74
488 0.736
489 0.7339999999999999
490 0.736
491 0.74
492 0.744
493 0.746
494 0.7560000000000001
495 0.7580000000000001
496 0.7620000000000002
497 0.768
498 0.768
499 0.768
500 0.766
501 0.764
502 0.7579999999999999
503 0.756
504 0.7559999999999999
505 0.7559999999999999
506 0.7559999999999999
507 0.7539999999999998
508 0.7539999999999998
509 0.7499999999999999
510 0.748
511 0.748
512 0.742
513 0.734
514 0.732
515 0.7340000000000001
516 0.732
517 0.74
518 0.746
519 0.744
520 0.7580000000000001
521 0.7580000000000001
522 0.7540000000000001
523 0.756
524 0.756
525 0.756
526 0.754
527 0.752
528 0.748
529 0.748
530 0.746
531 0.7419999999999999
532 0.738
533 0.738
534 0.736
535 0.7260000000000001
536 0.728
537 0.726
538 0.726
539 0.728
540 0.7300000000000001
541 0.7260000000000001
542 0.732
543 0.7360000000000001
544 0.7360000000000001
545 0.742
546 0.738
547 0.74
548 0.736
549 0.732
550 0.728
551 0.726
552 0.722
553 0.722
554 0.72
555 0.72
556 0.716
557 0.7140000000000001
558 0.7120000000000001
559 0.7100000000000001
560 0.7060000000000001
561 0.7060000000000001
562 0.706
563 0.708
564 0.712
565 0.714
566 0.714
567 0.7220000000000001
568 0.7260000000000002
569 0.7340000000000001
570 0.7360000000000001
571 0.74
572 0.742
573 0.742
574 0.738
575 0.732
576 0.7300000000000001
577 0.732
578 0.7280000000000001
579 0.7280000000000001
580 0.7260000000000002
581 0.7260000000000002
582 0.7240000000000001
583 0.7220000000000002
584 0.7200000000000001
585 0.716
586 0.7180000000000001
587 0.716
588 0.716
589 0.726
590 0.732
591 0.738
592 0.748
593 0.7520000000000001
594 0.7500000000000001
595 0.752
596 0.752
597 0.75
598 0.7460000000000001
599 0.744
600 0.7380000000000001
601 0.7340000000000001
602 0.7300000000000001
603 0.72
604 0.72
605 0.72
606 0.7220000000000001
607 0.72
608 0.7200000000000001
609 0.724
610 0.7200000000000001
611 0.724
612 0.732
613 0.7380000000000001
614 0.736
615 0.742
616 0.744
617 0.752
618 0.752
619 0.756
620 0.758
621 0.7619999999999999
622 0.7540000000000001
623 0.7540000000000001
624 0.7520000000000001
625 0.7520000000000001
626 0.7460000000000001
627 0.744
628 0.744
629 0.74
630 0.7360000000000001
631 0.7340000000000001
632 0.7340000000000001
633 0.732
634 0.736
635 0.7379999999999999
636 0.74
637 0.7420000000000001
638 0.746
639 0.754
640 0.748
641 0.752
642 0.756
643 0.762
644 0.76
645 0.756
646 0.756
647 0.752
648 0.75
649 0.748
650 0.746
651 0.746
652 0.746
653 0.746
654 0.746
655 0.742
656 0.744
657 0.742
658 0.744
659 0.744
660 0.742
661 0.75
662 0.754
663 0.758
664 0.762
665 0.76
666 0.76
667 0.764
668 0.764
669 0.764
670 0.762
671 0.76
672 0.7579999999999999
673 0.7539999999999999
674 0.748
675 0.746
676 0.742
677 0.74
678 0.734
679 0.732
680 0.732
681 0.732
682 0.732
683 0.732
684 0.732
685 0.736
686 0.74
687 0.7420000000000001
688 0.75
689 0.756
690 0.754
691 0.758
692 0.76
693 0.7520000000000001
694 0.748
695 0.7440000000000001
696 0.74
697 0.7340000000000001
698 0.7340000000000001
699 0.7340000000000001
700 0.728
701 0.728
702 0.728
703 0.728
704 0.732
705 0.732
706 0.7300000000000001
707 0.728
708 0.7299999999999999
709 0.728
710 0.726
711 0.742
712 0.74
713 0.7440000000000001
714 0.748
715 0.748
716 0.748
717 0.748
718 0.746
719 0.742
720 0.736
721 0.736
722 0.734
723 0.728
724 0.728
725 0.728
726 0.7260000000000001
727 0.7260000000000001
728 0.7260000000000001
729 0.7240000000000001
730 0.724
731 0.726
732 0.732
733 0.738
734 0.742
735 0.752
736 0.7619999999999999
737 0.764
738 0.7579999999999999
739 0.76
740 0.762
741 0.754
742 0.754
743 0.748
744 0.742
745 0.74
746 0.74
747 0.74
748 0.73
749 0.726
750 0.726
751 0.726
752 0.722
753 0.7180000000000001
754 0.716
755 0.716
756 0.714
757 0.716
758 0.72
759 0.72
760 0.722
761 0.728
762 0.732
763 0.734
764 0.728
765 0.726
766 0.724
767 0.722
768 0.718
769 0.714
770 0.714
771 0.7100000000000001
772 0.7080000000000001
773 0.7060000000000002
774 0.7060000000000002
775 0.7020000000000002
776 0.6980000000000002
777 0.6980000000000002
778 0.6980000000000002
779 0.6980000000000002
780 0.6980000000000002
781 0.7020000000000002
782 0.706
783 0.722
784 0.728
785 0.728
786 0.734
787 0.736
788 0.732
789 0.734
790 0.7300000000000001
791 0.732
792 0.728
793 0.7300000000000001
794 0.7300000000000001
795 0.7280000000000001
796 0.7220000000000001
797 0.7220000000000001
798 0.724
799 0.724
800 0.7220000000000001
801 0.7220000000000001
802 0.7240000000000001
803 0.7240000000000002
804 0.7280000000000001
805 0.732
806 0.7360000000000001
807 0.744
808 0.748
809 0.7500000000000001
810 0.758
811 0.7580000000000001
812 0.756
813 0.748
814 0.752
815 0.752
816 0.75
817 0.746
818 0.746
819 0.746
820 0.742
821 0.742
822 0.742
823 0.74
824 0.736
825 0.738
826 0.74
827 0.736
828 0.7460000000000001
829 0.7460000000000001
830 0.7460000000000001
831 0.75
832 0.748
833 0.75
834 0.748
835 0.752
836 0.7520000000000001
837 0.7540000000000001
838 0.7580000000000001
839 0.756
840 0.7520000000000001
841 0.748
842 0.7420000000000001
843 0.7380000000000001
844 0.736
845 0.732
846 0.7300000000000001
847 0.726
848 0.726
849 0.724
850 0.732
851 0.73
852 0.728
853 0.734
854 0.7360000000000001
855 0.748
856 0.7540000000000001
857 0.758
858 0.764
859 0.77
860 0.766
861 0.76
862 0.76
863 0.76
864 0.754
865 0.75
866 0.74
867 0.736
868 0.736
869 0.7280000000000001
870 0.7220000000000001
871 0.7160000000000001
872 0.7060000000000001
873 0.7020000000000001
874 0.6940000000000001
875 0.694
876 0.6980000000000001
877 0.7
878 0.712
879 0.7200000000000001
880 0.7180000000000002
881 0.7160000000000001
882 0.7220000000000001
883 0.718
884 0.718
885 0.7180000000000001
886 0.7140000000000001
887 0.7100000000000001
888 0.7100000000000001
889 0.708
890 0.708
891 0.704
892 0.7020000000000001
893 0.7020000000000001
894 0.7020000000000001
895 0.694
896 0.688
897 0.6859999999999999
898 0.688
899 0.688
900 0.688
901 0.69
902 0.69
903 0.6980000000000001
904 0.7020000000000002
905 0.7080000000000001
906 0.7140000000000001
907 0.7140000000000001
908 0.7160000000000001
909 0.7140000000000001
910 0.7140000000000001
911 0.7120000000000001
912 0.7120000000000001
913 0.708
914 0.7040000000000001
915 0.7040000000000001
916 0.7020000000000002
917 0.7000000000000001
918 0.7000000000000001
919 0.694
920 0.692
921 0.682
922 0.68
923 0.6839999999999999
924 0.686
925 0.692
926 0.692
927 0.6940000000000001
928 0.7
929 0.704
930 0.708
931 0.708
932 0.708
933 0.708
934 0.7060000000000001
935 0.7060000000000001
936 0.7060000000000001
937 0.7060000000000001
938 0.704
939 0.698
940 0.696
941 0.696
942 0.696
943 0.696
944 0.696
945 0.6940000000000001
946 0.6940000000000001
947 0.6980000000000001
948 0.7020000000000001
949 0.708
950 0.716
951 0.724
952 0.732
953 0.7420000000000001
954 0.74
955 0.74
956 0.74
957 0.744
958 0.744
959 0.742
960 0.738
961 0.736
962 0.734
963 0.734
964 0.728
965 0.728
966 0.728
967 0.728
968 0.73
969 0.7300000000000001
970 0.7300000000000001
971 0.7360000000000001
972 0.742
973 0.748
974 0.744
975 0.7520000000000001
976 0.752
977 0.752
978 0.756
979 0.754
980 0.754
981 0.752
982 0.746
983 0.74
984 0.736
985 0.732
986 0.728
987 0.7220000000000001
988 0.7220000000000001
989 0.7180000000000001
990 0.716
991 0.7140000000000001
992 0.7060000000000001
993 0.7020000000000001
994 0.7020000000000001
995 0.7
996 0.7040000000000001
997 0.716
998 0.718
999 0.72
