1 1.0
2 1.0
3 1.0
4 1.0
5 1.0
6 1.0
7 1.0
8 1.0
9 0.998
10 0.998
11 0.9960000000000001
12 0.9960000000000001
13 0.9920000000000002
14 0.99
15 0.99
16 0.986
17 0.9800000000000001
18 0.9800000000000001
19 0.9800000000000001
20 0.976
21 0.974
22 0.974
23 0.974
24 0.974
25 0.97
26 0.966
27 0.9640000000000001
28 0.9620000000000001
29 0.9600000000000002
30 0.9579999999999999
31 0.9579999999999999
32 0.9559999999999998
33 0.954
34 0.954
35 0.954
36 0.954
37 0.954
38 0.954
39 0.95
40 0.95
41 0.9480000000000001
42 0.9480000000000001
43 0.9480000000000001
44 0.9480000000000001
45 0.9480000000000001
46 0.9480000000000001
47 0.9460000000000001
48 0.9439999999999997
49 0.9419999999999998
50 0.9419999999999998
51 0.9419999999999998
52 0.9419999999999998
53 0.9399999999999998
54 0.9359999999999999
55 0.9359999999999999
56 0.9339999999999999
57 0.9339999999999999
58 0.9339999999999999
59 0.9339999999999999
60 0.932
61 0.932
62 0.932
63 0.932
64 0.932
65 0.932
66 0.93
67 0.9259999999999999
68 0.9259999999999999
69 0.924
70 0.924
71 0.924
72 0.924
73 0.924
74 0.922
75 0.922
76 0.9200000000000002
77 0.9200000000000002
78 0.9200000000000002
79 0.9200000000000002
80 0.9200000000000002
81 0.9200000000000002
82 0.9200000000000002
83 0.9179999999999999
84 0.9199999999999999
85 0.9179999999999999
86 0.9179999999999999
87 0.9200000000000002
88 0.9200000000000002
89 0.9199999999999999
90 0.9199999999999999
91 0.9139999999999999
92 0.9139999999999999
93 0.9139999999999999
94 0.9139999999999999
95 0.9139999999999999
96 0.9119999999999999
97 0.9099999999999999
98 0.908
99 0.9059999999999999
100 0.9059999999999999
101 0.9059999999999999
102 0.9059999999999999
103 0.9039999999999999
104 0.9039999999999999
105 0.9039999999999999
106 0.9059999999999999
107 0.9079999999999998
108 0.9079999999999998
109 0.9099999999999999
110 0.908
111 0.908
112 0.9099999999999999
113 0.9119999999999999
114 0.908
115 0.9139999999999999
116 0.9139999999999999
117 0.9139999999999999
118 0.9139999999999999
119 0.9099999999999999
120 0.9099999999999999
121 0.908
122 0.908
123 0.906
124 0.906
125 0.906
126 0.906
127 0.906
128 0.9039999999999999
129 0.9
130 0.8940000000000001
131 0.8939999999999999
132 0.892
133 0.892
134 0.8959999999999999
135 0.8960000000000001
136 0.898
137 0.9019999999999999
138 0.9039999999999999
139 0.9039999999999999
140 0.9060000000000002
141 0.9060000000000002
142 0.9040000000000002
143 0.9040000000000002
144 0.9040000000000002
145 0.9019999999999999
146 0.9019999999999999
147 0.9
148 0.9
149 0.9
150 0.8960000000000001
151 0.8960000000000001
152 0.8940000000000001
153 0.8940000000000001
154 0.8940000000000001
155 0.8940000000000001
156 0.892
157 0.8940000000000001
158 0.892
159 0.8879999999999999
160 0.884
161 0.8860000000000001
162 0.8880000000000001
163 0.8880000000000001
164 0.8880000000000001
165 0.884
166 0.884
167 0.884
168 0.882
169 0.882
170 0.882
171 0.882
172 0.882
173 0.8800000000000001
174 0.874
175 0.8720000000000001
176 0.8720000000000001
177 0.8700000000000001
178 0.8680000000000001
179 0.874
180 0.8720000000000001
181 0.874
182 0.874
183 0.8720000000000001
184 0.874
185 0.876
186 0.876
187 0.874
188 0.874
189 0.874
190 0.8720000000000001
191 0.8699999999999999
192 0.866
193 0.8600000000000001
194 0.8580000000000002
195 0.8560000000000001
196 0.8560000000000001
197 0.8560000000000001
198 0.85
199 0.85
200 0.85
201 0.85
202 0.85
203 0.85
204 0.85
205 0.8540000000000001
206 0.858
207 0.86
208 0.86
209 0.86
210 0.8620000000000001
211 0.8640000000000001
212 0.8640000000000001
213 0.8640000000000001
214 0.86
215 0.86
216 0.86
217 0.86
218 0.8560000000000001
219 0.8560000000000001
220 0.8560000000000001
221 0.8540000000000001
222 0.8540000000000001
223 0.8540000000000001
224 0.852
225 0.852
226 0.85
227 0.85
228 0.8540000000000001
229 0.858
230 0.858
231 0.86
232 0.8640000000000001
233 0.86
234 0.8620000000000001
235 0.8640000000000001
236 0.858
237 0.8560000000000001
238 0.8560000000000001
239 0.8560000000000001
240 0.8560000000000001
241 0.8540000000000001
242 0.85
243 0.8460000000000001
244 0.8460000000000001
245 0.8460000000000001
246 0.8440000000000001
247 0.8460000000000001
248 0.8460000000000001
249 0.842
250 0.842
251 0.8440000000000001
252 0.8460000000000001
253 0.8520000000000001
254 0.858
255 0.86
256 0.8620000000000001
257 0.8660000000000002
258 0.8640000000000001
259 0.866
260 0.8640000000000001
261 0.8640000000000001
262 0.8620000000000001
263 0.8620000000000001
264 0.8620000000000001
265 0.858
266 0.858
267 0.8560000000000001
268 0.8540000000000001
269 0.8540000000000001
270 0.852
271 0.852
272 0.852
273 0.85
274 0.85
275 0.852
276 0.8540000000000001
277 0.8560000000000001
278 0.8540000000000001
279 0.8600000000000001
280 0.8619999999999999
281 0.8619999999999999
282 0.866
283 0.866
284 0.8619999999999999
285 0.8619999999999999
286 0.866
287 0.866
288 0.866
289 0.866
290 0.866
291 0.866
292 0.8640000000000001
293 0.8640000000000001
294 0.8640000000000001
295 0.8620000000000001
296 0.8600000000000001
297 0.8600000000000001
298 0.8640000000000001
299 0.8640000000000001
300 0.868
301 0.866
302 0.8699999999999999
303 0.8739999999999999
304 0.8780000000000001
305 0.882
306 0.882
307 0.882
308 0.882
309 0.882
310 0.882
311 0.8800000000000001
312 0.8780000000000001
313 0.8780000000000001
314 0.8720000000000001
315 0.8720000000000001
316 0.866
317 0.8640000000000001
318 0.8640000000000001
319 0.8619999999999999
320 0.8619999999999999
321 0.8619999999999999
322 0.8619999999999999
323 0.858
324 0.858
325 0.858
326 0.8620000000000001
327 0.8640000000000001
328 0.8720000000000001
329 0.8720000000000001
330 0.874
331 0.876
332 0.876
333 0.874
334 0.8699999999999999
335 0.868
336 0.866
337 0.8620000000000001
338 0.86
339 0.858
340 0.858
341 0.858
342 0.858
343 0.858
344 0.858
345 0.858
346 0.858
347 0.858
348 0.8640000000000001
349 0.868
350 0.876
351 0.884
352 0.884
353 0.8880000000000001
354 0.89
355 0.89
356 0.89
357 0.8859999999999999
358 0.8859999999999999
359 0.882
360 0.882
361 0.8800000000000001
362 0.8780000000000001
363 0.8780000000000001
364 0.876
365 0.8720000000000001
366 0.8700000000000001
367 0.8720000000000001
368 0.8720000000000001
369 0.8700000000000001
370 0.8700000000000001
371 0.8700000000000001
372 0.8700000000000001
373 0.8720000000000001
374 0.8720000000000001
375 0.8700000000000001
376 0.874
377 0.8720000000000001
378 0.8700000000000001
379 0.874
380 0.8800000000000001
381 0.8800000000000001
382 0.8800000000000001
383 0.8780000000000001
384 0.874
385 0.8720000000000001
386 0.8699999999999999
387 0.8699999999999999
388 0.8699999999999999
389 0.866
390 0.866
391 0.8640000000000001
392 0.8620000000000001
393 0.8600000000000001
394 0.8640000000000002
395 0.8640000000000002
396 0.8640000000000001
397 0.866
398 0.866
399 0.8680000000000001
400 0.8700000000000001
401 0.8720000000000001
402 0.8700000000000001
403 0.8700000000000001
404 0.868
405 0.866
406 0.8640000000000001
407 0.8600000000000001
408 0.8600000000000001
409 0.8600000000000001
410 0.8560000000000001
411 0.8560000000000001
412 0.8540000000000001
413 0.8540000000000001
414 0.8520000000000001
415 0.8520000000000001
416 0.8520000000000001
417 0.85
418 0.8480000000000001
419 0.8480000000000001
420 0.8480000000000001
421 0.852
422 0.8560000000000001
423 0.8560000000000001
424 0.8580000000000002
425 0.8620000000000001
426 0.8620000000000001
427 0.86
428 0.8619999999999999
429 0.8619999999999999
430 0.8619999999999999
431 0.8619999999999999
432 0.8619999999999999
433 0.858
434 0.8560000000000001
435 0.8560000000000001
436 0.8520000000000001
437 0.8480000000000002
438 0.8480000000000002
439 0.8480000000000002
440 0.8480000000000002
441 0.8460000000000003
442 0.8440000000000001
443 0.8480000000000001
444 0.85
445 0.8540000000000001
446 0.8600000000000001
447 0.868
448 0.876
449 0.882
450 0.882
451 0.8800000000000001
452 0.8800000000000001
453 0.882
454 0.882
455 0.882
456 0.8800000000000001
457 0.874
458 0.874
459 0.874
460 0.8699999999999999
461 0.868
462 0.8600000000000001
463 0.858
464 0.8560000000000001
465 0.8540000000000001
466 0.8540000000000001
467 0.858
468 0.86
469 0.8560000000000001
470 0.858
471 0.86
472 0.8619999999999999
473 0.868
474 0.8720000000000001
475 0.8720000000000001
476 0.874
477 0.8719999999999999
478 0.866
479 0.866
480 0.8619999999999999
481 0.858
482 0.8559999999999999
483 0.852
484 0.85
485 0.85
486 0.85
487 0.85
488 0.85
489 0.85
490 0.8459999999999999
491 0.85
492 0.852
493 0.852
494 0.8540000000000001
495 0.8540000000000001
496 0.8620000000000001
497 0.8620000000000001
498 0.8619999999999999
499 0.8639999999999999
500 0.8619999999999999
501 0.86
502 0.8539999999999999
503 0.852
504 0.842
505 0.836
506 0.836
507 0.836
508 0.836
509 0.836
510 0.836
511 0.836
512 0.8380000000000001
513 0.8380000000000001
514 0.8380000000000001
515 0.8380000000000001
516 0.8400000000000001
517 0.8380000000000001
518 0.8400000000000001
519 0.844
520 0.8460000000000001
521 0.8460000000000001
522 0.8480000000000001
523 0.8480000000000001
524 0.844
525 0.8460000000000001
526 0.8460000000000001
527 0.8460000000000001
528 0.842
529 0.842
530 0.8400000000000001
531 0.8360000000000001
532 0.826
533 0.8240000000000001
534 0.8240000000000001
535 0.8220000000000001
536 0.82
537 0.82
538 0.82
539 0.82
540 0.8240000000000001
541 0.8220000000000001
542 0.8219999999999998
543 0.8219999999999998
544 0.826
545 0.8240000000000001
546 0.828
547 0.826
548 0.8240000000000001
549 0.8220000000000001
550 0.8220000000000001
551 0.8220000000000001
552 0.8220000000000001
553 0.82
554 0.818
555 0.818
556 0.818
557 0.8160000000000001
558 0.8140000000000001
559 0.8140000000000001
560 0.8099999999999999
561 0.8059999999999998
562 0.806
563 0.8039999999999999
564 0.8039999999999999
565 0.806
566 0.808
567 0.8119999999999999
568 0.8160000000000001
569 0.8160000000000001
570 0.8140000000000001
571 0.82
572 0.818
573 0.818
574 0.818
575 0.818
576 0.818
577 0.818
578 0.818
579 0.818
580 0.818
581 0.8119999999999999
582 0.808
583 0.806
584 0.806
585 0.8020000000000002
586 0.8020000000000002
587 0.8020000000000002
588 0.806
589 0.806
590 0.8140000000000001
591 0.8160000000000001
592 0.8200000000000001
593 0.8220000000000001
594 0.82
595 0.818
596 0.8119999999999999
597 0.8099999999999999
598 0.8099999999999999
599 0.808
600 0.808
601 0.806
602 0.804
603 0.8019999999999999
604 0.8
605 0.796
606 0.796
607 0.798
608 0.798
609 0.8
610 0.8039999999999999
611 0.806
612 0.8099999999999999
613 0.8099999999999999
614 0.8160000000000001
615 0.8220000000000001
616 0.8220000000000001
617 0.826
618 0.828
619 0.8299999999999998
620 0.8299999999999998
621 0.8240000000000001
622 0.82
623 0.82
624 0.818
625 0.8160000000000001
626 0.812
627 0.8099999999999999
628 0.808
629 0.808
630 0.806
631 0.8039999999999999
632 0.804
633 0.8019999999999999
634 0.804
635 0.808
636 0.8100000000000002
637 0.8099999999999999
638 0.8099999999999999
639 0.8139999999999998
640 0.8160000000000001
641 0.818
642 0.8160000000000001
643 0.8139999999999998
644 0.8160000000000001
645 0.8160000000000001
646 0.8140000000000001
647 0.812
648 0.812
649 0.812
650 0.808
651 0.808
652 0.806
653 0.804
654 0.806
655 0.806
656 0.804
657 0.804
658 0.804
659 0.808
660 0.808
661 0.818
662 0.8219999999999998
663 0.8300000000000001
664 0.836
665 0.836
666 0.8379999999999999
667 0.8399999999999999
668 0.844
669 0.8459999999999999
670 0.8459999999999999
671 0.844
672 0.842
673 0.842
674 0.8400000000000001
675 0.836
676 0.834
677 0.8320000000000001
678 0.828
679 0.828
680 0.8299999999999998
681 0.8239999999999998
682 0.826
683 0.828
684 0.826
685 0.8299999999999998
686 0.836
687 0.842
688 0.844
689 0.85
690 0.852
691 0.852
692 0.852
693 0.85
694 0.85
695 0.8480000000000001
696 0.842
697 0.8400000000000001
698 0.834
699 0.8320000000000001
700 0.8320000000000001
701 0.8299999999999998
702 0.826
703 0.828
704 0.8239999999999998
705 0.8219999999999998
706 0.82
707 0.82
708 0.8139999999999998
709 0.8200000000000001
710 0.8200000000000001
711 0.826
712 0.8300000000000001
713 0.834
714 0.8380000000000001
715 0.8360000000000001
716 0.836
717 0.836
718 0.834
719 0.834
720 0.8320000000000001
721 0.8320000000000001
722 0.826
723 0.8240000000000001
724 0.8240000000000001
725 0.82
726 0.82
727 0.82
728 0.818
729 0.818
730 0.818
731 0.818
732 0.8219999999999998
733 0.8240000000000001
734 0.828
735 0.8300000000000001
736 0.8360000000000001
737 0.844
738 0.8460000000000001
739 0.8460000000000001
740 0.8460000000000001
741 0.8400000000000001
742 0.8400000000000001
743 0.8400000000000001
744 0.8400000000000001
745 0.8360000000000001
746 0.8360000000000001
747 0.8360000000000001
748 0.8320000000000001
749 0.8320000000000001
750 0.828
751 0.828
752 0.828
753 0.828
754 0.8299999999999998
755 0.8319999999999999
756 0.8299999999999998
757 0.8319999999999999
758 0.8299999999999998
759 0.8299999999999998
760 0.8320000000000001
761 0.8400000000000001
762 0.8460000000000001
763 0.8480000000000001
764 0.85
765 0.85
766 0.8539999999999999
767 0.8539999999999999
768 0.8539999999999999
769 0.8539999999999999
770 0.8539999999999999
771 0.85
772 0.842
773 0.8379999999999999
774 0.8379999999999999
775 0.836
776 0.836
777 0.8320000000000001
778 0.8320000000000001
779 0.828
780 0.828
781 0.828
782 0.8240000000000001
783 0.826
784 0.8340000000000002
785 0.834
786 0.8360000000000001
787 0.8360000000000001
788 0.8380000000000001
789 0.8400000000000001
790 0.8379999999999999
791 0.8379999999999999
792 0.836
793 0.834
794 0.834
795 0.834
796 0.8319999999999999
797 0.8299999999999998
798 0.828
799 0.826
800 0.8240000000000001
801 0.8240000000000001
802 0.8240000000000001
803 0.8240000000000001
804 0.8240000000000001
805 0.826
806 0.828
807 0.828
808 0.8360000000000001
809 0.8360000000000001
810 0.8380000000000001
811 0.8380000000000001
812 0.836
813 0.836
814 0.836
815 0.834
816 0.8320000000000001
817 0.8320000000000001
818 0.8320000000000001
819 0.8320000000000001
820 0.8300000000000001
821 0.826
822 0.8240000000000001
823 0.82
824 0.82
825 0.818
826 0.8200000000000001
827 0.8220000000000001
828 0.82
829 0.8220000000000001
830 0.8260000000000002
831 0.8240000000000001
832 0.8219999999999998
833 0.828
834 0.826
835 0.8320000000000001
836 0.8299999999999998
837 0.8320000000000001
838 0.8320000000000001
839 0.8280000000000001
840 0.8200000000000001
841 0.8119999999999999
842 0.8119999999999999
843 0.8099999999999999
844 0.808
845 0.808
846 0.8100000000000002
847 0.8100000000000002
848 0.8100000000000002
849 0.8099999999999999
850 0.806
851 0.806
852 0.806
853 0.8099999999999999
854 0.8200000000000001
855 0.8220000000000001
856 0.8240000000000001
857 0.8240000000000001
858 0.8280000000000001
859 0.8300000000000001
860 0.8280000000000001
861 0.8240000000000001
862 0.8240000000000001
863 0.8200000000000001
864 0.8140000000000001
865 0.8140000000000001
866 0.8140000000000001
867 0.8140000000000001
868 0.8140000000000001
869 0.8100000000000002
870 0.808
871 0.8099999999999999
872 0.8099999999999999
873 0.8099999999999999
874 0.8039999999999999
875 0.8
876 0.806
877 0.808
878 0.818
879 0.818
880 0.8220000000000001
881 0.8220000000000001
882 0.8220000000000001
883 0.8260000000000002
884 0.8240000000000001
885 0.8240000000000001
886 0.8200000000000001
887 0.8200000000000001
888 0.8200000000000001
889 0.8200000000000001
890 0.818
891 0.818
892 0.8140000000000001
893 0.806
894 0.806
895 0.8019999999999999
896 0.8039999999999999
897 0.8
898 0.786
899 0.788
900 0.79
901 0.798
902 0.8019999999999999
903 0.8059999999999998
904 0.808
905 0.8099999999999999
906 0.8119999999999999
907 0.8099999999999999
908 0.808
909 0.808
910 0.808
911 0.808
912 0.808
913 0.808
914 0.8059999999999998
915 0.8059999999999998
916 0.8039999999999999
917 0.8
918 0.8
919 0.8
920 0.8
921 0.8
922 0.798
923 0.8019999999999999
924 0.8039999999999999
925 0.8019999999999999
926 0.8019999999999999
927 0.8059999999999998
928 0.8119999999999999
929 0.8140000000000001
930 0.8160000000000001
931 0.8160000000000001
932 0.8160000000000001
933 0.8160000000000001
934 0.8180000000000002
935 0.8200000000000001
936 0.8200000000000001
937 0.8200000000000001
938 0.8160000000000001
939 0.8160000000000001
940 0.8140000000000001
941 0.8140000000000001
942 0.8140000000000001
943 0.8140000000000001
944 0.8140000000000001
945 0.8119999999999999
946 0.8140000000000001
947 0.818
948 0.818
949 0.8219999999999998
950 0.826
951 0.8240000000000001
952 0.8320000000000002
953 0.834
954 0.834
955 0.8320000000000001
956 0.8300000000000001
957 0.8300000000000001
958 0.8280000000000001
959 0.8280000000000001
960 0.8240000000000001
961 0.8240000000000001
962 0.8240000000000001
963 0.8240000000000001
964 0.8220000000000001
965 0.8200000000000001
966 0.8180000000000002
967 0.8160000000000001
968 0.812
969 0.806
970 0.808
971 0.812
972 0.8140000000000001
973 0.8160000000000001
974 0.8219999999999998
975 0.8140000000000001
976 0.818
977 0.818
978 0.818
979 0.8119999999999999
980 0.806
981 0.8
982 0.7960000000000002
983 0.792
984 0.792
985 0.7900000000000001
986 0.7900000000000001
987 0.7860000000000003
988 0.784
989 0.78
990 0.778
991 0.772
992 0.7680000000000001
993 0.7680000000000001
994 0.7640000000000001
995 0.7660000000000001
996 0.768
997 0.768
998 0.7700000000000001
999 0.772
