1 1.0
2 1.0
3 1.0
4 1.0
5 1.0
6 1.0
7 1.0
8 1.0
9 0.998
10 0.998
11 0.998
12 0.998
13 0.998
14 0.998
15 0.998
16 0.998
17 0.998
18 0.998
19 0.998
20 0.998
21 0.998
22 0.998
23 0.998
24 0.998
25 0.998
26 0.998
27 0.998
28 0.998
29 0.998
30 0.998
31 0.998
32 0.9960000000000001
33 0.9960000000000001
34 0.9960000000000001
35 0.9960000000000001
36 0.9960000000000001
37 0.9960000000000001
38 0.9960000000000001
39 0.9960000000000001
40 0.9960000000000001
41 0.9960000000000001
42 0.9960000000000001
43 0.9960000000000001
44 0.9960000000000001
45 0.9960000000000001
46 0.9960000000000001
47 0.9960000000000001
48 0.9960000000000001
49 0.9960000000000001
50 0.9960000000000001
51 0.9960000000000001
52 0.9960000000000001
53 0.9960000000000001
54 0.9960000000000001
55 0.9960000000000001
56 0.9960000000000001
57 0.9960000000000001
58 0.9960000000000001
59 0.9960000000000001
60 0.9960000000000001
61 0.9960000000000001
62 0.9960000000000001
63 0.9960000000000001
64 0.9960000000000001
65 0.9960000000000001
66 0.9960000000000001
67 0.9960000000000001
68 0.9960000000000001
69 0.9960000000000001
70 0.9960000000000001
71 0.9960000000000001
72 0.9960000000000001
73 0.9960000000000001
74 0.9960000000000001
75 0.9960000000000001
76 0.9960000000000001
77 0.9960000000000001
78 0.9960000000000001
79 0.9960000000000001
80 0.9960000000000001
81 0.9960000000000001
82 0.9960000000000001
83 0.9960000000000001
84 0.994
85 0.994
86 0.994
87 0.994
88 0.994
89 0.994
90 0.994
91 0.994
92 0.994
93 0.994
94 0.994
95 0.994
96 0.994
97 0.994
98 0.994
99 0.994
100 0.994
101 0.994
102 0.994
103 0.994
104 0.994
105 0.994
106 0.994
107 0.994
108 0.994
109 0.994
110 0.994
111 0.994
112 0.994
113 0.9960000000000001
114 0.9960000000000001
115 0.9960000000000001
116 0.9960000000000001
117 0.9960000000000001
118 0.9960000000000001
119 0.9960000000000001
120 0.9960000000000001
121 0.9960000000000001
122 0.9960000000000001
123 0.9960000000000001
124 0.9960000000000001
125 0.9960000000000001
126 0.9960000000000001
127 0.9960000000000001
128 0.9960000000000001
129 0.9960000000000001
130 0.9960000000000001
131 0.9960000000000001
132 0.9960000000000001
133 0.9960000000000001
134 0.9960000000000001
135 0.9960000000000001
136 0.9960000000000001
137 0.9960000000000001
138 0.9960000000000001
139 0.9960000000000001
140 0.9960000000000001
141 0.9960000000000001
142 0.9960000000000001
143 0.9960000000000001
144 0.9960000000000001
145 0.9960000000000001
146 0.9960000000000001
147 0.9960000000000001
148 0.9960000000000001
149 0.9960000000000001
150 0.9960000000000001
151 0.9960000000000001
152 0.9960000000000001
153 0.9960000000000001
154 0.9960000000000001
155 0.9960000000000001
156 0.9960000000000001
157 0.994
158 0.994
159 0.994
160 0.994
161 0.994
162 0.994
163 0.994
164 0.994
165 0.994
166 0.994
167 0.994
168 0.994
169 0.994
170 0.994
171 0.994
172 0.994
173 0.994
174 0.994
175 0.994
176 0.994
177 0.994
178 0.994
179 0.994
180 0.994
181 0.994
182 0.994
183 0.994
184 0.994
185 0.994
186 0.994
187 0.994
188 0.994
189 0.994
190 0.992
191 0.992
192 0.992
193 0.992
194 0.992
195 0.992
196 0.992
197 0.992
198 0.992
199 0.992
200 0.992
201 0.992
202 0.992
203 0.992
204 0.992
205 0.992
206 0.992
207 0.992
208 0.992
209 0.992
210 0.992
211 0.992
212 0.992
213 0.992
214 0.992
215 0.992
216 0.992
217 0.992
218 0.992
219 0.992
220 0.992
221 0.992
222 0.992
223 0.992
224 0.992
225 0.99
226 0.99
227 0.99
228 0.992
229 0.992
230 0.992
231 0.992
232 0.992
233 0.992
234 0.9940000000000001
235 0.9940000000000001
236 0.9940000000000001
237 0.9940000000000001
238 0.9940000000000001
239 0.9940000000000001
240 0.9940000000000001
241 0.9940000000000001
242 0.9940000000000001
243 0.9940000000000001
244 0.9940000000000001
245 0.9940000000000001
246 0.9940000000000001
247 0.9940000000000001
248 0.9940000000000001
249 0.9940000000000001
250 0.9940000000000001
251 0.9940000000000001
252 0.9940000000000001
253 0.9940000000000001
254 0.9940000000000001
255 0.9940000000000001
256 0.9940000000000001
257 0.9940000000000001
258 0.9940000000000001
259 0.9940000000000001
260 0.9940000000000001
261 0.9940000000000001
262 0.9940000000000001
263 0.9940000000000001
264 0.9940000000000001
265 0.9940000000000001
266 0.9940000000000001
267 0.9940000000000001
268 0.9940000000000001
269 0.9940000000000001
270 0.9940000000000001
271 0.9940000000000001
272 0.9940000000000001
273 0.9940000000000001
274 0.9940000000000001
275 0.9940000000000001
276 0.9940000000000001
277 0.9940000000000001
278 0.9940000000000001
279 0.9960000000000001
280 0.998
281 0.998
282 0.998
283 0.998
284 0.998
285 0.998
286 0.998
287 0.998
288 0.998
289 0.998
290 0.998
291 0.998
292 0.998
293 0.998
294 0.998
295 0.998
296 0.998
297 0.998
298 0.998
299 0.998
300 0.998
301 0.998
302 1.0
303 1.0
304 1.0
305 1.0
306 1.0
307 1.0
308 1.0
309 1.0
310 1.0
311 1.0
312 1.0
313 1.0
314 1.0
315 1.0
316 1.0
317 1.0
318 1.0
319 1.0
320 1.0
321 1.0
322 1.0
323 1.0
324 1.0
325 1.0
326 1.0
327 1.0
328 1.0
329 1.0
330 1.0
331 1.0
332 1.0
333 1.0
334 1.0
335 1.0
336 1.0
337 1.0
338 1.0
339 1.0
340 1.0
341 1.0
342 1.0
343 1.0
344 1.0
345 1.0
346 0.998
347 0.998
348 0.998
349 0.998
350 0.998
351 0.998
352 0.998
353 0.998
354 0.998
355 0.998
356 0.998
357 0.998
358 0.998
359 0.9960000000000001
360 0.9960000000000001
361 0.9960000000000001
362 0.9960000000000001
363 0.9960000000000001
364 0.9960000000000001
365 0.9960000000000001
366 0.9960000000000001
367 0.9960000000000001
368 0.9960000000000001
369 0.9960000000000001
370 0.9960000000000001
371 0.9960000000000001
372 0.9960000000000001
373 0.9960000000000001
374 0.9960000000000001
375 0.9960000000000001
376 0.9960000000000001
377 0.994
378 0.994
379 0.994
380 0.994
381 0.994
382 0.994
383 0.994
384 0.994
385 0.994
386 0.994
387 0.994
388 0.994
389 0.994
390 0.994
391 0.994
392 0.994
393 0.994
394 0.994
395 0.994
396 0.994
397 0.994
398 0.994
399 0.994
400 0.994
401 0.994
402 0.994
403 0.994
404 0.994
405 0.994
406 0.994
407 0.994
408 0.994
409 0.994
410 0.994
411 0.994
412 0.994
413 0.994
414 0.994
415 0.994
416 0.994
417 0.994
418 0.994
419 0.994
420 0.994
421 0.994
422 0.994
423 0.994
424 0.994
425 0.994
426 0.994
427 0.994
428 0.994
429 0.994
430 0.994
431 0.994
432 0.994
433 0.994
434 0.994
435 0.994
436 0.994
437 0.994
438 0.994
439 0.994
440 0.994
441 0.994
442 0.994
443 0.994
444 0.994
445 0.992
446 0.992
447 0.992
448 0.992
449 0.992
450 0.992
451 0.992
452 0.992
453 0.992
454 0.992
455 0.992
456 0.992
457 0.992
458 0.992
459 0.992
460 0.992
461 0.992
462 0.992
463 0.992
464 0.992
465 0.992
466 0.992
467 0.992
468 0.994
469 0.994
470 0.994
471 0.994
472 0.994
473 0.994
474 0.994
475 0.994
476 0.994
477 0.994
478 0.994
479 0.994
480 0.994
481 0.994
482 0.994
483 0.994
484 0.994
485 0.994
486 0.994
487 0.994
488 0.994
489 0.994
490 0.994
491 0.9960000000000001
492 0.9960000000000001
493 0.9960000000000001
494 0.998
495 0.998
496 0.998
497 0.998
498 0.998
499 0.998
500 0.998
501 0.998
502 0.998
503 0.998
504 0.998
505 0.998
506 0.998
507 0.998
508 0.998
509 0.998
510 0.998
511 0.998
512 0.998
513 0.998
514 0.998
515 0.998
516 0.998
517 1.0
518 1.0
519 1.0
520 1.0
521 1.0
522 1.0
523 1.0
524 1.0
525 1.0
526 1.0
527 1.0
528 1.0
529 1.0
530 1.0
531 1.0
532 1.0
533 1.0
534 1.0
535 1.0
536 1.0
537 1.0
538 1.0
539 1.0
540 1.0
541 1.0
542 1.0
543 1.0
544 1.0
545 1.0
546 1.0
547 1.0
548 1.0
549 1.0
550 1.0
551 1.0
552 1.0
553 1.0
554 1.0
555 1.0
556 1.0
557 1.0
558 1.0
559 1.0
560 1.0
561 1.0
562 1.0
563 1.0
564 0.998
565 0.998
566 0.998
567 0.998
568 0.998
569 0.998
570 0.998
571 0.998
572 0.998
573 0.998
574 0.998
575 0.998
576 0.998
577 0.998
578 0.998
579 0.998
580 0.998
581 0.998
582 0.998
583 0.998
584 0.998
585 0.998
586 0.998
587 0.998
588 0.998
589 0.998
590 0.998
591 0.998
592 0.998
593 0.998
594 0.998
595 0.998
596 0.998
597 0.998
598 0.998
599 0.998
600 0.998
601 0.998
602 0.998
603 0.998
604 0.998
605 0.998
606 0.998
607 0.998
608 0.998
609 0.998
610 0.998
611 0.998
612 0.998
613 0.998
614 0.998
615 0.998
616 0.998
617 0.998
618 0.998
619 0.998
620 0.998
621 0.998
622 0.998
623 0.998
624 0.998
625 0.998
626 0.998
627 0.998
628 0.998
629 0.998
630 0.998
631 0.998
632 0.998
633 0.998
634 0.998
635 0.998
636 0.998
637 0.998
638 0.998
639 0.998
640 0.998
641 0.998
642 0.998
643 0.998
644 0.998
645 0.998
646 0.998
647 0.998
648 0.998
649 0.998
650 0.998
651 0.998
652 0.998
653 0.998
654 0.998
655 0.998
656 0.998
657 0.998
658 0.998
659 0.998
660 0.998
661 0.998
662 0.998
663 0.998
664 0.998
665 0.998
666 0.998
667 0.998
668 0.998
669 0.998
670 0.998
671 0.998
672 0.998
673 0.998
674 0.998
675 0.998
676 0.998
677 0.998
678 0.998
679 0.998
680 0.998
681 0.998
682 0.998
683 0.998
684 0.998
685 0.998
686 0.998
687 0.998
688 0.998
689 0.998
690 0.998
691 0.998
692 0.998
693 0.998
694 0.998
695 0.998
696 0.998
697 0.998
698 0.998
699 0.998
700 0.998
701 0.998
702 0.9960000000000001
703 0.9960000000000001
704 0.9960000000000001
705 0.9960000000000001
706 0.9960000000000001
707 0.9960000000000001
708 0.994
709 0.994
710 0.994
711 0.994
712 0.994
713 0.994
714 0.994
715 0.994
716 0.994
717 0.994
718 0.994
719 0.994
720 0.994
721 0.992
722 0.992
723 0.992
724 0.992
725 0.992
726 0.992
727 0.992
728 0.992
729 0.992
730 0.992
731 0.992
732 0.992
733 0.992
734 0.994
735 0.994
736 0.994
737 0.994
738 0.994
739 0.994
740 0.994
741 0.994
742 0.994
743 0.994
744 0.994
745 0.994
746 0.994
747 0.994
748 0.994
749 0.994
750 0.994
751 0.994
752 0.994
753 0.994
754 0.994
755 0.994
756 0.994
757 0.994
758 0.994
759 0.994
760 0.994
761 0.994
762 0.994
763 0.994
764 0.994
765 0.994
766 0.994
767 0.994
768 0.994
769 0.994
770 0.994
771 0.994
772 0.994
773 0.994
774 0.994
775 0.992
776 0.992
777 0.992
778 0.992
779 0.992
780 0.992
781 0.992
782 0.992
783 0.992
784 0.992
785 0.992
786 0.992
787 0.992
788 0.992
789 0.992
790 0.992
791 0.992
792 0.992
793 0.992
794 0.992
795 0.992
796 0.992
797 0.992
798 0.992
799 0.992
800 0.992
801 0.992
802 0.992
803 0.992
804 0.992
805 0.992
806 0.992
807 0.992
808 0.992
809 0.992
810 0.992
811 0.992
812 0.992
813 0.992
814 0.992
815 0.992
816 0.992
817 0.992
818 0.992
819 0.992
820 0.992
821 0.992
822 0.992
823 0.992
824 0.992
825 0.992
826 0.992
827 0.992
828 0.992
829 0.992
830 0.992
831 0.992
832 0.992
833 0.992
834 0.992
835 0.992
836 0.992
837 0.992
838 0.992
839 0.992
840 0.992
841 0.992
842 0.992
843 0.992
844 0.992
845 0.992
846 0.992
847 0.992
848 0.992
849 0.992
850 0.992
851 0.994
852 0.994
853 0.994
854 0.994
855 0.994
856 0.994
857 0.994
858 0.994
859 0.9960000000000001
860 0.9960000000000001
861 0.9960000000000001
862 0.9960000000000001
863 0.9960000000000001
864 0.9960000000000001
865 0.9960000000000001
866 0.9960000000000001
867 0.9960000000000001
868 0.9960000000000001
869 0.9960000000000001
870 0.9960000000000001
871 0.9960000000000001
872 0.9960000000000001
873 0.9960000000000001
874 0.9960000000000001
875 1.0
876 1.0
877 1.0
878 0.998
879 0.998
880 0.998
881 0.998
882 0.998
883 0.998
884 0.998
885 0.998
886 0.998
887 0.998
888 0.998
889 0.998
890 0.998
891 0.998
892 0.998
893 0.998
894 0.998
895 0.998
896 0.998
897 0.998
898 0.998
899 0.998
900 0.998
901 0.998
902 0.998
903 0.998
904 0.998
905 0.998
906 0.998
907 0.998
908 0.998
909 0.998
910 0.998
911 0.998
912 0.998
913 0.998
914 0.998
915 0.998
916 0.998
917 0.998
918 0.998
919 0.998
920 0.998
921 0.998
922 0.998
923 0.998
924 0.998
925 0.998
926 0.998
927 0.998
928 0.998
929 0.998
930 0.998
931 0.998
932 0.998
933 0.998
934 0.9960000000000001
935 0.9960000000000001
936 0.9960000000000001
937 0.9960000000000001
938 0.9960000000000001
939 0.9960000000000001
940 0.9960000000000001
941 0.9960000000000001
942 0.9960000000000001
943 0.9960000000000001
944 0.9960000000000001
945 0.9960000000000001
946 0.9960000000000001
947 0.9960000000000001
948 0.9960000000000001
949 0.9960000000000001
950 0.9960000000000001
951 0.9960000000000001
952 0.9960000000000001
953 0.9960000000000001
954 0.9960000000000001
955 0.9960000000000001
956 0.994
957 0.994
958 0.994
959 0.994
960 0.994
961 0.994
962 0.994
963 0.994
964 0.994
965 0.994
966 0.994
967 0.994
968 0.994
969 0.994
970 0.994
971 0.994
972 0.994
973 0.994
974 0.994
975 0.994
976 0.994
977 0.994
978 0.994
979 0.994
980 0.994
981 0.994
982 0.994
983 0.994
984 0.994
985 0.994
986 0.994
987 0.994
988 0.994
989 0.994
990 0.994
991 0.994
992 0.994
993 0.994
994 0.994
995 0.994
996 0.994
997 0.994
998 0.994
999 0.994
