1 1.0
2 1.0
3 1.0
4 1.0
5 0.9960000000000001
6 0.9940000000000001
7 0.9940000000000001
8 0.9940000000000001
9 0.9940000000000001
10 0.9940000000000001
11 0.9940000000000001
12 0.9940000000000001
13 0.9900000000000002
14 0.9880000000000002
15 0.986
16 0.984
17 0.9780000000000001
18 0.9739999999999999
19 0.9739999999999999
20 0.9719999999999999
21 0.9719999999999999
22 0.97
23 0.97
24 0.966
25 0.966
26 0.966
27 0.966
28 0.966
29 0.9639999999999999
30 0.9639999999999999
31 0.9639999999999999
32 0.9639999999999999
33 0.9639999999999999
34 0.9639999999999999
35 0.962
36 0.96
37 0.96
38 0.96
39 0.96
40 0.96
41 0.96
42 0.96
43 0.96
44 0.96
45 0.958
46 0.9560000000000001
47 0.9560000000000001
48 0.9560000000000001
49 0.9560000000000001
50 0.9560000000000001
51 0.9560000000000001
52 0.9560000000000001
53 0.954
54 0.954
55 0.954
56 0.954
57 0.954
58 0.954
59 0.954
60 0.954
61 0.9480000000000001
62 0.9460000000000001
63 0.9460000000000001
64 0.9460000000000001
65 0.9460000000000001
66 0.9460000000000001
67 0.9460000000000001
68 0.9460000000000001
69 0.9460000000000001
70 0.9460000000000001
71 0.944
72 0.944
73 0.944
74 0.944
75 0.944
76 0.944
77 0.944
78 0.944
79 0.944
80 0.944
81 0.944
82 0.944
83 0.944
84 0.944
85 0.942
86 0.942
87 0.9460000000000001
88 0.9480000000000001
89 0.946
90 0.946
91 0.9480000000000001
92 0.9480000000000001
93 0.946
94 0.944
95 0.944
96 0.944
97 0.944
98 0.944
99 0.942
100 0.942
101 0.9400000000000001
102 0.9380000000000001
103 0.9380000000000001
104 0.9380000000000001
105 0.9380000000000001
106 0.9360000000000002
107 0.9360000000000002
108 0.9360000000000002
109 0.9400000000000001
110 0.9400000000000001
111 0.9400000000000001
112 0.9360000000000002
113 0.9380000000000001
114 0.9380000000000001
115 0.9380000000000001
116 0.9380000000000001
117 0.9380000000000001
118 0.9360000000000002
119 0.9360000000000002
120 0.9360000000000002
121 0.9360000000000002
122 0.9340000000000002
123 0.9340000000000002
124 0.932
125 0.932
126 0.932
127 0.9299999999999999
128 0.9299999999999999
129 0.9299999999999999
130 0.93
131 0.93
132 0.9320000000000002
133 0.93
134 0.93
135 0.9360000000000002
136 0.9360000000000002
137 0.9360000000000002
138 0.9340000000000002
139 0.9340000000000002
140 0.9340000000000002
141 0.9340000000000002
142 0.9340000000000002
143 0.9259999999999999
144 0.924
145 0.924
146 0.922
147 0.922
148 0.9200000000000002
149 0.9180000000000001
150 0.9180000000000001
151 0.9200000000000002
152 0.9200000000000002
153 0.9180000000000001
154 0.9200000000000002
155 0.922
156 0.924
157 0.922
158 0.9259999999999999
159 0.9259999999999999
160 0.9279999999999999
161 0.9299999999999999
162 0.9299999999999999
163 0.9299999999999999
164 0.9279999999999999
165 0.9299999999999999
166 0.9299999999999999
167 0.9279999999999999
168 0.9259999999999999
169 0.922
170 0.922
171 0.9200000000000002
172 0.9180000000000001
173 0.916
174 0.916
175 0.916
176 0.916
177 0.914
178 0.914
179 0.914
180 0.916
181 0.916
182 0.9179999999999999
183 0.924
184 0.9239999999999998
185 0.9239999999999998
186 0.9279999999999999
187 0.93
188 0.93
189 0.9280000000000002
190 0.9280000000000002
191 0.9280000000000002
192 0.9259999999999999
193 0.9259999999999999
194 0.924
195 0.9200000000000002
196 0.9200000000000002
197 0.916
198 0.914
199 0.914
200 0.9120000000000001
201 0.9120000000000001
202 0.9120000000000001
203 0.9099999999999999
204 0.9099999999999999
205 0.908
206 0.908
207 0.906
208 0.906
209 0.906
210 0.906
211 0.906
212 0.906
213 0.906
214 0.906
215 0.906
216 0.9040000000000001
217 0.9020000000000001
218 0.9020000000000001
219 0.8959999999999999
220 0.8959999999999999
221 0.8939999999999999
222 0.892
223 0.892
224 0.89
225 0.8880000000000001
226 0.8860000000000001
227 0.8859999999999999
228 0.8879999999999999
229 0.892
230 0.892
231 0.8959999999999999
232 0.9
233 0.9
234 0.9019999999999999
235 0.9039999999999999
236 0.9039999999999999
237 0.9019999999999999
238 0.8999999999999998
239 0.8999999999999998
240 0.8999999999999998
241 0.8959999999999999
242 0.8939999999999999
243 0.8879999999999999
244 0.8879999999999999
245 0.8879999999999999
246 0.8879999999999999
247 0.8859999999999999
248 0.8859999999999999
249 0.8859999999999999
250 0.884
251 0.882
252 0.8800000000000001
253 0.8800000000000001
254 0.8800000000000001
255 0.882
256 0.8859999999999999
257 0.8879999999999999
258 0.8879999999999999
259 0.8859999999999999
260 0.884
261 0.8800000000000001
262 0.882
263 0.882
264 0.882
265 0.882
266 0.882
267 0.882
268 0.882
269 0.8800000000000001
270 0.8800000000000001
271 0.8800000000000001
272 0.8780000000000001
273 0.8780000000000001
274 0.8780000000000001
275 0.8780000000000001
276 0.8780000000000001
277 0.8780000000000001
278 0.882
279 0.884
280 0.8860000000000001
281 0.8860000000000001
282 0.8880000000000001
283 0.8880000000000001
284 0.8859999999999999
285 0.8879999999999999
286 0.8859999999999999
287 0.8859999999999999
288 0.8859999999999999
289 0.882
290 0.882
291 0.882
292 0.882
293 0.882
294 0.8779999999999999
295 0.8779999999999999
296 0.8779999999999999
297 0.876
298 0.876
299 0.876
300 0.8779999999999999
301 0.8779999999999999
302 0.882
303 0.882
304 0.8940000000000001
305 0.8920000000000001
306 0.8900000000000002
307 0.884
308 0.8860000000000001
309 0.8880000000000001
310 0.884
311 0.882
312 0.8800000000000001
313 0.8780000000000001
314 0.8780000000000001
315 0.8780000000000001
316 0.8780000000000001
317 0.876
318 0.876
319 0.874
320 0.876
321 0.876
322 0.874
323 0.874
324 0.8799999999999999
325 0.884
326 0.8859999999999999
327 0.8940000000000001
328 0.8940000000000001
329 0.8940000000000001
330 0.8920000000000001
331 0.8960000000000001
332 0.89
333 0.89
334 0.89
335 0.8860000000000001
336 0.882
337 0.882
338 0.882
339 0.882
340 0.882
341 0.8799999999999999
342 0.8799999999999999
343 0.8799999999999999
344 0.8779999999999999
345 0.874
346 0.874
347 0.876
348 0.874
349 0.8720000000000001
350 0.8700000000000001
351 0.8699999999999999
352 0.8719999999999999
353 0.8760000000000001
354 0.8780000000000001
355 0.8760000000000001
356 0.8760000000000001
357 0.8760000000000001
358 0.874
359 0.874
360 0.874
361 0.8719999999999999
362 0.8719999999999999
363 0.8719999999999999
364 0.8719999999999999
365 0.8719999999999999
366 0.8719999999999999
367 0.8720000000000001
368 0.868
369 0.868
370 0.868
371 0.868
372 0.874
373 0.8780000000000001
374 0.8819999999999999
375 0.874
376 0.876
377 0.874
378 0.8800000000000001
379 0.882
380 0.882
381 0.882
382 0.882
383 0.8800000000000001
384 0.8780000000000001
385 0.8780000000000001
386 0.8780000000000001
387 0.8760000000000001
388 0.8699999999999999
389 0.8699999999999999
390 0.868
391 0.868
392 0.868
393 0.8680000000000001
394 0.8680000000000001
395 0.8720000000000001
396 0.868
397 0.8700000000000001
398 0.8700000000000001
399 0.8700000000000001
400 0.8720000000000001
401 0.874
402 0.874
403 0.8700000000000001
404 0.8700000000000001
405 0.866
406 0.8619999999999999
407 0.8639999999999999
408 0.866
409 0.866
410 0.866
411 0.8640000000000001
412 0.858
413 0.8560000000000001
414 0.8539999999999999
415 0.8539999999999999
416 0.8560000000000001
417 0.852
418 0.85
419 0.85
420 0.8539999999999999
421 0.8560000000000001
422 0.858
423 0.86
424 0.8560000000000001
425 0.86
426 0.8640000000000001
427 0.866
428 0.8640000000000001
429 0.8640000000000001
430 0.8619999999999999
431 0.8619999999999999
432 0.858
433 0.858
434 0.858
435 0.8540000000000001
436 0.8540000000000001
437 0.852
438 0.8460000000000001
439 0.8460000000000001
440 0.844
441 0.842
442 0.842
443 0.842
444 0.842
445 0.842
446 0.8460000000000001
447 0.8460000000000001
448 0.8500000000000002
449 0.8500000000000002
450 0.852
451 0.85
452 0.85
453 0.8480000000000001
454 0.8460000000000001
455 0.8460000000000001
456 0.8440000000000001
457 0.8440000000000001
458 0.8440000000000001
459 0.8440000000000001
460 0.8440000000000001
461 0.8440000000000001
462 0.842
463 0.8399999999999999
464 0.836
465 0.8380000000000001
466 0.8400000000000001
467 0.8420000000000002
468 0.8420000000000002
469 0.8460000000000001
470 0.8480000000000001
471 0.8520000000000001
472 0.8540000000000001
473 0.8560000000000001
474 0.8560000000000001
475 0.858
476 0.8540000000000001
477 0.852
478 0.852
479 0.852
480 0.852
481 0.85
482 0.8480000000000001
483 0.8480000000000001
484 0.8459999999999999
485 0.842
486 0.8379999999999999
487 0.8379999999999999
488 0.8379999999999999
489 0.8400000000000001
490 0.8379999999999999
491 0.836
492 0.8399999999999999
493 0.8399999999999999
494 0.842
495 0.844
496 0.8480000000000001
497 0.8480000000000001
498 0.85
499 0.8480000000000001
500 0.85
501 0.8480000000000001
502 0.8460000000000001
503 0.8460000000000001
504 0.844
505 0.842
506 0.8400000000000001
507 0.836
508 0.8299999999999998
509 0.8259999999999998
510 0.8239999999999998
511 0.8239999999999998
512 0.8240000000000001
513 0.8219999999999998
514 0.8240000000000001
515 0.826
516 0.8280000000000001
517 0.8300000000000001
518 0.8240000000000001
519 0.8280000000000001
520 0.8300000000000001
521 0.8379999999999999
522 0.8400000000000001
523 0.844
524 0.844
525 0.8460000000000001
526 0.8460000000000001
527 0.844
528 0.844
529 0.844
530 0.844
531 0.844
532 0.842
533 0.842
534 0.842
535 0.8379999999999999
536 0.8379999999999999
537 0.8379999999999999
538 0.8379999999999999
539 0.8379999999999999
540 0.8400000000000001
541 0.8380000000000001
542 0.844
543 0.844
544 0.8459999999999999
545 0.85
546 0.8520000000000001
547 0.8540000000000001
548 0.85
549 0.8480000000000001
550 0.8440000000000001
551 0.8460000000000001
552 0.8460000000000001
553 0.8460000000000001
554 0.8460000000000001
555 0.8440000000000001
556 0.8440000000000001
557 0.8440000000000001
558 0.8400000000000001
559 0.8400000000000001
560 0.8400000000000001
561 0.8400000000000001
562 0.8400000000000001
563 0.8380000000000001
564 0.842
565 0.8440000000000001
566 0.8460000000000001
567 0.8460000000000001
568 0.852
569 0.8520000000000001
570 0.858
571 0.8539999999999999
572 0.852
573 0.8459999999999999
574 0.842
575 0.8400000000000001
576 0.8400000000000001
577 0.8400000000000001
578 0.8400000000000001
579 0.8400000000000001
580 0.8360000000000001
581 0.8360000000000001
582 0.834
583 0.8360000000000001
584 0.8360000000000001
585 0.834
586 0.834
587 0.834
588 0.836
589 0.836
590 0.8400000000000001
591 0.8440000000000001
592 0.8480000000000001
593 0.8460000000000001
594 0.8440000000000001
595 0.842
596 0.8380000000000001
597 0.8380000000000001
598 0.8380000000000001
599 0.8380000000000001
600 0.8380000000000001
601 0.8360000000000001
602 0.834
603 0.834
604 0.834
605 0.8320000000000001
606 0.8300000000000001
607 0.8300000000000001
608 0.828
609 0.828
610 0.828
611 0.828
612 0.834
613 0.8400000000000001
614 0.8460000000000001
615 0.8460000000000001
616 0.8480000000000001
617 0.8480000000000001
618 0.8480000000000001
619 0.8480000000000001
620 0.8480000000000001
621 0.8480000000000001
622 0.844
623 0.8400000000000001
624 0.8379999999999999
625 0.8379999999999999
626 0.8379999999999999
627 0.836
628 0.836
629 0.8319999999999999
630 0.8319999999999999
631 0.8299999999999998
632 0.8299999999999998
633 0.828
634 0.8299999999999998
635 0.834
636 0.834
637 0.842
638 0.8440000000000001
639 0.8440000000000001
640 0.85
641 0.8480000000000001
642 0.85
643 0.852
644 0.8520000000000001
645 0.85
646 0.8460000000000001
647 0.844
648 0.844
649 0.844
650 0.842
651 0.842
652 0.842
653 0.8380000000000001
654 0.834
655 0.834
656 0.8300000000000001
657 0.8280000000000001
658 0.8280000000000001
659 0.8320000000000001
660 0.836
661 0.8400000000000001
662 0.8459999999999999
663 0.85
664 0.852
665 0.852
666 0.8479999999999999
667 0.8459999999999999
668 0.8419999999999999
669 0.8399999999999999
670 0.8379999999999999
671 0.834
672 0.834
673 0.8299999999999998
674 0.8299999999999998
675 0.826
676 0.826
677 0.8200000000000001
678 0.818
679 0.8140000000000001
680 0.808
681 0.8039999999999999
682 0.8039999999999999
683 0.808
684 0.8160000000000001
685 0.8160000000000001
686 0.8160000000000001
687 0.8200000000000001
688 0.8240000000000001
689 0.826
690 0.826
691 0.8280000000000001
692 0.826
693 0.826
694 0.826
695 0.8240000000000001
696 0.8220000000000001
697 0.8220000000000001
698 0.8220000000000001
699 0.82
700 0.82
701 0.818
702 0.82
703 0.818
704 0.818
705 0.818
706 0.8160000000000001
707 0.818
708 0.818
709 0.8159999999999998
710 0.8159999999999998
711 0.8139999999999998
712 0.8139999999999998
713 0.8119999999999999
714 0.8099999999999999
715 0.8140000000000001
716 0.8119999999999999
717 0.8119999999999999
718 0.8119999999999999
719 0.8119999999999999
720 0.8119999999999999
721 0.8099999999999999
722 0.8099999999999999
723 0.8059999999999998
724 0.8059999999999998
725 0.8039999999999999
726 0.8039999999999999
727 0.8039999999999999
728 0.8039999999999999
729 0.8039999999999999
730 0.8059999999999998
731 0.8059999999999998
732 0.808
733 0.8059999999999998
734 0.8139999999999998
735 0.82
736 0.8220000000000001
737 0.8240000000000001
738 0.8300000000000001
739 0.8300000000000001
740 0.834
741 0.834
742 0.8299999999999998
743 0.8320000000000001
744 0.8300000000000001
745 0.8300000000000001
746 0.828
747 0.828
748 0.826
749 0.8240000000000001
750 0.8220000000000001
751 0.818
752 0.8140000000000001
753 0.8160000000000001
754 0.812
755 0.812
756 0.818
757 0.8300000000000001
758 0.8320000000000001
759 0.836
760 0.836
761 0.8440000000000001
762 0.852
763 0.85
764 0.8460000000000001
765 0.8440000000000001
766 0.8440000000000001
767 0.8440000000000001
768 0.8460000000000001
769 0.842
770 0.842
771 0.834
772 0.8299999999999998
773 0.826
774 0.8220000000000001
775 0.8160000000000002
776 0.8140000000000001
777 0.804
778 0.806
779 0.8100000000000002
780 0.8140000000000001
781 0.82
782 0.8280000000000001
783 0.8280000000000001
784 0.8320000000000001
785 0.834
786 0.834
787 0.834
788 0.834
789 0.834
790 0.828
791 0.8240000000000001
792 0.8240000000000001
793 0.8220000000000001
794 0.8200000000000001
795 0.8140000000000001
796 0.8099999999999999
797 0.806
798 0.806
799 0.806
800 0.806
801 0.8019999999999999
802 0.8039999999999999
803 0.806
804 0.808
805 0.8099999999999999
806 0.8140000000000001
807 0.8140000000000001
808 0.8140000000000001
809 0.818
810 0.8220000000000001
811 0.8220000000000001
812 0.8220000000000001
813 0.8200000000000001
814 0.8160000000000001
815 0.812
816 0.812
817 0.808
818 0.804
819 0.8
820 0.8
821 0.8
822 0.8
823 0.8
824 0.8
825 0.8
826 0.8
827 0.8
828 0.8019999999999999
829 0.808
830 0.8099999999999999
831 0.8140000000000001
832 0.8140000000000001
833 0.8099999999999999
834 0.812
835 0.8099999999999999
836 0.8099999999999999
837 0.808
838 0.8099999999999999
839 0.808
840 0.806
841 0.8
842 0.8
843 0.8
844 0.798
845 0.798
846 0.796
847 0.796
848 0.796
849 0.796
850 0.798
851 0.798
852 0.8
853 0.8020000000000002
854 0.804
855 0.806
856 0.8140000000000001
857 0.82
858 0.82
859 0.826
860 0.826
861 0.828
862 0.8299999999999998
863 0.8299999999999998
864 0.8299999999999998
865 0.826
866 0.8240000000000001
867 0.8240000000000001
868 0.82
869 0.818
870 0.818
871 0.818
872 0.818
873 0.818
874 0.818
875 0.8220000000000001
876 0.8240000000000001
877 0.8240000000000001
878 0.8240000000000001
879 0.8240000000000001
880 0.8300000000000001
881 0.8320000000000001
882 0.8300000000000001
883 0.834
884 0.834
885 0.836
886 0.836
887 0.834
888 0.8320000000000001
889 0.8300000000000001
890 0.8240000000000001
891 0.8160000000000001
892 0.8140000000000001
893 0.812
894 0.806
895 0.806
896 0.8
897 0.8
898 0.8019999999999999
899 0.8039999999999999
900 0.808
901 0.818
902 0.818
903 0.8240000000000001
904 0.8280000000000001
905 0.8300000000000001
906 0.834
907 0.8320000000000001
908 0.8300000000000001
909 0.8320000000000001
910 0.8300000000000001
911 0.8280000000000001
912 0.8280000000000001
913 0.8280000000000001
914 0.8240000000000001
915 0.8220000000000001
916 0.8220000000000001
917 0.818
918 0.8160000000000001
919 0.8160000000000001
920 0.8180000000000002
921 0.8160000000000002
922 0.8220000000000001
923 0.8220000000000001
924 0.8220000000000001
925 0.8240000000000001
926 0.8240000000000001
927 0.828
928 0.8299999999999998
929 0.834
930 0.836
931 0.834
932 0.834
933 0.8300000000000001
934 0.8280000000000001
935 0.8280000000000001
936 0.8240000000000001
937 0.8240000000000001
938 0.8220000000000001
939 0.818
940 0.818
941 0.8160000000000001
942 0.8140000000000001
943 0.8140000000000001
944 0.8140000000000001
945 0.8140000000000001
946 0.8180000000000002
947 0.8200000000000001
948 0.8220000000000001
949 0.82
950 0.818
951 0.8139999999999998
952 0.8119999999999999
953 0.8140000000000001
954 0.8160000000000001
955 0.8220000000000001
956 0.8240000000000001
957 0.8240000000000001
958 0.8240000000000001
959 0.8220000000000001
960 0.82
961 0.818
962 0.818
963 0.8160000000000001
964 0.8160000000000001
965 0.8160000000000001
966 0.8119999999999999
967 0.8139999999999998
968 0.8139999999999998
969 0.8099999999999999
970 0.808
971 0.8099999999999999
972 0.818
973 0.82
974 0.82
975 0.8219999999999998
976 0.8280000000000001
977 0.8320000000000001
978 0.8320000000000001
979 0.836
980 0.834
981 0.8360000000000001
982 0.8360000000000001
983 0.8320000000000001
984 0.8320000000000001
985 0.8320000000000001
986 0.8320000000000001
987 0.8320000000000001
988 0.826
989 0.8240000000000001
990 0.8240000000000001
991 0.8240000000000001
992 0.826
993 0.8219999999999998
994 0.8240000000000001
995 0.8240000000000001
996 0.8240000000000001
997 0.828
998 0.828
999 0.828
