1 1.0
2 1.0
3 1.0
4 0.9996
5 0.9964000000000002
6 0.9919999999999999
7 0.9872
8 0.9828000000000001
9 0.9788
10 0.9716000000000001
11 0.9675999999999999
12 0.9656
13 0.9648
14 0.9608
15 0.9592000000000002
16 0.9591999999999998
17 0.9615999999999996
18 0.9623999999999995
19 0.9607999999999997
20 0.9595999999999997
21 0.9575999999999997
22 0.9555999999999998
23 0.9512
24 0.9475999999999999
25 0.9424000000000001
26 0.9404
27 0.9368000000000002
28 0.932
29 0.9264000000000001
30 0.9232000000000002
31 0.9196
32 0.9172
33 0.9152000000000001
34 0.9132000000000001
35 0.9120000000000004
36 0.9128000000000003
37 0.9164000000000003
38 0.9172000000000002
39 0.9196
40 0.9264
41 0.9368000000000003
42 0.9420000000000001
43 0.9428000000000002
44 0.9424000000000001
45 0.9403999999999999
46 0.9359999999999998
47 0.9359999999999998
48 0.9336
49 0.9319999999999999
50 0.9303999999999998
51 0.9279999999999999
52 0.9231999999999998
53 0.9191999999999999
54 0.9155999999999999
55 0.9144000000000002
56 0.9136000000000002
57 0.9096000000000002
58 0.9080000000000003
59 0.9068000000000002
60 0.9131999999999999
61 0.9163999999999999
62 0.92
63 0.9239999999999999
64 0.9312
65 0.9380000000000002
66 0.9416000000000002
67 0.9436
68 0.9436000000000004
69 0.9412000000000004
70 0.9376000000000002
71 0.9336000000000003
72 0.9316000000000001
73 0.9276000000000003
74 0.9260000000000004
75 0.9216000000000001
76 0.9175999999999999
77 0.9111999999999999
78 0.9064000000000001
79 0.9044
80 0.9011999999999999
81 0.8983999999999999
82 0.8976
83 0.8991999999999999
84 0.8999999999999999
85 0.9080000000000001
86 0.9111999999999999
87 0.9132000000000001
88 0.9180000000000001
89 0.9259999999999999
90 0.9308
91 0.9336
92 0.9344000000000002
93 0.9308
94 0.9236000000000003
95 0.9164000000000003
96 0.9092000000000003
97 0.9032000000000002
98 0.8952000000000001
99 0.8908000000000003
100 0.8868000000000003
101 0.8836000000000003
102 0.8808000000000004
103 0.8800000000000001
104 0.8792000000000002
105 0.8772000000000003
106 0.8744000000000004
107 0.8756
108 0.8788000000000002
109 0.8844000000000003
110 0.8880000000000001
111 0.8924
112 0.9016
113 0.9152
114 0.9256
115 0.9244
116 0.9235999999999999
117 0.9224000000000001
118 0.9196000000000001
119 0.9176000000000001
120 0.9127999999999998
121 0.9067999999999998
122 0.8999999999999999
123 0.8952
124 0.8896
125 0.8851999999999998
126 0.8775999999999999
127 0.8744
128 0.8692
129 0.8632
130 0.8592
131 0.8620000000000002
132 0.8652000000000001
133 0.8748
134 0.8788000000000001
135 0.8856000000000002
136 0.8924000000000001
137 0.9059999999999999
138 0.9127999999999996
139 0.9167999999999995
140 0.9147999999999993
141 0.9119999999999996
142 0.9099999999999996
143 0.9071999999999997
144 0.9011999999999998
145 0.8967999999999998
146 0.8919999999999998
147 0.8879999999999997
148 0.8843999999999999
149 0.8807999999999998
150 0.8783999999999997
151 0.8739999999999998
152 0.872
153 0.8696000000000003
154 0.868
155 0.8696000000000003
156 0.8776000000000002
157 0.8840000000000002
158 0.8932000000000005
159 0.8984000000000002
160 0.9052000000000002
161 0.9176000000000003
162 0.9244000000000001
163 0.924
164 0.9236
165 0.9232
166 0.9196
167 0.9143999999999999
168 0.9100000000000001
169 0.9008000000000003
170 0.8980000000000002
171 0.8952000000000002
172 0.8904000000000003
173 0.8864000000000002
174 0.8852000000000002
175 0.8792000000000003
176 0.8748000000000001
177 0.8712000000000002
178 0.8680000000000001
179 0.868
180 0.8727999999999999
181 0.8784000000000001
182 0.8800000000000003
183 0.8864000000000003
184 0.8980000000000002
185 0.9108000000000003
186 0.9168000000000002
187 0.9208000000000002
188 0.9220000000000002
189 0.9192
190 0.9156
191 0.9124000000000001
192 0.9095999999999997
193 0.9048
194 0.8984000000000001
195 0.8931999999999999
196 0.8888000000000001
197 0.8852000000000001
198 0.8808000000000002
199 0.8784000000000003
200 0.8780000000000002
201 0.8768000000000002
202 0.8780000000000002
203 0.8804000000000002
204 0.8812000000000003
205 0.8836000000000003
206 0.8896000000000006
207 0.8940000000000005
208 0.8996000000000006
209 0.9080000000000003
210 0.9164000000000001
211 0.9176000000000002
212 0.9164
213 0.914
214 0.9096
215 0.9024000000000001
216 0.8968000000000003
217 0.8904000000000001
218 0.8860000000000001
219 0.882
220 0.8775999999999999
221 0.8724000000000001
222 0.8672000000000001
223 0.8632000000000002
224 0.856
225 0.8524
226 0.8504
227 0.8512000000000003
228 0.8560000000000002
229 0.8620000000000002
230 0.8680000000000004
231 0.8776
232 0.8892000000000003
233 0.8992000000000001
234 0.9060000000000004
235 0.9108000000000003
236 0.9104000000000001
237 0.9096000000000001
238 0.9092000000000001
239 0.9048
240 0.9
241 0.8960000000000001
242 0.8896
243 0.8835999999999998
244 0.8784000000000001
245 0.8708
246 0.8676
247 0.8623999999999999
248 0.8580000000000001
249 0.8539999999999999
250 0.8528000000000001
251 0.8563999999999998
252 0.8603999999999999
253 0.8660000000000001
254 0.8708
255 0.8755999999999999
256 0.8860000000000001
257 0.902
258 0.9116000000000001
259 0.9131999999999999
260 0.9107999999999999
261 0.9116000000000001
262 0.9087999999999998
263 0.9052
264 0.8979999999999997
265 0.8947999999999999
266 0.8887999999999999
267 0.8835999999999998
268 0.8799999999999999
269 0.872
270 0.8684000000000002
271 0.8660000000000001
272 0.8623999999999999
273 0.86
274 0.8592000000000002
275 0.8623999999999998
276 0.8635999999999998
277 0.8692
278 0.8772
279 0.8820000000000001
280 0.8892000000000002
281 0.8956000000000002
282 0.9027999999999998
283 0.904
284 0.9064000000000001
285 0.9072000000000001
286 0.9032000000000001
287 0.9008000000000002
288 0.8972000000000001
289 0.894
290 0.8883999999999999
291 0.8847999999999999
292 0.8759999999999999
293 0.8700000000000001
294 0.8632000000000001
295 0.8576000000000001
296 0.8535999999999998
297 0.8492000000000002
298 0.8499999999999999
299 0.8512
300 0.8536000000000001
301 0.8664000000000001
302 0.8764000000000003
303 0.8815999999999999
304 0.8883999999999997
305 0.8979999999999998
306 0.9043999999999999
307 0.9132000000000001
308 0.9107999999999998
309 0.9059999999999999
310 0.9019999999999999
311 0.8980000000000002
312 0.8932000000000003
313 0.8884000000000004
314 0.8844000000000004
315 0.8808000000000004
316 0.8752000000000002
317 0.8684000000000005
318 0.8612000000000002
319 0.8556000000000001
320 0.8523999999999999
321 0.8488000000000001
322 0.8508000000000001
323 0.8512000000000002
324 0.8612000000000002
325 0.8648000000000002
326 0.8728
327 0.88
328 0.8871999999999999
329 0.8955999999999998
330 0.9044
331 0.9036
332 0.9044000000000001
333 0.904
334 0.8996
335 0.8939999999999999
336 0.8884000000000002
337 0.8856000000000002
338 0.8804000000000001
339 0.8760000000000001
340 0.8724000000000001
341 0.8636000000000003
342 0.8552000000000001
343 0.8512000000000001
344 0.8460000000000002
345 0.8428000000000001
346 0.8424
347 0.8476
348 0.8532000000000002
349 0.8588000000000003
350 0.8660000000000002
351 0.8736
352 0.8804000000000001
353 0.89
354 0.8976000000000001
355 0.9003999999999999
356 0.9003999999999999
357 0.8984000000000002
358 0.8968
359 0.8932000000000002
360 0.8900000000000002
361 0.8840000000000003
362 0.8768000000000002
363 0.8720000000000002
364 0.8676
365 0.8628000000000001
366 0.8568000000000001
367 0.8524
368 0.8492000000000001
369 0.8467999999999999
370 0.8464
371 0.8524000000000004
372 0.8616000000000003
373 0.8724000000000001
374 0.8772000000000001
375 0.8832000000000001
376 0.8924000000000002
377 0.8972000000000002
378 0.9080000000000003
379 0.9116
380 0.9123999999999998
381 0.9076000000000002
382 0.9036000000000002
383 0.8980000000000004
384 0.8940000000000003
385 0.8916000000000004
386 0.8860000000000003
387 0.8800000000000003
388 0.8744000000000001
389 0.8684000000000001
390 0.8640000000000002
391 0.8612000000000002
392 0.8568000000000002
393 0.8528
394 0.8540000000000002
395 0.8544000000000003
396 0.8612000000000002
397 0.8688000000000001
398 0.8772000000000001
399 0.8836000000000002
400 0.8972000000000001
401 0.9139999999999999
402 0.92
403 0.9236000000000001
404 0.9232
405 0.9216
406 0.9188000000000001
407 0.9156
408 0.9128000000000001
409 0.9052000000000001
410 0.8996000000000002
411 0.8956000000000002
412 0.8884000000000003
413 0.8808000000000002
414 0.8760000000000002
415 0.8712000000000002
416 0.8672000000000003
417 0.8628000000000003
418 0.8604000000000004
419 0.8616000000000001
420 0.8640000000000001
421 0.8691999999999999
422 0.8695999999999999
423 0.8760000000000001
424 0.8848000000000001
425 0.8899999999999999
426 0.8971999999999999
427 0.9024000000000001
428 0.9000000000000001
429 0.9012000000000002
430 0.8960000000000002
431 0.8944000000000003
432 0.8880000000000002
433 0.8864000000000003
434 0.8792000000000004
435 0.8696
436 0.8672
437 0.8619999999999999
438 0.8567999999999999
439 0.8516000000000001
440 0.8451999999999998
441 0.8423999999999995
442 0.8415999999999998
443 0.846
444 0.8524000000000004
445 0.8608000000000002
446 0.8668000000000005
447 0.8724000000000001
448 0.8844000000000001
449 0.8940000000000002
450 0.9051999999999998
451 0.9116000000000001
452 0.9124000000000003
453 0.9112
454 0.9084000000000002
455 0.9024000000000002
456 0.8956000000000002
457 0.8880000000000001
458 0.8816000000000002
459 0.8764
460 0.8724
461 0.8647999999999999
462 0.8619999999999999
463 0.8608
464 0.8535999999999998
465 0.8527999999999999
466 0.8515999999999997
467 0.8555999999999999
468 0.8596
469 0.8624
470 0.8684000000000002
471 0.8724000000000001
472 0.8844000000000004
473 0.8964000000000003
474 0.9040000000000004
475 0.9100000000000001
476 0.9132000000000002
477 0.9124000000000002
478 0.9072000000000001
479 0.9016000000000004
480 0.8988000000000004
481 0.8944000000000004
482 0.8908000000000003
483 0.8848000000000005
484 0.8800000000000004
485 0.8728000000000005
486 0.8692000000000004
487 0.8656000000000003
488 0.8628000000000003
489 0.8596000000000004
490 0.8592000000000004
491 0.8620000000000004
492 0.8680000000000005
493 0.8768000000000002
494 0.8804000000000005
495 0.8820000000000001
496 0.8928
497 0.9024000000000001
498 0.9076000000000002
499 0.914
500 0.9143999999999999
501 0.9128000000000001
502 0.9112
503 0.9044000000000001
504 0.9004000000000001
505 0.8932000000000002
506 0.888
507 0.8807999999999997
508 0.8724
509 0.8668
510 0.8620000000000003
511 0.8552000000000001
512 0.8512000000000001
513 0.8488000000000002
514 0.8544000000000003
515 0.8588000000000003
516 0.8616000000000004
517 0.8688000000000001
518 0.8756
519 0.8815999999999999
520 0.8896000000000002
521 0.8943999999999999
522 0.9024000000000001
523 0.9064000000000003
524 0.9076000000000002
525 0.9040000000000002
526 0.8996000000000001
527 0.8936
528 0.8896
529 0.8824
530 0.8760000000000002
531 0.8708000000000002
532 0.8660000000000002
533 0.8572000000000002
534 0.8540000000000002
535 0.8500000000000001
536 0.8480000000000001
537 0.8416000000000001
538 0.8404
539 0.8432
540 0.8503999999999999
541 0.8564
542 0.8615999999999999
543 0.8687999999999999
544 0.8799999999999997
545 0.8931999999999998
546 0.9019999999999997
547 0.9059999999999997
548 0.9055999999999997
549 0.9027999999999997
550 0.8992
551 0.8944
552 0.8887999999999999
553 0.8852
554 0.8791999999999999
555 0.8700000000000001
556 0.8660000000000001
557 0.8623999999999999
558 0.8564
559 0.8527999999999999
560 0.848
561 0.8475999999999999
562 0.8476
563 0.8503999999999999
564 0.8540000000000002
565 0.8608000000000001
566 0.8672000000000001
567 0.8779999999999998
568 0.8887999999999998
569 0.9076000000000002
570 0.9124000000000001
571 0.9148
572 0.9100000000000003
573 0.9084000000000002
574 0.9060000000000001
575 0.9028
576 0.8956000000000002
577 0.8880000000000001
578 0.8864000000000002
579 0.8776
580 0.872
581 0.868
582 0.8644000000000002
583 0.8616000000000003
584 0.8596000000000003
585 0.8576000000000004
586 0.8564000000000003
587 0.8592000000000002
588 0.8636000000000003
589 0.8680000000000002
590 0.8715999999999999
591 0.8843999999999999
592 0.8947999999999999
593 0.9011999999999999
594 0.9100000000000001
595 0.9116
596 0.9100000000000001
597 0.9052000000000002
598 0.8948
599 0.8852000000000004
600 0.8812000000000002
601 0.8752000000000004
602 0.8704000000000005
603 0.8644000000000003
604 0.8572000000000003
605 0.8544000000000003
606 0.8504
607 0.8456
608 0.8432000000000001
609 0.8395999999999999
610 0.8392000000000001
611 0.8468000000000001
612 0.8520000000000002
613 0.858
614 0.8608000000000001
615 0.87
616 0.8808000000000001
617 0.8964
618 0.9043999999999996
619 0.9083999999999999
620 0.9063999999999998
621 0.9028
622 0.8983999999999998
623 0.8943999999999995
624 0.8887999999999997
625 0.8843999999999995
626 0.8803999999999997
627 0.8731999999999998
628 0.8695999999999997
629 0.8635999999999998
630 0.8591999999999997
631 0.8555999999999999
632 0.8512
633 0.85
634 0.8512000000000001
635 0.8556
636 0.8639999999999999
637 0.8692
638 0.8764000000000002
639 0.8839999999999998
640 0.8983999999999999
641 0.9088
642 0.9132000000000003
643 0.9152000000000001
644 0.9160000000000003
645 0.9144000000000004
646 0.9092000000000003
647 0.9052000000000001
648 0.9032000000000001
649 0.8988
650 0.8916
651 0.8852000000000001
652 0.8776
653 0.87
654 0.8619999999999999
655 0.8576
656 0.8528
657 0.8496000000000001
658 0.8483999999999999
659 0.8447999999999998
660 0.8439999999999998
661 0.8512
662 0.8592000000000004
663 0.8644000000000003
664 0.8756000000000002
665 0.8939999999999999
666 0.8987999999999999
667 0.9096
668 0.9079999999999998
669 0.9043999999999995
670 0.8995999999999998
671 0.8939999999999999
672 0.8876000000000001
673 0.8820000000000001
674 0.8755999999999999
675 0.8720000000000002
676 0.8643999999999998
677 0.8595999999999999
678 0.8568000000000001
679 0.85
680 0.8423999999999999
681 0.8403999999999999
682 0.8383999999999997
683 0.8403999999999999
684 0.8459999999999998
685 0.8599999999999998
686 0.8640000000000001
687 0.8700000000000001
688 0.8764
689 0.8896
690 0.9007999999999999
691 0.9060000000000001
692 0.9059999999999998
693 0.8987999999999998
694 0.8923999999999999
695 0.8896
696 0.8836000000000003
697 0.8792000000000002
698 0.8724000000000001
699 0.8684000000000002
700 0.8660000000000002
701 0.8624000000000003
702 0.8596
703 0.8532000000000001
704 0.8519999999999999
705 0.8492000000000002
706 0.8480000000000003
707 0.8488000000000002
708 0.8543999999999998
709 0.8572
710 0.8656
711 0.8776000000000002
712 0.8864000000000002
713 0.8944
714 0.9015999999999998
715 0.9019999999999999
716 0.9028
717 0.9044000000000003
718 0.9016000000000003
719 0.8960000000000002
720 0.8932000000000003
721 0.8916000000000003
722 0.8832000000000002
723 0.8756000000000003
724 0.8656000000000003
725 0.8632000000000004
726 0.8588000000000003
727 0.8548000000000002
728 0.8552000000000003
729 0.8532000000000002
730 0.8540000000000005
731 0.8572000000000002
732 0.8656000000000003
733 0.8736000000000002
734 0.8835999999999999
735 0.8872
736 0.8988000000000003
737 0.9076
738 0.9176000000000001
739 0.9199999999999998
740 0.916
741 0.9116000000000001
742 0.9068000000000002
743 0.9032000000000003
744 0.8968000000000004
745 0.8908000000000003
746 0.8832000000000002
747 0.8775999999999999
748 0.8704
749 0.8648
750 0.8612000000000002
751 0.8568000000000003
752 0.8484000000000002
753 0.8436
754 0.8420000000000001
755 0.8436000000000001
756 0.8472000000000002
757 0.8516000000000002
758 0.8568000000000001
759 0.8627999999999997
760 0.8744000000000001
761 0.8828000000000001
762 0.8939999999999999
763 0.8983999999999999
764 0.9028
765 0.9000000000000001
766 0.8948
767 0.892
768 0.8860000000000001
769 0.8776
770 0.8732
771 0.8684000000000002
772 0.8619999999999999
773 0.8552
774 0.8488
775 0.8416
776 0.8367999999999999
777 0.8331999999999999
778 0.8316
779 0.8315999999999998
780 0.8408000000000001
781 0.8512000000000003
782 0.8564000000000002
783 0.8660000000000003
784 0.8816000000000002
785 0.8952
786 0.9079999999999998
787 0.9144000000000001
788 0.9168000000000002
789 0.9152000000000001
790 0.9104000000000002
791 0.9032000000000002
792 0.8996000000000002
793 0.8956000000000002
794 0.8896000000000001
795 0.8815999999999999
796 0.8756000000000002
797 0.8684000000000003
798 0.8632000000000001
799 0.8584000000000002
800 0.8515999999999999
801 0.8447999999999999
802 0.8392000000000001
803 0.8416000000000001
804 0.8463999999999998
805 0.8540000000000002
806 0.8584000000000002
807 0.8656000000000001
808 0.8736
809 0.8848
810 0.8939999999999999
811 0.8972000000000001
812 0.8948
813 0.892
814 0.8860000000000002
815 0.8832000000000003
816 0.8792000000000003
817 0.8772000000000003
818 0.8708000000000002
819 0.8652000000000004
820 0.8588000000000002
821 0.8528000000000001
822 0.8476000000000004
823 0.8420000000000006
824 0.8344000000000004
825 0.8316000000000001
826 0.8328000000000002
827 0.8392000000000001
828 0.8480000000000004
829 0.8532000000000001
830 0.8584
831 0.8672
832 0.8755999999999999
833 0.8835999999999999
834 0.8928000000000001
835 0.8988000000000003
836 0.9016000000000001
837 0.8976000000000003
838 0.8944000000000004
839 0.8860000000000001
840 0.8804000000000001
841 0.8744
842 0.8664000000000002
843 0.8608000000000005
844 0.8548000000000002
845 0.8516000000000001
846 0.8484000000000002
847 0.8412000000000002
848 0.8420000000000002
849 0.84
850 0.8456
851 0.8496000000000002
852 0.8564000000000003
853 0.8648000000000003
854 0.8764000000000003
855 0.8808
856 0.8892
857 0.9039999999999999
858 0.91
859 0.9128000000000001
860 0.9111999999999999
861 0.9067999999999999
862 0.9023999999999998
863 0.8971999999999999
864 0.8899999999999997
865 0.8851999999999998
866 0.8804000000000001
867 0.8763999999999998
868 0.8699999999999999
869 0.8636000000000001
870 0.8540000000000001
871 0.8476
872 0.8412
873 0.8351999999999999
874 0.8303999999999998
875 0.8332
876 0.8364
877 0.8395999999999999
878 0.8476
879 0.8523999999999999
880 0.8627999999999999
881 0.8796
882 0.8968000000000004
883 0.9004000000000003
884 0.9044000000000003
885 0.9
886 0.8932000000000003
887 0.8892000000000003
888 0.8816000000000002
889 0.8796000000000003
890 0.8752000000000002
891 0.8696000000000003
892 0.8656000000000001
893 0.8592000000000003
894 0.8572000000000003
895 0.8544000000000003
896 0.8532
897 0.8488
898 0.8484000000000003
899 0.8536000000000001
900 0.8596
901 0.8708000000000001
902 0.8772000000000001
903 0.8831999999999998
904 0.8916
905 0.9048000000000002
906 0.9124000000000001
907 0.9152
908 0.9164
909 0.9139999999999999
910 0.9092
911 0.9024
912 0.8984000000000002
913 0.8912000000000003
914 0.8828000000000001
915 0.8760000000000002
916 0.8684000000000003
917 0.8616000000000004
918 0.8564
919 0.8504
920 0.8455999999999999
921 0.8412000000000001
922 0.8388
923 0.8380000000000003
924 0.8432000000000002
925 0.8472
926 0.8528000000000001
927 0.8579999999999999
928 0.8735999999999997
929 0.8872
930 0.8984000000000001
931 0.8991999999999998
932 0.8947999999999999
933 0.8903999999999997
934 0.8883999999999999
935 0.8819999999999999
936 0.8736
937 0.8672
938 0.8624
939 0.856
940 0.8480000000000001
941 0.8448
942 0.8416000000000001
943 0.8396000000000001
944 0.8356
945 0.8336000000000001
946 0.8316000000000002
947 0.8396000000000002
948 0.8472000000000004
949 0.8588000000000003
950 0.8680000000000001
951 0.8756000000000003
952 0.8844000000000003
953 0.894
954 0.9024
955 0.9047999999999999
956 0.9024
957 0.9012
958 0.8988
959 0.8936
960 0.8891999999999998
961 0.884
962 0.8796
963 0.8760000000000001
964 0.87
965 0.8679999999999999
966 0.8639999999999999
967 0.8592
968 0.8547999999999999
969 0.8492000000000001
970 0.8508
971 0.8551999999999998
972 0.8607999999999998
973 0.8695999999999999
974 0.8776
975 0.8836000000000002
976 0.8952000000000004
977 0.9040000000000005
978 0.91
979 0.9116000000000003
980 0.9124000000000002
981 0.9084000000000002
982 0.9028
983 0.8939999999999999
984 0.8884000000000001
985 0.8828000000000001
986 0.8768000000000002
987 0.8716000000000004
988 0.8680000000000001
989 0.8615999999999999
990 0.8579999999999997
991 0.8532
992 0.8488
993 0.8432000000000001
994 0.8412000000000001
995 0.8456
996 0.8491999999999997
997 0.8539999999999999
998 0.8604
999 0.8636000000000001
1000 0.8724
1001 0.8884000000000001
1002 0.8976000000000001
1003 0.8992000000000001
1004 0.8976000000000002
1005 0.8980000000000001
1006 0.8936000000000003
1007 0.89
1008 0.8784000000000001
1009 0.8724
1010 0.8647999999999999
1011 0.8536
1012 0.8447999999999999
1013 0.8367999999999999
1014 0.8319999999999999
1015 0.8271999999999998
1016 0.8231999999999999
1017 0.8212
1018 0.8204
1019 0.8248000000000001
1020 0.8296000000000001
1021 0.8367999999999999
1022 0.8443999999999997
1023 0.8548000000000002
1024 0.8699999999999999
1025 0.8832
1026 0.8916
1027 0.8996
1028 0.8980000000000001
1029 0.8920000000000005
1030 0.884
1031 0.8767999999999998
1032 0.8695999999999998
1033 0.8644
1034 0.8624
1035 0.8536
1036 0.8472000000000002
1037 0.8428
1038 0.8392000000000001
1039 0.8360000000000002
1040 0.8308000000000001
1041 0.8256000000000001
1042 0.8228
1043 0.8295999999999998
1044 0.834
1045 0.8472000000000002
1046 0.8532000000000002
1047 0.8596000000000003
1048 0.872
1049 0.8872000000000003
1050 0.8960000000000002
1051 0.9036000000000002
1052 0.9024000000000001
1053 0.8948
1054 0.8928
1055 0.8904000000000001
1056 0.8848
1057 0.88
1058 0.8744000000000003
1059 0.8683999999999998
1060 0.8647999999999999
1061 0.8575999999999999
1062 0.8528
1063 0.8472000000000002
1064 0.8436
1065 0.8443999999999998
1066 0.8448
1067 0.8504
1068 0.8552000000000001
1069 0.8675999999999999
1070 0.8756
1071 0.8788000000000002
1072 0.8888000000000004
1073 0.8948
1074 0.9024000000000001
1075 0.9048000000000003
1076 0.9080000000000003
1077 0.9044000000000003
1078 0.9008000000000004
1079 0.8976000000000003
1080 0.8924000000000001
1081 0.884
1082 0.8780000000000001
1083 0.8719999999999999
1084 0.8647999999999999
1085 0.8599999999999999
1086 0.856
1087 0.8536
1088 0.848
1089 0.8479999999999999
1090 0.8447999999999998
1091 0.8452
1092 0.8508
1093 0.8563999999999998
1094 0.8651999999999999
1095 0.8703999999999997
1096 0.8772
1097 0.8936
1098 0.9048000000000002
1099 0.9091999999999999
1100 0.9080000000000001
1101 0.9039999999999999
1102 0.8955999999999998
1103 0.8904
1104 0.8839999999999998
1105 0.878
1106 0.8739999999999998
1107 0.8663999999999998
1108 0.8592
1109 0.8523999999999999
1110 0.8468000000000001
1111 0.8428000000000001
1112 0.8380000000000001
1113 0.8344000000000001
1114 0.8408
1115 0.8416
1116 0.8476
1117 0.8512
1118 0.8559999999999998
1119 0.8647999999999999
1120 0.8747999999999999
1121 0.8864
1122 0.8984000000000002
1123 0.9044000000000001
1124 0.9032000000000001
1125 0.9036000000000002
1126 0.8996
1127 0.8960000000000001
1128 0.8915999999999998
1129 0.8864
1130 0.8775999999999999
1131 0.8636
1132 0.8551999999999998
1133 0.8463999999999997
1134 0.8407999999999997
1135 0.8343999999999997
1136 0.828
1137 0.8227999999999999
1138 0.8231999999999999
1139 0.8276
1140 0.8304000000000002
1141 0.8384
1142 0.8428000000000001
1143 0.8484000000000002
1144 0.8556000000000004
1145 0.8680000000000002
1146 0.8808000000000004
1147 0.8860000000000002
1148 0.8868000000000003
1149 0.8840000000000002
1150 0.8832000000000001
1151 0.8752000000000001
1152 0.8664000000000001
1153 0.8592
1154 0.85
1155 0.8464000000000002
1156 0.8388000000000002
1157 0.8316
1158 0.8256
1159 0.8212
1160 0.8148000000000002
1161 0.8096000000000003
1162 0.8084000000000003
1163 0.8084
1164 0.8188000000000001
1165 0.8288000000000001
1166 0.8363999999999998
1167 0.846
1168 0.8567999999999999
1169 0.8756
1170 0.8855999999999997
1171 0.8872
1172 0.8884000000000001
1173 0.8887999999999999
1174 0.8859999999999999
1175 0.8832
1176 0.8768
1177 0.8688000000000001
1178 0.8628
1179 0.8552
1180 0.8472
1181 0.84
1182 0.8328000000000002
1183 0.8280000000000001
1184 0.8252000000000002
1185 0.8220000000000001
1186 0.8179999999999998
1187 0.8203999999999998
1188 0.8284
1189 0.8407999999999999
1190 0.8492000000000002
1191 0.8576000000000001
1192 0.8675999999999998
1193 0.8811999999999998
1194 0.8904
1195 0.8952000000000001
1196 0.8944000000000003
1197 0.8908000000000003
1198 0.8852000000000001
1199 0.8836000000000002
1200 0.8760000000000003
1201 0.8704000000000002
1202 0.8628000000000001
1203 0.8568000000000001
1204 0.8532000000000001
1205 0.8400000000000002
1206 0.8352
1207 0.8288
1208 0.8244
1209 0.8216
1210 0.8219999999999998
1211 0.8256
1212 0.8331999999999998
1213 0.8388
1214 0.8447999999999997
1215 0.8563999999999998
1216 0.8691999999999999
1217 0.8867999999999998
1218 0.8956000000000001
1219 0.9004000000000001
1220 0.902
1221 0.8991999999999999
1222 0.8936
1223 0.8852000000000001
1224 0.8791999999999999
1225 0.8732
1226 0.8708
1227 0.8640000000000001
1228 0.8596000000000003
1229 0.8564000000000002
1230 0.8528000000000001
1231 0.8516000000000001
1232 0.8492000000000001
1233 0.8463999999999998
1234 0.8444000000000003
1235 0.8504
1236 0.8544000000000002
1237 0.8652
1238 0.8736000000000002
1239 0.8772000000000003
1240 0.888
1241 0.8995999999999998
1242 0.9052
1243 0.9024
1244 0.9031999999999999
1245 0.9016
1246 0.8971999999999999
1247 0.8915999999999998
1248 0.8859999999999998
1249 0.8792
1250 0.8740000000000001
1251 0.8680000000000002
1252 0.8608000000000001
1253 0.8543999999999999
1254 0.8496000000000001
1255 0.8456000000000004
1256 0.8384000000000004
1257 0.8356000000000001
1258 0.8336000000000002
1259 0.8348000000000004
1260 0.8404000000000004
1261 0.8476000000000004
1262 0.8540000000000003
1263 0.8592000000000002
1264 0.8688000000000002
1265 0.8856000000000003
1266 0.894
1267 0.9028
1268 0.9064
1269 0.9056000000000002
1270 0.9020000000000001
1271 0.8932000000000003
1272 0.8864000000000003
1273 0.8816000000000003
1274 0.8760000000000002
1275 0.8684000000000002
1276 0.8620000000000004
1277 0.8536000000000001
1278 0.8476000000000004
1279 0.8420000000000002
1280 0.8392000000000002
1281 0.8376000000000005
1282 0.8400000000000003
1283 0.8404
1284 0.8492000000000002
1285 0.8536000000000002
1286 0.8568000000000002
1287 0.8624000000000003
1288 0.8759999999999999
1289 0.8908000000000001
1290 0.894
1291 0.8964
1292 0.8928000000000001
1293 0.8884000000000003
1294 0.8836000000000002
1295 0.8800000000000001
1296 0.8716000000000002
1297 0.8664000000000002
1298 0.8612000000000002
1299 0.8548000000000003
1300 0.8472
1301 0.8400000000000002
1302 0.8360000000000001
1303 0.8292000000000002
1304 0.8252000000000003
1305 0.8240000000000002
1306 0.8248000000000002
1307 0.8260000000000001
1308 0.8268000000000001
1309 0.8351999999999997
1310 0.8452000000000004
1311 0.8552000000000003
1312 0.8640000000000002
1313 0.8812000000000001
1314 0.8868000000000003
1315 0.8948000000000002
1316 0.8992000000000001
1317 0.8936
1318 0.8883999999999999
1319 0.8876
1320 0.8812000000000003
1321 0.8748000000000004
1322 0.8680000000000001
1323 0.8628
1324 0.8571999999999999
1325 0.8483999999999999
1326 0.8448
1327 0.8375999999999999
1328 0.8343999999999998
1329 0.8307999999999999
1330 0.8279999999999997
1331 0.8295999999999997
1332 0.8359999999999999
1333 0.8463999999999997
1334 0.8535999999999996
1335 0.8619999999999999
1336 0.8715999999999999
1337 0.8883999999999999
1338 0.8983999999999999
1339 0.8979999999999997
1340 0.8983999999999996
1341 0.8963999999999998
1342 0.8879999999999998
1343 0.8824
1344 0.8755999999999999
1345 0.8715999999999999
1346 0.8660000000000001
1347 0.8619999999999999
1348 0.8599999999999999
1349 0.8543999999999999
1350 0.8512000000000002
1351 0.8456
1352 0.8404
1353 0.8332
1354 0.8323999999999999
1355 0.8372000000000002
1356 0.8428
1357 0.8512
1358 0.8583999999999999
1359 0.8656
1360 0.8763999999999998
1361 0.8867999999999999
1362 0.8952
1363 0.9048000000000002
1364 0.9024000000000001
1365 0.9032000000000002
1366 0.9008000000000002
1367 0.8952000000000004
1368 0.8892
1369 0.8844000000000001
1370 0.8764
1371 0.8711999999999999
1372 0.8644
1373 0.858
1374 0.8532
1375 0.8471999999999998
1376 0.8432
1377 0.8407999999999999
1378 0.8423999999999999
1379 0.848
1380 0.8512000000000002
1381 0.8544000000000002
1382 0.8644
1383 0.8691999999999999
1384 0.8816000000000002
1385 0.8916000000000001
1386 0.8931999999999999
1387 0.8967999999999998
1388 0.8972
1389 0.8940000000000002
1390 0.8840000000000003
1391 0.8776000000000002
1392 0.8708000000000001
1393 0.8616000000000001
1394 0.8556000000000004
1395 0.8504000000000002
1396 0.8424
1397 0.8351999999999999
1398 0.8316000000000001
1399 0.8276000000000002
1400 0.8204000000000005
1401 0.8132000000000004
1402 0.8136000000000003
1403 0.8168000000000002
1404 0.8200000000000003
1405 0.8284
1406 0.8364000000000003
1407 0.8467999999999999
1408 0.8539999999999998
1409 0.8664000000000001
1410 0.8812000000000001
1411 0.8875999999999997
1412 0.892
1413 0.8924000000000001
1414 0.8884000000000003
1415 0.8820000000000001
1416 0.8768000000000002
1417 0.8656000000000003
1418 0.8588000000000002
1419 0.8512000000000002
1420 0.8432
1421 0.8368000000000001
1422 0.8324000000000003
1423 0.8280000000000003
1424 0.8248000000000002
1425 0.8172000000000001
1426 0.8160000000000001
1427 0.8191999999999999
1428 0.8244000000000001
1429 0.8380000000000003
1430 0.8488000000000002
1431 0.8644000000000003
1432 0.8723999999999998
1433 0.8852
1434 0.8915999999999997
1435 0.8963999999999994
1436 0.8911999999999999
1437 0.8844
1438 0.8791999999999999
1439 0.8719999999999998
1440 0.8687999999999997
1441 0.8607999999999998
1442 0.8551999999999998
1443 0.85
1444 0.8456
1445 0.8384
1446 0.8355999999999999
1447 0.8316
1448 0.8292
1449 0.8263999999999999
1450 0.8228000000000002
1451 0.8284000000000004
1452 0.8364000000000003
1453 0.8412000000000001
1454 0.8532
1455 0.8628
1456 0.8752000000000001
1457 0.8852000000000002
1458 0.898
1459 0.9016000000000001
1460 0.9020000000000001
1461 0.8992000000000001
1462 0.8932000000000001
1463 0.8896000000000002
1464 0.8832000000000002
1465 0.8736000000000002
1466 0.8676
1467 0.8608000000000002
1468 0.8532000000000004
1469 0.8460000000000004
1470 0.8388000000000004
1471 0.8340000000000002
1472 0.8304000000000002
1473 0.8292000000000002
1474 0.8248000000000001
1475 0.8280000000000004
1476 0.8320000000000003
1477 0.8372000000000003
1478 0.8495999999999999
1479 0.8623999999999999
1480 0.8744
1481 0.8924000000000001
1482 0.9004000000000003
1483 0.9028000000000003
1484 0.9028000000000002
1485 0.9040000000000004
1486 0.8976000000000001
1487 0.8928
1488 0.8896000000000001
1489 0.8815999999999999
1490 0.8752000000000001
1491 0.8680000000000004
1492 0.8624000000000004
1493 0.8532000000000004
1494 0.8496000000000002
1495 0.8480000000000003
1496 0.8452000000000004
1497 0.8416000000000002
1498 0.8404000000000004
1499 0.8424
1500 0.8468000000000002
1501 0.8548
1502 0.8599999999999999
1503 0.8692000000000004
1504 0.8772000000000001
1505 0.8836000000000003
1506 0.8908000000000003
1507 0.8948000000000002
1508 0.8911999999999999
1509 0.8883999999999999
1510 0.8835999999999998
1511 0.88
1512 0.8752000000000001
1513 0.8696
1514 0.8631999999999997
1515 0.8552
1516 0.8488
1517 0.8464
1518 0.8440000000000001
1519 0.8388000000000001
1520 0.8360000000000001
1521 0.8356000000000001
1522 0.8368000000000003
1523 0.8364000000000001
1524 0.8404000000000004
1525 0.8419999999999999
1526 0.8535999999999997
1527 0.8676
1528 0.8796
1529 0.8868
1530 0.894
1531 0.8996000000000001
1532 0.8976000000000001
1533 0.8952000000000002
1534 0.8900000000000002
1535 0.8840000000000005
1536 0.8780000000000004
1537 0.8732000000000003
1538 0.8636000000000003
1539 0.8568000000000001
1540 0.8495999999999998
1541 0.8423999999999999
1542 0.8364
1543 0.8320000000000003
1544 0.824
1545 0.82
1546 0.8219999999999998
1547 0.8247999999999999
1548 0.8271999999999998
1549 0.8351999999999999
1550 0.8428000000000001
1551 0.8520000000000002
1552 0.8628000000000001
1553 0.8775999999999999
1554 0.8880000000000001
1555 0.8959999999999999
1556 0.8952000000000002
1557 0.8892000000000003
1558 0.8852000000000001
1559 0.8776
1560 0.8748
1561 0.87
1562 0.8592
1563 0.8536000000000001
1564 0.8480000000000003
1565 0.8444000000000004
1566 0.8420000000000002
1567 0.8388000000000002
1568 0.8348000000000002
1569 0.8331999999999999
1570 0.8316000000000001
1571 0.8336
1572 0.8427999999999999
1573 0.852
1574 0.8616000000000003
1575 0.8692
1576 0.8796
1577 0.8931999999999998
1578 0.9007999999999999
1579 0.9035999999999998
1580 0.9039999999999999
1581 0.8976
1582 0.8916
1583 0.8784000000000002
1584 0.8684000000000001
1585 0.8612000000000002
1586 0.8536000000000002
1587 0.8472000000000004
1588 0.8412000000000003
1589 0.8376
1590 0.8331999999999999
1591 0.8288
1592 0.8244
1593 0.8244
1594 0.8244000000000002
1595 0.8284000000000001
1596 0.8320000000000001
1597 0.8387999999999998
1598 0.8455999999999997
1599 0.8543999999999999
1600 0.8644
1601 0.8740000000000001
1602 0.8848
1603 0.8876000000000002
1604 0.8904000000000001
1605 0.8912000000000002
1606 0.8868
1607 0.8835999999999999
1608 0.8772
1609 0.8712000000000003
1610 0.8660000000000003
1611 0.8572000000000002
1612 0.8488000000000001
1613 0.8404
1614 0.8360000000000002
1615 0.8312000000000002
1616 0.8276000000000003
1617 0.8236000000000003
1618 0.8192
1619 0.8268000000000001
1620 0.8288
1621 0.84
1622 0.8467999999999999
1623 0.8564
1624 0.8724
1625 0.8911999999999999
1626 0.9012000000000003
1627 0.9040000000000002
1628 0.9032000000000001
1629 0.8987999999999999
1630 0.8947999999999999
1631 0.8891999999999999
1632 0.8839999999999999
1633 0.8739999999999999
1634 0.8647999999999999
1635 0.8607999999999998
1636 0.8532000000000002
1637 0.8460000000000004
1638 0.8400000000000003
1639 0.8348000000000003
1640 0.8268000000000001
1641 0.8200000000000002
1642 0.8188
1643 0.8236
1644 0.8292
1645 0.8364
1646 0.8412000000000001
1647 0.8459999999999996
1648 0.8552000000000001
1649 0.8679999999999999
1650 0.8791999999999999
1651 0.8876000000000001
1652 0.8892000000000003
1653 0.8900000000000002
1654 0.8828000000000005
1655 0.8712000000000003
1656 0.8640000000000002
1657 0.8572000000000002
1658 0.8552000000000001
1659 0.8512000000000001
1660 0.8472
1661 0.8388000000000002
1662 0.8332000000000002
1663 0.8288000000000002
1664 0.8228
1665 0.8203999999999999
1666 0.8192
1667 0.8248000000000003
1668 0.8392000000000002
1669 0.8440000000000001
1670 0.8472000000000002
1671 0.8540000000000001
1672 0.8636000000000001
1673 0.8732000000000003
1674 0.8784000000000001
1675 0.882
1676 0.8764000000000002
1677 0.8728000000000001
1678 0.8648000000000002
1679 0.8576
1680 0.8503999999999999
1681 0.8476000000000002
1682 0.8404
1683 0.8371999999999999
1684 0.8324000000000001
1685 0.8256
1686 0.8195999999999998
1687 0.8195999999999998
1688 0.8167999999999997
1689 0.8143999999999998
1690 0.8139999999999997
1691 0.8175999999999997
1692 0.826
1693 0.838
1694 0.8459999999999998
1695 0.8580000000000002
1696 0.8724
1697 0.8864
1698 0.8979999999999997
1699 0.8975999999999997
1700 0.8951999999999998
1701 0.8923999999999999
1702 0.8876
1703 0.8832
1704 0.8768
1705 0.8688000000000002
1706 0.8612000000000003
1707 0.8580000000000004
1708 0.8552000000000001
1709 0.8495999999999999
1710 0.848
1711 0.8435999999999999
1712 0.8391999999999998
1713 0.8383999999999999
1714 0.8379999999999999
1715 0.8392000000000001
1716 0.8448000000000004
1717 0.8548
1718 0.8576000000000004
1719 0.8648
1720 0.8759999999999998
1721 0.8872000000000001
1722 0.8968
1723 0.9003999999999999
1724 0.8983999999999999
1725 0.8976000000000001
1726 0.8939999999999999
1727 0.8859999999999998
1728 0.8792
1729 0.8724000000000001
1730 0.8648
1731 0.8572
1732 0.852
1733 0.8436000000000001
1734 0.8368000000000001
1735 0.828
1736 0.8215999999999998
1737 0.816
1738 0.8139999999999997
1739 0.8147999999999999
1740 0.8216000000000002
1741 0.8296000000000001
1742 0.8408
1743 0.846
1744 0.8588000000000003
1745 0.8764
1746 0.8864000000000002
1747 0.8904
1748 0.8892
1749 0.8868
1750 0.8824000000000001
1751 0.8768
1752 0.8692000000000002
1753 0.8636000000000001
1754 0.8583999999999999
1755 0.8508000000000001
1756 0.8436
1757 0.8371999999999999
1758 0.8307999999999996
1759 0.8268
1760 0.8199999999999998
1761 0.8188
1762 0.8183999999999999
1763 0.8235999999999999
1764 0.8339999999999997
1765 0.8427999999999999
1766 0.8548000000000002
1767 0.8636
1768 0.8776
1769 0.8932000000000002
1770 0.9000000000000001
1771 0.9040000000000002
1772 0.9012000000000002
1773 0.8960000000000002
1774 0.8908000000000004
1775 0.8828000000000003
1776 0.8772000000000004
1777 0.8700000000000003
1778 0.8648000000000003
1779 0.8576000000000004
1780 0.8512000000000003
1781 0.8460000000000004
1782 0.8408000000000002
1783 0.8344
1784 0.8268000000000001
1785 0.8228000000000004
1786 0.8208000000000001
1787 0.8224000000000002
1788 0.8304000000000004
1789 0.8372000000000002
1790 0.8344000000000001
1791 0.8460000000000002
1792 0.8588
1793 0.8708000000000005
1794 0.8888000000000001
1795 0.8892000000000002
1796 0.8908
1797 0.8872000000000001
1798 0.8860000000000001
1799 0.8808
1800 0.8784000000000001
1801 0.8728
1802 0.8667999999999999
1803 0.8603999999999999
1804 0.8540000000000001
1805 0.8464000000000003
1806 0.8412000000000002
1807 0.8372000000000002
1808 0.8344000000000001
1809 0.8320000000000002
1810 0.8300000000000002
1811 0.8367999999999999
1812 0.8404
1813 0.8480000000000003
1814 0.8608000000000002
1815 0.8692000000000003
1816 0.8792000000000002
1817 0.8916000000000001
1818 0.8984000000000001
1819 0.9011999999999999
1820 0.8996
1821 0.8971999999999999
1822 0.8924000000000001
1823 0.8832000000000001
1824 0.8788000000000001
1825 0.8748
1826 0.8648000000000003
1827 0.8592000000000002
1828 0.8560000000000002
1829 0.8508000000000002
1830 0.8460000000000002
1831 0.8392000000000002
1832 0.8340000000000001
1833 0.8295999999999998
1834 0.8271999999999998
1835 0.8275999999999999
1836 0.8352
1837 0.8420000000000002
1838 0.8512000000000001
1839 0.86
1840 0.8684000000000001
1841 0.8780000000000001
1842 0.8875999999999996
1843 0.8916000000000001
1844 0.8916000000000003
1845 0.8872000000000003
1846 0.8836000000000003
1847 0.8776000000000002
1848 0.8708
1849 0.8643999999999998
1850 0.8576000000000001
1851 0.8523999999999999
1852 0.8427999999999998
1853 0.8379999999999999
1854 0.8335999999999999
1855 0.8311999999999999
1856 0.8239999999999997
1857 0.8207999999999999
1858 0.8179999999999998
1859 0.8235999999999999
1860 0.83
1861 0.8384
1862 0.8456
1863 0.8552000000000004
1864 0.8632000000000001
1865 0.8748
1866 0.8836000000000002
1867 0.8916000000000003
1868 0.8916000000000004
1869 0.8904000000000002
1870 0.8880000000000001
1871 0.8811999999999999
1872 0.8752
1873 0.8655999999999999
1874 0.8583999999999999
1875 0.8539999999999999
1876 0.8492000000000001
1877 0.8439999999999999
1878 0.8403999999999999
1879 0.8368000000000001
1880 0.8319999999999999
1881 0.8296000000000001
1882 0.8296000000000001
1883 0.8312000000000002
1884 0.8403999999999999
1885 0.8488
1886 0.8536000000000002
1887 0.8640000000000001
1888 0.8740000000000001
1889 0.8880000000000001
1890 0.8960000000000002
1891 0.8972000000000001
1892 0.8960000000000002
1893 0.8968000000000003
1894 0.8936
1895 0.8884000000000001
1896 0.8824000000000002
1897 0.8768
1898 0.87
1899 0.8628000000000001
1900 0.8564000000000002
1901 0.8504
1902 0.8432
1903 0.8403999999999999
1904 0.8355999999999999
1905 0.8296000000000001
1906 0.8284000000000001
1907 0.8340000000000003
1908 0.8372000000000003
1909 0.8408000000000001
1910 0.8500000000000003
1911 0.8596000000000003
1912 0.8720000000000002
1913 0.8859999999999999
1914 0.8928
1915 0.9008000000000002
1916 0.9012000000000002
1917 0.8972
1918 0.8943999999999999
1919 0.8883999999999999
1920 0.8819999999999999
1921 0.8755999999999999
1922 0.8668
1923 0.8596000000000003
1924 0.8512000000000002
1925 0.846
1926 0.8412000000000001
1927 0.8332000000000004
1928 0.8288000000000002
1929 0.8232000000000004
1930 0.8248000000000003
1931 0.8272000000000002
1932 0.8336
1933 0.8420000000000001
1934 0.8472
1935 0.8620000000000002
1936 0.8744000000000003
1937 0.8828000000000001
1938 0.8944000000000001
1939 0.9012000000000003
1940 0.8976000000000003
1941 0.8956000000000002
1942 0.8924000000000004
1943 0.8848000000000004
1944 0.8760000000000002
1945 0.8676000000000005
1946 0.8592000000000002
1947 0.8528
1948 0.8464000000000002
1949 0.8372000000000002
1950 0.8276000000000003
1951 0.8228000000000003
1952 0.8184
1953 0.8124000000000001
1954 0.8132000000000003
1955 0.8168000000000002
1956 0.8211999999999999
1957 0.8267999999999998
1958 0.8327999999999999
1959 0.8395999999999999
1960 0.8544000000000002
1961 0.8720000000000003
1962 0.8844000000000001
1963 0.8883999999999999
1964 0.8923999999999999
1965 0.8899999999999999
1966 0.8876
1967 0.8832000000000001
1968 0.8763999999999997
1969 0.8707999999999997
1970 0.8651999999999996
1971 0.8583999999999999
1972 0.8500000000000001
1973 0.8444000000000002
1974 0.8380000000000001
1975 0.8331999999999999
1976 0.8295999999999998
1977 0.8263999999999996
1978 0.8268000000000001
1979 0.8344000000000001
1980 0.8432
1981 0.8504
1982 0.8592000000000002
1983 0.8668
1984 0.8736
1985 0.8828
1986 0.8896
1987 0.8936
1988 0.8931999999999997
1989 0.8887999999999999
1990 0.8815999999999999
1991 0.8768000000000004
1992 0.8716000000000002
1993 0.862
1994 0.8488000000000002
1995 0.8440000000000002
1996 0.8371999999999999
1997 0.8280000000000001
1998 0.8232
1999 0.8180000000000001
