1 1.0
2 1.0
3 1.0
4 1.0
5 0.9992
6 0.9963999999999998
7 0.9963999999999998
8 0.9963999999999998
9 0.9947999999999998
10 0.9931999999999997
11 0.9927999999999999
12 0.9919999999999999
13 0.9907999999999998
14 0.9899999999999999
15 0.9891999999999997
16 0.9887999999999998
17 0.9871999999999997
18 0.9863999999999996
19 0.9859999999999997
20 0.9859999999999997
21 0.9847999999999995
22 0.9847999999999995
23 0.9843999999999994
24 0.9843999999999994
25 0.9839999999999995
26 0.9823999999999997
27 0.9799999999999998
28 0.9799999999999998
29 0.9779999999999996
30 0.9775999999999998
31 0.9763999999999997
32 0.9723999999999997
33 0.9711999999999997
34 0.9707999999999997
35 0.9687999999999997
36 0.9663999999999998
37 0.9655999999999998
38 0.9647999999999999
39 0.9636
40 0.9623999999999999
41 0.9616
42 0.9611999999999999
43 0.9611999999999999
44 0.9599999999999999
45 0.9587999999999998
46 0.9571999999999998
47 0.9571999999999998
48 0.9567999999999998
49 0.9559999999999998
50 0.9551999999999997
51 0.9547999999999998
52 0.9539999999999997
53 0.9535999999999997
54 0.9531999999999996
55 0.9527999999999998
56 0.9519999999999997
57 0.9507999999999996
58 0.9483999999999998
59 0.9479999999999997
60 0.9459999999999998
61 0.9443999999999998
62 0.9435999999999999
63 0.9419999999999998
64 0.9411999999999999
65 0.9404
66 0.9404
67 0.9404
68 0.9392
69 0.9388000000000001
70 0.9380000000000002
71 0.9372000000000001
72 0.9364
73 0.9343999999999998
74 0.9343999999999998
75 0.9327999999999999
76 0.9327999999999999
77 0.9327999999999999
78 0.9323999999999999
79 0.9316
80 0.9295999999999998
81 0.9287999999999998
82 0.9279999999999998
83 0.9268
84 0.9251999999999998
85 0.9247999999999998
86 0.9235999999999999
87 0.9235999999999999
88 0.9235999999999999
89 0.9231999999999999
90 0.922
91 0.9208
92 0.9203999999999999
93 0.9196000000000001
94 0.9188000000000001
95 0.9176000000000001
96 0.9168
97 0.9164
98 0.9152000000000001
99 0.9144000000000001
100 0.9128000000000001
101 0.9111999999999999
102 0.9096
103 0.9087999999999999
104 0.9084
105 0.9084
106 0.9084
107 0.9067999999999999
108 0.9047999999999999
109 0.9023999999999998
110 0.9011999999999999
111 0.9007999999999998
112 0.8991999999999999
113 0.8987999999999998
114 0.8967999999999998
115 0.8959999999999998
116 0.8947999999999999
117 0.8939999999999999
118 0.8939999999999999
119 0.8923999999999999
120 0.8911999999999998
121 0.8891999999999998
122 0.8876
123 0.8867999999999999
124 0.8860000000000001
125 0.8848
126 0.8844000000000001
127 0.8828
128 0.8815999999999999
129 0.8792
130 0.8787999999999999
131 0.8787999999999999
132 0.8784000000000001
133 0.8767999999999999
134 0.8752
135 0.8744000000000001
136 0.8736
137 0.8728
138 0.8716000000000002
139 0.8687999999999999
140 0.8684000000000001
141 0.8684000000000001
142 0.8672000000000001
143 0.8664000000000002
144 0.8656
145 0.8652000000000001
146 0.8648
147 0.8640000000000002
148 0.8636000000000001
149 0.8636000000000001
150 0.8632000000000002
151 0.8624000000000003
152 0.8608000000000002
153 0.8600000000000001
154 0.8596
155 0.8592
156 0.8592
157 0.8588000000000001
158 0.8572
159 0.8568000000000001
160 0.8548
161 0.8548
162 0.8548
163 0.8544000000000002
164 0.8528000000000001
165 0.8516000000000001
166 0.8516000000000001
167 0.8516000000000001
168 0.8512000000000002
169 0.8512000000000002
170 0.8500000000000003
171 0.8492000000000003
172 0.8484000000000002
173 0.8480000000000003
174 0.8472000000000003
175 0.8468000000000002
176 0.8456000000000001
177 0.8452000000000003
178 0.8448000000000002
179 0.8444000000000003
180 0.8436000000000001
181 0.8428000000000001
182 0.8428000000000001
183 0.8420000000000002
184 0.8412000000000001
185 0.8396000000000001
186 0.8388000000000001
187 0.8384
188 0.8376
189 0.8371999999999999
190 0.8371999999999999
191 0.8371999999999999
192 0.8368000000000001
193 0.8368000000000001
194 0.8364
195 0.836
196 0.8347999999999999
197 0.8347999999999999
198 0.834
199 0.8327999999999999
200 0.8323999999999999
201 0.8316
202 0.83
203 0.8284
204 0.8276
205 0.8271999999999999
206 0.826
207 0.8251999999999999
208 0.8240000000000001
209 0.8240000000000001
210 0.8236
211 0.8231999999999999
212 0.8228
213 0.8216
214 0.8208
215 0.82
216 0.8188000000000001
217 0.8188000000000001
218 0.8184000000000001
219 0.8172000000000001
220 0.8156
221 0.8140000000000001
222 0.8136000000000001
223 0.8136000000000001
224 0.8124000000000001
225 0.8104
226 0.8096000000000001
227 0.8088000000000001
228 0.8084000000000002
229 0.8080000000000002
230 0.8080000000000002
231 0.8080000000000002
232 0.8076000000000002
233 0.8072000000000001
234 0.8072000000000001
235 0.8072000000000001
236 0.8072000000000001
237 0.8056
238 0.8056
239 0.8048000000000001
240 0.804
241 0.804
242 0.8032
243 0.8008000000000003
244 0.8004000000000002
245 0.7988000000000001
246 0.7984000000000002
247 0.7984000000000002
248 0.7980000000000002
249 0.7968000000000001
250 0.7948000000000002
251 0.7936000000000001
252 0.7928000000000002
253 0.7920000000000001
254 0.7912000000000002
255 0.7908000000000002
256 0.79
257 0.7896
258 0.7884
259 0.7879999999999999
260 0.7875999999999999
261 0.7875999999999999
262 0.7872
263 0.7867999999999999
264 0.7863999999999999
265 0.7863999999999999
266 0.7859999999999998
267 0.7851999999999998
268 0.7843999999999999
269 0.7827999999999998
270 0.7815999999999999
271 0.7803999999999999
272 0.7799999999999998
273 0.7799999999999998
274 0.7791999999999999
275 0.7787999999999999
276 0.7783999999999999
277 0.778
278 0.7771999999999999
279 0.7767999999999998
280 0.7763999999999999
281 0.7755999999999998
282 0.7736
283 0.7728
284 0.7716
285 0.7704
286 0.7704
287 0.7696
288 0.7696
289 0.7688000000000001
290 0.7668000000000003
291 0.7660000000000002
292 0.7660000000000002
293 0.7656000000000003
294 0.7652000000000002
295 0.7652000000000002
296 0.7648000000000001
297 0.7640000000000002
298 0.7636000000000003
299 0.7636000000000003
300 0.7636000000000003
301 0.7632000000000002
302 0.7628000000000001
303 0.7624000000000002
304 0.7616
305 0.7612000000000001
306 0.7612000000000001
307 0.7612000000000001
308 0.7604000000000001
309 0.7596000000000003
310 0.7588000000000003
311 0.7584000000000002
312 0.7584000000000002
313 0.7576000000000002
314 0.7568000000000003
315 0.7568000000000003
316 0.7568000000000003
317 0.7564000000000002
318 0.7556000000000002
319 0.7552000000000002
320 0.7544000000000003
321 0.7540000000000002
322 0.7540000000000002
323 0.7540000000000002
324 0.7540000000000002
325 0.7536000000000002
326 0.7536000000000002
327 0.7536000000000002
328 0.7524000000000001
329 0.7520000000000002
330 0.7516000000000002
331 0.7512000000000002
332 0.7496000000000003
333 0.7496000000000003
334 0.7492000000000002
335 0.7488000000000001
336 0.748
337 0.748
338 0.7472
339 0.7468
340 0.7468
341 0.7468
342 0.7468
343 0.7468
344 0.7468
345 0.7468
346 0.7464
347 0.7460000000000001
348 0.7456
349 0.7456
350 0.7456
351 0.7448
352 0.7444
353 0.7436000000000001
354 0.7424000000000001
355 0.7424000000000001
356 0.7424000000000001
357 0.7412000000000001
358 0.7404
359 0.7387999999999999
360 0.7376
361 0.7372
362 0.7367999999999999
363 0.736
364 0.7356
365 0.7352
366 0.7348
367 0.7343999999999999
368 0.7339999999999999
369 0.7336
370 0.7328
371 0.7328
372 0.7323999999999999
373 0.7323999999999999
374 0.7315999999999999
375 0.7315999999999999
376 0.7315999999999999
377 0.73
378 0.73
379 0.73
380 0.7284
381 0.7276
382 0.7276
383 0.7272
384 0.7272
385 0.7272
386 0.7264
387 0.7260000000000001
388 0.7260000000000001
389 0.7243999999999999
390 0.7243999999999999
391 0.7235999999999998
392 0.7227999999999999
393 0.7227999999999999
394 0.7216
395 0.7216
396 0.7204
397 0.7204
398 0.7196000000000001
399 0.718
400 0.7168000000000001
401 0.7164
402 0.7164
403 0.7156
404 0.7152000000000001
405 0.7152000000000001
406 0.7148
407 0.7148
408 0.7144000000000001
409 0.7132000000000001
410 0.7124000000000001
411 0.7112
412 0.7108000000000001
413 0.7108000000000001
414 0.7108000000000001
415 0.7104
416 0.7104
417 0.7104
418 0.7100000000000002
419 0.7100000000000002
420 0.7088000000000001
421 0.7076000000000002
422 0.7068000000000002
423 0.7064000000000001
424 0.7056000000000001
425 0.7048000000000002
426 0.7036000000000002
427 0.7032000000000003
428 0.7032000000000003
429 0.7020000000000002
430 0.7020000000000002
431 0.7020000000000002
432 0.7020000000000002
433 0.7020000000000002
434 0.7012
435 0.7012
436 0.7008000000000001
437 0.7004
438 0.7000000000000002
439 0.6988000000000001
440 0.6984000000000001
441 0.6984000000000001
442 0.6980000000000001
443 0.6964000000000001
444 0.6956000000000002
445 0.6948000000000002
446 0.6948000000000002
447 0.6928000000000002
448 0.6924000000000001
449 0.6920000000000001
450 0.6912
451 0.6908
452 0.69
453 0.6896
454 0.6888
455 0.6884
456 0.6868
457 0.6864
458 0.6859999999999999
459 0.6851999999999999
460 0.6848000000000001
461 0.6848000000000001
462 0.6836
463 0.6836
464 0.6832
465 0.6824000000000001
466 0.6812
467 0.6808000000000001
468 0.6808000000000001
469 0.6804000000000001
470 0.6796000000000001
471 0.6792
472 0.6788
473 0.6779999999999999
474 0.6779999999999999
475 0.6772
476 0.6772
477 0.6768000000000001
478 0.6768000000000001
479 0.6764
480 0.6759999999999999
481 0.6759999999999999
482 0.6759999999999999
483 0.6756
484 0.6756
485 0.6747999999999998
486 0.6739999999999999
487 0.6736
488 0.6731999999999999
489 0.6728000000000001
490 0.6724
491 0.6724
492 0.672
493 0.6716
494 0.6716
495 0.6716
496 0.6712
497 0.6712
498 0.6712
499 0.6712
500 0.6712
501 0.6704000000000001
502 0.6704000000000001
503 0.6704000000000001
504 0.6704000000000001
505 0.6704000000000001
506 0.6704000000000001
507 0.6692
508 0.6692
509 0.6692
510 0.6688
511 0.6684
512 0.6679999999999999
513 0.6679999999999999
514 0.6668000000000001
515 0.6668000000000001
516 0.6664
517 0.6656
518 0.6656
519 0.6652000000000001
520 0.6648000000000001
521 0.6632000000000001
522 0.6628000000000001
523 0.6628000000000001
524 0.6624000000000001
525 0.6624000000000001
526 0.6624000000000001
527 0.662
528 0.662
529 0.6616000000000001
530 0.6616000000000001
531 0.6616000000000001
532 0.6608000000000002
533 0.6608000000000002
534 0.6608000000000002
535 0.6596000000000001
536 0.6592000000000001
537 0.6584
538 0.6584
539 0.6584
540 0.6580000000000001
541 0.6572000000000001
542 0.6552
543 0.6552
544 0.6548
545 0.6536
546 0.6536
547 0.6532000000000001
548 0.6528
549 0.652
550 0.652
551 0.6512
552 0.6504000000000001
553 0.6504000000000001
554 0.6504000000000001
555 0.65
556 0.6496000000000001
557 0.6484000000000001
558 0.6484000000000001
559 0.6472000000000001
560 0.6468
561 0.6460000000000001
562 0.6460000000000001
563 0.6456000000000002
564 0.6456000000000002
565 0.6452000000000001
566 0.6452000000000001
567 0.6448000000000002
568 0.6448000000000002
569 0.6448000000000002
570 0.6436000000000002
571 0.6436000000000002
572 0.6436000000000002
573 0.6436000000000002
574 0.6420000000000001
575 0.6420000000000001
576 0.6412000000000002
577 0.6412000000000002
578 0.6412000000000002
579 0.6412000000000002
580 0.6412000000000002
581 0.6408000000000001
582 0.6396000000000002
583 0.6388000000000001
584 0.6384000000000002
585 0.6380000000000002
586 0.6380000000000002
587 0.6372000000000002
588 0.6372000000000002
589 0.6372000000000002
590 0.6368000000000001
591 0.6364000000000002
592 0.6356000000000002
593 0.6352000000000001
594 0.6348000000000001
595 0.6344000000000001
596 0.6344000000000001
597 0.6340000000000001
598 0.6336000000000002
599 0.6332000000000001
600 0.6332000000000001
601 0.6328000000000001
602 0.6328000000000001
603 0.6324000000000002
604 0.6324000000000002
605 0.6316000000000002
606 0.6316000000000002
607 0.6316000000000002
608 0.6308000000000002
609 0.6304000000000002
610 0.6304000000000002
611 0.6288000000000002
612 0.6280000000000002
613 0.6280000000000002
614 0.6280000000000002
615 0.6280000000000002
616 0.6280000000000002
617 0.6280000000000002
618 0.6280000000000002
619 0.6276000000000002
620 0.6268000000000001
621 0.6260000000000001
622 0.6260000000000001
623 0.6260000000000001
624 0.6260000000000001
625 0.6256000000000002
626 0.6256000000000002
627 0.6256000000000002
628 0.6256000000000002
629 0.6252000000000002
630 0.6252000000000002
631 0.6248000000000001
632 0.6248000000000001
633 0.6240000000000002
634 0.6240000000000002
635 0.6228000000000002
636 0.6224000000000003
637 0.6224000000000003
638 0.6220000000000002
639 0.6216000000000002
640 0.6216000000000002
641 0.6212000000000002
642 0.6208000000000002
643 0.6200000000000001
644 0.6192000000000002
645 0.6188000000000001
646 0.6172000000000001
647 0.6164000000000002
648 0.6160000000000001
649 0.6156000000000001
650 0.6156000000000001
651 0.6152000000000002
652 0.6152000000000002
653 0.6152000000000002
654 0.6144000000000002
655 0.6140000000000002
656 0.6140000000000002
657 0.6136000000000003
658 0.6136000000000003
659 0.6132000000000002
660 0.6124000000000003
661 0.6124000000000003
662 0.6124000000000003
663 0.6124000000000003
664 0.6116000000000003
665 0.6116000000000003
666 0.6112000000000003
667 0.6108000000000002
668 0.6108000000000002
669 0.6104000000000003
670 0.6092000000000002
671 0.6088000000000002
672 0.6084000000000003
673 0.6080000000000002
674 0.6080000000000002
675 0.6080000000000002
676 0.6080000000000002
677 0.6080000000000002
678 0.6080000000000002
679 0.6080000000000002
680 0.6076000000000001
681 0.6068000000000001
682 0.6064
683 0.6064
684 0.6060000000000001
685 0.6060000000000001
686 0.6060000000000001
687 0.6060000000000001
688 0.6052000000000001
689 0.6048000000000001
690 0.6044
691 0.6044
692 0.6044
693 0.6044
694 0.6032000000000001
695 0.6032000000000001
696 0.6032000000000001
697 0.6032000000000001
698 0.6032000000000001
699 0.6032000000000001
700 0.6028000000000001
701 0.6024
702 0.6020000000000001
703 0.6020000000000001
704 0.6012000000000001
705 0.6008000000000001
706 0.6008000000000001
707 0.6008000000000001
708 0.6004000000000002
709 0.6004000000000002
710 0.6004000000000002
711 0.6000000000000001
712 0.5996000000000001
713 0.5996000000000001
714 0.5996000000000001
715 0.5996000000000001
716 0.5996000000000001
717 0.5992000000000001
718 0.5992000000000001
719 0.5988000000000001
720 0.5988000000000001
721 0.5988000000000001
722 0.5988000000000001
723 0.5988000000000001
724 0.5984000000000002
725 0.5984000000000002
726 0.5980000000000001
727 0.5980000000000001
728 0.5976000000000001
729 0.5968000000000001
730 0.5964000000000002
731 0.5964000000000002
732 0.5960000000000001
733 0.5960000000000001
734 0.5956000000000001
735 0.5952000000000001
736 0.5952000000000001
737 0.5948
738 0.5944
739 0.5940000000000001
740 0.5940000000000001
741 0.5940000000000001
742 0.5940000000000001
743 0.5932000000000001
744 0.5932000000000001
745 0.5932000000000001
746 0.5932000000000001
747 0.5932000000000001
748 0.5932000000000001
749 0.5924
750 0.5920000000000001
751 0.5920000000000001
752 0.5920000000000001
753 0.5920000000000001
754 0.5908000000000001
755 0.5908000000000001
756 0.5904
757 0.5904
758 0.5904
759 0.5904
760 0.5896
761 0.5892000000000001
762 0.5888
763 0.5884
764 0.5884
765 0.5884
766 0.5884
767 0.5880000000000001
768 0.5876
769 0.5871999999999999
770 0.5871999999999999
771 0.5871999999999999
772 0.5871999999999999
773 0.5864
774 0.586
775 0.586
776 0.5855999999999999
777 0.5848
778 0.5844
779 0.5844
780 0.584
781 0.584
782 0.5836
783 0.5836
784 0.5832
785 0.5828
786 0.5816
787 0.5804
788 0.58
789 0.58
790 0.58
791 0.5796
792 0.5788
793 0.5784
794 0.5784
795 0.5784
796 0.5784
797 0.5784
798 0.5784
799 0.5784
800 0.5784
801 0.5784
802 0.5784
803 0.5784
804 0.5784
805 0.5780000000000001
806 0.5776
807 0.5776
808 0.5768
809 0.576
810 0.5756
811 0.5751999999999999
812 0.5744
813 0.574
814 0.5732
815 0.5728
816 0.5728
817 0.5724
818 0.5724
819 0.5724
820 0.5724
821 0.5724
822 0.5724
823 0.5724
824 0.5724
825 0.5720000000000001
826 0.5720000000000001
827 0.5720000000000001
828 0.5716
829 0.5716
830 0.5708000000000001
831 0.5708000000000001
832 0.5700000000000001
833 0.5696000000000001
834 0.5696000000000001
835 0.5692
836 0.5688
837 0.5684
838 0.5684
839 0.5684
840 0.5676
841 0.5672
842 0.5672
843 0.5668
844 0.5668
845 0.5668
846 0.5668
847 0.5668
848 0.5668
849 0.5664
850 0.5660000000000001
851 0.5660000000000001
852 0.5660000000000001
853 0.5660000000000001
854 0.5660000000000001
855 0.5660000000000001
856 0.5656
857 0.5656
858 0.5656
859 0.5656
860 0.5652
861 0.5652
862 0.5648000000000001
863 0.5648000000000001
864 0.5640000000000001
865 0.5640000000000001
866 0.5636000000000001
867 0.5636000000000001
868 0.5636000000000001
869 0.5636000000000001
870 0.5636000000000001
871 0.5636000000000001
872 0.5636000000000001
873 0.5632
874 0.5624
875 0.5624
876 0.562
877 0.5616
878 0.5611999999999999
879 0.56
880 0.5592
881 0.5592
882 0.5592
883 0.5592
884 0.5592
885 0.5592
886 0.5588000000000001
887 0.5588000000000001
888 0.5588000000000001
889 0.5584
890 0.5576000000000001
891 0.5572
892 0.5572
893 0.5572
894 0.5568000000000001
895 0.5564000000000001
896 0.5564000000000001
897 0.556
898 0.5552
899 0.5548000000000001
900 0.5548000000000001
901 0.5548000000000001
902 0.5548000000000001
903 0.5548000000000001
904 0.5544
905 0.554
906 0.554
907 0.554
908 0.554
909 0.554
910 0.554
911 0.5536000000000001
912 0.5536000000000001
913 0.5532
914 0.5532
915 0.5528000000000001
916 0.5524
917 0.5524
918 0.552
919 0.552
920 0.552
921 0.552
922 0.552
923 0.5516000000000001
924 0.5516000000000001
925 0.5516000000000001
926 0.5516000000000001
927 0.5516000000000001
928 0.5512
929 0.5508000000000001
930 0.5508000000000001
931 0.5504000000000001
932 0.5504000000000001
933 0.5504000000000001
934 0.5504000000000001
935 0.55
936 0.55
937 0.55
938 0.55
939 0.5496000000000001
940 0.5496000000000001
941 0.5492000000000001
942 0.5488000000000001
943 0.5488000000000001
944 0.5484000000000001
945 0.5484000000000001
946 0.5480000000000002
947 0.5480000000000002
948 0.5480000000000002
949 0.5480000000000002
950 0.5480000000000002
951 0.5480000000000002
952 0.5476000000000001
953 0.5476000000000001
954 0.5476000000000001
955 0.5472000000000001
956 0.5472000000000001
957 0.5472000000000001
958 0.5472000000000001
959 0.5468000000000001
960 0.5468000000000001
961 0.5468000000000001
962 0.5468000000000001
963 0.5464000000000001
964 0.546
965 0.5456000000000001
966 0.5456000000000001
967 0.5456000000000001
968 0.5452000000000001
969 0.5452000000000001
970 0.5452000000000001
971 0.5452000000000001
972 0.5448000000000001
973 0.5444000000000001
974 0.5444000000000001
975 0.5444000000000001
976 0.5436000000000001
977 0.5432000000000001
978 0.5432000000000001
979 0.5416000000000001
980 0.5416000000000001
981 0.5412
982 0.5404000000000001
983 0.54
984 0.5396000000000001
985 0.5388000000000001
986 0.5384000000000001
987 0.5384000000000001
988 0.5368000000000002
989 0.5364000000000001
990 0.5364000000000001
991 0.5364000000000001
992 0.536
993 0.536
994 0.536
995 0.5344000000000001
996 0.5344000000000001
997 0.5340000000000001
998 0.5340000000000001
999 0.5336000000000002
1000 0.5336000000000002
1001 0.5336000000000002
1002 0.5332000000000001
1003 0.5332000000000001
1004 0.5332000000000001
1005 0.5328000000000002
1006 0.5324000000000002
1007 0.5324000000000002
1008 0.5320000000000001
1009 0.5320000000000001
1010 0.5320000000000001
1011 0.5316000000000002
1012 0.5316000000000002
1013 0.5316000000000002
1014 0.5312000000000001
1015 0.5312000000000001
1016 0.5304000000000001
1017 0.5300000000000001
1018 0.5296000000000002
1019 0.5296000000000002
1020 0.5292000000000001
1021 0.5292000000000001
1022 0.5288000000000002
1023 0.5288000000000002
1024 0.5284000000000002
1025 0.5284000000000002
1026 0.5284000000000002
1027 0.5284000000000002
1028 0.5284000000000002
1029 0.5276000000000002
1030 0.5272000000000002
1031 0.5272000000000002
1032 0.5268000000000002
1033 0.5268000000000002
1034 0.5268000000000002
1035 0.5268000000000002
1036 0.5264000000000002
1037 0.5264000000000002
1038 0.5260000000000001
1039 0.5260000000000001
1040 0.5256000000000001
1041 0.5252
1042 0.5248
1043 0.5244000000000001
1044 0.5244000000000001
1045 0.5244000000000001
1046 0.524
1047 0.5236000000000001
1048 0.5224000000000001
1049 0.5224000000000001
1050 0.5224000000000001
1051 0.5220000000000001
1052 0.5220000000000001
1053 0.5216000000000001
1054 0.5212000000000001
1055 0.5208000000000002
1056 0.5204000000000001
1057 0.5204000000000001
1058 0.5204000000000001
1059 0.5200000000000001
1060 0.5200000000000001
1061 0.5200000000000001
1062 0.5200000000000001
1063 0.5200000000000001
1064 0.5200000000000001
1065 0.5196000000000002
1066 0.5192000000000001
1067 0.5188000000000001
1068 0.5188000000000001
1069 0.5188000000000001
1070 0.5184000000000002
1071 0.5184000000000002
1072 0.5184000000000002
1073 0.5184000000000002
1074 0.5172000000000001
1075 0.5172000000000001
1076 0.5172000000000001
1077 0.5160000000000001
1078 0.5156000000000001
1079 0.5156000000000001
1080 0.5152
1081 0.5152
1082 0.5152
1083 0.5152
1084 0.5152
1085 0.5152
1086 0.5144000000000001
1087 0.5144000000000001
1088 0.5144000000000001
1089 0.5144000000000001
1090 0.5132000000000001
1091 0.5128
1092 0.5124000000000001
1093 0.5120000000000001
1094 0.5116
1095 0.5116
1096 0.5116
1097 0.5112000000000001
1098 0.5112000000000001
1099 0.5112000000000001
1100 0.5104000000000001
1101 0.5104000000000001
1102 0.5104000000000001
1103 0.5104000000000001
1104 0.5100000000000001
1105 0.5100000000000001
1106 0.5100000000000001
1107 0.5100000000000001
1108 0.5096
1109 0.5096
1110 0.5096
1111 0.5092000000000001
1112 0.5092000000000001
1113 0.5092000000000001
1114 0.5088000000000001
1115 0.5088000000000001
1116 0.5084000000000001
1117 0.5084000000000001
1118 0.5084000000000001
1119 0.5084000000000001
1120 0.5076
1121 0.5076
1122 0.5076
1123 0.5068
1124 0.5064000000000001
1125 0.5064000000000001
1126 0.5064000000000001
1127 0.5060000000000001
1128 0.5056
1129 0.5052
1130 0.5048
1131 0.5044
1132 0.5044
1133 0.5044
1134 0.5044
1135 0.5039999999999999
1136 0.5039999999999999
1137 0.5039999999999999
1138 0.5039999999999999
1139 0.5039999999999999
1140 0.5039999999999999
1141 0.5039999999999999
1142 0.5035999999999999
1143 0.5035999999999999
1144 0.5035999999999999
1145 0.5035999999999999
1146 0.5035999999999999
1147 0.5035999999999999
1148 0.5032
1149 0.5032
1150 0.5032
1151 0.5032
1152 0.5032
1153 0.5032
1154 0.5032
1155 0.5027999999999999
1156 0.502
1157 0.5015999999999999
1158 0.5011999999999999
1159 0.5011999999999999
1160 0.5011999999999999
1161 0.5011999999999999
1162 0.5011999999999999
1163 0.5004
1164 0.5004
1165 0.5004
1166 0.5004
1167 0.5004
1168 0.5004
1169 0.5004
1170 0.5004
1171 0.5004
1172 0.49999999999999994
1173 0.49999999999999994
1174 0.49959999999999993
1175 0.49959999999999993
1176 0.4991999999999999
1177 0.4991999999999999
1178 0.49879999999999997
1179 0.49839999999999995
1180 0.49839999999999995
1181 0.498
1182 0.49759999999999993
1183 0.4971999999999999
1184 0.49599999999999994
1185 0.49599999999999994
1186 0.49599999999999994
1187 0.49599999999999994
1188 0.49559999999999993
1189 0.49559999999999993
1190 0.4952
1191 0.4952
1192 0.4952
1193 0.4952
1194 0.4952
1195 0.49479999999999996
1196 0.49479999999999996
1197 0.49479999999999996
1198 0.49479999999999996
1199 0.49479999999999996
1200 0.49399999999999994
1201 0.49319999999999986
1202 0.49319999999999986
1203 0.49279999999999985
1204 0.49279999999999985
1205 0.49279999999999985
1206 0.49279999999999985
1207 0.49279999999999985
1208 0.49279999999999985
1209 0.49279999999999985
1210 0.4919999999999998
1211 0.4915999999999998
1212 0.49079999999999985
1213 0.49079999999999985
1214 0.4899999999999999
1215 0.4899999999999999
1216 0.4899999999999999
1217 0.4899999999999999
1218 0.4899999999999999
1219 0.4899999999999999
1220 0.48959999999999987
1221 0.48959999999999987
1222 0.48959999999999987
1223 0.48959999999999987
1224 0.48959999999999987
1225 0.48959999999999987
1226 0.48959999999999987
1227 0.48959999999999987
1228 0.48959999999999987
1229 0.48959999999999987
1230 0.48959999999999987
1231 0.48959999999999987
1232 0.48959999999999987
1233 0.48959999999999987
1234 0.48959999999999987
1235 0.48959999999999987
1236 0.48919999999999986
1237 0.48919999999999986
1238 0.48919999999999986
1239 0.48919999999999986
1240 0.48919999999999986
1241 0.48839999999999983
1242 0.48839999999999983
1243 0.48839999999999983
1244 0.48839999999999983
1245 0.4879999999999998
1246 0.4879999999999998
1247 0.4875999999999998
1248 0.48719999999999986
1249 0.48679999999999984
1250 0.4863999999999999
1251 0.4863999999999999
1252 0.4863999999999999
1253 0.4863999999999999
1254 0.4859999999999999
1255 0.4859999999999999
1256 0.4859999999999999
1257 0.4859999999999999
1258 0.48559999999999987
1259 0.48559999999999987
1260 0.48559999999999987
1261 0.48559999999999987
1262 0.48559999999999987
1263 0.48559999999999987
1264 0.48559999999999987
1265 0.4851999999999999
1266 0.4847999999999999
1267 0.4843999999999999
1268 0.484
1269 0.484
1270 0.4836
1271 0.4836
1272 0.4836
1273 0.4836
1274 0.4832
1275 0.4832
1276 0.4832
1277 0.4832
1278 0.4832
1279 0.4832
1280 0.4828
1281 0.4828
1282 0.4824
1283 0.4824
1284 0.4824
1285 0.4824
1286 0.4824
1287 0.48200000000000004
1288 0.48200000000000004
1289 0.48200000000000004
1290 0.48200000000000004
1291 0.48120000000000007
1292 0.48120000000000007
1293 0.48120000000000007
1294 0.48120000000000007
1295 0.48120000000000007
1296 0.48120000000000007
1297 0.48080000000000006
1298 0.48080000000000006
1299 0.48040000000000005
1300 0.4800000000000001
1301 0.4796000000000001
1302 0.4796000000000001
1303 0.4796000000000001
1304 0.4796000000000001
1305 0.47920000000000007
1306 0.47920000000000007
1307 0.4784000000000001
1308 0.4784000000000001
1309 0.4784000000000001
1310 0.47760000000000014
1311 0.47760000000000014
1312 0.47760000000000014
1313 0.47760000000000014
1314 0.47760000000000014
1315 0.47720000000000007
1316 0.47720000000000007
1317 0.47720000000000007
1318 0.47720000000000007
1319 0.47720000000000007
1320 0.47680000000000006
1321 0.47680000000000006
1322 0.4764000000000001
1323 0.4764000000000001
1324 0.4756000000000001
1325 0.47480000000000006
1326 0.47440000000000004
1327 0.47400000000000003
1328 0.47400000000000003
1329 0.47400000000000003
1330 0.4736000000000001
1331 0.4736000000000001
1332 0.4736000000000001
1333 0.4736000000000001
1334 0.4736000000000001
1335 0.4736000000000001
1336 0.4736000000000001
1337 0.4736000000000001
1338 0.4736000000000001
1339 0.4736000000000001
1340 0.47320000000000007
1341 0.47320000000000007
1342 0.47320000000000007
1343 0.4728000000000001
1344 0.4728000000000001
1345 0.4724000000000001
1346 0.4724000000000001
1347 0.4720000000000001
1348 0.47160000000000013
1349 0.47120000000000006
1350 0.47120000000000006
1351 0.47080000000000005
1352 0.47040000000000004
1353 0.47040000000000004
1354 0.47040000000000004
1355 0.47040000000000004
1356 0.47040000000000004
1357 0.47040000000000004
1358 0.47040000000000004
1359 0.4700000000000001
1360 0.4700000000000001
1361 0.4700000000000001
1362 0.4696000000000001
1363 0.4696000000000001
1364 0.46920000000000006
1365 0.46880000000000005
1366 0.46880000000000005
1367 0.468
1368 0.468
1369 0.468
1370 0.468
1371 0.468
1372 0.468
1373 0.46720000000000006
1374 0.46720000000000006
1375 0.4668
1376 0.4668
1377 0.4668
1378 0.4664
1379 0.4664
1380 0.4664
1381 0.4664
1382 0.4664
1383 0.4664
1384 0.4664
1385 0.4664
1386 0.4664
1387 0.4664
1388 0.4651999999999999
1389 0.4651999999999999
1390 0.4651999999999999
1391 0.4651999999999999
1392 0.4651999999999999
1393 0.4651999999999999
1394 0.4651999999999999
1395 0.4651999999999999
1396 0.4651999999999999
1397 0.4651999999999999
1398 0.4647999999999999
1399 0.4647999999999999
1400 0.4647999999999999
1401 0.46359999999999985
1402 0.46319999999999983
1403 0.46319999999999983
1404 0.46319999999999983
1405 0.46319999999999983
1406 0.46239999999999987
1407 0.46239999999999987
1408 0.46239999999999987
1409 0.4615999999999999
1410 0.4615999999999999
1411 0.4615999999999999
1412 0.4611999999999999
1413 0.4611999999999999
1414 0.4611999999999999
1415 0.46079999999999993
1416 0.4603999999999999
1417 0.45999999999999985
1418 0.45999999999999985
1419 0.45999999999999985
1420 0.45999999999999985
1421 0.4587999999999999
1422 0.4587999999999999
1423 0.4583999999999999
1424 0.4579999999999999
1425 0.4579999999999999
1426 0.4575999999999999
1427 0.45719999999999994
1428 0.45679999999999993
1429 0.4563999999999999
1430 0.4563999999999999
1431 0.4563999999999999
1432 0.4563999999999999
1433 0.45599999999999996
1434 0.45599999999999996
1435 0.45559999999999995
1436 0.4551999999999999
1437 0.45479999999999987
1438 0.45479999999999987
1439 0.45479999999999987
1440 0.45479999999999987
1441 0.45479999999999987
1442 0.45479999999999987
1443 0.4543999999999999
1444 0.4543999999999999
1445 0.4539999999999999
1446 0.4539999999999999
1447 0.45319999999999994
1448 0.45319999999999994
1449 0.45319999999999994
1450 0.45319999999999994
1451 0.45319999999999994
1452 0.45319999999999994
1453 0.4527999999999999
1454 0.45199999999999996
1455 0.45199999999999996
1456 0.45159999999999995
1457 0.45159999999999995
1458 0.45159999999999995
1459 0.45159999999999995
1460 0.4512
1461 0.4512
1462 0.4512
1463 0.4508
1464 0.45039999999999997
1465 0.45039999999999997
1466 0.45039999999999997
1467 0.45
1468 0.45
1469 0.45
1470 0.4496
1471 0.44919999999999993
1472 0.44919999999999993
1473 0.44919999999999993
1474 0.44919999999999993
1475 0.4488
1476 0.44839999999999997
1477 0.44839999999999997
1478 0.44799999999999995
1479 0.44799999999999995
1480 0.44799999999999995
1481 0.4475999999999999
1482 0.4475999999999999
1483 0.4475999999999999
1484 0.4475999999999999
1485 0.4475999999999999
1486 0.4475999999999999
1487 0.4475999999999999
1488 0.4475999999999999
1489 0.4475999999999999
1490 0.4471999999999998
1491 0.4471999999999998
1492 0.4471999999999998
1493 0.4471999999999998
1494 0.4471999999999998
1495 0.44679999999999986
1496 0.44679999999999986
1497 0.44639999999999985
1498 0.44639999999999985
1499 0.4459999999999999
1500 0.4459999999999999
1501 0.4459999999999999
1502 0.4459999999999999
1503 0.4459999999999999
1504 0.4455999999999999
1505 0.4455999999999999
1506 0.4451999999999998
1507 0.4451999999999998
1508 0.4451999999999998
1509 0.4451999999999998
1510 0.4451999999999998
1511 0.4447999999999998
1512 0.4447999999999998
1513 0.4447999999999998
1514 0.4447999999999998
1515 0.4447999999999998
1516 0.4447999999999998
1517 0.4447999999999998
1518 0.44399999999999984
1519 0.44399999999999984
1520 0.44399999999999984
1521 0.44359999999999983
1522 0.44359999999999983
1523 0.44359999999999983
1524 0.44359999999999983
1525 0.44359999999999983
1526 0.44359999999999983
1527 0.44359999999999983
1528 0.44319999999999987
1529 0.4423999999999999
1530 0.4423999999999999
1531 0.4423999999999999
1532 0.4419999999999999
1533 0.4419999999999999
1534 0.4415999999999999
1535 0.4411999999999999
1536 0.4407999999999999
1537 0.4407999999999999
1538 0.4407999999999999
1539 0.4407999999999999
1540 0.4407999999999999
1541 0.4407999999999999
1542 0.4407999999999999
1543 0.4403999999999999
1544 0.4403999999999999
1545 0.4403999999999999
1546 0.4403999999999999
1547 0.4403999999999999
1548 0.4403999999999999
1549 0.4403999999999999
1550 0.4403999999999999
1551 0.4403999999999999
1552 0.43999999999999995
1553 0.43999999999999995
1554 0.43959999999999994
1555 0.43959999999999994
1556 0.43959999999999994
1557 0.43959999999999994
1558 0.43959999999999994
1559 0.43959999999999994
1560 0.4391999999999999
1561 0.4391999999999999
1562 0.43879999999999997
1563 0.4383999999999999
1564 0.4383999999999999
1565 0.4383999999999999
1566 0.4383999999999999
1567 0.4383999999999999
1568 0.4383999999999999
1569 0.4379999999999999
1570 0.43759999999999993
1571 0.43759999999999993
1572 0.43759999999999993
1573 0.43759999999999993
1574 0.43759999999999993
1575 0.43759999999999993
1576 0.43759999999999993
1577 0.43759999999999993
1578 0.43759999999999993
1579 0.43759999999999993
1580 0.43759999999999993
1581 0.43759999999999993
1582 0.43759999999999993
1583 0.43759999999999993
1584 0.43759999999999993
1585 0.4371999999999999
1586 0.4371999999999999
1587 0.43679999999999986
1588 0.43679999999999986
1589 0.43679999999999986
1590 0.43639999999999984
1591 0.43639999999999984
1592 0.43639999999999984
1593 0.43639999999999984
1594 0.43639999999999984
1595 0.4359999999999999
1596 0.4355999999999999
1597 0.4355999999999999
1598 0.43519999999999986
1599 0.43519999999999986
1600 0.43519999999999986
1601 0.43519999999999986
1602 0.43519999999999986
1603 0.43519999999999986
1604 0.4347999999999999
1605 0.4343999999999999
1606 0.4343999999999999
1607 0.4343999999999999
1608 0.4343999999999999
1609 0.4343999999999999
1610 0.4343999999999999
1611 0.43399999999999994
1612 0.43399999999999994
1613 0.43399999999999994
1614 0.43359999999999993
1615 0.43359999999999993
1616 0.43359999999999993
1617 0.43359999999999993
1618 0.43279999999999985
1619 0.43279999999999985
1620 0.43279999999999985
1621 0.4323999999999999
1622 0.4319999999999999
1623 0.4319999999999999
1624 0.4319999999999999
1625 0.4319999999999999
1626 0.4319999999999999
1627 0.4319999999999999
1628 0.4319999999999999
1629 0.4319999999999999
1630 0.4319999999999999
1631 0.4319999999999999
1632 0.4319999999999999
1633 0.4319999999999999
1634 0.4319999999999999
1635 0.4319999999999999
1636 0.4315999999999999
1637 0.4315999999999999
1638 0.4311999999999999
1639 0.4311999999999999
1640 0.4311999999999999
1641 0.4307999999999999
1642 0.4307999999999999
1643 0.4303999999999999
1644 0.4303999999999999
1645 0.42999999999999994
1646 0.42999999999999994
1647 0.42999999999999994
1648 0.42999999999999994
1649 0.4295999999999999
1650 0.42919999999999997
1651 0.42879999999999996
1652 0.42879999999999996
1653 0.428
1654 0.4276
1655 0.4276
1656 0.4276
1657 0.4271999999999999
1658 0.4267999999999999
1659 0.4267999999999999
1660 0.4267999999999999
1661 0.4256
1662 0.42519999999999997
1663 0.4244
1664 0.4236
1665 0.4236
1666 0.4236
1667 0.4236
1668 0.4236
1669 0.4236
1670 0.4232
1671 0.4228
1672 0.4228
1673 0.4228
1674 0.4228
1675 0.4228
1676 0.4228
1677 0.4224
1678 0.4215999999999999
1679 0.4211999999999999
1680 0.4211999999999999
1681 0.42039999999999994
1682 0.42039999999999994
1683 0.41999999999999993
1684 0.41999999999999993
1685 0.41999999999999993
1686 0.41999999999999993
1687 0.41999999999999993
1688 0.41999999999999993
1689 0.41919999999999996
1690 0.41879999999999995
1691 0.41879999999999995
1692 0.41879999999999995
1693 0.418
1694 0.418
1695 0.418
1696 0.418
1697 0.418
1698 0.418
1699 0.418
1700 0.418
1701 0.418
1702 0.41759999999999997
1703 0.41679999999999995
1704 0.41639999999999994
1705 0.4159999999999999
1706 0.41559999999999997
1707 0.41559999999999997
1708 0.41559999999999997
1709 0.41479999999999995
1710 0.41479999999999995
1711 0.4143999999999999
1712 0.4143999999999999
1713 0.4143999999999999
1714 0.4135999999999999
1715 0.41319999999999996
1716 0.41319999999999996
1717 0.41319999999999996
1718 0.41279999999999994
1719 0.41239999999999993
1720 0.41239999999999993
1721 0.41239999999999993
1722 0.41239999999999993
1723 0.41239999999999993
1724 0.41239999999999993
1725 0.41239999999999993
1726 0.41239999999999993
1727 0.41239999999999993
1728 0.41239999999999993
1729 0.41199999999999987
1730 0.41199999999999987
1731 0.4115999999999999
1732 0.4115999999999999
1733 0.4111999999999999
1734 0.4111999999999999
1735 0.4111999999999999
1736 0.4107999999999999
1737 0.4107999999999999
1738 0.4107999999999999
1739 0.4107999999999999
1740 0.4107999999999999
1741 0.4107999999999999
1742 0.4107999999999999
1743 0.4107999999999999
1744 0.4107999999999999
1745 0.4107999999999999
1746 0.41039999999999993
1747 0.41039999999999993
1748 0.41039999999999993
1749 0.41039999999999993
1750 0.41039999999999993
1751 0.41039999999999993
1752 0.41039999999999993
1753 0.41039999999999993
1754 0.41039999999999993
1755 0.41039999999999993
1756 0.41039999999999993
1757 0.41039999999999993
1758 0.4099999999999999
1759 0.40959999999999985
1760 0.4091999999999998
1761 0.4091999999999998
1762 0.40879999999999983
1763 0.40879999999999983
1764 0.40879999999999983
1765 0.40879999999999983
1766 0.4083999999999998
1767 0.4083999999999998
1768 0.4083999999999998
1769 0.4083999999999998
1770 0.4083999999999998
1771 0.4083999999999998
1772 0.4083999999999998
1773 0.4083999999999998
1774 0.4083999999999998
1775 0.4083999999999998
1776 0.4079999999999998
1777 0.4079999999999998
1778 0.4079999999999998
1779 0.4079999999999998
1780 0.4079999999999998
1781 0.4079999999999998
1782 0.4079999999999998
1783 0.4079999999999998
1784 0.4079999999999998
1785 0.4079999999999998
1786 0.4079999999999998
1787 0.40759999999999985
1788 0.40759999999999985
1789 0.40759999999999985
1790 0.40759999999999985
1791 0.40759999999999985
1792 0.40759999999999985
1793 0.40759999999999985
1794 0.40679999999999983
1795 0.40679999999999983
1796 0.40679999999999983
1797 0.40679999999999983
1798 0.40679999999999983
1799 0.40679999999999983
1800 0.40679999999999983
1801 0.40679999999999983
1802 0.40679999999999983
1803 0.40679999999999983
1804 0.40679999999999983
1805 0.40679999999999983
1806 0.40679999999999983
1807 0.40679999999999983
1808 0.40679999999999983
1809 0.40679999999999983
1810 0.40679999999999983
1811 0.4063999999999999
1812 0.4063999999999999
1813 0.4063999999999999
1814 0.4063999999999999
1815 0.4063999999999999
1816 0.4059999999999998
1817 0.4059999999999998
1818 0.4059999999999998
1819 0.4059999999999998
1820 0.4055999999999998
1821 0.4055999999999998
1822 0.4055999999999998
1823 0.4055999999999998
1824 0.40519999999999984
1825 0.40519999999999984
1826 0.40519999999999984
1827 0.40519999999999984
1828 0.4047999999999998
1829 0.4047999999999998
1830 0.4047999999999998
1831 0.4047999999999998
1832 0.4043999999999998
1833 0.4043999999999998
1834 0.40399999999999986
1835 0.40359999999999985
1836 0.40359999999999985
1837 0.40319999999999984
1838 0.40319999999999984
1839 0.40319999999999984
1840 0.4027999999999999
1841 0.4027999999999999
1842 0.4027999999999999
1843 0.4027999999999999
1844 0.4027999999999999
1845 0.4027999999999999
1846 0.4027999999999999
1847 0.4027999999999999
1848 0.40239999999999987
1849 0.40239999999999987
1850 0.40239999999999987
1851 0.40239999999999987
1852 0.4019999999999999
1853 0.4019999999999999
1854 0.4019999999999999
1855 0.4019999999999999
1856 0.4019999999999999
1857 0.4019999999999999
1858 0.4015999999999999
1859 0.4015999999999999
1860 0.4015999999999999
1861 0.4015999999999999
1862 0.4015999999999999
1863 0.4015999999999999
1864 0.4015999999999999
1865 0.4015999999999999
1866 0.4015999999999999
1867 0.4015999999999999
1868 0.4011999999999999
1869 0.40079999999999993
1870 0.40079999999999993
1871 0.4003999999999999
1872 0.4003999999999999
1873 0.4003999999999999
1874 0.4003999999999999
1875 0.4003999999999999
1876 0.4003999999999999
1877 0.4003999999999999
1878 0.3999999999999999
1879 0.3991999999999999
1880 0.3991999999999999
1881 0.3991999999999999
1882 0.3991999999999999
1883 0.3991999999999999
1884 0.3991999999999999
1885 0.3987999999999999
1886 0.3987999999999999
1887 0.3987999999999999
1888 0.3979999999999999
1889 0.3979999999999999
1890 0.3979999999999999
1891 0.3975999999999999
1892 0.3975999999999999
1893 0.3975999999999999
1894 0.3975999999999999
1895 0.3975999999999999
1896 0.39719999999999994
1897 0.39679999999999993
1898 0.39679999999999993
1899 0.39679999999999993
1900 0.39679999999999993
1901 0.39679999999999993
1902 0.39679999999999993
1903 0.39679999999999993
1904 0.39679999999999993
1905 0.3963999999999999
1906 0.3963999999999999
1907 0.3963999999999999
1908 0.3963999999999999
1909 0.3963999999999999
1910 0.3963999999999999
1911 0.3963999999999999
1912 0.3963999999999999
1913 0.3963999999999999
1914 0.3963999999999999
1915 0.3963999999999999
1916 0.3963999999999999
1917 0.39599999999999996
1918 0.39599999999999996
1919 0.39599999999999996
1920 0.39599999999999996
1921 0.39599999999999996
1922 0.39559999999999995
1923 0.39559999999999995
1924 0.39559999999999995
1925 0.39559999999999995
1926 0.39519999999999994
1927 0.39519999999999994
1928 0.3948
1929 0.3948
1930 0.3948
1931 0.3948
1932 0.3944
1933 0.3944
1934 0.39399999999999996
1935 0.39399999999999996
1936 0.39399999999999996
1937 0.39399999999999996
1938 0.3936
1939 0.3936
1940 0.39319999999999994
1941 0.39319999999999994
1942 0.39319999999999994
1943 0.39319999999999994
1944 0.39319999999999994
1945 0.39319999999999994
1946 0.39319999999999994
1947 0.39319999999999994
1948 0.3927999999999999
1949 0.3927999999999999
1950 0.3927999999999999
1951 0.3927999999999999
1952 0.3927999999999999
1953 0.39239999999999997
1954 0.39199999999999996
1955 0.39159999999999995
1956 0.39159999999999995
1957 0.39159999999999995
1958 0.39159999999999995
1959 0.39159999999999995
1960 0.39159999999999995
1961 0.3912
1962 0.3908
1963 0.3908
1964 0.3908
1965 0.39039999999999997
1966 0.39039999999999997
1967 0.39039999999999997
1968 0.3896
1969 0.3896
1970 0.3896
1971 0.3896
1972 0.3888
1973 0.38839999999999997
1974 0.38799999999999996
1975 0.3876
1976 0.3876
1977 0.3876
1978 0.3876
1979 0.3876
1980 0.3876
1981 0.3876
1982 0.3876
1983 0.3876
1984 0.3876
1985 0.3876
1986 0.3876
1987 0.3876
1988 0.3876
1989 0.3876
1990 0.3872
1991 0.3872
1992 0.3868
1993 0.3864
1994 0.3864
1995 0.3864
1996 0.3864
1997 0.3864
1998 0.38520000000000004
1999 0.38520000000000004
