1 1.0
2 1.0
3 1.0
4 1.0
5 1.0
6 1.0
7 1.0
8 1.0
9 0.9996
10 0.9996
11 0.9996
12 0.9996
13 0.9996
14 0.9996
15 0.9996
16 0.9996
17 0.9996
18 0.9996
19 0.9996
20 0.9992
21 0.9992
22 0.9992
23 0.9992
24 0.9992
25 0.9992
26 0.9992
27 0.9992
28 0.9992
29 0.9992
30 0.9992
31 0.9992
32 0.9992
33 0.9992
34 0.9992
35 0.9992
36 0.9992
37 0.9992
38 0.9992
39 0.9992
40 0.9992
41 0.9992
42 0.9992
43 0.9992
44 0.9992
45 0.9992
46 0.9992
47 0.9992
48 0.9992
49 0.9992
50 0.9992
51 0.9992
52 0.9992
53 0.9992
54 0.9992
55 0.9992
56 0.9992
57 0.9992
58 0.9992
59 0.9987999999999999
60 0.9983999999999998
61 0.9983999999999998
62 0.9983999999999998
63 0.9983999999999998
64 0.9983999999999998
65 0.9983999999999998
66 0.9983999999999998
67 0.9983999999999998
68 0.9983999999999998
69 0.9983999999999998
70 0.9983999999999998
71 0.9983999999999998
72 0.9983999999999998
73 0.9983999999999998
74 0.9983999999999998
75 0.9983999999999998
76 0.9983999999999998
77 0.9983999999999998
78 0.9983999999999998
79 0.9983999999999998
80 0.9983999999999998
81 0.9983999999999998
82 0.9983999999999998
83 0.9983999999999998
84 0.9983999999999998
85 0.9983999999999998
86 0.9983999999999998
87 0.9983999999999998
88 0.9983999999999998
89 0.9983999999999998
90 0.9983999999999998
91 0.9983999999999998
92 0.9983999999999998
93 0.9983999999999998
94 0.9983999999999998
95 0.9983999999999998
96 0.9983999999999998
97 0.9983999999999998
98 0.9983999999999998
99 0.9983999999999998
100 0.9983999999999998
101 0.9983999999999998
102 0.9983999999999998
103 0.9983999999999998
104 0.9983999999999998
105 0.9983999999999998
106 0.9983999999999998
107 0.9983999999999998
108 0.9983999999999998
109 0.9983999999999998
110 0.9983999999999998
111 0.9983999999999998
112 0.9983999999999998
113 0.9983999999999998
114 0.9983999999999998
115 0.9983999999999998
116 0.9983999999999998
117 0.9983999999999998
118 0.9979999999999998
119 0.9979999999999998
120 0.9979999999999998
121 0.9979999999999998
122 0.9979999999999998
123 0.9979999999999998
124 0.9979999999999998
125 0.9979999999999998
126 0.9979999999999998
127 0.9979999999999998
128 0.9979999999999998
129 0.9979999999999998
130 0.9979999999999998
131 0.9979999999999998
132 0.9979999999999998
133 0.9979999999999998
134 0.9979999999999998
135 0.9979999999999998
136 0.9979999999999998
137 0.9979999999999998
138 0.9979999999999998
139 0.9979999999999998
140 0.9979999999999998
141 0.9979999999999998
142 0.9979999999999998
143 0.9979999999999998
144 0.9979999999999998
145 0.9979999999999998
146 0.9979999999999998
147 0.9979999999999998
148 0.9979999999999998
149 0.9979999999999998
150 0.9979999999999998
151 0.9979999999999998
152 0.9979999999999998
153 0.9979999999999998
154 0.9979999999999998
155 0.9979999999999998
156 0.9979999999999998
157 0.9979999999999998
158 0.9979999999999998
159 0.9979999999999998
160 0.9979999999999998
161 0.9979999999999998
162 0.9979999999999998
163 0.9979999999999998
164 0.9979999999999998
165 0.9979999999999998
166 0.9979999999999998
167 0.9975999999999998
168 0.9975999999999998
169 0.9975999999999998
170 0.9975999999999998
171 0.9975999999999998
172 0.9975999999999998
173 0.9975999999999998
174 0.9975999999999998
175 0.9975999999999998
176 0.9975999999999998
177 0.9975999999999998
178 0.9975999999999998
179 0.9975999999999998
180 0.9975999999999998
181 0.9975999999999998
182 0.9975999999999998
183 0.9975999999999998
184 0.9975999999999998
185 0.9975999999999998
186 0.9975999999999998
187 0.9975999999999998
188 0.9975999999999998
189 0.9975999999999998
190 0.9975999999999998
191 0.9975999999999998
192 0.9975999999999998
193 0.9975999999999998
194 0.9975999999999998
195 0.9975999999999998
196 0.9975999999999998
197 0.9975999999999998
198 0.9975999999999998
199 0.9975999999999998
200 0.9975999999999998
201 0.9975999999999998
202 0.9975999999999998
203 0.9975999999999998
204 0.9975999999999998
205 0.9975999999999998
206 0.9975999999999998
207 0.9975999999999998
208 0.9975999999999998
209 0.9975999999999998
210 0.9975999999999998
211 0.9975999999999998
212 0.9975999999999998
213 0.9975999999999998
214 0.9975999999999998
215 0.9975999999999998
216 0.9975999999999998
217 0.9975999999999998
218 0.9975999999999998
219 0.9975999999999998
220 0.9975999999999998
221 0.9975999999999998
222 0.9975999999999998
223 0.9975999999999998
224 0.9975999999999998
225 0.9975999999999998
226 0.9975999999999998
227 0.9975999999999998
228 0.9975999999999998
229 0.9975999999999998
230 0.9975999999999998
231 0.9975999999999998
232 0.9975999999999998
233 0.9975999999999998
234 0.9975999999999998
235 0.9975999999999998
236 0.9975999999999998
237 0.9975999999999998
238 0.9975999999999998
239 0.9975999999999998
240 0.9975999999999998
241 0.9975999999999998
242 0.9975999999999998
243 0.9975999999999998
244 0.9975999999999998
245 0.9975999999999998
246 0.9975999999999998
247 0.9975999999999998
248 0.9975999999999998
249 0.9975999999999998
250 0.9975999999999998
251 0.9975999999999998
252 0.9975999999999998
253 0.9975999999999998
254 0.9975999999999998
255 0.9975999999999998
256 0.9975999999999998
257 0.9975999999999998
258 0.9975999999999998
259 0.9975999999999998
260 0.9975999999999998
261 0.9975999999999998
262 0.9975999999999998
263 0.9975999999999998
264 0.9975999999999998
265 0.9975999999999998
266 0.9975999999999998
267 0.9975999999999998
268 0.9975999999999998
269 0.9975999999999998
270 0.9975999999999998
271 0.9975999999999998
272 0.9975999999999998
273 0.9975999999999998
274 0.9975999999999998
275 0.9975999999999998
276 0.9975999999999998
277 0.9975999999999998
278 0.9975999999999998
279 0.9971999999999999
280 0.9971999999999999
281 0.9971999999999999
282 0.9971999999999999
283 0.9971999999999999
284 0.9971999999999999
285 0.9971999999999999
286 0.9971999999999999
287 0.9971999999999999
288 0.9971999999999999
289 0.9971999999999999
290 0.9971999999999999
291 0.9971999999999999
292 0.9971999999999999
293 0.9971999999999999
294 0.9971999999999999
295 0.9971999999999999
296 0.9971999999999999
297 0.9971999999999999
298 0.9971999999999999
299 0.9971999999999999
300 0.9971999999999999
301 0.9967999999999998
302 0.9967999999999998
303 0.9967999999999998
304 0.9967999999999998
305 0.9967999999999998
306 0.9967999999999998
307 0.9967999999999998
308 0.9967999999999998
309 0.9967999999999998
310 0.9963999999999998
311 0.9963999999999998
312 0.9963999999999998
313 0.9963999999999998
314 0.9963999999999998
315 0.9963999999999998
316 0.9963999999999998
317 0.9963999999999998
318 0.9963999999999998
319 0.9963999999999998
320 0.9963999999999998
321 0.9963999999999998
322 0.9963999999999998
323 0.9963999999999998
324 0.9963999999999998
325 0.9963999999999998
326 0.9963999999999998
327 0.9963999999999998
328 0.9963999999999998
329 0.9963999999999998
330 0.9963999999999998
331 0.9963999999999998
332 0.9963999999999998
333 0.9963999999999998
334 0.9963999999999998
335 0.9963999999999998
336 0.9963999999999998
337 0.9963999999999998
338 0.9963999999999998
339 0.9963999999999998
340 0.9963999999999998
341 0.9963999999999998
342 0.9963999999999998
343 0.9963999999999998
344 0.9963999999999998
345 0.9963999999999998
346 0.9963999999999998
347 0.9963999999999998
348 0.9963999999999998
349 0.9963999999999998
350 0.9963999999999998
351 0.9963999999999998
352 0.9963999999999998
353 0.9963999999999998
354 0.9963999999999998
355 0.9963999999999998
356 0.9963999999999998
357 0.9963999999999998
358 0.9963999999999998
359 0.9963999999999998
360 0.9963999999999998
361 0.9963999999999998
362 0.9963999999999998
363 0.9963999999999998
364 0.9963999999999998
365 0.9963999999999998
366 0.9963999999999998
367 0.996
368 0.996
369 0.996
370 0.996
371 0.996
372 0.996
373 0.996
374 0.996
375 0.996
376 0.996
377 0.996
378 0.996
379 0.996
380 0.996
381 0.996
382 0.996
383 0.996
384 0.996
385 0.996
386 0.996
387 0.996
388 0.996
389 0.996
390 0.996
391 0.996
392 0.996
393 0.996
394 0.996
395 0.996
396 0.996
397 0.996
398 0.996
399 0.996
400 0.996
401 0.996
402 0.9955999999999999
403 0.9955999999999999
404 0.9955999999999999
405 0.9951999999999999
406 0.9951999999999999
407 0.9951999999999999
408 0.9951999999999999
409 0.9951999999999999
410 0.9951999999999999
411 0.9951999999999999
412 0.9951999999999999
413 0.9951999999999999
414 0.9951999999999999
415 0.9951999999999999
416 0.9951999999999999
417 0.9951999999999999
418 0.9951999999999999
419 0.9951999999999999
420 0.9951999999999999
421 0.9951999999999999
422 0.9951999999999999
423 0.9951999999999999
424 0.9951999999999999
425 0.9951999999999999
426 0.9951999999999999
427 0.9951999999999999
428 0.9951999999999999
429 0.9951999999999999
430 0.9951999999999999
431 0.9951999999999999
432 0.9951999999999999
433 0.9951999999999999
434 0.9951999999999999
435 0.9951999999999999
436 0.9951999999999999
437 0.9951999999999999
438 0.9951999999999999
439 0.9947999999999998
440 0.9947999999999998
441 0.9947999999999998
442 0.9947999999999998
443 0.9947999999999998
444 0.9947999999999998
445 0.9947999999999998
446 0.9947999999999998
447 0.9947999999999998
448 0.9947999999999998
449 0.9947999999999998
450 0.9943999999999998
451 0.9943999999999998
452 0.9943999999999998
453 0.9943999999999998
454 0.9943999999999998
455 0.9943999999999998
456 0.9943999999999998
457 0.9943999999999998
458 0.9943999999999998
459 0.9943999999999998
460 0.9939999999999998
461 0.9939999999999998
462 0.9939999999999998
463 0.9939999999999998
464 0.9939999999999998
465 0.9939999999999998
466 0.9939999999999998
467 0.9939999999999998
468 0.9939999999999998
469 0.9939999999999998
470 0.9939999999999998
471 0.9939999999999998
472 0.9939999999999998
473 0.9939999999999998
474 0.9939999999999998
475 0.9939999999999998
476 0.9939999999999998
477 0.9939999999999998
478 0.9939999999999998
479 0.9939999999999998
480 0.9939999999999998
481 0.9939999999999998
482 0.9939999999999998
483 0.9939999999999998
484 0.9939999999999998
485 0.9939999999999998
486 0.9939999999999998
487 0.9939999999999998
488 0.9939999999999998
489 0.9939999999999998
490 0.9939999999999998
491 0.9939999999999998
492 0.9939999999999998
493 0.9935999999999997
494 0.9935999999999997
495 0.9935999999999997
496 0.9935999999999997
497 0.9935999999999997
498 0.9935999999999997
499 0.9935999999999997
500 0.9931999999999996
501 0.9931999999999996
502 0.9931999999999996
503 0.9931999999999996
504 0.9931999999999996
505 0.9927999999999997
506 0.9927999999999997
507 0.9927999999999997
508 0.9927999999999997
509 0.9927999999999997
510 0.9927999999999997
511 0.9927999999999997
512 0.9927999999999997
513 0.9927999999999997
514 0.9927999999999997
515 0.9927999999999997
516 0.9923999999999998
517 0.9923999999999998
518 0.9923999999999998
519 0.9923999999999998
520 0.9923999999999998
521 0.9923999999999998
522 0.9923999999999998
523 0.9923999999999998
524 0.9923999999999998
525 0.9923999999999998
526 0.9919999999999999
527 0.9919999999999999
528 0.9915999999999998
529 0.9915999999999998
530 0.9915999999999998
531 0.9915999999999998
532 0.9915999999999998
533 0.9915999999999998
534 0.9915999999999998
535 0.9915999999999998
536 0.9915999999999998
537 0.9915999999999998
538 0.9915999999999998
539 0.9915999999999998
540 0.9915999999999998
541 0.9915999999999998
542 0.9915999999999998
543 0.9915999999999998
544 0.9915999999999998
545 0.9915999999999998
546 0.9915999999999998
547 0.9915999999999998
548 0.9915999999999998
549 0.9915999999999998
550 0.9915999999999998
551 0.9915999999999998
552 0.9915999999999998
553 0.9915999999999998
554 0.9915999999999998
555 0.9915999999999998
556 0.9915999999999998
557 0.9915999999999998
558 0.9915999999999998
559 0.9915999999999998
560 0.9915999999999998
561 0.9911999999999999
562 0.9911999999999999
563 0.9911999999999999
564 0.9911999999999999
565 0.9911999999999999
566 0.9911999999999999
567 0.9911999999999999
568 0.9911999999999999
569 0.9911999999999999
570 0.9911999999999999
571 0.9911999999999999
572 0.9911999999999999
573 0.9911999999999999
574 0.9911999999999999
575 0.9911999999999999
576 0.9908
577 0.9904000000000001
578 0.99
579 0.99
580 0.9895999999999999
581 0.9895999999999999
582 0.9895999999999999
583 0.9895999999999999
584 0.9895999999999999
585 0.9895999999999999
586 0.9895999999999999
587 0.9895999999999999
588 0.9895999999999999
589 0.9895999999999999
590 0.9895999999999999
591 0.9895999999999999
592 0.9895999999999999
593 0.9895999999999999
594 0.9895999999999999
595 0.9895999999999999
596 0.9895999999999999
597 0.9895999999999999
598 0.9895999999999999
599 0.9895999999999999
600 0.9895999999999999
601 0.9895999999999999
602 0.9895999999999999
603 0.9895999999999999
604 0.9895999999999999
605 0.9895999999999999
606 0.9895999999999999
607 0.9895999999999999
608 0.9895999999999999
609 0.9895999999999999
610 0.9895999999999999
611 0.9895999999999999
612 0.9895999999999999
613 0.9891999999999999
614 0.9887999999999999
615 0.9887999999999999
616 0.9887999999999999
617 0.9887999999999999
618 0.9887999999999999
619 0.9884000000000001
620 0.9884000000000001
621 0.9884000000000001
622 0.9884000000000001
623 0.9884000000000001
624 0.9884000000000001
625 0.9884000000000001
626 0.9884000000000001
627 0.9884000000000001
628 0.9884000000000001
629 0.9884000000000001
630 0.9884000000000001
631 0.9884000000000001
632 0.9884000000000001
633 0.9884000000000001
634 0.9884000000000001
635 0.9884000000000001
636 0.9884000000000001
637 0.9884000000000001
638 0.9884000000000001
639 0.9884000000000001
640 0.9884000000000001
641 0.9884000000000001
642 0.9884000000000001
643 0.9884000000000001
644 0.9884000000000001
645 0.9884000000000001
646 0.9884000000000001
647 0.9884000000000001
648 0.9884000000000001
649 0.988
650 0.988
651 0.988
652 0.988
653 0.988
654 0.988
655 0.988
656 0.988
657 0.988
658 0.988
659 0.988
660 0.988
661 0.9876
662 0.9876
663 0.9876
664 0.9876
665 0.9876
666 0.9876
667 0.9876
668 0.9876
669 0.9876
670 0.9876
671 0.9876
672 0.9876
673 0.9876
674 0.9876
675 0.9876
676 0.9876
677 0.9872
678 0.9872
679 0.9872
680 0.9872
681 0.9872
682 0.9872
683 0.9872
684 0.9864000000000002
685 0.9864000000000002
686 0.9864000000000002
687 0.9864000000000002
688 0.9864000000000002
689 0.9864000000000002
690 0.9864000000000002
691 0.9864000000000002
692 0.9864000000000002
693 0.9864000000000002
694 0.9864000000000002
695 0.9864000000000002
696 0.9864000000000002
697 0.9864000000000002
698 0.9864000000000002
699 0.9864000000000002
700 0.9864000000000002
701 0.9864000000000002
702 0.9864000000000002
703 0.9864000000000002
704 0.9864000000000002
705 0.9864000000000002
706 0.9864000000000002
707 0.9864000000000002
708 0.9864000000000002
709 0.9864000000000002
710 0.9864000000000002
711 0.9864000000000002
712 0.9864000000000002
713 0.9864000000000002
714 0.9864000000000002
715 0.9864000000000002
716 0.9864000000000002
717 0.9864000000000002
718 0.9864000000000002
719 0.9864000000000002
720 0.9864000000000002
721 0.9864000000000002
722 0.9864000000000002
723 0.9864000000000002
724 0.9864000000000002
725 0.9864000000000002
726 0.9860000000000001
727 0.9860000000000001
728 0.9860000000000001
729 0.9860000000000001
730 0.9860000000000001
731 0.9860000000000001
732 0.9860000000000001
733 0.9860000000000001
734 0.9860000000000001
735 0.9860000000000001
736 0.9860000000000001
737 0.9860000000000001
738 0.9856000000000001
739 0.9856000000000001
740 0.9856000000000001
741 0.9856000000000001
742 0.9856000000000001
743 0.9856000000000001
744 0.9856000000000001
745 0.9856000000000001
746 0.9856000000000001
747 0.9856000000000001
748 0.9856000000000001
749 0.9856000000000001
750 0.9856000000000001
751 0.9856000000000001
752 0.9856000000000001
753 0.9856000000000001
754 0.9856000000000001
755 0.9856000000000001
756 0.9856000000000001
757 0.9856000000000001
758 0.9856000000000001
759 0.9856000000000001
760 0.9856000000000001
761 0.9856000000000001
762 0.9856000000000001
763 0.9856000000000001
764 0.9856000000000001
765 0.9856000000000001
766 0.9856000000000001
767 0.9856000000000001
768 0.9856000000000001
769 0.9856000000000001
770 0.9856000000000001
771 0.9856000000000001
772 0.9856000000000001
773 0.9856000000000001
774 0.9856000000000001
775 0.9856000000000001
776 0.9856000000000001
777 0.9856000000000001
778 0.9856000000000001
779 0.9856000000000001
780 0.9856000000000001
781 0.9856000000000001
782 0.9856000000000001
783 0.9856000000000001
784 0.9856000000000001
785 0.9856000000000001
786 0.9856000000000001
787 0.9856000000000001
788 0.9856000000000001
789 0.9856000000000001
790 0.9856000000000001
791 0.9856000000000001
792 0.9856000000000001
793 0.9856000000000001
794 0.9856000000000001
795 0.9856000000000001
796 0.9856000000000001
797 0.9856000000000001
798 0.9852000000000001
799 0.9852000000000001
800 0.9848
801 0.9848
802 0.9848
803 0.9848
804 0.9848
805 0.9848
806 0.9848
807 0.9848
808 0.9848
809 0.9848
810 0.9848
811 0.9848
812 0.9848
813 0.9848
814 0.9848
815 0.9848
816 0.9848
817 0.9848
818 0.9848
819 0.9848
820 0.9848
821 0.9848
822 0.9848
823 0.9848
824 0.9848
825 0.9844000000000002
826 0.9844000000000002
827 0.9844000000000002
828 0.9844000000000002
829 0.9844000000000002
830 0.9839999999999999
831 0.9839999999999999
832 0.9839999999999999
833 0.9839999999999999
834 0.9839999999999999
835 0.9839999999999999
836 0.9839999999999999
837 0.9832000000000001
838 0.9832000000000001
839 0.9832000000000001
840 0.9832000000000001
841 0.9832000000000001
842 0.9832000000000001
843 0.9832000000000001
844 0.9832000000000001
845 0.9832000000000001
846 0.9832000000000001
847 0.9832000000000001
848 0.9832000000000001
849 0.9832000000000001
850 0.9824
851 0.9824
852 0.9824
853 0.9824
854 0.9824
855 0.9824
856 0.982
857 0.982
858 0.982
859 0.982
860 0.982
861 0.982
862 0.982
863 0.982
864 0.982
865 0.982
866 0.982
867 0.982
868 0.982
869 0.982
870 0.982
871 0.982
872 0.982
873 0.982
874 0.982
875 0.9816000000000001
876 0.9816000000000001
877 0.9816000000000001
878 0.9812000000000002
879 0.9812000000000002
880 0.9812000000000002
881 0.9812000000000002
882 0.9812000000000002
883 0.9812000000000002
884 0.9812000000000002
885 0.9812000000000002
886 0.9812000000000002
887 0.9812000000000002
888 0.9812000000000002
889 0.9812000000000002
890 0.9812000000000002
891 0.9812000000000002
892 0.9808000000000001
893 0.9808000000000001
894 0.9808000000000001
895 0.9808000000000001
896 0.9808000000000001
897 0.9808000000000001
898 0.9808000000000001
899 0.9808000000000001
900 0.9808000000000001
901 0.9804
902 0.9804
903 0.9804
904 0.9804
905 0.9804
906 0.9804
907 0.9800000000000001
908 0.9796000000000002
909 0.9792000000000002
910 0.9788000000000001
911 0.9788000000000001
912 0.9788000000000001
913 0.9784
914 0.9784
915 0.9784
916 0.9784
917 0.9784
918 0.978
919 0.978
920 0.978
921 0.978
922 0.978
923 0.978
924 0.978
925 0.978
926 0.978
927 0.978
928 0.978
929 0.9776
930 0.9776
931 0.9776
932 0.9776
933 0.9776
934 0.9776
935 0.9776
936 0.9776
937 0.9776
938 0.9776
939 0.9776
940 0.9776
941 0.9776
942 0.9776
943 0.9776
944 0.9776
945 0.9772000000000002
946 0.9772000000000002
947 0.9768000000000001
948 0.9764
949 0.9764
950 0.9764
951 0.9764
952 0.9764
953 0.9764
954 0.9764
955 0.9764
956 0.976
957 0.976
958 0.976
959 0.9755999999999999
960 0.9755999999999999
961 0.9755999999999999
962 0.9755999999999999
963 0.9755999999999999
964 0.9755999999999999
965 0.9755999999999999
966 0.9755999999999999
967 0.9755999999999999
968 0.9751999999999998
969 0.9743999999999998
970 0.9743999999999998
971 0.9743999999999998
972 0.9743999999999998
973 0.9743999999999998
974 0.9739999999999999
975 0.9739999999999999
976 0.9732
977 0.9732
978 0.9732
979 0.9732
980 0.9727999999999998
981 0.9723999999999998
982 0.9723999999999998
983 0.9723999999999998
984 0.9719999999999999
985 0.9719999999999999
986 0.9719999999999999
987 0.9719999999999999
988 0.9719999999999999
989 0.9716
990 0.9712000000000001
991 0.9712000000000001
992 0.9712000000000001
993 0.9712000000000001
994 0.9712000000000001
995 0.9712000000000001
996 0.9712000000000001
997 0.9712000000000001
998 0.9712000000000001
999 0.9712000000000001
1000 0.9712000000000001
1001 0.9712000000000001
1002 0.9712000000000001
1003 0.9712000000000001
1004 0.9708
1005 0.9708
1006 0.9708
1007 0.9708
1008 0.9708
1009 0.9708
1010 0.9708
1011 0.9703999999999999
1012 0.9703999999999999
1013 0.97
1014 0.9696000000000001
1015 0.9696000000000001
1016 0.9692000000000001
1017 0.9688000000000001
1018 0.9684
1019 0.9680000000000001
1020 0.9680000000000001
1021 0.9680000000000001
1022 0.9680000000000001
1023 0.9680000000000001
1024 0.9680000000000001
1025 0.9680000000000001
1026 0.9680000000000001
1027 0.9680000000000001
1028 0.9680000000000001
1029 0.9680000000000001
1030 0.9680000000000001
1031 0.9680000000000001
1032 0.9676
1033 0.9676
1034 0.9676
1035 0.9676
1036 0.9676
1037 0.9676
1038 0.9676
1039 0.9676
1040 0.9676
1041 0.9676
1042 0.9676
1043 0.9676
1044 0.9676
1045 0.9676
1046 0.9676
1047 0.9676
1048 0.9676
1049 0.9676
1050 0.9676
1051 0.9676
1052 0.9672
1053 0.9672
1054 0.9672
1055 0.9672
1056 0.9672
1057 0.9667999999999999
1058 0.9664
1059 0.9664
1060 0.9660000000000001
1061 0.9660000000000001
1062 0.9656
1063 0.9652
1064 0.9652
1065 0.9652
1066 0.9652
1067 0.9652
1068 0.9652
1069 0.9652
1070 0.9652
1071 0.9652
1072 0.9652
1073 0.9652
1074 0.9648
1075 0.9648
1076 0.9648
1077 0.9648
1078 0.9648
1079 0.9648
1080 0.9648
1081 0.9648
1082 0.9648
1083 0.9648
1084 0.9648
1085 0.9648
1086 0.9648
1087 0.9648
1088 0.9648
1089 0.9648
1090 0.9648
1091 0.9648
1092 0.9648
1093 0.9648
1094 0.9648
1095 0.9648
1096 0.9648
1097 0.9648
1098 0.9648
1099 0.9648
1100 0.9644000000000001
1101 0.9644000000000001
1102 0.9644000000000001
1103 0.9644000000000001
1104 0.964
1105 0.964
1106 0.964
1107 0.964
1108 0.964
1109 0.964
1110 0.964
1111 0.9636
1112 0.9636
1113 0.9636
1114 0.9636
1115 0.9636
1116 0.9636
1117 0.9636
1118 0.9636
1119 0.9636
1120 0.9636
1121 0.9636
1122 0.9636
1123 0.9636
1124 0.9636
1125 0.9632000000000001
1126 0.9632000000000001
1127 0.9628
1128 0.9628
1129 0.9623999999999999
1130 0.9623999999999999
1131 0.9623999999999999
1132 0.9623999999999999
1133 0.9623999999999999
1134 0.9623999999999999
1135 0.9619999999999999
1136 0.9619999999999999
1137 0.9619999999999999
1138 0.9619999999999999
1139 0.9619999999999999
1140 0.9619999999999999
1141 0.9619999999999999
1142 0.9619999999999999
1143 0.9619999999999999
1144 0.9615999999999998
1145 0.9611999999999999
1146 0.9611999999999999
1147 0.9611999999999999
1148 0.9611999999999999
1149 0.9608
1150 0.9608
1151 0.9608
1152 0.9608
1153 0.9608
1154 0.9608
1155 0.9608
1156 0.9608
1157 0.9608
1158 0.9608
1159 0.9608
1160 0.9603999999999999
1161 0.9603999999999999
1162 0.9603999999999999
1163 0.9603999999999999
1164 0.9603999999999999
1165 0.9603999999999999
1166 0.9599999999999999
1167 0.9599999999999999
1168 0.9599999999999999
1169 0.9595999999999999
1170 0.9595999999999999
1171 0.9592
1172 0.9592
1173 0.9592
1174 0.9592
1175 0.9584
1176 0.958
1177 0.958
1178 0.958
1179 0.958
1180 0.958
1181 0.958
1182 0.958
1183 0.958
1184 0.958
1185 0.958
1186 0.9575999999999999
1187 0.9575999999999999
1188 0.9575999999999999
1189 0.9571999999999998
1190 0.9571999999999998
1191 0.9571999999999998
1192 0.9571999999999998
1193 0.9567999999999998
1194 0.9563999999999997
1195 0.9563999999999997
1196 0.9563999999999997
1197 0.9563999999999997
1198 0.9563999999999997
1199 0.9563999999999997
1200 0.9563999999999997
1201 0.9563999999999997
1202 0.9563999999999997
1203 0.9563999999999997
1204 0.9563999999999997
1205 0.9563999999999997
1206 0.9563999999999997
1207 0.9563999999999997
1208 0.9563999999999997
1209 0.9563999999999997
1210 0.9559999999999996
1211 0.9559999999999996
1212 0.9559999999999996
1213 0.9559999999999996
1214 0.9559999999999996
1215 0.9559999999999996
1216 0.9559999999999996
1217 0.9559999999999996
1218 0.9559999999999996
1219 0.9559999999999996
1220 0.9555999999999998
1221 0.9555999999999998
1222 0.9555999999999998
1223 0.9555999999999998
1224 0.9551999999999997
1225 0.9551999999999997
1226 0.9551999999999997
1227 0.9551999999999997
1228 0.9551999999999997
1229 0.9547999999999998
1230 0.9543999999999997
1231 0.9543999999999997
1232 0.9543999999999997
1233 0.9543999999999997
1234 0.9543999999999997
1235 0.9543999999999997
1236 0.9539999999999996
1237 0.9539999999999996
1238 0.9539999999999996
1239 0.9539999999999996
1240 0.9539999999999996
1241 0.9539999999999996
1242 0.9539999999999996
1243 0.9535999999999996
1244 0.9535999999999996
1245 0.9535999999999996
1246 0.9535999999999996
1247 0.9535999999999996
1248 0.9535999999999996
1249 0.9535999999999996
1250 0.9535999999999996
1251 0.9535999999999996
1252 0.9535999999999996
1253 0.9531999999999995
1254 0.9531999999999995
1255 0.9531999999999995
1256 0.9531999999999995
1257 0.9531999999999995
1258 0.9531999999999995
1259 0.9531999999999995
1260 0.9531999999999995
1261 0.9531999999999995
1262 0.9527999999999995
1263 0.9523999999999997
1264 0.9523999999999997
1265 0.9519999999999997
1266 0.9519999999999997
1267 0.9519999999999997
1268 0.9519999999999997
1269 0.9519999999999997
1270 0.9519999999999997
1271 0.9519999999999997
1272 0.9519999999999997
1273 0.9519999999999997
1274 0.9515999999999998
1275 0.9511999999999997
1276 0.9511999999999997
1277 0.9511999999999997
1278 0.9511999999999997
1279 0.9511999999999997
1280 0.9511999999999997
1281 0.9511999999999997
1282 0.9511999999999997
1283 0.9511999999999997
1284 0.9511999999999997
1285 0.9511999999999997
1286 0.9507999999999996
1287 0.9507999999999996
1288 0.9507999999999996
1289 0.9507999999999996
1290 0.9507999999999996
1291 0.9503999999999998
1292 0.9503999999999998
1293 0.9499999999999997
1294 0.9499999999999997
1295 0.9499999999999997
1296 0.9499999999999997
1297 0.9499999999999997
1298 0.9499999999999997
1299 0.9499999999999997
1300 0.9499999999999997
1301 0.9499999999999997
1302 0.9495999999999997
1303 0.9495999999999997
1304 0.9495999999999997
1305 0.9495999999999997
1306 0.9495999999999997
1307 0.9495999999999997
1308 0.9495999999999997
1309 0.9495999999999997
1310 0.9495999999999997
1311 0.9495999999999997
1312 0.9495999999999997
1313 0.9495999999999997
1314 0.9491999999999997
1315 0.9491999999999997
1316 0.9491999999999997
1317 0.9491999999999997
1318 0.9491999999999997
1319 0.9491999999999997
1320 0.9491999999999997
1321 0.9491999999999997
1322 0.9487999999999999
1323 0.9487999999999999
1324 0.9487999999999999
1325 0.9487999999999999
1326 0.9483999999999998
1327 0.9483999999999998
1328 0.9483999999999998
1329 0.9483999999999998
1330 0.9483999999999998
1331 0.9483999999999998
1332 0.9479999999999997
1333 0.9479999999999997
1334 0.9479999999999997
1335 0.9475999999999998
1336 0.9475999999999998
1337 0.9475999999999998
1338 0.9475999999999998
1339 0.9475999999999998
1340 0.9471999999999997
1341 0.9471999999999997
1342 0.9471999999999997
1343 0.9467999999999998
1344 0.9467999999999998
1345 0.9467999999999998
1346 0.9467999999999998
1347 0.9467999999999998
1348 0.9467999999999998
1349 0.9463999999999999
1350 0.9463999999999999
1351 0.9459999999999996
1352 0.9455999999999998
1353 0.9455999999999998
1354 0.9455999999999998
1355 0.9455999999999998
1356 0.9455999999999998
1357 0.9455999999999998
1358 0.9455999999999998
1359 0.9455999999999998
1360 0.9455999999999998
1361 0.9455999999999998
1362 0.9455999999999998
1363 0.9455999999999998
1364 0.9455999999999998
1365 0.9455999999999998
1366 0.9455999999999998
1367 0.9455999999999998
1368 0.9455999999999998
1369 0.9451999999999998
1370 0.9451999999999998
1371 0.9447999999999999
1372 0.9447999999999999
1373 0.9447999999999999
1374 0.9447999999999999
1375 0.9447999999999999
1376 0.9447999999999999
1377 0.9447999999999999
1378 0.9447999999999999
1379 0.9447999999999999
1380 0.9447999999999999
1381 0.9447999999999999
1382 0.9447999999999999
1383 0.9447999999999999
1384 0.9447999999999999
1385 0.9447999999999999
1386 0.9447999999999999
1387 0.9443999999999998
1388 0.9439999999999997
1389 0.9439999999999997
1390 0.9439999999999997
1391 0.9435999999999997
1392 0.9435999999999997
1393 0.9435999999999997
1394 0.9435999999999997
1395 0.9435999999999997
1396 0.9435999999999997
1397 0.9435999999999997
1398 0.9435999999999997
1399 0.9431999999999998
1400 0.9431999999999998
1401 0.9431999999999998
1402 0.9431999999999998
1403 0.9427999999999999
1404 0.9427999999999999
1405 0.9427999999999999
1406 0.9427999999999999
1407 0.9427999999999999
1408 0.9427999999999999
1409 0.9427999999999999
1410 0.9423999999999998
1411 0.9419999999999997
1412 0.9419999999999997
1413 0.9419999999999997
1414 0.9419999999999997
1415 0.9419999999999997
1416 0.9415999999999997
1417 0.9415999999999997
1418 0.9415999999999997
1419 0.9415999999999997
1420 0.9415999999999997
1421 0.9415999999999997
1422 0.9415999999999997
1423 0.9411999999999998
1424 0.9411999999999998
1425 0.9411999999999998
1426 0.9407999999999999
1427 0.9407999999999999
1428 0.9407999999999999
1429 0.9407999999999999
1430 0.9407999999999999
1431 0.9403999999999998
1432 0.9403999999999998
1433 0.9403999999999998
1434 0.9403999999999998
1435 0.9403999999999998
1436 0.9403999999999998
1437 0.9403999999999998
1438 0.9395999999999998
1439 0.9391999999999997
1440 0.9387999999999999
1441 0.9387999999999999
1442 0.9387999999999999
1443 0.9387999999999999
1444 0.9375999999999999
1445 0.9375999999999999
1446 0.9375999999999999
1447 0.9375999999999999
1448 0.9375999999999999
1449 0.9375999999999999
1450 0.9375999999999999
1451 0.9375999999999999
1452 0.9375999999999999
1453 0.9375999999999999
1454 0.9375999999999999
1455 0.9375999999999999
1456 0.9371999999999998
1457 0.9371999999999998
1458 0.9371999999999998
1459 0.9367999999999997
1460 0.9367999999999997
1461 0.9363999999999999
1462 0.9363999999999999
1463 0.9363999999999999
1464 0.9363999999999999
1465 0.9363999999999999
1466 0.9363999999999999
1467 0.9363999999999999
1468 0.9363999999999999
1469 0.9359999999999998
1470 0.9359999999999998
1471 0.9359999999999998
1472 0.9359999999999998
1473 0.9355999999999999
1474 0.9355999999999999
1475 0.9355999999999999
1476 0.9355999999999999
1477 0.9355999999999999
1478 0.9351999999999998
1479 0.9351999999999998
1480 0.9351999999999998
1481 0.9351999999999998
1482 0.9351999999999998
1483 0.9351999999999998
1484 0.9351999999999998
1485 0.9351999999999998
1486 0.9351999999999998
1487 0.9351999999999998
1488 0.9347999999999999
1489 0.9347999999999999
1490 0.9344
1491 0.9344
1492 0.9344
1493 0.9344
1494 0.9344
1495 0.9344
1496 0.9344
1497 0.9344
1498 0.9344
1499 0.9344
1500 0.9344
1501 0.9344
1502 0.9344
1503 0.9344
1504 0.9344
1505 0.9339999999999999
1506 0.9339999999999999
1507 0.9339999999999999
1508 0.9339999999999999
1509 0.9339999999999999
1510 0.9339999999999999
1511 0.9339999999999999
1512 0.9339999999999999
1513 0.9339999999999999
1514 0.9339999999999999
1515 0.9339999999999999
1516 0.9339999999999999
1517 0.9339999999999999
1518 0.9339999999999999
1519 0.9339999999999999
1520 0.9339999999999999
1521 0.9339999999999999
1522 0.9331999999999999
1523 0.9327999999999999
1524 0.9327999999999999
1525 0.9327999999999999
1526 0.9327999999999999
1527 0.9323999999999998
1528 0.9323999999999998
1529 0.9323999999999998
1530 0.9323999999999998
1531 0.9323999999999998
1532 0.9323999999999998
1533 0.9323999999999998
1534 0.9319999999999999
1535 0.9319999999999999
1536 0.9319999999999999
1537 0.9319999999999999
1538 0.9315999999999999
1539 0.9315999999999999
1540 0.9315999999999999
1541 0.9315999999999999
1542 0.9315999999999999
1543 0.9315999999999999
1544 0.9311999999999998
1545 0.9311999999999998
1546 0.9311999999999998
1547 0.9311999999999998
1548 0.9311999999999998
1549 0.9307999999999998
1550 0.9307999999999998
1551 0.9307999999999998
1552 0.9307999999999998
1553 0.9307999999999998
1554 0.9307999999999998
1555 0.9307999999999998
1556 0.9303999999999998
1557 0.9303999999999998
1558 0.9303999999999998
1559 0.9303999999999998
1560 0.9303999999999998
1561 0.9303999999999998
1562 0.9303999999999998
1563 0.9303999999999998
1564 0.9303999999999998
1565 0.9299999999999998
1566 0.9299999999999998
1567 0.9299999999999998
1568 0.9299999999999998
1569 0.9299999999999998
1570 0.9299999999999998
1571 0.9299999999999998
1572 0.9299999999999998
1573 0.9299999999999998
1574 0.9295999999999998
1575 0.9295999999999998
1576 0.9295999999999998
1577 0.9295999999999998
1578 0.9295999999999998
1579 0.9295999999999998
1580 0.9295999999999998
1581 0.9295999999999998
1582 0.9295999999999998
1583 0.9295999999999998
1584 0.9295999999999998
1585 0.9287999999999998
1586 0.9287999999999998
1587 0.9287999999999998
1588 0.9287999999999998
1589 0.9275999999999999
1590 0.9275999999999999
1591 0.9271999999999998
1592 0.9271999999999998
1593 0.9271999999999998
1594 0.9271999999999998
1595 0.9271999999999998
1596 0.9271999999999998
1597 0.9271999999999998
1598 0.9271999999999998
1599 0.9271999999999998
1600 0.9271999999999998
1601 0.9271999999999998
1602 0.9271999999999998
1603 0.9271999999999998
1604 0.9271999999999998
1605 0.9271999999999998
1606 0.9271999999999998
1607 0.9271999999999998
1608 0.9271999999999998
1609 0.9271999999999998
1610 0.9271999999999998
1611 0.9271999999999998
1612 0.9271999999999998
1613 0.9267999999999997
1614 0.9267999999999997
1615 0.9267999999999997
1616 0.9267999999999997
1617 0.9267999999999997
1618 0.9267999999999997
1619 0.9267999999999997
1620 0.9267999999999997
1621 0.9267999999999997
1622 0.9267999999999997
1623 0.9263999999999999
1624 0.9263999999999999
1625 0.9263999999999999
1626 0.9259999999999998
1627 0.9259999999999998
1628 0.9259999999999998
1629 0.9259999999999998
1630 0.9255999999999999
1631 0.9255999999999999
1632 0.9255999999999999
1633 0.9255999999999999
1634 0.9255999999999999
1635 0.9255999999999999
1636 0.9255999999999999
1637 0.9255999999999999
1638 0.9251999999999998
1639 0.9251999999999998
1640 0.9247999999999998
1641 0.9247999999999998
1642 0.9247999999999998
1643 0.9243999999999999
1644 0.9243999999999999
1645 0.9239999999999999
1646 0.9239999999999999
1647 0.9239999999999999
1648 0.9239999999999999
1649 0.9239999999999999
1650 0.9239999999999999
1651 0.9239999999999999
1652 0.9239999999999999
1653 0.9239999999999999
1654 0.9235999999999999
1655 0.9235999999999999
1656 0.9235999999999999
1657 0.9235999999999999
1658 0.9235999999999999
1659 0.9235999999999999
1660 0.9235999999999999
1661 0.9235999999999999
1662 0.9235999999999999
1663 0.9235999999999999
1664 0.9235999999999999
1665 0.9235999999999999
1666 0.9235999999999999
1667 0.9235999999999999
1668 0.9235999999999999
1669 0.9235999999999999
1670 0.9235999999999999
1671 0.9235999999999999
1672 0.9231999999999999
1673 0.9231999999999999
1674 0.9231999999999999
1675 0.9231999999999999
1676 0.9231999999999999
1677 0.9231999999999999
1678 0.9227999999999998
1679 0.9227999999999998
1680 0.9227999999999998
1681 0.9227999999999998
1682 0.9227999999999998
1683 0.9227999999999998
1684 0.9227999999999998
1685 0.9227999999999998
1686 0.9224
1687 0.9224
1688 0.9219999999999999
1689 0.9219999999999999
1690 0.9219999999999999
1691 0.9219999999999999
1692 0.9219999999999999
1693 0.9219999999999999
1694 0.9219999999999999
1695 0.9215999999999999
1696 0.9215999999999999
1697 0.9215999999999999
1698 0.9215999999999999
1699 0.9215999999999999
1700 0.9215999999999999
1701 0.9215999999999999
1702 0.9215999999999999
1703 0.9215999999999999
1704 0.9215999999999999
1705 0.9215999999999999
1706 0.9215999999999999
1707 0.9215999999999999
1708 0.9215999999999999
1709 0.9215999999999999
1710 0.9215999999999999
1711 0.9215999999999999
1712 0.9211999999999999
1713 0.9211999999999999
1714 0.9211999999999999
1715 0.9211999999999999
1716 0.9211999999999999
1717 0.9211999999999999
1718 0.9211999999999999
1719 0.9207999999999998
1720 0.9203999999999999
1721 0.9203999999999999
1722 0.9203999999999999
1723 0.9203999999999999
1724 0.9203999999999999
1725 0.9203999999999999
1726 0.92
1727 0.92
1728 0.92
1729 0.9196
1730 0.9191999999999999
1731 0.9191999999999999
1732 0.9191999999999999
1733 0.9191999999999999
1734 0.9191999999999999
1735 0.9191999999999999
1736 0.9191999999999999
1737 0.9191999999999999
1738 0.9191999999999999
1739 0.9188
1740 0.9188
1741 0.9188
1742 0.9188
1743 0.9188
1744 0.9188
1745 0.9188
1746 0.9188
1747 0.9188
1748 0.9184
1749 0.9184
1750 0.9184
1751 0.9184
1752 0.9184
1753 0.9184
1754 0.9179999999999999
1755 0.9179999999999999
1756 0.9179999999999999
1757 0.9179999999999999
1758 0.9179999999999999
1759 0.9176000000000001
1760 0.9176000000000001
1761 0.9176000000000001
1762 0.9176000000000001
1763 0.9176000000000001
1764 0.9176000000000001
1765 0.9172000000000001
1766 0.9172000000000001
1767 0.9172000000000001
1768 0.9168000000000001
1769 0.9168000000000001
1770 0.9164
1771 0.9164
1772 0.9164
1773 0.9164
1774 0.9164
1775 0.9164
1776 0.9164
1777 0.9164
1778 0.9164
1779 0.9164
1780 0.9164
1781 0.9164
1782 0.9164
1783 0.9164
1784 0.9164
1785 0.9164
1786 0.9164
1787 0.9164
1788 0.9164
1789 0.916
1790 0.9152
1791 0.9148
1792 0.9148
1793 0.9148
1794 0.9148
1795 0.9148
1796 0.9148
1797 0.9148
1798 0.9144
1799 0.9144
1800 0.9144
1801 0.914
1802 0.914
1803 0.914
1804 0.9136
1805 0.9136
1806 0.9131999999999999
1807 0.9128000000000001
1808 0.9124
1809 0.9124
1810 0.9124
1811 0.9124
1812 0.9124
1813 0.9124
1814 0.9124
1815 0.9116
1816 0.9116
1817 0.9116
1818 0.9116
1819 0.9116
1820 0.9116
1821 0.9112
1822 0.9108000000000002
1823 0.9108000000000002
1824 0.9108000000000002
1825 0.9108000000000002
1826 0.9108000000000002
1827 0.9108000000000002
1828 0.9108000000000002
1829 0.9108000000000002
1830 0.9108000000000002
1831 0.9108000000000002
1832 0.9108000000000002
1833 0.9108000000000002
1834 0.9104000000000001
1835 0.9104000000000001
1836 0.9104000000000001
1837 0.9104000000000001
1838 0.9104000000000001
1839 0.9092000000000001
1840 0.9092000000000001
1841 0.9092000000000001
1842 0.9088
1843 0.9088
1844 0.9088
1845 0.9088
1846 0.9088
1847 0.9088
1848 0.9088
1849 0.9088
1850 0.9088
1851 0.9088
1852 0.9084000000000002
1853 0.9084000000000002
1854 0.9084000000000002
1855 0.9080000000000001
1856 0.9080000000000001
1857 0.9080000000000001
1858 0.9076000000000002
1859 0.9076000000000002
1860 0.9072000000000001
1861 0.9072000000000001
1862 0.9072000000000001
1863 0.9072000000000001
1864 0.9072000000000001
1865 0.9072000000000001
1866 0.9072000000000001
1867 0.9072000000000001
1868 0.9072000000000001
1869 0.9072000000000001
1870 0.9072000000000001
1871 0.9072000000000001
1872 0.9072000000000001
1873 0.9072000000000001
1874 0.9072000000000001
1875 0.9072000000000001
1876 0.9068
1877 0.9064000000000001
1878 0.9060000000000001
1879 0.9060000000000001
1880 0.9056000000000002
1881 0.9056000000000002
1882 0.9056000000000002
1883 0.9056000000000002
1884 0.9056000000000002
1885 0.9056000000000002
1886 0.9056000000000002
1887 0.9056000000000002
1888 0.9056000000000002
1889 0.9056000000000002
1890 0.9052000000000001
1891 0.9052000000000001
1892 0.9052000000000001
1893 0.9052000000000001
1894 0.9052000000000001
1895 0.9052000000000001
1896 0.9052000000000001
1897 0.9052000000000001
1898 0.9052000000000001
1899 0.9052000000000001
1900 0.9048000000000002
1901 0.9048000000000002
1902 0.9048000000000002
1903 0.9048000000000002
1904 0.9048000000000002
1905 0.9048000000000002
1906 0.9048000000000002
1907 0.9048000000000002
1908 0.9048000000000002
1909 0.9048000000000002
1910 0.9044000000000001
1911 0.9044000000000001
1912 0.9044000000000001
1913 0.9044000000000001
1914 0.9044000000000001
1915 0.9044000000000001
1916 0.9040000000000002
1917 0.9040000000000002
1918 0.9040000000000002
1919 0.9040000000000002
1920 0.9040000000000002
1921 0.9040000000000002
1922 0.9040000000000002
1923 0.9040000000000002
1924 0.9040000000000002
1925 0.9040000000000002
1926 0.9040000000000002
1927 0.9040000000000002
1928 0.9040000000000002
1929 0.9036000000000002
1930 0.9036000000000002
1931 0.9036000000000002
1932 0.9036000000000002
1933 0.9036000000000002
1934 0.9036000000000002
1935 0.9036000000000002
1936 0.9028000000000002
1937 0.9024000000000001
1938 0.9024000000000001
1939 0.9024000000000001
1940 0.9024000000000001
1941 0.9024000000000001
1942 0.9024000000000001
1943 0.9024000000000001
1944 0.9024000000000001
1945 0.9024000000000001
1946 0.9024000000000001
1947 0.9024000000000001
1948 0.9024000000000001
1949 0.9024000000000001
1950 0.9020000000000001
1951 0.9020000000000001
1952 0.9020000000000001
1953 0.9020000000000001
1954 0.9020000000000001
1955 0.9016000000000001
1956 0.9016000000000001
1957 0.9016000000000001
1958 0.9016000000000001
1959 0.9016000000000001
1960 0.9016000000000001
1961 0.9016000000000001
1962 0.9007999999999999
1963 0.9007999999999999
1964 0.9007999999999999
1965 0.9004000000000001
1966 0.8996
1967 0.8996
1968 0.8996
1969 0.8996
1970 0.8996
1971 0.8996
1972 0.8996
1973 0.8992
1974 0.8992
1975 0.8992
1976 0.8988
1977 0.8988
1978 0.8988
1979 0.8988
1980 0.8988
1981 0.8988
1982 0.898
1983 0.898
1984 0.898
1985 0.898
1986 0.898
1987 0.898
1988 0.8976
1989 0.8976
1990 0.8976
1991 0.8976
1992 0.8976
1993 0.8976
1994 0.8971999999999999
1995 0.8971999999999999
1996 0.8971999999999999
1997 0.8971999999999999
1998 0.8967999999999999
1999 0.8967999999999999
