1 1.0
2 1.0
3 1.0
4 0.9963999999999998
5 0.9931999999999997
6 0.9867999999999997
7 0.9839999999999995
8 0.9807999999999996
9 0.9775999999999998
10 0.9739999999999998
11 0.968
12 0.9659999999999997
13 0.964
14 0.9604
15 0.958
16 0.9575999999999999
17 0.9571999999999998
18 0.9567999999999999
19 0.9579999999999999
20 0.9555999999999999
21 0.9524000000000001
22 0.95
23 0.9475999999999998
24 0.9468
25 0.9431999999999998
26 0.9376000000000001
27 0.936
28 0.9336000000000001
29 0.9316000000000001
30 0.9284000000000002
31 0.9268000000000002
32 0.9236000000000001
33 0.9208000000000003
34 0.9184000000000002
35 0.9200000000000002
36 0.9216
37 0.922
38 0.9207999999999997
39 0.9251999999999998
40 0.9264
41 0.9344
42 0.9356
43 0.9316000000000001
44 0.9332
45 0.9336
46 0.9272000000000001
47 0.9244000000000001
48 0.9208000000000002
49 0.9172000000000001
50 0.9132000000000001
51 0.9083999999999999
52 0.9047999999999999
53 0.9
54 0.8967999999999999
55 0.8935999999999998
56 0.8888000000000001
57 0.8896
58 0.8872000000000001
59 0.8868000000000003
60 0.8908000000000003
61 0.8972000000000002
62 0.9004000000000001
63 0.9028
64 0.9088000000000003
65 0.9172000000000002
66 0.9228000000000001
67 0.9303999999999999
68 0.9312000000000001
69 0.9292000000000002
70 0.926
71 0.9232
72 0.9192
73 0.916
74 0.9116000000000001
75 0.9084000000000002
76 0.9040000000000002
77 0.9012000000000003
78 0.8964000000000002
79 0.8912000000000002
80 0.8856000000000002
81 0.8836000000000003
82 0.8856
83 0.8892
84 0.8952000000000002
85 0.9012
86 0.9040000000000002
87 0.9084
88 0.9136000000000002
89 0.9252000000000001
90 0.9284
91 0.9288
92 0.9284000000000003
93 0.9252000000000004
94 0.9172000000000006
95 0.9108000000000003
96 0.9072000000000002
97 0.9056000000000002
98 0.9003999999999999
99 0.8936000000000002
100 0.8888000000000003
101 0.8832000000000001
102 0.88
103 0.8708000000000001
104 0.8644000000000003
105 0.8588000000000003
106 0.8608000000000005
107 0.8640000000000002
108 0.8688000000000001
109 0.8764000000000002
110 0.8795999999999999
111 0.8819999999999999
112 0.8872000000000001
113 0.9031999999999999
114 0.9072000000000001
115 0.9155999999999997
116 0.9148000000000001
117 0.9159999999999999
118 0.9124
119 0.9067999999999999
120 0.8987999999999999
121 0.8936000000000002
122 0.8896000000000002
123 0.8848000000000001
124 0.8792000000000002
125 0.8740000000000002
126 0.8687999999999999
127 0.8648
128 0.8620000000000003
129 0.8580000000000001
130 0.8583999999999999
131 0.8624
132 0.8632000000000001
133 0.8676000000000001
134 0.8748
135 0.8787999999999999
136 0.8904000000000002
137 0.8996000000000001
138 0.9100000000000001
139 0.9123999999999998
140 0.9144
141 0.9168000000000001
142 0.9116000000000004
143 0.9052000000000001
144 0.8988000000000003
145 0.8936000000000003
146 0.8900000000000002
147 0.8848000000000004
148 0.8772000000000003
149 0.8740000000000003
150 0.8708000000000001
151 0.8667999999999999
152 0.8627999999999999
153 0.8591999999999999
154 0.8567999999999998
155 0.8591999999999999
156 0.8587999999999998
157 0.8692
158 0.8783999999999998
159 0.8839999999999999
160 0.8919999999999999
161 0.9052000000000002
162 0.9152000000000001
163 0.9200000000000002
164 0.9240000000000002
165 0.9224000000000002
166 0.9204000000000003
167 0.9140000000000001
168 0.9087999999999999
169 0.9024
170 0.8976000000000001
171 0.8932000000000001
172 0.8879999999999998
173 0.884
174 0.8763999999999998
175 0.8728
176 0.8704000000000002
177 0.8644000000000002
178 0.8672000000000003
179 0.8704000000000005
180 0.8752000000000002
181 0.8820000000000001
182 0.8900000000000001
183 0.8976
184 0.9056000000000001
185 0.916
186 0.9216
187 0.9256000000000002
188 0.9296000000000001
189 0.9268000000000001
190 0.9211999999999996
191 0.9159999999999999
192 0.9107999999999998
193 0.9059999999999999
194 0.8992
195 0.8928
196 0.8872
197 0.8832000000000002
198 0.8776000000000002
199 0.8748000000000001
200 0.8728000000000001
201 0.8700000000000003
202 0.8736000000000003
203 0.8747999999999999
204 0.8804
205 0.8815999999999999
206 0.8816000000000002
207 0.8792000000000004
208 0.8876000000000002
209 0.8992
210 0.9116000000000001
211 0.9115999999999996
212 0.9099999999999996
213 0.9083999999999997
214 0.9047999999999997
215 0.9015999999999995
216 0.8971999999999997
217 0.8912
218 0.8836000000000002
219 0.8792
220 0.8731999999999998
221 0.87
222 0.8647999999999999
223 0.8603999999999999
224 0.8575999999999999
225 0.8528
226 0.8528
227 0.8583999999999999
228 0.8623999999999999
229 0.8652000000000001
230 0.8736000000000003
231 0.8808
232 0.8904000000000002
233 0.9055999999999998
234 0.9100000000000003
235 0.9164
236 0.9164
237 0.9152000000000001
238 0.9108000000000003
239 0.9064
240 0.9031999999999999
241 0.8996000000000001
242 0.8908000000000001
243 0.8880000000000001
244 0.8828000000000001
245 0.8780000000000002
246 0.8752
247 0.8739999999999999
248 0.8672000000000001
249 0.8640000000000001
250 0.8635999999999998
251 0.8660000000000001
252 0.8728000000000001
253 0.8804000000000001
254 0.8896000000000002
255 0.8956000000000003
256 0.9016000000000001
257 0.914
258 0.9208000000000003
259 0.9252000000000002
260 0.9252000000000006
261 0.9212000000000004
262 0.9148000000000005
263 0.9072000000000005
264 0.9044000000000003
265 0.9012000000000003
266 0.8920000000000005
267 0.8864000000000004
268 0.8812000000000004
269 0.8760000000000006
270 0.8724000000000004
271 0.8704000000000004
272 0.8648000000000003
273 0.8608000000000002
274 0.8620000000000003
275 0.8636000000000003
276 0.8668000000000005
277 0.8720000000000004
278 0.8800000000000003
279 0.8864000000000002
280 0.8984000000000001
281 0.9128000000000001
282 0.9231999999999999
283 0.9272000000000001
284 0.9252000000000001
285 0.9200000000000002
286 0.9172000000000005
287 0.9112000000000003
288 0.9020000000000001
289 0.8948
290 0.8860000000000002
291 0.8804000000000001
292 0.8768000000000002
293 0.8720000000000002
294 0.8660000000000003
295 0.8624000000000004
296 0.8588000000000006
297 0.8560000000000003
298 0.8564000000000006
299 0.8596000000000005
300 0.8640000000000003
301 0.8684000000000005
302 0.8740000000000003
303 0.8792000000000003
304 0.8852000000000001
305 0.8983999999999998
306 0.9063999999999999
307 0.9111999999999996
308 0.9103999999999998
309 0.9107999999999999
310 0.9080000000000001
311 0.904
312 0.9011999999999999
313 0.8927999999999996
314 0.8883999999999994
315 0.8831999999999995
316 0.8807999999999996
317 0.8743999999999997
318 0.8695999999999998
319 0.8643999999999998
320 0.8600000000000001
321 0.8548000000000002
322 0.8572000000000002
323 0.8584000000000003
324 0.8648000000000005
325 0.8719999999999999
326 0.8744
327 0.8804000000000001
328 0.8912
329 0.9083999999999999
330 0.9128000000000002
331 0.9188000000000003
332 0.9176000000000002
333 0.9136
334 0.9128000000000002
335 0.9108000000000002
336 0.904
337 0.8996000000000001
338 0.8963999999999999
339 0.8899999999999999
340 0.8855999999999998
341 0.8799999999999997
342 0.8743999999999997
343 0.872
344 0.8660000000000001
345 0.8628000000000003
346 0.8595999999999999
347 0.8660000000000001
348 0.8683999999999998
349 0.8752
350 0.8764000000000004
351 0.8808000000000001
352 0.8900000000000001
353 0.9024000000000001
354 0.9072
355 0.9096000000000001
356 0.9063999999999999
357 0.9059999999999999
358 0.9007999999999999
359 0.894
360 0.8891999999999998
361 0.8839999999999999
362 0.8804
363 0.8736
364 0.8656
365 0.8560000000000001
366 0.8516000000000002
367 0.8484000000000002
368 0.8448000000000002
369 0.8416000000000001
370 0.8392000000000001
371 0.8423999999999999
372 0.8432000000000002
373 0.852
374 0.8568000000000001
375 0.8656000000000001
376 0.8732000000000001
377 0.8868000000000005
378 0.8996000000000004
379 0.9048000000000003
380 0.9056000000000002
381 0.904
382 0.8988
383 0.8928000000000005
384 0.8896000000000004
385 0.8840000000000002
386 0.8792000000000003
387 0.8728000000000001
388 0.8656000000000001
389 0.8596
390 0.8548000000000002
391 0.8528000000000001
392 0.8512000000000002
393 0.8500000000000003
394 0.8508000000000001
395 0.86
396 0.8632000000000002
397 0.8688000000000001
398 0.8748
399 0.8844000000000003
400 0.8952000000000002
401 0.9047999999999997
402 0.914
403 0.9183999999999999
404 0.9183999999999999
405 0.9155999999999999
406 0.9107999999999999
407 0.9076000000000002
408 0.9036000000000003
409 0.9008000000000004
410 0.8972000000000004
411 0.8900000000000001
412 0.8876000000000002
413 0.8848000000000001
414 0.8836000000000002
415 0.8788000000000001
416 0.8707999999999998
417 0.8667999999999998
418 0.8675999999999996
419 0.8747999999999999
420 0.8808
421 0.8888000000000001
422 0.8912
423 0.8976000000000001
424 0.902
425 0.9144000000000002
426 0.9196
427 0.9204000000000001
428 0.9156
429 0.9111999999999999
430 0.9072000000000001
431 0.8996000000000001
432 0.8924000000000001
433 0.8848
434 0.8812000000000001
435 0.8776000000000002
436 0.8732000000000001
437 0.8667999999999999
438 0.8627999999999999
439 0.8579999999999999
440 0.8552
441 0.8543999999999998
442 0.8535999999999998
443 0.8556000000000001
444 0.8580000000000001
445 0.8624
446 0.8632
447 0.8695999999999999
448 0.8783999999999997
449 0.8928000000000001
450 0.9000000000000005
451 0.9032000000000002
452 0.9032000000000001
453 0.9011999999999999
454 0.8996000000000002
455 0.898
456 0.8931999999999999
457 0.8867999999999998
458 0.8816000000000002
459 0.8772
460 0.8695999999999999
461 0.8635999999999998
462 0.8603999999999999
463 0.8528
464 0.8492000000000002
465 0.8492000000000002
466 0.8492000000000001
467 0.8532000000000001
468 0.8608000000000001
469 0.8695999999999998
470 0.8795999999999999
471 0.8816000000000002
472 0.8927999999999998
473 0.8999999999999997
474 0.9099999999999997
475 0.9104000000000001
476 0.9107999999999999
477 0.9099999999999997
478 0.9055999999999998
479 0.8987999999999999
480 0.8911999999999999
481 0.8863999999999999
482 0.8800000000000001
483 0.8716000000000002
484 0.8664000000000001
485 0.8591999999999999
486 0.8527999999999998
487 0.8495999999999999
488 0.8467999999999999
489 0.8443999999999999
490 0.8388000000000001
491 0.84
492 0.8443999999999998
493 0.8524000000000003
494 0.8596000000000007
495 0.8676000000000004
496 0.8775999999999999
497 0.8920000000000001
498 0.9032000000000002
499 0.9096000000000004
500 0.9120000000000001
501 0.912
502 0.9096000000000002
503 0.9048000000000002
504 0.8996000000000005
505 0.8908000000000006
506 0.8836000000000004
507 0.8764000000000002
508 0.8692
509 0.8636000000000003
510 0.8548
511 0.8500000000000001
512 0.8428
513 0.8368000000000001
514 0.8352
515 0.8399999999999999
516 0.8408
517 0.8476000000000002
518 0.8592000000000002
519 0.8712000000000001
520 0.8828
521 0.892
522 0.9000000000000001
523 0.9032000000000001
524 0.9056000000000001
525 0.9048000000000002
526 0.9012000000000002
527 0.8988
528 0.8916000000000004
529 0.8840000000000003
530 0.8732000000000002
531 0.8660000000000003
532 0.8604000000000004
533 0.8544000000000003
534 0.852
535 0.8492000000000002
536 0.8475999999999998
537 0.8427999999999999
538 0.8428000000000001
539 0.8452000000000003
540 0.8508000000000001
541 0.8584
542 0.8683999999999998
543 0.8744
544 0.8836000000000003
545 0.8952000000000004
546 0.9008000000000004
547 0.9032000000000001
548 0.9044
549 0.9027999999999998
550 0.9012
551 0.8936
552 0.8876000000000001
553 0.8811999999999998
554 0.8752
555 0.8703999999999997
556 0.8627999999999997
557 0.8563999999999997
558 0.8515999999999998
559 0.8471999999999998
560 0.8416000000000001
561 0.8391999999999998
562 0.8375999999999999
563 0.8423999999999999
564 0.848
565 0.8540000000000001
566 0.8580000000000001
567 0.8668
568 0.8784000000000001
569 0.8891999999999999
570 0.8984000000000002
571 0.9003999999999999
572 0.8972
573 0.8939999999999999
574 0.8880000000000001
575 0.8832000000000001
576 0.8768
577 0.8687999999999999
578 0.8632000000000001
579 0.8603999999999999
580 0.8536
581 0.8492000000000002
582 0.8443999999999999
583 0.8384
584 0.8316
585 0.8260000000000001
586 0.8248000000000001
587 0.8280000000000001
588 0.838
589 0.8444000000000002
590 0.8540000000000001
591 0.8620000000000003
592 0.8704000000000001
593 0.8852000000000002
594 0.8984000000000002
595 0.9059999999999998
596 0.9052
597 0.9036
598 0.9012000000000002
599 0.8992000000000001
600 0.8968
601 0.8892000000000002
602 0.8800000000000001
603 0.8747999999999998
604 0.8679999999999999
605 0.8631999999999997
606 0.8584000000000002
607 0.8540000000000001
608 0.8483999999999999
609 0.8447999999999997
610 0.8455999999999999
611 0.8475999999999999
612 0.8548
613 0.8656
614 0.8740000000000003
615 0.8796000000000003
616 0.8887999999999999
617 0.9003999999999999
618 0.9092000000000001
619 0.9116000000000003
620 0.9136000000000002
621 0.9132000000000001
622 0.9104000000000001
623 0.9060000000000001
624 0.8988000000000003
625 0.8936
626 0.8832000000000001
627 0.878
628 0.8732
629 0.8647999999999999
630 0.8620000000000002
631 0.8580000000000001
632 0.8524
633 0.8492000000000002
634 0.8492000000000002
635 0.8508000000000001
636 0.8524000000000003
637 0.8612000000000003
638 0.8636000000000003
639 0.8652
640 0.8744000000000001
641 0.8812000000000002
642 0.8931999999999998
643 0.8935999999999997
644 0.8944
645 0.8904
646 0.8867999999999999
647 0.8796
648 0.8764000000000002
649 0.8691999999999999
650 0.8608
651 0.8544000000000002
652 0.8508
653 0.8463999999999998
654 0.8408
655 0.8392000000000001
656 0.8367999999999999
657 0.8332
658 0.8336000000000001
659 0.8372000000000002
660 0.8460000000000002
661 0.8536000000000001
662 0.8672
663 0.8736
664 0.8844000000000003
665 0.8960000000000001
666 0.8972000000000001
667 0.9052000000000001
668 0.9059999999999999
669 0.9036000000000002
670 0.8991999999999999
671 0.8967999999999999
672 0.89
673 0.8848
674 0.8804
675 0.8755999999999999
676 0.8696000000000003
677 0.8644000000000003
678 0.8624000000000003
679 0.8576000000000001
680 0.8564
681 0.8532
682 0.8527999999999998
683 0.8559999999999998
684 0.8612000000000002
685 0.8696000000000004
686 0.8784000000000001
687 0.8832000000000002
688 0.8948000000000002
689 0.9031999999999999
690 0.91
691 0.9168
692 0.9163999999999999
693 0.9139999999999998
694 0.9124
695 0.9072
696 0.9000000000000001
697 0.8952
698 0.8884000000000003
699 0.884
700 0.8800000000000001
701 0.8711999999999999
702 0.8652
703 0.8608000000000001
704 0.8571999999999999
705 0.8515999999999999
706 0.8496000000000001
707 0.8523999999999999
708 0.8548
709 0.8544000000000003
710 0.8584
711 0.8632000000000004
712 0.8767999999999999
713 0.8916000000000001
714 0.9072000000000001
715 0.9108000000000003
716 0.9136
717 0.9107999999999998
718 0.9076
719 0.8984000000000002
720 0.8928000000000003
721 0.8828000000000005
722 0.8760000000000002
723 0.8720000000000004
724 0.8668000000000003
725 0.8616000000000006
726 0.8568000000000002
727 0.8544000000000003
728 0.8484000000000002
729 0.8436000000000001
730 0.8416000000000003
731 0.8460000000000002
732 0.8527999999999999
733 0.8604
734 0.8652000000000001
735 0.8728000000000002
736 0.8848000000000004
737 0.8984000000000002
738 0.9080000000000001
739 0.9099999999999998
740 0.9068
741 0.9024000000000001
742 0.8968
743 0.8904000000000001
744 0.8852
745 0.8791999999999999
746 0.8708
747 0.8620000000000002
748 0.8556000000000001
749 0.8516000000000001
750 0.8440000000000001
751 0.8384000000000001
752 0.8323999999999999
753 0.8303999999999999
754 0.8296000000000001
755 0.8319999999999997
756 0.8395999999999998
757 0.8472
758 0.8504000000000002
759 0.8576
760 0.8699999999999999
761 0.8816000000000002
762 0.8911999999999999
763 0.8996000000000001
764 0.9040000000000004
765 0.9000000000000002
766 0.8940000000000002
767 0.8912
768 0.8811999999999999
769 0.8715999999999999
770 0.8640000000000001
771 0.8524
772 0.8476000000000002
773 0.8384000000000001
774 0.8304
775 0.8284000000000001
776 0.8256000000000001
777 0.8232
778 0.8224000000000001
779 0.8264000000000001
780 0.8336000000000001
781 0.8432000000000001
782 0.8496000000000001
783 0.8548000000000002
784 0.8668
785 0.8796000000000004
786 0.8935999999999998
787 0.8944000000000003
788 0.8936000000000002
789 0.8896000000000004
790 0.8844000000000004
791 0.8796000000000004
792 0.8744000000000003
793 0.8696000000000003
794 0.8612000000000003
795 0.8572000000000004
796 0.8496000000000005
797 0.8424000000000005
798 0.8336000000000005
799 0.8308000000000003
800 0.8244000000000001
801 0.8208
802 0.8203999999999999
803 0.8224000000000001
804 0.8340000000000001
805 0.8435999999999999
806 0.8512000000000001
807 0.8660000000000002
808 0.8756
809 0.8896
810 0.902
811 0.9056000000000002
812 0.9056000000000002
813 0.9032000000000001
814 0.8976000000000002
815 0.8951999999999998
816 0.8899999999999999
817 0.8831999999999998
818 0.8791999999999998
819 0.8735999999999998
820 0.8703999999999996
821 0.8659999999999998
822 0.8567999999999999
823 0.8508
824 0.8476
825 0.8456
826 0.8456
827 0.8483999999999999
828 0.8516000000000001
829 0.8563999999999998
830 0.8647999999999998
831 0.8707999999999998
832 0.8756
833 0.8872
834 0.8972000000000004
835 0.8996000000000002
836 0.9031999999999999
837 0.8988
838 0.8912
839 0.8852000000000002
840 0.8776000000000002
841 0.8756000000000002
842 0.87
843 0.8636000000000001
844 0.8552000000000003
845 0.8492000000000002
846 0.8484000000000003
847 0.8440000000000002
848 0.8408000000000001
849 0.838
850 0.8331999999999998
851 0.8348000000000002
852 0.8428000000000001
853 0.8507999999999999
854 0.8564000000000002
855 0.8616000000000003
856 0.8712000000000001
857 0.8831999999999998
858 0.8887999999999999
859 0.8939999999999998
860 0.894
861 0.8944000000000001
862 0.8908000000000001
863 0.8844000000000001
864 0.8775999999999999
865 0.8739999999999999
866 0.8672000000000001
867 0.8608
868 0.8568000000000001
869 0.8532000000000001
870 0.8475999999999999
871 0.8448000000000002
872 0.8408000000000001
873 0.8352000000000003
874 0.8340000000000002
875 0.8412000000000002
876 0.8475999999999998
877 0.8579999999999999
878 0.8643999999999997
879 0.8708000000000001
880 0.8796000000000004
881 0.8940000000000002
882 0.9032000000000002
883 0.9124000000000003
884 0.9136
885 0.9107999999999999
886 0.9083999999999999
887 0.9052000000000002
888 0.9004000000000001
889 0.8936
890 0.8859999999999999
891 0.8804000000000001
892 0.8764
893 0.8711999999999999
894 0.8659999999999997
895 0.8596
896 0.8499999999999999
897 0.8432000000000001
898 0.8364
899 0.8388000000000001
900 0.8444000000000002
901 0.8524
902 0.8576000000000001
903 0.8620000000000002
904 0.8716000000000002
905 0.8844
906 0.8931999999999998
907 0.8964000000000003
908 0.8972000000000001
909 0.8964000000000002
910 0.8928000000000003
911 0.8880000000000001
912 0.8844000000000001
913 0.8808
914 0.8764000000000002
915 0.8711999999999999
916 0.8652000000000001
917 0.862
918 0.8584000000000002
919 0.8528000000000003
920 0.8496000000000001
921 0.8492000000000002
922 0.8440000000000001
923 0.8488000000000001
924 0.8568000000000001
925 0.8608000000000001
926 0.8732
927 0.8768000000000002
928 0.8864000000000002
929 0.8996000000000002
930 0.9052
931 0.9112000000000003
932 0.9088000000000003
933 0.9047999999999999
934 0.9011999999999998
935 0.8936
936 0.8844
937 0.8795999999999999
938 0.8756
939 0.8672
940 0.8604
941 0.8544000000000003
942 0.8504000000000002
943 0.8444000000000002
944 0.8404000000000004
945 0.8352000000000003
946 0.8352
947 0.8367999999999999
948 0.8408000000000004
949 0.8424
950 0.8460000000000001
951 0.8512
952 0.8603999999999999
953 0.8764000000000002
954 0.8868
955 0.8984000000000001
956 0.8976000000000002
957 0.8916000000000004
958 0.8860000000000003
959 0.8776000000000005
960 0.8708000000000001
961 0.8660000000000001
962 0.8604000000000002
963 0.8540000000000002
964 0.8488000000000002
965 0.8416000000000001
966 0.8372000000000003
967 0.8328000000000003
968 0.8308000000000001
969 0.8268000000000002
970 0.8268000000000001
971 0.8304000000000002
972 0.8352
973 0.8440000000000002
974 0.8536000000000001
975 0.8648000000000002
976 0.8780000000000001
977 0.8912
978 0.9028
979 0.9072000000000001
980 0.9060000000000002
981 0.904
982 0.8984000000000001
983 0.8939999999999999
984 0.8879999999999998
985 0.8824000000000001
986 0.8700000000000001
987 0.8628000000000001
988 0.8572000000000002
989 0.8536000000000001
990 0.8476000000000004
991 0.8424000000000005
992 0.8408000000000004
993 0.8368000000000001
994 0.8364
995 0.8371999999999998
996 0.8419999999999999
997 0.8519999999999999
998 0.8571999999999997
999 0.8615999999999998
1000 0.8724000000000001
1001 0.8844
1002 0.8963999999999995
1003 0.9031999999999998
1004 0.9055999999999998
1005 0.9007999999999998
1006 0.8947999999999999
1007 0.8872
1008 0.8799999999999999
1009 0.8747999999999999
1010 0.8715999999999997
1011 0.8675999999999998
1012 0.8651999999999999
1013 0.8612000000000001
1014 0.856
1015 0.8519999999999999
1016 0.8488
1017 0.8447999999999999
1018 0.8428000000000001
1019 0.8420000000000001
1020 0.85
1021 0.8552000000000001
1022 0.8588000000000002
1023 0.8620000000000003
1024 0.8712000000000002
1025 0.8788000000000001
1026 0.8868
1027 0.8916000000000001
1028 0.8940000000000002
1029 0.8916000000000001
1030 0.8864000000000003
1031 0.8776000000000004
1032 0.8708000000000002
1033 0.8652000000000004
1034 0.8588000000000001
1035 0.8544000000000003
1036 0.8476000000000002
1037 0.8412000000000001
1038 0.838
1039 0.8348000000000002
1040 0.8303999999999999
1041 0.8271999999999999
1042 0.8247999999999998
1043 0.8288000000000001
1044 0.8348000000000002
1045 0.8412000000000001
1046 0.8540000000000002
1047 0.8636
1048 0.8732
1049 0.8876000000000004
1050 0.9004000000000002
1051 0.9024000000000002
1052 0.9044000000000003
1053 0.8987999999999999
1054 0.8928000000000001
1055 0.8844000000000001
1056 0.8788000000000002
1057 0.8736000000000002
1058 0.8680000000000002
1059 0.8624000000000003
1060 0.8564000000000004
1061 0.8492000000000002
1062 0.8424
1063 0.8380000000000003
1064 0.8332000000000002
1065 0.8300000000000003
1066 0.8312
1067 0.8331999999999999
1068 0.8412000000000001
1069 0.8464
1070 0.8496000000000001
1071 0.8552
1072 0.8695999999999999
1073 0.8812000000000001
1074 0.8892
1075 0.8976000000000002
1076 0.8992000000000004
1077 0.8960000000000005
1078 0.8924000000000005
1079 0.8872000000000004
1080 0.8792000000000003
1081 0.8732000000000003
1082 0.8684000000000006
1083 0.8620000000000003
1084 0.8536000000000002
1085 0.8496000000000002
1086 0.8436
1087 0.8383999999999999
1088 0.8332
1089 0.83
1090 0.8303999999999999
1091 0.8351999999999997
1092 0.8407999999999999
1093 0.8492000000000002
1094 0.8584000000000002
1095 0.8688000000000001
1096 0.8812000000000001
1097 0.8863999999999999
1098 0.8963999999999999
1099 0.9051999999999998
1100 0.9052000000000001
1101 0.9007999999999998
1102 0.8959999999999999
1103 0.8904
1104 0.8835999999999999
1105 0.8755999999999999
1106 0.8667999999999999
1107 0.856
1108 0.8527999999999999
1109 0.8492000000000001
1110 0.848
1111 0.8436
1112 0.8391999999999998
1113 0.8344000000000001
1114 0.8280000000000003
1115 0.8324000000000005
1116 0.8384000000000004
1117 0.8460000000000004
1118 0.8516000000000002
1119 0.8548000000000003
1120 0.8624000000000005
1121 0.8776
1122 0.8859999999999997
1123 0.89
1124 0.8887999999999999
1125 0.8844
1126 0.8808000000000001
1127 0.8759999999999999
1128 0.8680000000000001
1129 0.8608000000000001
1130 0.8548
1131 0.8476
1132 0.8436
1133 0.8388000000000001
1134 0.8336000000000001
1135 0.8264
1136 0.8228000000000002
1137 0.8172
1138 0.8127999999999999
1139 0.8147999999999999
1140 0.8248000000000001
1141 0.8336000000000001
1142 0.8436000000000001
1143 0.8464000000000002
1144 0.8564
1145 0.8724000000000003
1146 0.8839999999999999
1147 0.8947999999999999
1148 0.8987999999999995
1149 0.8979999999999998
1150 0.8952000000000001
1151 0.8884000000000001
1152 0.8844000000000001
1153 0.878
1154 0.8708000000000001
1155 0.8675999999999999
1156 0.8603999999999999
1157 0.8540000000000001
1158 0.848
1159 0.8400000000000002
1160 0.8380000000000001
1161 0.8352000000000003
1162 0.8336000000000001
1163 0.8352000000000003
1164 0.8440000000000003
1165 0.8548
1166 0.8648000000000002
1167 0.8744
1168 0.8836000000000002
1169 0.8988000000000004
1170 0.9072000000000002
1171 0.9088000000000003
1172 0.9096000000000004
1173 0.9052000000000003
1174 0.8984000000000002
1175 0.8904000000000001
1176 0.8835999999999999
1177 0.8776000000000002
1178 0.872
1179 0.8668000000000002
1180 0.8600000000000001
1181 0.8536000000000001
1182 0.8471999999999998
1183 0.8427999999999998
1184 0.8411999999999997
1185 0.8371999999999998
1186 0.8323999999999999
1187 0.8332
1188 0.8399999999999999
1189 0.8468000000000001
1190 0.8527999999999999
1191 0.8611999999999999
1192 0.8699999999999997
1193 0.8856
1194 0.8956000000000001
1195 0.9016
1196 0.9044
1197 0.9
1198 0.8976000000000001
1199 0.8959999999999999
1200 0.8916000000000001
1201 0.8816000000000002
1202 0.8764000000000003
1203 0.872
1204 0.8627999999999999
1205 0.8579999999999999
1206 0.8523999999999998
1207 0.8487999999999998
1208 0.8443999999999999
1209 0.8395999999999999
1210 0.8327999999999999
1211 0.8348
1212 0.8400000000000002
1213 0.8516000000000001
1214 0.8551999999999998
1215 0.8604
1216 0.8739999999999998
1217 0.8823999999999999
1218 0.8932000000000003
1219 0.8972000000000001
1220 0.8967999999999999
1221 0.8916000000000003
1222 0.8848000000000001
1223 0.8736000000000002
1224 0.87
1225 0.8644
1226 0.8572
1227 0.8515999999999998
1228 0.8475999999999999
1229 0.8415999999999998
1230 0.8388
1231 0.8332
1232 0.8264
1233 0.8231999999999998
1234 0.8243999999999998
1235 0.8260000000000001
1236 0.8324000000000001
1237 0.8440000000000001
1238 0.8479999999999999
1239 0.8552000000000003
1240 0.8688000000000003
1241 0.8815999999999998
1242 0.8888000000000001
1243 0.892
1244 0.8928
1245 0.8900000000000002
1246 0.8844000000000001
1247 0.8795999999999999
1248 0.8708
1249 0.8672
1250 0.8624
1251 0.8560000000000001
1252 0.8496000000000002
1253 0.8436000000000001
1254 0.8356
1255 0.8327999999999999
1256 0.8263999999999999
1257 0.8223999999999998
1258 0.8188
1259 0.8215999999999998
1260 0.8292
1261 0.8395999999999999
1262 0.8488000000000001
1263 0.8560000000000001
1264 0.8704000000000005
1265 0.8824000000000001
1266 0.8888000000000004
1267 0.8956000000000003
1268 0.8968000000000004
1269 0.8928000000000005
1270 0.8888000000000003
1271 0.8804000000000001
1272 0.8716000000000003
1273 0.8644
1274 0.8576
1275 0.8536000000000001
1276 0.8484
1277 0.8423999999999999
1278 0.8383999999999999
1279 0.8347999999999999
1280 0.8311999999999997
1281 0.8283999999999999
1282 0.8315999999999997
1283 0.8323999999999999
1284 0.8359999999999996
1285 0.8423999999999998
1286 0.8467999999999999
1287 0.8543999999999998
1288 0.8695999999999999
1289 0.884
1290 0.8908
1291 0.8952000000000002
1292 0.8964
1293 0.8939999999999999
1294 0.8895999999999998
1295 0.8844000000000001
1296 0.8768
1297 0.8707999999999998
1298 0.8652000000000001
1299 0.8604
1300 0.8560000000000001
1301 0.85
1302 0.8456
1303 0.8407999999999999
1304 0.8388
1305 0.8375999999999999
1306 0.8395999999999999
1307 0.8443999999999998
1308 0.8567999999999999
1309 0.8656
1310 0.8739999999999999
1311 0.8815999999999999
1312 0.8904
1313 0.8987999999999997
1314 0.9067999999999998
1315 0.9128000000000001
1316 0.9104000000000001
1317 0.9103999999999998
1318 0.9044000000000003
1319 0.8976000000000002
1320 0.8908000000000003
1321 0.8816000000000002
1322 0.8732
1323 0.8656
1324 0.8580000000000001
1325 0.8516000000000001
1326 0.8464
1327 0.8452000000000001
1328 0.8371999999999999
1329 0.8347999999999999
1330 0.8299999999999998
1331 0.8308
1332 0.8336000000000001
1333 0.8380000000000001
1334 0.8436000000000001
1335 0.8476
1336 0.8572000000000002
1337 0.8768000000000004
1338 0.8919999999999999
1339 0.8976000000000003
1340 0.8996000000000005
1341 0.8936000000000004
1342 0.8876000000000005
1343 0.8812000000000002
1344 0.8748000000000001
1345 0.8672
1346 0.8580000000000001
1347 0.8515999999999999
1348 0.8467999999999999
1349 0.8436
1350 0.8416000000000001
1351 0.8371999999999999
1352 0.8336
1353 0.8275999999999999
1354 0.8288000000000001
1355 0.8304000000000004
1356 0.8328
1357 0.8440000000000001
1358 0.8527999999999999
1359 0.8592000000000003
1360 0.8704000000000001
1361 0.8832000000000002
1362 0.8928000000000001
1363 0.9000000000000002
1364 0.9016000000000004
1365 0.8980000000000002
1366 0.8931999999999999
1367 0.8892
1368 0.8823999999999999
1369 0.8732000000000002
1370 0.8680000000000001
1371 0.8580000000000001
1372 0.8524
1373 0.8480000000000001
1374 0.8440000000000002
1375 0.8372000000000002
1376 0.8320000000000003
1377 0.8260000000000001
1378 0.8232
1379 0.8252000000000002
1380 0.8268000000000002
1381 0.8392000000000003
1382 0.8472000000000002
1383 0.8572
1384 0.8671999999999997
1385 0.8876000000000002
1386 0.8988000000000003
1387 0.9
1388 0.8996
1389 0.894
1390 0.8892000000000002
1391 0.8844000000000001
1392 0.8772000000000003
1393 0.8672
1394 0.8604
1395 0.8544000000000002
1396 0.8472000000000002
1397 0.8416000000000001
1398 0.8392000000000001
1399 0.8351999999999999
1400 0.8312
1401 0.8279999999999998
1402 0.8296000000000001
1403 0.8375999999999999
1404 0.8412
1405 0.8472
1406 0.8588000000000001
1407 0.8648000000000002
1408 0.8704000000000004
1409 0.8836000000000003
1410 0.8904000000000002
1411 0.8912000000000003
1412 0.8884000000000003
1413 0.8855999999999997
1414 0.8783999999999998
1415 0.8703999999999997
1416 0.8627999999999997
1417 0.8504
1418 0.8439999999999999
1419 0.8392000000000002
1420 0.8320000000000002
1421 0.8264000000000001
1422 0.8200000000000003
1423 0.8156000000000003
1424 0.8148000000000002
1425 0.8100000000000003
1426 0.8128000000000004
1427 0.8124000000000002
1428 0.8136000000000001
1429 0.82
1430 0.8296000000000001
1431 0.8400000000000004
1432 0.8543999999999999
1433 0.8736
1434 0.8840000000000002
1435 0.8860000000000002
1436 0.8864000000000002
1437 0.8835999999999999
1438 0.8748
1439 0.8696
1440 0.8664000000000001
1441 0.8588
1442 0.8532000000000001
1443 0.8476000000000002
1444 0.8424
1445 0.8360000000000001
1446 0.8295999999999999
1447 0.8284
1448 0.8232
1449 0.8215999999999998
1450 0.8240000000000001
1451 0.8264000000000001
1452 0.8340000000000006
1453 0.8364000000000003
1454 0.8436000000000001
1455 0.8476000000000002
1456 0.8616000000000001
1457 0.8768000000000002
1458 0.8892000000000002
1459 0.8968000000000004
1460 0.8964000000000003
1461 0.8952000000000004
1462 0.892
1463 0.8900000000000002
1464 0.8828000000000003
1465 0.8760000000000002
1466 0.8692000000000003
1467 0.8656000000000005
1468 0.8584000000000005
1469 0.8536000000000007
1470 0.8488000000000006
1471 0.8432000000000002
1472 0.8372000000000004
1473 0.8280000000000003
1474 0.8264
1475 0.8248000000000001
1476 0.8315999999999997
1477 0.8432
1478 0.8528
1479 0.8596000000000003
1480 0.8744000000000001
1481 0.8904000000000002
1482 0.9028000000000002
1483 0.9100000000000001
1484 0.9128000000000002
1485 0.9052000000000001
1486 0.8960000000000004
1487 0.8920000000000001
1488 0.8868000000000004
1489 0.8804000000000001
1490 0.8744
1491 0.8704000000000002
1492 0.8672000000000001
1493 0.8619999999999999
1494 0.8523999999999999
1495 0.8448
1496 0.8383999999999997
1497 0.8347999999999999
1498 0.8327999999999999
1499 0.8384000000000004
1500 0.8412000000000003
1501 0.8484000000000002
1502 0.8552000000000001
1503 0.8648000000000002
1504 0.8787999999999998
1505 0.8892000000000002
1506 0.8980000000000001
1507 0.9020000000000001
1508 0.9004000000000001
1509 0.8979999999999998
1510 0.8939999999999999
1511 0.8876
1512 0.88
1513 0.8732
1514 0.8647999999999999
1515 0.8580000000000002
1516 0.8516000000000004
1517 0.8448000000000003
1518 0.8392000000000004
1519 0.8304000000000005
1520 0.8276000000000003
1521 0.8232
1522 0.8204000000000002
1523 0.8200000000000002
1524 0.8267999999999998
1525 0.8344
1526 0.8408
1527 0.8452000000000001
1528 0.8575999999999999
1529 0.8763999999999998
1530 0.8848000000000001
1531 0.8928
1532 0.898
1533 0.8939999999999999
1534 0.89
1535 0.8815999999999999
1536 0.8779999999999998
1537 0.8747999999999998
1538 0.8699999999999997
1539 0.8627999999999999
1540 0.8572
1541 0.8520000000000002
1542 0.8464000000000003
1543 0.8376000000000005
1544 0.8340000000000002
1545 0.8312000000000002
1546 0.8340000000000002
1547 0.8380000000000001
1548 0.8468000000000002
1549 0.8560000000000001
1550 0.8648000000000003
1551 0.8676000000000001
1552 0.8760000000000002
1553 0.8892000000000003
1554 0.9004000000000001
1555 0.9032000000000001
1556 0.9027999999999998
1557 0.8967999999999998
1558 0.8923999999999999
1559 0.8867999999999998
1560 0.8767999999999998
1561 0.8675999999999999
1562 0.8615999999999997
1563 0.8539999999999998
1564 0.8443999999999998
1565 0.838
1566 0.8320000000000001
1567 0.826
1568 0.8204
1569 0.8124000000000001
1570 0.8116000000000001
1571 0.8104000000000002
1572 0.8192000000000002
1573 0.8247999999999999
1574 0.8291999999999998
1575 0.8383999999999997
1576 0.8511999999999997
1577 0.8728
1578 0.8831999999999998
1579 0.8916000000000001
1580 0.89
1581 0.8856000000000005
1582 0.8832000000000001
1583 0.8796000000000003
1584 0.8744000000000001
1585 0.8687999999999999
1586 0.8623999999999999
1587 0.8552
1588 0.8448
1589 0.8379999999999999
1590 0.8275999999999994
1591 0.8215999999999997
1592 0.8136
1593 0.8096000000000001
1594 0.8080000000000003
1595 0.8128000000000002
1596 0.8216000000000001
1597 0.8316000000000001
1598 0.838
1599 0.8432000000000001
1600 0.8595999999999999
1601 0.8748
1602 0.8856000000000005
1603 0.8852000000000004
1604 0.8872000000000004
1605 0.8856000000000003
1606 0.8787999999999999
1607 0.8684000000000001
1608 0.8608000000000001
1609 0.8548000000000002
1610 0.8488000000000002
1611 0.8404
1612 0.8336
1613 0.8231999999999999
1614 0.8184
1615 0.8172000000000001
1616 0.8120000000000003
1617 0.8040000000000004
1618 0.8064000000000003
1619 0.8124000000000001
1620 0.8204000000000004
1621 0.8284
1622 0.8388000000000001
1623 0.8480000000000004
1624 0.8596
1625 0.8692
1626 0.8828000000000001
1627 0.8867999999999999
1628 0.8876
1629 0.8828
1630 0.8787999999999999
1631 0.8755999999999999
1632 0.8688000000000001
1633 0.8632000000000001
1634 0.8595999999999999
1635 0.8543999999999999
1636 0.8476
1637 0.84
1638 0.8359999999999999
1639 0.8315999999999998
1640 0.8268
1641 0.8188
1642 0.8188000000000001
1643 0.8212
1644 0.8303999999999998
1645 0.836
1646 0.8447999999999999
1647 0.8551999999999998
1648 0.8668
1649 0.8747999999999996
1650 0.8823999999999999
1651 0.8863999999999999
1652 0.8891999999999999
1653 0.8839999999999999
1654 0.8751999999999999
1655 0.8731999999999998
1656 0.8683999999999996
1657 0.8595999999999998
1658 0.8487999999999998
1659 0.8412000000000001
1660 0.8351999999999999
1661 0.8279999999999998
1662 0.8236
1663 0.8187999999999999
1664 0.8116
1665 0.8068
1666 0.8063999999999999
1667 0.8091999999999999
1668 0.8131999999999999
1669 0.8263999999999999
1670 0.8388000000000001
1671 0.8444000000000002
1672 0.8508000000000001
1673 0.8672000000000001
1674 0.8784000000000006
1675 0.8840000000000003
1676 0.8888000000000004
1677 0.8844000000000003
1678 0.8788000000000004
1679 0.8720000000000003
1680 0.8664000000000002
1681 0.8592
1682 0.8544000000000002
1683 0.8484
1684 0.8404
1685 0.8332000000000002
1686 0.8324000000000001
1687 0.8296000000000002
1688 0.8284
1689 0.8244
1690 0.8268000000000001
1691 0.8352
1692 0.8416
1693 0.8472000000000002
1694 0.8584000000000002
1695 0.8644000000000002
1696 0.8756
1697 0.8876000000000005
1698 0.8956000000000002
1699 0.8988000000000003
1700 0.8992000000000001
1701 0.8968000000000003
1702 0.8916
1703 0.8880000000000001
1704 0.8824000000000001
1705 0.8768000000000002
1706 0.8724
1707 0.8616000000000001
1708 0.8556000000000001
1709 0.8464
1710 0.8423999999999999
1711 0.8372000000000003
1712 0.8344
1713 0.8340000000000001
1714 0.8348
1715 0.8372000000000002
1716 0.8456
1717 0.8543999999999999
1718 0.8588
1719 0.8616000000000001
1720 0.8719999999999999
1721 0.8872000000000003
1722 0.8984000000000002
1723 0.9023999999999998
1724 0.9031999999999999
1725 0.8984000000000001
1726 0.8919999999999999
1727 0.8864000000000002
1728 0.8788000000000002
1729 0.8687999999999999
1730 0.8639999999999998
1731 0.8563999999999998
1732 0.8479999999999996
1733 0.8395999999999999
1734 0.8336
1735 0.8275999999999999
1736 0.8231999999999999
1737 0.8199999999999998
1738 0.8148000000000001
1739 0.8156
1740 0.8235999999999999
1741 0.8307999999999999
1742 0.8399999999999999
1743 0.8452
1744 0.8559999999999998
1745 0.8675999999999999
1746 0.8811999999999999
1747 0.8823999999999999
1748 0.8792
1749 0.8804000000000002
1750 0.8744
1751 0.8696000000000003
1752 0.8636
1753 0.8588000000000003
1754 0.8560000000000002
1755 0.8496000000000002
1756 0.8416000000000002
1757 0.8316000000000001
1758 0.8271999999999998
1759 0.8236
1760 0.8192
1761 0.8116000000000001
1762 0.8123999999999998
1763 0.8192000000000002
1764 0.8284000000000004
1765 0.8360000000000002
1766 0.8479999999999999
1767 0.8588000000000001
1768 0.8676
1769 0.8807999999999997
1770 0.8971999999999999
1771 0.8992
1772 0.8967999999999999
1773 0.8895999999999998
1774 0.8819999999999999
1775 0.8763999999999998
1776 0.8684000000000002
1777 0.8623999999999999
1778 0.8552000000000001
1779 0.8467999999999999
1780 0.838
1781 0.8304
1782 0.8236
1783 0.8211999999999999
1784 0.8176000000000001
1785 0.8151999999999998
1786 0.8140000000000002
1787 0.8168000000000001
1788 0.8220000000000001
1789 0.8308
1790 0.8428000000000001
1791 0.8488000000000001
1792 0.858
1793 0.8752000000000002
1794 0.8836000000000002
1795 0.8891999999999998
1796 0.8871999999999999
1797 0.8839999999999999
1798 0.8796
1799 0.8715999999999998
1800 0.8675999999999999
1801 0.8592
1802 0.8532000000000001
1803 0.8468000000000002
1804 0.84
1805 0.8347999999999999
1806 0.8344
1807 0.8324000000000001
1808 0.8311999999999999
1809 0.8256
1810 0.8280000000000001
1811 0.8316000000000002
1812 0.8396000000000002
1813 0.8440000000000002
1814 0.8548
1815 0.8660000000000002
1816 0.8736000000000003
1817 0.8852000000000002
1818 0.8952000000000001
1819 0.9027999999999998
1820 0.9036
1821 0.8980000000000001
1822 0.8900000000000001
1823 0.8856000000000002
1824 0.88
1825 0.8708
1826 0.8640000000000002
1827 0.8540000000000001
1828 0.8447999999999998
1829 0.8383999999999997
1830 0.8355999999999999
1831 0.8292
1832 0.8220000000000002
1833 0.8195999999999999
1834 0.8168
1835 0.818
1836 0.8236000000000003
1837 0.8336000000000001
1838 0.8416
1839 0.8460000000000001
1840 0.8548000000000003
1841 0.8652000000000004
1842 0.8764000000000002
1843 0.8812000000000002
1844 0.8792000000000002
1845 0.8788000000000004
1846 0.8732000000000002
1847 0.8680000000000001
1848 0.8596
1849 0.8512
1850 0.8460000000000001
1851 0.8396000000000001
1852 0.8344000000000001
1853 0.8296000000000001
1854 0.8236000000000001
1855 0.8176000000000001
1856 0.8112
1857 0.8076000000000001
1858 0.8064000000000003
1859 0.8136
1860 0.8264000000000001
1861 0.8384000000000001
1862 0.8447999999999999
1863 0.8568000000000001
1864 0.8688000000000002
1865 0.8896000000000001
1866 0.8963999999999998
1867 0.9016
1868 0.8991999999999998
1869 0.8943999999999999
1870 0.8855999999999998
1871 0.8759999999999998
1872 0.8695999999999999
1873 0.86
1874 0.8483999999999999
1875 0.8432000000000001
1876 0.8375999999999999
1877 0.8308000000000003
1878 0.8268000000000002
1879 0.8224000000000001
1880 0.8147999999999997
1881 0.81
1882 0.8072
1883 0.8072000000000003
1884 0.814
1885 0.8208
1886 0.8259999999999998
1887 0.8316000000000001
1888 0.8427999999999999
1889 0.8523999999999999
1890 0.8656000000000001
1891 0.8696000000000003
1892 0.8728000000000001
1893 0.8712000000000002
1894 0.8664000000000003
1895 0.8624000000000004
1896 0.8564000000000002
1897 0.8508000000000001
1898 0.8420000000000002
1899 0.8340000000000001
1900 0.8284
1901 0.8207999999999999
1902 0.816
1903 0.8096
1904 0.8043999999999998
1905 0.7964
1906 0.7968
1907 0.7975999999999999
1908 0.8080000000000002
1909 0.8184
1910 0.8268000000000001
1911 0.8308000000000001
1912 0.8399999999999999
1913 0.8540000000000001
1914 0.8672000000000003
1915 0.8732000000000001
1916 0.8728
1917 0.8692000000000003
1918 0.8644000000000003
1919 0.8548000000000003
1920 0.8500000000000001
1921 0.8408000000000001
1922 0.8336000000000001
1923 0.8304000000000002
1924 0.8216000000000001
1925 0.8148000000000002
1926 0.8096000000000001
1927 0.8084000000000002
1928 0.8024000000000003
1929 0.7964
1930 0.7996000000000001
1931 0.8116000000000002
1932 0.8196000000000002
1933 0.8308000000000003
1934 0.8404000000000004
1935 0.8456000000000001
1936 0.8544000000000002
1937 0.8724000000000001
1938 0.8824000000000001
1939 0.8855999999999998
1940 0.8860000000000002
1941 0.8808000000000001
1942 0.8756000000000002
1943 0.8728000000000002
1944 0.8667999999999999
1945 0.8604
1946 0.8552
1947 0.8471999999999998
1948 0.8411999999999997
1949 0.8364
1950 0.8251999999999999
1951 0.8195999999999999
1952 0.8147999999999999
1953 0.8132
1954 0.814
1955 0.8176000000000003
1956 0.8268000000000001
1957 0.8371999999999998
1958 0.84
1959 0.8455999999999999
1960 0.8592000000000002
1961 0.8776
1962 0.8887999999999999
1963 0.8952
1964 0.8931999999999999
1965 0.8896
1966 0.8819999999999999
1967 0.8747999999999998
1968 0.8675999999999998
1969 0.8599999999999999
1970 0.8543999999999999
1971 0.8460000000000001
1972 0.8395999999999999
1973 0.83
1974 0.8195999999999999
1975 0.8155999999999998
1976 0.8131999999999999
1977 0.8135999999999999
1978 0.8168
1979 0.8220000000000002
1980 0.8296000000000002
1981 0.8380000000000003
1982 0.8416000000000001
1983 0.8492000000000001
1984 0.8584
1985 0.8684000000000002
1986 0.8780000000000004
1987 0.8820000000000003
1988 0.8796
1989 0.8740000000000002
1990 0.8684000000000001
1991 0.8640000000000002
1992 0.8568000000000003
1993 0.8480000000000003
1994 0.8412000000000001
1995 0.83
1996 0.8220000000000003
1997 0.8160000000000003
1998 0.81
1999 0.8039999999999999
