1 1.0
2 1.0
3 1.0
4 0.9987999999999999
5 0.9967999999999999
6 0.9935999999999998
7 0.9887999999999998
8 0.9819999999999999
9 0.9779999999999996
10 0.9759999999999995
11 0.9715999999999994
12 0.9647999999999997
13 0.9623999999999998
14 0.9575999999999998
15 0.9547999999999999
16 0.9547999999999998
17 0.9551999999999997
18 0.9540000000000001
19 0.9508
20 0.946
21 0.9419999999999998
22 0.9379999999999998
23 0.9336
24 0.9292
25 0.9212
26 0.9148
27 0.9084
28 0.9044000000000001
29 0.8987999999999999
30 0.8939999999999999
31 0.8891999999999999
32 0.8863999999999997
33 0.88
34 0.8756
35 0.8771999999999999
36 0.8744
37 0.8748
38 0.8715999999999999
39 0.8767999999999999
40 0.8876000000000001
41 0.9012000000000002
42 0.9044000000000001
43 0.9060000000000001
44 0.9047999999999999
45 0.8996000000000002
46 0.8892000000000002
47 0.8784000000000001
48 0.8700000000000001
49 0.8596000000000003
50 0.8456000000000004
51 0.8336000000000002
52 0.8312000000000002
53 0.8236
54 0.8180000000000001
55 0.8128000000000004
56 0.8080000000000002
57 0.8048000000000002
58 0.8028000000000003
59 0.8068000000000002
60 0.8108000000000001
61 0.8192000000000003
62 0.8272000000000003
63 0.8352000000000003
64 0.8483999999999999
65 0.8660000000000001
66 0.8756
67 0.8783999999999998
68 0.8736000000000006
69 0.8692000000000002
70 0.8572000000000002
71 0.8472000000000003
72 0.8388000000000002
73 0.8304000000000002
74 0.8172000000000003
75 0.8112000000000005
76 0.8032000000000004
77 0.7956000000000003
78 0.7896000000000002
79 0.7824000000000001
80 0.7796000000000004
81 0.7708000000000003
82 0.7712000000000002
83 0.7696000000000002
84 0.7816000000000001
85 0.7856000000000002
86 0.7976000000000002
87 0.8131999999999999
88 0.8284
89 0.8460000000000004
90 0.8615999999999999
91 0.8660000000000002
92 0.8648000000000005
93 0.8592000000000003
94 0.8488000000000003
95 0.8348000000000002
96 0.8248000000000002
97 0.8124000000000001
98 0.7944000000000001
99 0.7824000000000002
100 0.772
101 0.7619999999999999
102 0.7539999999999999
103 0.7455999999999999
104 0.7415999999999997
105 0.7367999999999999
106 0.7343999999999999
107 0.7440000000000001
108 0.7571999999999999
109 0.7671999999999999
110 0.7744
111 0.7872
112 0.8092000000000003
113 0.8276000000000002
114 0.8460000000000005
115 0.8484000000000003
116 0.8472000000000005
117 0.8388000000000002
118 0.8288000000000002
119 0.8191999999999999
120 0.8056
121 0.7959999999999998
122 0.7784
123 0.7659999999999998
124 0.7499999999999999
125 0.7419999999999999
126 0.7336
127 0.7263999999999997
128 0.7223999999999998
129 0.7175999999999999
130 0.7212000000000001
131 0.7316000000000001
132 0.7432000000000001
133 0.7524
134 0.7648000000000001
135 0.7764
136 0.7984
137 0.8332
138 0.8524
139 0.8568000000000001
140 0.8572
141 0.8492000000000002
142 0.8384
143 0.8284
144 0.812
145 0.7948
146 0.7791999999999999
147 0.7672000000000001
148 0.7484000000000001
149 0.7327999999999999
150 0.7247999999999999
151 0.7143999999999997
152 0.7116000000000001
153 0.7051999999999999
154 0.708
155 0.7120000000000001
156 0.7232
157 0.7376
158 0.7496000000000003
159 0.7620000000000003
160 0.7856000000000001
161 0.8120000000000002
162 0.8272000000000003
163 0.8352000000000003
164 0.8340000000000003
165 0.8276000000000002
166 0.8208
167 0.8128000000000002
168 0.8028
169 0.7876000000000001
170 0.7708000000000002
171 0.7595999999999999
172 0.7447999999999998
173 0.7336
174 0.7259999999999998
175 0.714
176 0.7084
177 0.7023999999999998
178 0.7059999999999998
179 0.7147999999999999
180 0.7195999999999999
181 0.7348
182 0.7476000000000002
183 0.7664000000000002
184 0.7939999999999999
185 0.8184000000000001
186 0.8372000000000003
187 0.8463999999999997
188 0.8476000000000002
189 0.8412000000000002
190 0.8272000000000002
191 0.8128
192 0.7968
193 0.7832000000000001
194 0.7704000000000003
195 0.7540000000000002
196 0.7404000000000001
197 0.7268000000000001
198 0.716
199 0.7064
200 0.6992
201 0.6932
202 0.6948000000000002
203 0.7036000000000001
204 0.7132
205 0.7308000000000001
206 0.7404000000000001
207 0.7548000000000004
208 0.782
209 0.8048000000000001
210 0.8375999999999999
211 0.8448
212 0.8448000000000002
213 0.8348
214 0.8220000000000001
215 0.8092
216 0.7959999999999999
217 0.7799999999999998
218 0.7596
219 0.7432000000000001
220 0.7283999999999997
221 0.7171999999999997
222 0.7063999999999997
223 0.6996000000000001
224 0.6907999999999999
225 0.6832
226 0.6852000000000001
227 0.6868000000000001
228 0.6944000000000001
229 0.7112000000000003
230 0.7224
231 0.7392000000000003
232 0.7712
233 0.7975999999999998
234 0.8212
235 0.8255999999999999
236 0.8280000000000001
237 0.8151999999999999
238 0.8031999999999999
239 0.7915999999999999
240 0.7768
241 0.7603999999999996
242 0.7396
243 0.7232
244 0.7084000000000004
245 0.7020000000000001
246 0.6896
247 0.6800000000000002
248 0.6703999999999999
249 0.6644
250 0.6699999999999998
251 0.6788
252 0.6935999999999999
253 0.7083999999999999
254 0.7203999999999999
255 0.7316000000000001
256 0.7580000000000001
257 0.7932000000000003
258 0.8180000000000003
259 0.8288000000000004
260 0.8216000000000004
261 0.8144
262 0.8039999999999999
263 0.7951999999999999
264 0.7815999999999999
265 0.7664
266 0.7544000000000001
267 0.7360000000000001
268 0.7212000000000001
269 0.7016
270 0.6936000000000001
271 0.682
272 0.6748000000000001
273 0.6672
274 0.6724000000000001
275 0.682
276 0.6936
277 0.7063999999999999
278 0.7195999999999999
279 0.7399999999999998
280 0.7692
281 0.8016000000000002
282 0.8283999999999999
283 0.8344
284 0.8295999999999999
285 0.8147999999999999
286 0.7975999999999998
287 0.7811999999999999
288 0.768
289 0.748
290 0.7336000000000001
291 0.7164
292 0.7044000000000001
293 0.6895999999999998
294 0.6796
295 0.6696
296 0.6607999999999999
297 0.6544
298 0.6528000000000002
299 0.6616
300 0.6784
301 0.6984000000000001
302 0.7104000000000003
303 0.7244000000000003
304 0.7495999999999999
305 0.7811999999999999
306 0.8012000000000004
307 0.8104000000000002
308 0.806
309 0.7996000000000001
310 0.7899999999999998
311 0.774
312 0.7636
313 0.7508
314 0.7336000000000001
315 0.7200000000000002
316 0.7092000000000002
317 0.6952000000000002
318 0.6851999999999999
319 0.6772
320 0.6683999999999999
321 0.6656
322 0.67
323 0.6788
324 0.6928
325 0.7135999999999997
326 0.7275999999999999
327 0.7488000000000002
328 0.7768000000000002
329 0.8036000000000001
330 0.8223999999999999
331 0.8304000000000002
332 0.8196000000000002
333 0.8096000000000001
334 0.8008000000000002
335 0.7868000000000004
336 0.7700000000000002
337 0.7588000000000003
338 0.7407999999999998
339 0.7264
340 0.7075999999999998
341 0.6948000000000001
342 0.6828
343 0.6748000000000001
344 0.6663999999999999
345 0.6551999999999998
346 0.6544
347 0.6636
348 0.6700000000000002
349 0.6844
350 0.7
351 0.714
352 0.7436000000000001
353 0.7636000000000006
354 0.7879999999999999
355 0.8004000000000003
356 0.8024000000000002
357 0.7996000000000002
358 0.7892000000000001
359 0.7784000000000002
360 0.7599999999999999
361 0.7496
362 0.7300000000000003
363 0.7116000000000002
364 0.6988
365 0.6823999999999998
366 0.6764000000000001
367 0.6692
368 0.6576
369 0.6492
370 0.6524
371 0.6576000000000001
372 0.6764
373 0.6951999999999999
374 0.7116000000000001
375 0.7252000000000001
376 0.7596
377 0.7868
378 0.8096000000000001
379 0.8176000000000001
380 0.814
381 0.8051999999999999
382 0.7908
383 0.7716
384 0.762
385 0.7444000000000002
386 0.7268000000000001
387 0.7092
388 0.6916000000000001
389 0.6772000000000001
390 0.6672000000000001
391 0.6576
392 0.6528
393 0.6464
394 0.6448
395 0.6548
396 0.6676000000000001
397 0.6776000000000001
398 0.6904
399 0.7068000000000002
400 0.738
401 0.7600000000000001
402 0.7796000000000002
403 0.786
404 0.7864
405 0.782
406 0.7688000000000001
407 0.7496
408 0.7359999999999998
409 0.7208
410 0.7035999999999997
411 0.6915999999999998
412 0.6772000000000001
413 0.6680000000000001
414 0.66
415 0.6507999999999999
416 0.6412
417 0.6312
418 0.6332
419 0.6483999999999998
420 0.6652
421 0.6824000000000001
422 0.6984000000000001
423 0.7191999999999998
424 0.7500000000000001
425 0.7848000000000003
426 0.8068000000000002
427 0.8188
428 0.8147999999999999
429 0.8075999999999999
430 0.7908000000000002
431 0.7699999999999999
432 0.7556
433 0.7356000000000001
434 0.7224
435 0.704
436 0.6896000000000001
437 0.6759999999999999
438 0.6596
439 0.6547999999999997
440 0.6451999999999998
441 0.6383999999999999
442 0.6431999999999999
443 0.652
444 0.6651999999999998
445 0.68
446 0.6923999999999999
447 0.7104
448 0.7324000000000004
449 0.7659999999999999
450 0.7864
451 0.7932000000000001
452 0.7915999999999999
453 0.7856000000000001
454 0.7767999999999999
455 0.7627999999999999
456 0.7472
457 0.7335999999999998
458 0.7188000000000001
459 0.7004
460 0.6872000000000001
461 0.666
462 0.6536000000000002
463 0.6431999999999998
464 0.6379999999999999
465 0.6328
466 0.6392
467 0.6507999999999999
468 0.6711999999999999
469 0.6923999999999999
470 0.7104000000000003
471 0.7232000000000001
472 0.7572000000000001
473 0.7896
474 0.8079999999999999
475 0.8112000000000001
476 0.8096
477 0.7995999999999996
478 0.7856000000000001
479 0.7711999999999999
480 0.7539999999999999
481 0.7355999999999999
482 0.7211999999999997
483 0.704
484 0.6896
485 0.6788
486 0.6636000000000002
487 0.6544000000000001
488 0.6428000000000003
489 0.6400000000000001
490 0.6428000000000001
491 0.648
492 0.6584000000000002
493 0.6728000000000002
494 0.6856
495 0.7064
496 0.7343999999999999
497 0.7647999999999999
498 0.7956000000000003
499 0.8072000000000004
500 0.8004000000000001
501 0.7896000000000002
502 0.7772
503 0.7575999999999999
504 0.7384
505 0.7247999999999999
506 0.7132
507 0.6936
508 0.6788000000000001
509 0.6616000000000001
510 0.6512
511 0.6412
512 0.6368000000000003
513 0.6320000000000001
514 0.6352
515 0.6452
516 0.6568
517 0.6739999999999999
518 0.6912
519 0.7108000000000001
520 0.7408
521 0.7803999999999998
522 0.7983999999999999
523 0.8064
524 0.8016000000000001
525 0.7948
526 0.7788000000000003
527 0.7680000000000001
528 0.7399999999999998
529 0.7231999999999998
530 0.7035999999999999
531 0.6863999999999999
532 0.6739999999999999
533 0.6603999999999999
534 0.6452000000000001
535 0.6396000000000003
536 0.6324000000000001
537 0.6272000000000001
538 0.6268
539 0.6316000000000002
540 0.6448000000000002
541 0.6588
542 0.6752000000000002
543 0.7003999999999999
544 0.73
545 0.7628
546 0.7879999999999999
547 0.8024000000000001
548 0.8031999999999998
549 0.7911999999999999
550 0.7728000000000002
551 0.7567999999999999
552 0.7399999999999998
553 0.7272
554 0.7092
555 0.6956000000000002
556 0.6844000000000001
557 0.6672
558 0.652
559 0.6440000000000002
560 0.6384000000000002
561 0.6308000000000002
562 0.6364000000000002
563 0.6448
564 0.6568
565 0.6796
566 0.6980000000000001
567 0.7143999999999999
568 0.7395999999999999
569 0.7752
570 0.806
571 0.8140000000000001
572 0.8132
573 0.8055999999999998
574 0.7896
575 0.7696000000000002
576 0.7528
577 0.7352
578 0.7156000000000001
579 0.6995999999999999
580 0.6811999999999999
581 0.6624
582 0.6504000000000002
583 0.6436000000000002
584 0.634
585 0.6259999999999999
586 0.6292
587 0.6376
588 0.6555999999999998
589 0.6731999999999998
590 0.686
591 0.698
592 0.7255999999999999
593 0.7559999999999999
594 0.78
595 0.7892000000000001
596 0.7852000000000001
597 0.782
598 0.7740000000000002
599 0.7547999999999999
600 0.7355999999999999
601 0.7156
602 0.6952000000000002
603 0.6836000000000001
604 0.6679999999999999
605 0.6484000000000001
606 0.6376000000000001
607 0.6300000000000001
608 0.628
609 0.6248000000000001
610 0.6196000000000002
611 0.6332000000000001
612 0.6544000000000001
613 0.6731999999999998
614 0.6879999999999998
615 0.7075999999999997
616 0.7311999999999999
617 0.7716000000000001
618 0.7911999999999999
619 0.7988000000000001
620 0.7952000000000001
621 0.7868000000000002
622 0.7688000000000001
623 0.7576
624 0.7340000000000001
625 0.7172
626 0.6992
627 0.6796
628 0.6688
629 0.6512
630 0.6388
631 0.6332000000000001
632 0.6251999999999999
633 0.62
634 0.6199999999999999
635 0.6312000000000001
636 0.6459999999999999
637 0.6668000000000001
638 0.6788000000000001
639 0.6968000000000002
640 0.7256
641 0.7595999999999999
642 0.7867999999999996
643 0.7999999999999998
644 0.7959999999999999
645 0.7832000000000001
646 0.7667999999999998
647 0.75
648 0.7384000000000002
649 0.7196000000000001
650 0.7020000000000002
651 0.6852000000000001
652 0.6708
653 0.6568
654 0.6503999999999999
655 0.6443999999999999
656 0.6387999999999999
657 0.6327999999999999
658 0.6384
659 0.6476
660 0.6567999999999999
661 0.6736000000000001
662 0.6947999999999999
663 0.7211999999999997
664 0.7468000000000002
665 0.7760000000000001
666 0.7963999999999999
667 0.8059999999999998
668 0.8068000000000001
669 0.7968000000000002
670 0.7807999999999997
671 0.7599999999999999
672 0.7411999999999996
673 0.7211999999999997
674 0.6947999999999999
675 0.6772
676 0.6607999999999999
677 0.6468
678 0.634
679 0.6184000000000001
680 0.6168
681 0.6104
682 0.6104
683 0.6123999999999999
684 0.6292000000000001
685 0.6492
686 0.6628000000000003
687 0.6792
688 0.7148000000000002
689 0.7556
690 0.7788
691 0.7879999999999998
692 0.7844
693 0.7807999999999999
694 0.7668
695 0.7484000000000001
696 0.7267999999999999
697 0.7132000000000001
698 0.6892
699 0.6691999999999999
700 0.6507999999999999
701 0.6368
702 0.6251999999999999
703 0.6183999999999998
704 0.6115999999999999
705 0.6067999999999999
706 0.6103999999999999
707 0.6204
708 0.6311999999999999
709 0.6519999999999999
710 0.6776000000000001
711 0.7028
712 0.7323999999999999
713 0.7620000000000003
714 0.7920000000000001
715 0.8008000000000003
716 0.7944000000000002
717 0.778
718 0.7632000000000001
719 0.7476
720 0.7247999999999999
721 0.7131999999999998
722 0.6960000000000001
723 0.6792
724 0.6631999999999999
725 0.6507999999999998
726 0.64
727 0.6324000000000001
728 0.6220000000000001
729 0.6156000000000001
730 0.6172000000000001
731 0.6236000000000003
732 0.6412
733 0.6587999999999999
734 0.6771999999999997
735 0.6975999999999997
736 0.728
737 0.7632000000000001
738 0.7948000000000001
739 0.7972000000000001
740 0.7928000000000002
741 0.7848
742 0.7716000000000003
743 0.754
744 0.7364
745 0.7183999999999999
746 0.6992
747 0.6843999999999998
748 0.6652000000000002
749 0.65
750 0.6387999999999999
751 0.6275999999999999
752 0.6184
753 0.6136
754 0.6184
755 0.6272000000000001
756 0.6456000000000002
757 0.6624000000000001
758 0.676
759 0.6951999999999998
760 0.7232000000000002
761 0.7664
762 0.7900000000000001
763 0.7991999999999999
764 0.796
765 0.778
766 0.7583999999999997
767 0.7432000000000001
768 0.722
769 0.7047999999999998
770 0.6879999999999998
771 0.6668000000000001
772 0.6476000000000002
773 0.6332000000000001
774 0.622
775 0.6108000000000001
776 0.6055999999999999
777 0.5996000000000001
778 0.6083999999999999
779 0.6104000000000002
780 0.6284000000000001
781 0.65
782 0.6688
783 0.6828000000000002
784 0.7156
785 0.7568
786 0.7807999999999998
787 0.7992000000000001
788 0.7996000000000001
789 0.7852
790 0.7719999999999999
791 0.7532
792 0.7355999999999999
793 0.7092
794 0.6904
795 0.6719999999999999
796 0.6576
797 0.642
798 0.6324
799 0.6292
800 0.6272000000000001
801 0.6196
802 0.6156000000000003
803 0.6287999999999999
804 0.6448
805 0.654
806 0.6736
807 0.6944
808 0.7243999999999999
809 0.7583999999999999
810 0.7780000000000002
811 0.7880000000000001
812 0.7776
813 0.7711999999999999
814 0.7539999999999999
815 0.7399999999999999
816 0.7216000000000002
817 0.7040000000000003
818 0.6772000000000001
819 0.6632000000000001
820 0.6480000000000001
821 0.6300000000000001
822 0.6184
823 0.608
824 0.602
825 0.6004
826 0.6048
827 0.6192
828 0.6388
829 0.6559999999999999
830 0.6704000000000001
831 0.6884
832 0.7227999999999999
833 0.7564000000000004
834 0.7784
835 0.7872000000000002
836 0.7804000000000002
837 0.7656000000000002
838 0.7536000000000003
839 0.7284000000000002
840 0.7160000000000002
841 0.6928000000000002
842 0.6739999999999999
843 0.6624000000000001
844 0.6435999999999998
845 0.6296
846 0.6208
847 0.6148
848 0.6047999999999999
849 0.5999999999999998
850 0.6055999999999998
851 0.6204
852 0.632
853 0.6500000000000001
854 0.6747999999999998
855 0.6972
856 0.7223999999999999
857 0.7559999999999998
858 0.7835999999999999
859 0.7908
860 0.7944000000000002
861 0.7764
862 0.7619999999999998
863 0.7424
864 0.728
865 0.7108
866 0.6919999999999998
867 0.6763999999999999
868 0.6636000000000002
869 0.6488
870 0.636
871 0.6267999999999999
872 0.6172
873 0.6099999999999999
874 0.6163999999999998
875 0.6283999999999998
876 0.6376000000000002
877 0.6548
878 0.6679999999999999
879 0.6891999999999999
880 0.7224
881 0.7600000000000001
882 0.7784
883 0.7931999999999999
884 0.7892
885 0.7752
886 0.7631999999999999
887 0.7392000000000002
888 0.7148
889 0.6944000000000001
890 0.6788000000000003
891 0.6607999999999999
892 0.6455999999999998
893 0.632
894 0.6176
895 0.6088000000000001
896 0.6056000000000002
897 0.6048000000000001
898 0.6060000000000001
899 0.6152000000000002
900 0.6320000000000001
901 0.6524000000000001
902 0.6615999999999999
903 0.6812
904 0.7071999999999998
905 0.74
906 0.7652000000000001
907 0.7764000000000003
908 0.7719999999999999
909 0.7571999999999999
910 0.7415999999999998
911 0.7208
912 0.704
913 0.6828
914 0.6668000000000001
915 0.6528
916 0.6367999999999999
917 0.6239999999999999
918 0.6135999999999999
919 0.6023999999999999
920 0.5992000000000001
921 0.5928
922 0.5971999999999998
923 0.6095999999999998
924 0.6235999999999998
925 0.6428000000000001
926 0.6572
927 0.6768000000000001
928 0.7103999999999999
929 0.7439999999999999
930 0.7584000000000001
931 0.7708000000000002
932 0.7684000000000002
933 0.7592000000000002
934 0.7384000000000001
935 0.7204
936 0.7036000000000001
937 0.6888000000000001
938 0.6688
939 0.6548
940 0.6408000000000001
941 0.6196000000000002
942 0.6068000000000001
943 0.5992000000000001
944 0.5956000000000001
945 0.5940000000000001
946 0.5996
947 0.6124
948 0.6295999999999998
949 0.6495999999999998
950 0.6756000000000002
951 0.6976000000000002
952 0.7340000000000001
953 0.7684000000000001
954 0.7948000000000001
955 0.8008000000000002
956 0.7976000000000002
957 0.7836
958 0.7704000000000001
959 0.7552
960 0.7352000000000003
961 0.7216000000000001
962 0.7036000000000001
963 0.6832000000000003
964 0.6676000000000002
965 0.6552
966 0.6428
967 0.6307999999999999
968 0.6220000000000001
969 0.6168000000000001
970 0.6179999999999999
971 0.6279999999999999
972 0.6451999999999998
973 0.6575999999999997
974 0.6704000000000001
975 0.6896000000000001
976 0.7172000000000002
977 0.7528
978 0.7748000000000002
979 0.7788
980 0.7787999999999998
981 0.7711999999999999
982 0.7555999999999998
983 0.74
984 0.7216
985 0.7036
986 0.6851999999999999
987 0.666
988 0.6504000000000001
989 0.6335999999999999
990 0.6252
991 0.618
992 0.6032
993 0.5960000000000001
994 0.5955999999999999
995 0.6076
996 0.6268000000000002
997 0.6467999999999999
998 0.666
999 0.6828000000000002
1000 0.7108000000000003
1001 0.75
1002 0.7756000000000002
1003 0.7856000000000002
1004 0.7780000000000001
1005 0.7632000000000001
1006 0.742
1007 0.7204000000000002
1008 0.6983999999999999
1009 0.6787999999999998
1010 0.6599999999999998
1011 0.6424
1012 0.6284000000000001
1013 0.6152000000000001
1014 0.6024000000000002
1015 0.5920000000000002
1016 0.5876000000000001
1017 0.584
1018 0.5880000000000001
1019 0.5988
1020 0.6156
1021 0.6388000000000001
1022 0.654
1023 0.6744000000000001
1024 0.7044000000000002
1025 0.7376
1026 0.7648
1027 0.7780000000000001
1028 0.7780000000000001
1029 0.7631999999999999
1030 0.7500000000000001
1031 0.7280000000000001
1032 0.7104000000000004
1033 0.6976
1034 0.682
1035 0.6659999999999999
1036 0.6496
1037 0.6308
1038 0.6168
1039 0.6080000000000001
1040 0.602
1041 0.5975999999999999
1042 0.5999999999999999
1043 0.6047999999999999
1044 0.624
1045 0.6420000000000001
1046 0.6636
1047 0.6784
1048 0.7140000000000001
1049 0.7452
1050 0.7636000000000002
1051 0.7692
1052 0.7707999999999999
1053 0.7587999999999998
1054 0.7407999999999998
1055 0.7175999999999999
1056 0.6963999999999999
1057 0.6768
1058 0.6616
1059 0.6436
1060 0.6224000000000002
1061 0.6040000000000001
1062 0.5928000000000001
1063 0.5848000000000002
1064 0.5752000000000002
1065 0.5675999999999999
1066 0.574
1067 0.5904000000000003
1068 0.6036
1069 0.6155999999999999
1070 0.6347999999999998
1071 0.6596000000000001
1072 0.6879999999999998
1073 0.7343999999999999
1074 0.7624000000000002
1075 0.7724000000000001
1076 0.7691999999999999
1077 0.7588000000000001
1078 0.7432
1079 0.7203999999999999
1080 0.7000000000000002
1081 0.6816000000000001
1082 0.6592
1083 0.6359999999999999
1084 0.6208
1085 0.6068000000000002
1086 0.5988000000000002
1087 0.5924
1088 0.5872000000000002
1089 0.5836
1090 0.5867999999999999
1091 0.5956000000000001
1092 0.616
1093 0.6479999999999998
1094 0.6672
1095 0.688
1096 0.7136000000000001
1097 0.7443999999999998
1098 0.7780000000000001
1099 0.7804000000000002
1100 0.7691999999999999
1101 0.7576
1102 0.7411999999999999
1103 0.7147999999999998
1104 0.6988
1105 0.6816
1106 0.6612
1107 0.642
1108 0.6236
1109 0.6064
1110 0.5952000000000001
1111 0.5864
1112 0.5820000000000001
1113 0.5832
1114 0.584
1115 0.594
1116 0.6140000000000001
1117 0.6371999999999999
1118 0.6547999999999999
1119 0.6731999999999999
1120 0.7023999999999999
1121 0.7396000000000003
1122 0.7636000000000003
1123 0.7748000000000002
1124 0.7724000000000001
1125 0.7667999999999999
1126 0.75
1127 0.7300000000000001
1128 0.7151999999999998
1129 0.6951999999999999
1130 0.6724
1131 0.6548
1132 0.6424
1133 0.6240000000000001
1134 0.6144000000000002
1135 0.6036000000000001
1136 0.5932
1137 0.5880000000000001
1138 0.5892
1139 0.6052
1140 0.6228000000000001
1141 0.6444000000000001
1142 0.66
1143 0.6788000000000001
1144 0.7087999999999998
1145 0.7567999999999998
1146 0.7819999999999997
1147 0.7939999999999999
1148 0.7935999999999999
1149 0.7811999999999999
1150 0.7611999999999999
1151 0.7404
1152 0.7164000000000001
1153 0.6955999999999999
1154 0.672
1155 0.6524
1156 0.6335999999999998
1157 0.6172
1158 0.6043999999999999
1159 0.5903999999999999
1160 0.5823999999999999
1161 0.5748000000000001
1162 0.5756
1163 0.5883999999999999
1164 0.6092
1165 0.6276000000000002
1166 0.6404000000000001
1167 0.6660000000000003
1168 0.6976
1169 0.7243999999999998
1170 0.7511999999999998
1171 0.7624000000000001
1172 0.7612000000000001
1173 0.7459999999999998
1174 0.7295999999999999
1175 0.7104
1176 0.6931999999999998
1177 0.6764
1178 0.6588
1179 0.642
1180 0.6259999999999999
1181 0.6099999999999999
1182 0.6003999999999999
1183 0.5944
1184 0.5880000000000001
1185 0.584
1186 0.588
1187 0.6056000000000001
1188 0.6272000000000001
1189 0.6496
1190 0.6619999999999999
1191 0.6831999999999998
1192 0.708
1193 0.7415999999999999
1194 0.76
1195 0.7692000000000001
1196 0.7683999999999997
1197 0.7564000000000002
1198 0.7424
1199 0.7264
1200 0.7044000000000001
1201 0.6832000000000003
1202 0.6639999999999998
1203 0.6416
1204 0.6208000000000001
1205 0.6056000000000001
1206 0.5923999999999999
1207 0.586
1208 0.5788
1209 0.5687999999999999
1210 0.572
1211 0.5872
1212 0.5968000000000001
1213 0.6127999999999999
1214 0.6304000000000001
1215 0.6515999999999998
1216 0.6936
1217 0.7291999999999998
1218 0.7483999999999998
1219 0.7568000000000003
1220 0.7516000000000002
1221 0.7440000000000002
1222 0.7287999999999998
1223 0.7111999999999997
1224 0.6919999999999997
1225 0.6788
1226 0.6643999999999999
1227 0.6455999999999998
1228 0.6259999999999999
1229 0.6112000000000001
1230 0.6028
1231 0.5984
1232 0.5884
1233 0.5840000000000001
1234 0.5904
1235 0.5976
1236 0.6096
1237 0.6336
1238 0.6616
1239 0.6851999999999998
1240 0.7144000000000001
1241 0.7560000000000001
1242 0.7715999999999998
1243 0.7844000000000001
1244 0.7784000000000003
1245 0.7652000000000001
1246 0.7464
1247 0.7251999999999998
1248 0.7044000000000001
1249 0.6872000000000001
1250 0.6708
1251 0.6531999999999999
1252 0.6372000000000001
1253 0.6220000000000001
1254 0.6084
1255 0.5976
1256 0.588
1257 0.5792000000000002
1258 0.5776
1259 0.5876
1260 0.6000000000000001
1261 0.6176
1262 0.6364
1263 0.6536
1264 0.6924000000000001
1265 0.7280000000000001
1266 0.7564
1267 0.7716000000000001
1268 0.7656000000000002
1269 0.7527999999999999
1270 0.7396
1271 0.7163999999999998
1272 0.6983999999999999
1273 0.6756000000000002
1274 0.6552
1275 0.6400000000000001
1276 0.6195999999999998
1277 0.6035999999999998
1278 0.5896
1279 0.5747999999999999
1280 0.5627999999999999
1281 0.5599999999999998
1282 0.5632
1283 0.5803999999999999
1284 0.5948
1285 0.6140000000000001
1286 0.6312000000000002
1287 0.6532000000000002
1288 0.6859999999999999
1289 0.7204
1290 0.7496
1291 0.7552
1292 0.7544000000000003
1293 0.7436000000000001
1294 0.7248
1295 0.7028000000000002
1296 0.6836000000000003
1297 0.6567999999999999
1298 0.6391999999999999
1299 0.6235999999999999
1300 0.6119999999999999
1301 0.6016
1302 0.5952000000000001
1303 0.5884000000000001
1304 0.5804000000000001
1305 0.5728000000000001
1306 0.5764
1307 0.5956000000000001
1308 0.6207999999999999
1309 0.644
1310 0.6624000000000001
1311 0.6792
1312 0.7088
1313 0.7484000000000001
1314 0.7656000000000001
1315 0.774
1316 0.77
1317 0.752
1318 0.7352
1319 0.7160000000000002
1320 0.6927999999999999
1321 0.6784000000000002
1322 0.6612000000000002
1323 0.6428000000000003
1324 0.6264000000000002
1325 0.6104
1326 0.6023999999999998
1327 0.5880000000000001
1328 0.5783999999999999
1329 0.5735999999999999
1330 0.5728
1331 0.5828
1332 0.5984000000000002
1333 0.6212000000000001
1334 0.6436
1335 0.6696000000000001
1336 0.6964
1337 0.7295999999999999
1338 0.7576000000000002
1339 0.7676
1340 0.7635999999999998
1341 0.7535999999999997
1342 0.7404
1343 0.7107999999999999
1344 0.6955999999999999
1345 0.6712000000000002
1346 0.652
1347 0.6327999999999999
1348 0.618
1349 0.6055999999999999
1350 0.5952
1351 0.5880000000000001
1352 0.5783999999999999
1353 0.5703999999999999
1354 0.5744000000000001
1355 0.5904
1356 0.6072000000000002
1357 0.6296
1358 0.6524
1359 0.6744
1360 0.7084000000000001
1361 0.7388000000000001
1362 0.7636000000000003
1363 0.7756000000000003
1364 0.7668000000000003
1365 0.7580000000000002
1366 0.7460000000000002
1367 0.7175999999999998
1368 0.7007999999999999
1369 0.6823999999999998
1370 0.6668
1371 0.6531999999999999
1372 0.6367999999999999
1373 0.6160000000000001
1374 0.6055999999999999
1375 0.5992000000000001
1376 0.5960000000000001
1377 0.5844
1378 0.5864000000000001
1379 0.5976
1380 0.6152
1381 0.6348000000000001
1382 0.6504000000000001
1383 0.6788
1384 0.7108000000000001
1385 0.7408000000000001
1386 0.7600000000000002
1387 0.7772
1388 0.7596000000000004
1389 0.7484000000000001
1390 0.7308000000000001
1391 0.7084000000000001
1392 0.6912
1393 0.6727999999999998
1394 0.6524
1395 0.6359999999999999
1396 0.614
1397 0.6000000000000001
1398 0.5828000000000001
1399 0.5784000000000001
1400 0.5736000000000002
1401 0.5680000000000001
1402 0.5708
1403 0.5808
1404 0.5935999999999999
1405 0.6204000000000001
1406 0.6355999999999998
1407 0.6584
1408 0.6968000000000001
1409 0.7312000000000002
1410 0.7556000000000003
1411 0.7652
1412 0.7600000000000002
1413 0.7536000000000002
1414 0.7336
1415 0.7088000000000001
1416 0.69
1417 0.6692000000000001
1418 0.6460000000000001
1419 0.6212000000000001
1420 0.6048000000000001
1421 0.5948000000000002
1422 0.5812000000000002
1423 0.5680000000000001
1424 0.5596
1425 0.5535999999999999
1426 0.5524000000000001
1427 0.5736
1428 0.5916
1429 0.6123999999999999
1430 0.6344000000000001
1431 0.6631999999999997
1432 0.696
1433 0.7488000000000004
1434 0.7680000000000001
1435 0.7763999999999999
1436 0.7719999999999999
1437 0.7611999999999999
1438 0.7371999999999999
1439 0.7152
1440 0.6879999999999998
1441 0.6647999999999997
1442 0.6443999999999999
1443 0.6283999999999998
1444 0.6119999999999999
1445 0.5995999999999999
1446 0.5879999999999999
1447 0.5764
1448 0.5703999999999999
1449 0.5648
1450 0.5663999999999999
1451 0.5824
1452 0.6072
1453 0.6252
1454 0.6432000000000001
1455 0.6667999999999998
1456 0.6951999999999999
1457 0.7480000000000002
1458 0.7787999999999998
1459 0.792
1460 0.7852
1461 0.7743999999999996
1462 0.7500000000000001
1463 0.7312000000000002
1464 0.7111999999999999
1465 0.6916000000000001
1466 0.6679999999999999
1467 0.6511999999999999
1468 0.634
1469 0.618
1470 0.6052
1471 0.5928
1472 0.5848
1473 0.5800000000000002
1474 0.5812000000000002
1475 0.5900000000000002
1476 0.6056
1477 0.6292000000000001
1478 0.6492
1479 0.6704000000000002
1480 0.7036000000000002
1481 0.7452000000000001
1482 0.7656000000000003
1483 0.7708000000000003
1484 0.7652
1485 0.7492
1486 0.7248000000000002
1487 0.7036
1488 0.68
1489 0.6604000000000002
1490 0.64
1491 0.6244
1492 0.6067999999999999
1493 0.5943999999999999
1494 0.5844
1495 0.5792
1496 0.5691999999999999
1497 0.5628000000000001
1498 0.5664
1499 0.5828
1500 0.5988
1501 0.6228000000000001
1502 0.64
1503 0.6619999999999999
1504 0.6927999999999999
1505 0.7320000000000002
1506 0.7524
1507 0.7720000000000001
1508 0.7716000000000003
1509 0.7583999999999999
1510 0.7356000000000001
1511 0.7088000000000002
1512 0.6880000000000002
1513 0.6663999999999999
1514 0.6404000000000001
1515 0.6244
1516 0.6083999999999999
1517 0.594
1518 0.5876
1519 0.5748000000000001
1520 0.5716
1521 0.5671999999999998
1522 0.5675999999999999
1523 0.5859999999999999
1524 0.6032
1525 0.6236
1526 0.6439999999999999
1527 0.6648
1528 0.6984
1529 0.7424
1530 0.7707999999999999
1531 0.7752000000000001
1532 0.7699999999999999
1533 0.7487999999999999
1534 0.7312000000000002
1535 0.7120000000000002
1536 0.6884
1537 0.6708
1538 0.644
1539 0.6247999999999998
1540 0.6076
1541 0.5928
1542 0.5779999999999998
1543 0.5679999999999998
1544 0.5571999999999999
1545 0.5504
1546 0.5548
1547 0.5708000000000001
1548 0.5856000000000001
1549 0.6056000000000001
1550 0.6216000000000002
1551 0.6432000000000002
1552 0.6771999999999998
1553 0.7255999999999999
1554 0.7539999999999998
1555 0.7627999999999999
1556 0.7495999999999999
1557 0.7352
1558 0.7108000000000001
1559 0.6851999999999999
1560 0.6648
1561 0.6463999999999999
1562 0.6240000000000001
1563 0.6040000000000001
1564 0.5884000000000001
1565 0.5784000000000001
1566 0.5696000000000001
1567 0.5628000000000001
1568 0.5588000000000001
1569 0.5516
1570 0.5540000000000002
1571 0.5692000000000002
1572 0.5812000000000002
1573 0.6024000000000003
1574 0.6259999999999999
1575 0.6464
1576 0.6960000000000002
1577 0.7380000000000002
1578 0.76
1579 0.7704000000000002
1580 0.7664000000000002
1581 0.7576
1582 0.7343999999999999
1583 0.7168000000000001
1584 0.6947999999999999
1585 0.6784
1586 0.6628000000000002
1587 0.6428
1588 0.6223999999999998
1589 0.6055999999999999
1590 0.5919999999999999
1591 0.5828
1592 0.5775999999999999
1593 0.5716
1594 0.5684
1595 0.5780000000000001
1596 0.592
1597 0.6175999999999999
1598 0.6356
1599 0.6616
1600 0.6947999999999999
1601 0.7319999999999999
1602 0.7600000000000001
1603 0.77
1604 0.7628000000000001
1605 0.7460000000000003
1606 0.7284000000000002
1607 0.7083999999999999
1608 0.6868
1609 0.6712
1610 0.6532000000000001
1611 0.6324000000000001
1612 0.6156000000000001
1613 0.5972000000000002
1614 0.5872000000000002
1615 0.5804000000000001
1616 0.5688
1617 0.5655999999999999
1618 0.5660000000000001
1619 0.5760000000000001
1620 0.6004000000000002
1621 0.6204000000000002
1622 0.6408000000000001
1623 0.6632000000000001
1624 0.6944000000000001
1625 0.7367999999999999
1626 0.7615999999999999
1627 0.7632000000000002
1628 0.7532000000000001
1629 0.7424000000000001
1630 0.7307999999999999
1631 0.7123999999999998
1632 0.6924000000000001
1633 0.6679999999999999
1634 0.6483999999999999
1635 0.6291999999999999
1636 0.6108
1637 0.5952000000000002
1638 0.5840000000000001
1639 0.5736000000000002
1640 0.5672000000000001
1641 0.5612000000000001
1642 0.5648000000000001
1643 0.5740000000000003
1644 0.5932
1645 0.6151999999999999
1646 0.6276
1647 0.6480000000000001
1648 0.6868
1649 0.7248
1650 0.7464000000000003
1651 0.7571999999999999
1652 0.7535999999999998
1653 0.7512000000000001
1654 0.7376
1655 0.7160000000000002
1656 0.6968
1657 0.6768
1658 0.6511999999999999
1659 0.6376
1660 0.6211999999999999
1661 0.6003999999999999
1662 0.5912
1663 0.5803999999999999
1664 0.5763999999999999
1665 0.5712
1666 0.5704
1667 0.5872
1668 0.6080000000000001
1669 0.628
1670 0.6463999999999999
1671 0.6604000000000001
1672 0.6947999999999999
1673 0.7352000000000003
1674 0.7656000000000001
1675 0.7715999999999998
1676 0.7648
1677 0.7515999999999998
1678 0.7287999999999998
1679 0.7116
1680 0.6903999999999998
1681 0.6675999999999999
1682 0.6439999999999999
1683 0.6284000000000001
1684 0.6084
1685 0.5952
1686 0.5832
1687 0.5731999999999998
1688 0.5687999999999999
1689 0.5647999999999999
1690 0.5627999999999997
1691 0.5751999999999999
1692 0.5944000000000002
1693 0.6224000000000001
1694 0.6376000000000001
1695 0.6572
1696 0.6920000000000001
1697 0.7319999999999999
1698 0.7608
1699 0.7799999999999998
1700 0.7836
1701 0.7676000000000001
1702 0.7435999999999998
1703 0.7204000000000002
1704 0.6983999999999998
1705 0.6768000000000001
1706 0.6524000000000001
1707 0.6316
1708 0.6123999999999999
1709 0.5931999999999998
1710 0.5791999999999999
1711 0.574
1712 0.5635999999999999
1713 0.5543999999999999
1714 0.5588000000000001
1715 0.5716
1716 0.594
1717 0.6132
1718 0.6304
1719 0.65
1720 0.6820000000000002
1721 0.7164
1722 0.7468
1723 0.762
1724 0.762
1725 0.7544
1726 0.7364
1727 0.7111999999999999
1728 0.6924000000000001
1729 0.6692000000000001
1730 0.6456000000000001
1731 0.6255999999999999
1732 0.612
1733 0.5976
1734 0.586
1735 0.5803999999999999
1736 0.5731999999999999
1737 0.5620000000000002
1738 0.5612
1739 0.5724000000000001
1740 0.5892000000000002
1741 0.6040000000000001
1742 0.6284000000000001
1743 0.6500000000000001
1744 0.6772
1745 0.7224
1746 0.7428000000000001
1747 0.7507999999999998
1748 0.7552000000000002
1749 0.746
1750 0.7275999999999998
1751 0.7075999999999998
1752 0.6843999999999998
1753 0.6596000000000001
1754 0.6420000000000001
1755 0.6235999999999999
1756 0.6072
1757 0.5904
1758 0.5763999999999999
1759 0.5708
1760 0.5688
1761 0.5631999999999998
1762 0.5651999999999998
1763 0.5768
1764 0.5899999999999999
1765 0.6092000000000001
1766 0.6315999999999999
1767 0.6524000000000001
1768 0.6828
1769 0.7195999999999999
1770 0.7508
1771 0.7619999999999999
1772 0.7603999999999997
1773 0.7492
1774 0.726
1775 0.7064000000000001
1776 0.6816000000000001
1777 0.6592
1778 0.6435999999999998
1779 0.6164
1780 0.5964
1781 0.5812
1782 0.5652000000000001
1783 0.5604000000000001
1784 0.5568
1785 0.5544
1786 0.5572
1787 0.5668000000000002
1788 0.5844
1789 0.6080000000000001
1790 0.6252000000000001
1791 0.6467999999999999
1792 0.6747999999999998
1793 0.7119999999999999
1794 0.7367999999999999
1795 0.752
1796 0.7472000000000001
1797 0.7444000000000002
1798 0.7255999999999997
1799 0.7067999999999998
1800 0.6832
1801 0.6616000000000001
1802 0.6372000000000001
1803 0.6147999999999999
1804 0.5895999999999999
1805 0.572
1806 0.5608000000000001
1807 0.552
1808 0.54
1809 0.5343999999999999
1810 0.536
1811 0.5451999999999999
1812 0.5635999999999999
1813 0.58
1814 0.6071999999999999
1815 0.6372
1816 0.6668
1817 0.7064
1818 0.7343999999999998
1819 0.7427999999999997
1820 0.7443999999999998
1821 0.7256
1822 0.698
1823 0.6812000000000001
1824 0.6632000000000001
1825 0.6424
1826 0.6263999999999998
1827 0.61
1828 0.5955999999999999
1829 0.584
1830 0.5735999999999999
1831 0.5643999999999998
1832 0.5559999999999999
1833 0.554
1834 0.5539999999999999
1835 0.5735999999999999
1836 0.5955999999999999
1837 0.6235999999999999
1838 0.6443999999999999
1839 0.6672
1840 0.6980000000000001
1841 0.7384000000000001
1842 0.7656000000000002
1843 0.7736
1844 0.7684000000000002
1845 0.7572000000000004
1846 0.7347999999999999
1847 0.7123999999999998
1848 0.6883999999999999
1849 0.6592
1850 0.6308
1851 0.612
1852 0.5967999999999999
1853 0.5792000000000002
1854 0.5691999999999999
1855 0.5595999999999999
1856 0.5548
1857 0.5524
1858 0.5512
1859 0.5579999999999999
1860 0.5728
1861 0.5887999999999998
1862 0.6091999999999999
1863 0.63
1864 0.6692
1865 0.7132000000000001
1866 0.746
1867 0.7596
1868 0.7559999999999999
1869 0.7448
1870 0.7227999999999999
1871 0.6999999999999998
1872 0.6756
1873 0.6535999999999998
1874 0.6352000000000001
1875 0.6120000000000002
1876 0.5904000000000001
1877 0.5756000000000002
1878 0.5664000000000001
1879 0.5616000000000001
1880 0.5572000000000001
1881 0.5492000000000001
1882 0.5524000000000001
1883 0.5636000000000001
1884 0.5772
1885 0.604
1886 0.6272000000000001
1887 0.6528
1888 0.6851999999999998
1889 0.7267999999999999
1890 0.7511999999999999
1891 0.7540000000000002
1892 0.7424000000000004
1893 0.7288000000000001
1894 0.7120000000000001
1895 0.6844
1896 0.6668
1897 0.6408
1898 0.6268
1899 0.6104
1900 0.5924
1901 0.5784000000000001
1902 0.5624
1903 0.5556
1904 0.5508000000000001
1905 0.5448000000000001
1906 0.5492
1907 0.5579999999999999
1908 0.5752000000000002
1909 0.5967999999999999
1910 0.6252
1911 0.6484000000000001
1912 0.7007999999999996
1913 0.74
1914 0.7544000000000001
1915 0.7540000000000002
1916 0.7516000000000003
1917 0.7339999999999999
1918 0.7088000000000001
1919 0.6856
1920 0.6624
1921 0.6416
1922 0.6239999999999999
1923 0.6084
1924 0.5992000000000001
1925 0.5848
1926 0.5732
1927 0.5603999999999999
1928 0.5531999999999998
1929 0.5472
1930 0.5488000000000001
1931 0.5536
1932 0.5788
1933 0.6008
1934 0.622
1935 0.6431999999999999
1936 0.69
1937 0.7308
1938 0.7548
1939 0.7631999999999999
1940 0.7603999999999997
1941 0.7384000000000001
1942 0.7224
1943 0.6912
1944 0.6708000000000002
1945 0.6436
1946 0.6292000000000001
1947 0.6144
1948 0.5896000000000001
1949 0.5728
1950 0.5564
1951 0.5455999999999999
1952 0.5387999999999998
1953 0.5319999999999999
1954 0.5347999999999998
1955 0.5532000000000001
1956 0.5736000000000002
1957 0.5944000000000002
1958 0.6128000000000001
1959 0.6368000000000001
1960 0.6648000000000001
1961 0.7024000000000001
1962 0.7268000000000001
1963 0.74
1964 0.738
1965 0.7295999999999999
1966 0.7112
1967 0.6908000000000001
1968 0.6648000000000002
1969 0.6431999999999999
1970 0.6179999999999999
1971 0.5955999999999999
1972 0.5824
1973 0.5688000000000001
1974 0.5568
1975 0.5444
1976 0.536
1977 0.5352
1978 0.54
1979 0.554
1980 0.58
1981 0.6027999999999999
1982 0.6228000000000001
1983 0.65
1984 0.6868000000000002
1985 0.7275999999999999
1986 0.7563999999999997
1987 0.768
1988 0.7684000000000001
1989 0.7551999999999999
1990 0.7355999999999999
1991 0.7124000000000001
1992 0.6851999999999999
1993 0.6571999999999999
1994 0.634
1995 0.6152000000000002
1996 0.5904000000000003
1997 0.5704000000000001
1998 0.5579999999999999
1999 0.5468
