1 1.0
2 1.0
3 1.0
4 0.9979999999999998
5 0.9963999999999998
6 0.9915999999999999
7 0.9883999999999997
8 0.9839999999999999
9 0.9795999999999999
10 0.9775999999999998
11 0.9703999999999999
12 0.9639999999999997
13 0.9591999999999997
14 0.956
15 0.9492
16 0.9444
17 0.938
18 0.9300000000000002
19 0.9232000000000002
20 0.9168
21 0.9088
22 0.9016000000000003
23 0.8964000000000004
24 0.8904000000000003
25 0.8852000000000002
26 0.88
27 0.8732000000000001
28 0.8667999999999999
29 0.8595999999999998
30 0.8532
31 0.85
32 0.8416000000000001
33 0.8348
34 0.8248000000000002
35 0.8175999999999999
36 0.8063999999999999
37 0.7988000000000001
38 0.7928000000000002
39 0.7888000000000001
40 0.7816000000000001
41 0.7715999999999998
42 0.7636
43 0.7575999999999999
44 0.7511999999999999
45 0.7439999999999999
46 0.7372000000000001
47 0.7316000000000001
48 0.7260000000000001
49 0.7228
50 0.7152
51 0.7103999999999999
52 0.7067999999999998
53 0.7023999999999999
54 0.6971999999999998
55 0.6939999999999997
56 0.6911999999999999
57 0.6887999999999999
58 0.6871999999999998
59 0.6828
60 0.6772
61 0.6708
62 0.6676000000000001
63 0.6648
64 0.6624
65 0.66
66 0.6572
67 0.6536
68 0.6500000000000001
69 0.6452000000000001
70 0.6408000000000001
71 0.6364000000000001
72 0.6352000000000001
73 0.6344000000000001
74 0.6308
75 0.6284000000000001
76 0.6256
77 0.62
78 0.6163999999999998
79 0.6119999999999999
80 0.6099999999999999
81 0.6072
82 0.6028
83 0.5996
84 0.5976
85 0.5932
86 0.59
87 0.5888
88 0.5868000000000001
89 0.5844
90 0.5824000000000001
91 0.5804
92 0.5768000000000001
93 0.5748000000000001
94 0.5716
95 0.5695999999999999
96 0.568
97 0.5668
98 0.5651999999999999
99 0.5619999999999999
100 0.5607999999999999
101 0.5575999999999999
102 0.5539999999999999
103 0.5508000000000001
104 0.5476000000000001
105 0.5452000000000001
106 0.5448000000000001
107 0.5432000000000001
108 0.5416000000000002
109 0.5388000000000002
110 0.5348000000000002
111 0.5324000000000002
112 0.5296000000000002
113 0.5264000000000001
114 0.5244000000000001
115 0.5212000000000001
116 0.5188000000000001
117 0.5156000000000001
118 0.5128
119 0.5116
120 0.5108
121 0.5064000000000001
122 0.5035999999999999
123 0.5015999999999999
124 0.5008
125 0.49879999999999997
126 0.4976
127 0.49560000000000004
128 0.494
129 0.49239999999999995
130 0.49
131 0.4892
132 0.48800000000000004
133 0.48560000000000003
134 0.48400000000000004
135 0.48039999999999994
136 0.47879999999999995
137 0.478
138 0.47559999999999997
139 0.47559999999999997
140 0.4739999999999999
141 0.47279999999999994
142 0.47119999999999995
143 0.4679999999999999
144 0.4663999999999999
145 0.46319999999999995
146 0.4615999999999999
147 0.4599999999999999
148 0.45919999999999994
149 0.4584
150 0.45719999999999994
151 0.45599999999999996
152 0.4539999999999999
153 0.45359999999999995
154 0.45319999999999994
155 0.45279999999999987
156 0.4515999999999999
157 0.44999999999999996
158 0.44999999999999996
159 0.44839999999999997
160 0.4475999999999999
161 0.4463999999999999
162 0.4448
163 0.4424
164 0.44
165 0.4388
166 0.43720000000000003
167 0.43520000000000003
168 0.43400000000000005
169 0.4324000000000001
170 0.43080000000000007
171 0.43000000000000005
172 0.42880000000000007
173 0.4284000000000001
174 0.42720000000000014
175 0.4256000000000001
176 0.42479999999999996
177 0.4232
178 0.4228
179 0.4208
180 0.42
181 0.41840000000000005
182 0.41800000000000004
183 0.41679999999999995
184 0.41519999999999996
185 0.4139999999999999
186 0.412
187 0.41159999999999997
188 0.4108
189 0.4096
190 0.40879999999999994
191 0.40759999999999996
192 0.40639999999999993
193 0.40599999999999986
194 0.40599999999999986
195 0.40559999999999996
196 0.4048
197 0.4043999999999999
198 0.4035999999999999
199 0.40279999999999994
200 0.4019999999999999
201 0.4011999999999999
202 0.39959999999999996
203 0.3991999999999999
204 0.3979999999999999
205 0.39679999999999993
206 0.39639999999999986
207 0.3955999999999999
208 0.3947999999999999
209 0.3943999999999999
210 0.39359999999999995
211 0.3907999999999999
212 0.3899999999999999
213 0.38919999999999993
214 0.3888
215 0.38839999999999997
216 0.38839999999999997
217 0.3876
218 0.386
219 0.386
220 0.386
221 0.3852
222 0.38439999999999996
223 0.38359999999999994
224 0.38319999999999993
225 0.38159999999999994
226 0.3812
227 0.3803999999999999
228 0.37959999999999994
229 0.37879999999999986
230 0.3771999999999999
231 0.3771999999999999
232 0.3767999999999999
233 0.3767999999999999
234 0.37639999999999996
235 0.37599999999999995
236 0.37559999999999993
237 0.37559999999999993
238 0.37439999999999996
239 0.374
240 0.3728
241 0.37200000000000005
242 0.37160000000000004
243 0.37160000000000004
244 0.3712
245 0.37
246 0.37
247 0.3688
248 0.36839999999999995
249 0.368
250 0.368
251 0.3664
252 0.366
253 0.36440000000000006
254 0.36280000000000007
255 0.36280000000000007
256 0.3620000000000001
257 0.3620000000000001
258 0.36120000000000013
259 0.36000000000000015
260 0.35960000000000014
261 0.3592000000000002
262 0.3584000000000001
263 0.3584000000000001
264 0.35760000000000003
265 0.35760000000000003
266 0.3572000000000001
267 0.3572000000000001
268 0.3556000000000001
269 0.3548000000000001
270 0.35400000000000015
271 0.35280000000000006
272 0.3524000000000001
273 0.35160000000000013
274 0.35160000000000013
275 0.3508000000000001
276 0.3496000000000001
277 0.34920000000000007
278 0.3484000000000001
279 0.34720000000000006
280 0.34720000000000006
281 0.3464000000000001
282 0.3452000000000001
283 0.34440000000000004
284 0.3440000000000001
285 0.34320000000000006
286 0.3428000000000001
287 0.3420000000000001
288 0.3408000000000001
289 0.3408000000000001
290 0.3408000000000001
291 0.3408000000000001
292 0.34040000000000015
293 0.3392000000000001
294 0.3388000000000001
295 0.3376000000000001
296 0.33720000000000006
297 0.33720000000000006
298 0.3364000000000001
299 0.3356000000000001
300 0.33440000000000014
301 0.33400000000000013
302 0.33400000000000013
303 0.33360000000000006
304 0.33320000000000005
305 0.3328000000000001
306 0.3324000000000001
307 0.33080000000000004
308 0.33
309 0.3296
310 0.3292
311 0.32880000000000004
312 0.3284
313 0.3284
314 0.32800000000000007
315 0.32800000000000007
316 0.32760000000000006
317 0.32760000000000006
318 0.3264000000000001
319 0.3264000000000001
320 0.326
321 0.32520000000000004
322 0.32520000000000004
323 0.32480000000000003
324 0.32480000000000003
325 0.32480000000000003
326 0.32360000000000005
327 0.3228000000000001
328 0.3224000000000001
329 0.3224000000000001
330 0.3224000000000001
331 0.3216000000000001
332 0.32080000000000003
333 0.32000000000000006
334 0.32000000000000006
335 0.32000000000000006
336 0.3196
337 0.3196
338 0.3192
339 0.31839999999999996
340 0.31799999999999995
341 0.31799999999999995
342 0.31639999999999996
343 0.3156
344 0.3152
345 0.3152
346 0.3148
347 0.3148
348 0.314
349 0.314
350 0.314
351 0.31320000000000003
352 0.3128
353 0.3124
354 0.3124
355 0.31160000000000004
356 0.31079999999999997
357 0.3104
358 0.31
359 0.31
360 0.3096
361 0.3096
362 0.3092
363 0.3084
364 0.308
365 0.3072
366 0.3072
367 0.3072
368 0.3072
369 0.306
370 0.30479999999999996
371 0.3044
372 0.3044
373 0.3044
374 0.304
375 0.3036
376 0.30279999999999996
377 0.302
378 0.30079999999999996
379 0.30079999999999996
380 0.3004
381 0.29960000000000003
382 0.29960000000000003
383 0.29960000000000003
384 0.2988
385 0.29840000000000005
386 0.29840000000000005
387 0.29760000000000003
388 0.29760000000000003
389 0.2972
390 0.29600000000000004
391 0.29600000000000004
392 0.29600000000000004
393 0.29600000000000004
394 0.29600000000000004
395 0.29600000000000004
396 0.29560000000000003
397 0.29560000000000003
398 0.29560000000000003
399 0.2944
400 0.29400000000000004
401 0.29400000000000004
402 0.29359999999999997
403 0.29359999999999997
404 0.29359999999999997
405 0.2928
406 0.29120000000000007
407 0.2908
408 0.2908
409 0.2908
410 0.2908
411 0.29040000000000005
412 0.29000000000000004
413 0.2896
414 0.2896
415 0.28920000000000007
416 0.28840000000000005
417 0.2876
418 0.2876
419 0.2876
420 0.2868
421 0.2868
422 0.2864
423 0.2864
424 0.2864
425 0.28600000000000003
426 0.2856
427 0.2852
428 0.2844
429 0.2844
430 0.2844
431 0.28400000000000003
432 0.2836
433 0.28320000000000006
434 0.2820000000000001
435 0.2820000000000001
436 0.2816
437 0.2808
438 0.2808
439 0.28040000000000004
440 0.28040000000000004
441 0.28040000000000004
442 0.27920000000000006
443 0.27920000000000006
444 0.27880000000000005
445 0.27840000000000004
446 0.27840000000000004
447 0.27840000000000004
448 0.27840000000000004
449 0.27840000000000004
450 0.278
451 0.278
452 0.2776
453 0.2776
454 0.2776
455 0.2772
456 0.27680000000000005
457 0.276
458 0.276
459 0.27560000000000007
460 0.27560000000000007
461 0.27520000000000006
462 0.27520000000000006
463 0.27520000000000006
464 0.27520000000000006
465 0.27520000000000006
466 0.27520000000000006
467 0.27520000000000006
468 0.27520000000000006
469 0.27520000000000006
470 0.27520000000000006
471 0.27480000000000004
472 0.27480000000000004
473 0.27440000000000003
474 0.27440000000000003
475 0.27440000000000003
476 0.27440000000000003
477 0.27440000000000003
478 0.27440000000000003
479 0.27440000000000003
480 0.27440000000000003
481 0.27440000000000003
482 0.27440000000000003
483 0.2740000000000001
484 0.2740000000000001
485 0.27360000000000007
486 0.27360000000000007
487 0.27320000000000005
488 0.2728
489 0.27240000000000003
490 0.272
491 0.272
492 0.272
493 0.272
494 0.27160000000000006
495 0.27080000000000004
496 0.27
497 0.27
498 0.27
499 0.2696
500 0.2696
501 0.2696
502 0.2696
503 0.2692
504 0.2692
505 0.2692
506 0.2692
507 0.2692
508 0.26880000000000004
509 0.26880000000000004
510 0.26839999999999997
511 0.26759999999999995
512 0.26759999999999995
513 0.26719999999999994
514 0.26719999999999994
515 0.2668
516 0.2668
517 0.26639999999999997
518 0.26639999999999997
519 0.26639999999999997
520 0.26559999999999995
521 0.26559999999999995
522 0.26559999999999995
523 0.26559999999999995
524 0.26519999999999994
525 0.26519999999999994
526 0.26519999999999994
527 0.26519999999999994
528 0.26519999999999994
529 0.26519999999999994
530 0.26519999999999994
531 0.26519999999999994
532 0.26439999999999997
533 0.26439999999999997
534 0.26399999999999996
535 0.26399999999999996
536 0.26399999999999996
537 0.26359999999999995
538 0.2632
539 0.2628
540 0.2628
541 0.2628
542 0.26199999999999996
543 0.26199999999999996
544 0.26199999999999996
545 0.26199999999999996
546 0.26159999999999994
547 0.2612
548 0.2612
549 0.2612
550 0.2608
551 0.26039999999999996
552 0.26039999999999996
553 0.26039999999999996
554 0.26
555 0.26
556 0.26
557 0.2596
558 0.2596
559 0.2592
560 0.2588
561 0.2588
562 0.2588
563 0.25839999999999996
564 0.25839999999999996
565 0.25839999999999996
566 0.25839999999999996
567 0.25839999999999996
568 0.25839999999999996
569 0.2572
570 0.2572
571 0.2568
572 0.2568
573 0.2568
574 0.2568
575 0.2568
576 0.2568
577 0.25560000000000005
578 0.25520000000000004
579 0.25520000000000004
580 0.25520000000000004
581 0.25520000000000004
582 0.25520000000000004
583 0.25520000000000004
584 0.2548
585 0.2548
586 0.2548
587 0.2548
588 0.2548
589 0.2548
590 0.2548
591 0.2548
592 0.2544
593 0.254
594 0.254
595 0.25360000000000005
596 0.2532
597 0.2528
598 0.2524
599 0.2516
600 0.2516
601 0.2516
602 0.2512
603 0.2512
604 0.2512
605 0.24999999999999997
606 0.24959999999999996
607 0.24919999999999998
608 0.24919999999999998
609 0.24919999999999998
610 0.24919999999999998
611 0.24919999999999998
612 0.24919999999999998
613 0.24919999999999998
614 0.24919999999999998
615 0.24919999999999998
616 0.24919999999999998
617 0.24919999999999998
618 0.24919999999999998
619 0.24919999999999998
620 0.24919999999999998
621 0.24919999999999998
622 0.24919999999999998
623 0.24919999999999998
624 0.2488
625 0.2488
626 0.2484
627 0.248
628 0.248
629 0.248
630 0.248
631 0.248
632 0.24760000000000001
633 0.24720000000000003
634 0.24680000000000002
635 0.24680000000000002
636 0.24680000000000002
637 0.2464
638 0.2464
639 0.2464
640 0.2464
641 0.24600000000000002
642 0.2456
643 0.2456
644 0.2452
645 0.2452
646 0.2452
647 0.24480000000000002
648 0.24400000000000002
649 0.24400000000000002
650 0.24360000000000004
651 0.24360000000000004
652 0.24320000000000003
653 0.24320000000000003
654 0.24320000000000003
655 0.24320000000000003
656 0.24320000000000003
657 0.24280000000000002
658 0.24280000000000002
659 0.24240000000000003
660 0.24200000000000002
661 0.24200000000000002
662 0.24200000000000002
663 0.24200000000000002
664 0.24160000000000004
665 0.24160000000000004
666 0.24160000000000004
667 0.2412
668 0.2412
669 0.2412
670 0.2412
671 0.2412
672 0.2412
673 0.2412
674 0.2412
675 0.24080000000000001
676 0.24080000000000001
677 0.24080000000000001
678 0.24080000000000001
679 0.24080000000000001
680 0.24080000000000001
681 0.24080000000000001
682 0.24080000000000001
683 0.24080000000000001
684 0.24080000000000001
685 0.24080000000000001
686 0.24080000000000001
687 0.24080000000000001
688 0.24080000000000001
689 0.24080000000000001
690 0.23999999999999996
691 0.23999999999999996
692 0.23999999999999996
693 0.23999999999999996
694 0.23999999999999996
695 0.23999999999999996
696 0.23959999999999998
697 0.23959999999999998
698 0.23919999999999997
699 0.23919999999999997
700 0.23919999999999997
701 0.23919999999999997
702 0.23919999999999997
703 0.23919999999999997
704 0.23879999999999998
705 0.23879999999999998
706 0.23879999999999998
707 0.2384
708 0.23800000000000002
709 0.23800000000000002
710 0.2376
711 0.2372
712 0.2372
713 0.2372
714 0.2372
715 0.2372
716 0.2368
717 0.2368
718 0.2368
719 0.2364
720 0.2364
721 0.2364
722 0.23600000000000002
723 0.23560000000000003
724 0.23560000000000003
725 0.23560000000000003
726 0.23560000000000003
727 0.23560000000000003
728 0.23560000000000003
729 0.23560000000000003
730 0.23560000000000003
731 0.23560000000000003
732 0.23560000000000003
733 0.23560000000000003
734 0.23560000000000003
735 0.23560000000000003
736 0.23560000000000003
737 0.23560000000000003
738 0.23560000000000003
739 0.23560000000000003
740 0.23560000000000003
741 0.23560000000000003
742 0.23560000000000003
743 0.23560000000000003
744 0.23560000000000003
745 0.23560000000000003
746 0.23560000000000003
747 0.23560000000000003
748 0.23560000000000003
749 0.23560000000000003
750 0.23560000000000003
751 0.23560000000000003
752 0.23520000000000002
753 0.23520000000000002
754 0.2348
755 0.23440000000000003
756 0.234
757 0.23360000000000003
758 0.23360000000000003
759 0.23360000000000003
760 0.23360000000000003
761 0.2328
762 0.2328
763 0.2328
764 0.2328
765 0.2324
766 0.23199999999999998
767 0.2316
768 0.2316
769 0.23120000000000002
770 0.23120000000000002
771 0.2308
772 0.2308
773 0.2308
774 0.2308
775 0.2308
776 0.2308
777 0.2308
778 0.2308
779 0.2308
780 0.2308
781 0.2308
782 0.2304
783 0.22920000000000001
784 0.22920000000000001
785 0.22920000000000001
786 0.22920000000000001
787 0.22920000000000001
788 0.22920000000000001
789 0.22920000000000001
790 0.22920000000000001
791 0.22920000000000001
792 0.22920000000000001
793 0.22920000000000001
794 0.22920000000000001
795 0.22920000000000001
796 0.22880000000000003
797 0.22840000000000005
798 0.22840000000000005
799 0.22840000000000005
800 0.22760000000000002
801 0.22760000000000002
802 0.22760000000000002
803 0.22760000000000002
804 0.2272
805 0.2272
806 0.2272
807 0.2272
808 0.2268
809 0.2268
810 0.2268
811 0.2268
812 0.2268
813 0.2268
814 0.22640000000000002
815 0.22599999999999998
816 0.22599999999999998
817 0.22599999999999998
818 0.22599999999999998
819 0.22599999999999998
820 0.22599999999999998
821 0.22599999999999998
822 0.22599999999999998
823 0.22599999999999998
824 0.22599999999999998
825 0.22599999999999998
826 0.2256
827 0.2256
828 0.22519999999999998
829 0.22519999999999998
830 0.22519999999999998
831 0.2248
832 0.2248
833 0.2248
834 0.2248
835 0.2248
836 0.2248
837 0.2248
838 0.2248
839 0.2248
840 0.2248
841 0.2248
842 0.2248
843 0.2248
844 0.2248
845 0.2248
846 0.2248
847 0.2248
848 0.2248
849 0.2248
850 0.2248
851 0.2248
852 0.2248
853 0.2248
854 0.2248
855 0.2248
856 0.2248
857 0.2248
858 0.22440000000000002
859 0.22440000000000002
860 0.22399999999999998
861 0.22399999999999998
862 0.2236
863 0.2236
864 0.2236
865 0.22319999999999995
866 0.22319999999999995
867 0.22319999999999995
868 0.22319999999999995
869 0.22319999999999995
870 0.22319999999999995
871 0.22319999999999995
872 0.22319999999999995
873 0.22319999999999995
874 0.22279999999999997
875 0.2224
876 0.2224
877 0.2224
878 0.222
879 0.2216
880 0.2216
881 0.2208
882 0.2208
883 0.2208
884 0.2208
885 0.2208
886 0.22039999999999998
887 0.22039999999999998
888 0.21959999999999996
889 0.21959999999999996
890 0.21919999999999998
891 0.21919999999999998
892 0.21919999999999998
893 0.21919999999999998
894 0.21919999999999998
895 0.21919999999999998
896 0.21919999999999998
897 0.21919999999999998
898 0.21919999999999998
899 0.21919999999999998
900 0.2188
901 0.2188
902 0.2184
903 0.2184
904 0.2184
905 0.2184
906 0.2184
907 0.2184
908 0.2184
909 0.2184
910 0.2184
911 0.2184
912 0.2184
913 0.218
914 0.218
915 0.218
916 0.218
917 0.218
918 0.2176
919 0.2176
920 0.2176
921 0.2176
922 0.2176
923 0.2176
924 0.2176
925 0.2176
926 0.2176
927 0.21719999999999995
928 0.21719999999999995
929 0.21679999999999994
930 0.21679999999999994
931 0.21679999999999994
932 0.21679999999999994
933 0.21679999999999994
934 0.21679999999999994
935 0.21679999999999994
936 0.21679999999999994
937 0.21679999999999994
938 0.21599999999999994
939 0.21599999999999994
940 0.21559999999999996
941 0.21559999999999996
942 0.21519999999999992
943 0.21479999999999994
944 0.2143999999999999
945 0.2143999999999999
946 0.2139999999999999
947 0.2139999999999999
948 0.2139999999999999
949 0.2139999999999999
950 0.21359999999999993
951 0.21359999999999993
952 0.21359999999999993
953 0.21359999999999993
954 0.21359999999999993
955 0.21319999999999995
956 0.21319999999999995
957 0.21319999999999995
958 0.21319999999999995
959 0.21319999999999995
960 0.21319999999999995
961 0.21319999999999995
962 0.21319999999999995
963 0.21279999999999993
964 0.21279999999999993
965 0.21279999999999993
966 0.21279999999999993
967 0.21279999999999993
968 0.21279999999999993
969 0.21279999999999993
970 0.21279999999999993
971 0.21279999999999993
972 0.21279999999999993
973 0.21279999999999993
974 0.21279999999999993
975 0.21279999999999993
976 0.21239999999999992
977 0.2119999999999999
978 0.2119999999999999
979 0.2119999999999999
980 0.2119999999999999
981 0.2119999999999999
982 0.21159999999999993
983 0.21119999999999994
984 0.21119999999999994
985 0.21119999999999994
986 0.21119999999999994
987 0.21119999999999994
988 0.21119999999999994
989 0.21119999999999994
990 0.21119999999999994
991 0.21119999999999994
992 0.2107999999999999
993 0.2107999999999999
994 0.2107999999999999
995 0.2107999999999999
996 0.2107999999999999
997 0.21039999999999992
998 0.21039999999999992
999 0.21039999999999992
1000 0.21039999999999992
1001 0.2091999999999999
1002 0.2091999999999999
1003 0.2091999999999999
1004 0.2091999999999999
1005 0.20879999999999993
1006 0.20879999999999993
1007 0.20879999999999993
1008 0.20879999999999993
1009 0.20879999999999993
1010 0.20839999999999992
1011 0.20839999999999992
1012 0.20839999999999992
1013 0.20839999999999992
1014 0.20799999999999993
1015 0.20799999999999993
1016 0.20799999999999993
1017 0.20799999999999993
1018 0.20799999999999993
1019 0.20799999999999993
1020 0.20799999999999993
1021 0.20759999999999995
1022 0.20719999999999994
1023 0.20719999999999994
1024 0.20679999999999993
1025 0.2063999999999999
1026 0.2063999999999999
1027 0.2063999999999999
1028 0.2063999999999999
1029 0.20559999999999992
1030 0.20559999999999992
1031 0.20559999999999992
1032 0.20559999999999992
1033 0.20559999999999992
1034 0.20559999999999992
1035 0.20559999999999992
1036 0.20559999999999992
1037 0.20519999999999994
1038 0.20479999999999993
1039 0.20439999999999992
1040 0.20439999999999992
1041 0.20439999999999992
1042 0.2039999999999999
1043 0.2039999999999999
1044 0.2039999999999999
1045 0.2039999999999999
1046 0.2039999999999999
1047 0.20359999999999992
1048 0.20359999999999992
1049 0.20359999999999992
1050 0.20359999999999992
1051 0.20359999999999992
1052 0.20359999999999992
1053 0.20359999999999992
1054 0.20359999999999992
1055 0.20359999999999992
1056 0.20359999999999992
1057 0.20359999999999992
1058 0.20319999999999994
1059 0.20319999999999994
1060 0.20319999999999994
1061 0.20319999999999994
1062 0.20319999999999994
1063 0.20279999999999995
1064 0.2023999999999999
1065 0.2023999999999999
1066 0.2023999999999999
1067 0.2023999999999999
1068 0.20159999999999992
1069 0.20159999999999992
1070 0.20159999999999992
1071 0.20159999999999992
1072 0.20159999999999992
1073 0.20159999999999992
1074 0.20159999999999992
1075 0.20159999999999992
1076 0.20159999999999992
1077 0.20159999999999992
1078 0.20159999999999992
1079 0.20159999999999992
1080 0.20159999999999992
1081 0.20119999999999993
1082 0.20119999999999993
1083 0.20119999999999993
1084 0.20119999999999993
1085 0.20119999999999993
1086 0.20119999999999993
1087 0.20119999999999993
1088 0.20119999999999993
1089 0.20119999999999993
1090 0.20119999999999993
1091 0.20119999999999993
1092 0.20119999999999993
1093 0.20119999999999993
1094 0.20119999999999993
1095 0.20079999999999995
1096 0.20079999999999995
1097 0.20079999999999995
1098 0.20079999999999995
1099 0.20039999999999997
1100 0.20039999999999997
1101 0.20039999999999997
1102 0.19999999999999996
1103 0.19999999999999996
1104 0.19959999999999994
1105 0.19959999999999994
1106 0.19919999999999993
1107 0.19879999999999992
1108 0.19879999999999992
1109 0.19879999999999992
1110 0.19879999999999992
1111 0.19879999999999992
1112 0.19879999999999992
1113 0.19879999999999992
1114 0.19879999999999992
1115 0.19879999999999992
1116 0.19879999999999992
1117 0.19879999999999992
1118 0.19879999999999992
1119 0.19879999999999992
1120 0.19879999999999992
1121 0.19879999999999992
1122 0.19879999999999992
1123 0.19879999999999992
1124 0.19879999999999992
1125 0.19879999999999992
1126 0.19879999999999992
1127 0.19879999999999992
1128 0.19879999999999992
1129 0.19879999999999992
1130 0.19879999999999992
1131 0.19879999999999992
1132 0.19879999999999992
1133 0.19799999999999993
1134 0.19799999999999993
1135 0.19799999999999993
1136 0.19799999999999993
1137 0.19799999999999993
1138 0.19759999999999994
1139 0.19759999999999994
1140 0.19759999999999994
1141 0.19759999999999994
1142 0.19719999999999996
1143 0.19719999999999996
1144 0.19719999999999996
1145 0.19719999999999996
1146 0.19719999999999996
1147 0.19719999999999996
1148 0.19719999999999996
1149 0.19719999999999996
1150 0.19719999999999996
1151 0.19719999999999996
1152 0.19719999999999996
1153 0.19679999999999992
1154 0.19679999999999992
1155 0.19679999999999992
1156 0.19679999999999992
1157 0.19679999999999992
1158 0.19639999999999994
1159 0.19639999999999994
1160 0.19639999999999994
1161 0.19639999999999994
1162 0.19639999999999994
1163 0.19639999999999994
1164 0.19639999999999994
1165 0.19639999999999994
1166 0.19599999999999995
1167 0.19599999999999995
1168 0.19599999999999995
1169 0.19599999999999995
1170 0.19599999999999995
1171 0.19599999999999995
1172 0.19599999999999995
1173 0.19559999999999994
1174 0.19559999999999994
1175 0.19559999999999994
1176 0.19559999999999994
1177 0.19559999999999994
1178 0.19559999999999994
1179 0.19519999999999996
1180 0.19519999999999996
1181 0.19519999999999996
1182 0.19519999999999996
1183 0.19519999999999996
1184 0.19519999999999996
1185 0.19519999999999996
1186 0.19519999999999996
1187 0.19519999999999996
1188 0.19519999999999996
1189 0.19519999999999996
1190 0.19519999999999996
1191 0.19519999999999996
1192 0.19519999999999996
1193 0.19519999999999996
1194 0.19519999999999996
1195 0.19519999999999996
1196 0.19519999999999996
1197 0.19519999999999996
1198 0.19519999999999996
1199 0.19519999999999996
1200 0.19479999999999997
1201 0.19439999999999993
1202 0.19439999999999993
1203 0.19439999999999993
1204 0.19439999999999993
1205 0.19439999999999993
1206 0.19439999999999993
1207 0.19439999999999993
1208 0.19439999999999993
1209 0.19439999999999993
1210 0.19439999999999993
1211 0.19439999999999993
1212 0.19439999999999993
1213 0.19399999999999995
1214 0.19399999999999995
1215 0.19399999999999995
1216 0.19399999999999995
1217 0.19399999999999995
1218 0.19399999999999995
1219 0.19399999999999995
1220 0.19399999999999995
1221 0.19399999999999995
1222 0.19399999999999995
1223 0.19399999999999995
1224 0.19359999999999997
1225 0.19359999999999997
1226 0.19359999999999997
1227 0.19359999999999997
1228 0.19359999999999997
1229 0.19359999999999997
1230 0.19359999999999997
1231 0.19359999999999997
1232 0.19359999999999997
1233 0.19359999999999997
1234 0.19359999999999997
1235 0.19359999999999997
1236 0.19359999999999997
1237 0.19359999999999997
1238 0.19359999999999997
1239 0.19359999999999997
1240 0.19359999999999997
1241 0.19359999999999997
1242 0.19359999999999997
1243 0.19359999999999997
1244 0.19359999999999997
1245 0.19359999999999997
1246 0.19359999999999997
1247 0.19359999999999997
1248 0.19359999999999997
1249 0.19359999999999997
1250 0.19359999999999997
1251 0.19359999999999997
1252 0.19359999999999997
1253 0.19359999999999997
1254 0.19359999999999997
1255 0.19359999999999997
1256 0.19359999999999997
1257 0.19359999999999997
1258 0.19359999999999997
1259 0.19359999999999997
1260 0.19359999999999997
1261 0.19359999999999997
1262 0.19359999999999997
1263 0.19359999999999997
1264 0.19359999999999997
1265 0.19359999999999997
1266 0.19359999999999997
1267 0.19359999999999997
1268 0.19359999999999997
1269 0.19359999999999997
1270 0.19359999999999997
1271 0.19359999999999997
1272 0.19359999999999997
1273 0.19359999999999997
1274 0.19359999999999997
1275 0.19359999999999997
1276 0.19359999999999997
1277 0.19359999999999997
1278 0.19359999999999997
1279 0.19359999999999997
1280 0.19359999999999997
1281 0.19359999999999997
1282 0.19359999999999997
1283 0.19359999999999997
1284 0.19359999999999997
1285 0.19359999999999997
1286 0.19359999999999997
1287 0.19359999999999997
1288 0.19359999999999997
1289 0.19319999999999993
1290 0.19319999999999993
1291 0.19319999999999993
1292 0.19319999999999993
1293 0.19319999999999993
1294 0.19319999999999993
1295 0.19319999999999993
1296 0.19319999999999993
1297 0.19319999999999993
1298 0.19319999999999993
1299 0.19319999999999993
1300 0.19319999999999993
1301 0.19319999999999993
1302 0.19319999999999993
1303 0.19319999999999993
1304 0.19319999999999993
1305 0.19319999999999993
1306 0.19319999999999993
1307 0.19319999999999993
1308 0.19319999999999993
1309 0.19319999999999993
1310 0.19279999999999994
1311 0.1923999999999999
1312 0.19199999999999992
1313 0.19199999999999992
1314 0.19199999999999992
1315 0.19199999999999992
1316 0.19199999999999992
1317 0.19199999999999992
1318 0.19199999999999992
1319 0.19199999999999992
1320 0.19199999999999992
1321 0.19199999999999992
1322 0.19199999999999992
1323 0.19199999999999992
1324 0.19159999999999994
1325 0.19159999999999994
1326 0.19159999999999994
1327 0.19159999999999994
1328 0.19159999999999994
1329 0.19159999999999994
1330 0.19159999999999994
1331 0.19119999999999993
1332 0.19119999999999993
1333 0.19119999999999993
1334 0.19119999999999993
1335 0.19119999999999993
1336 0.19119999999999993
1337 0.19119999999999993
1338 0.19119999999999993
1339 0.19119999999999993
1340 0.19119999999999993
1341 0.19119999999999993
1342 0.19119999999999993
1343 0.19119999999999993
1344 0.19119999999999993
1345 0.19119999999999993
1346 0.19119999999999993
1347 0.19119999999999993
1348 0.19119999999999993
1349 0.19119999999999993
1350 0.19119999999999993
1351 0.19119999999999993
1352 0.19119999999999993
1353 0.19119999999999993
1354 0.19119999999999993
1355 0.19119999999999993
1356 0.19039999999999996
1357 0.19039999999999996
1358 0.19039999999999996
1359 0.18959999999999994
1360 0.18919999999999995
1361 0.18879999999999997
1362 0.18879999999999997
1363 0.18879999999999997
1364 0.18879999999999997
1365 0.18879999999999997
1366 0.18879999999999997
1367 0.18879999999999997
1368 0.18879999999999997
1369 0.18879999999999997
1370 0.18879999999999997
1371 0.18879999999999997
1372 0.18879999999999997
1373 0.18879999999999997
1374 0.18879999999999997
1375 0.18839999999999993
1376 0.18839999999999993
1377 0.18839999999999993
1378 0.18799999999999994
1379 0.18799999999999994
1380 0.18799999999999994
1381 0.18799999999999994
1382 0.18799999999999994
1383 0.18799999999999994
1384 0.18799999999999994
1385 0.18799999999999994
1386 0.18799999999999994
1387 0.18799999999999994
1388 0.18759999999999993
1389 0.18759999999999993
1390 0.18719999999999992
1391 0.18719999999999992
1392 0.18719999999999992
1393 0.18719999999999992
1394 0.18719999999999992
1395 0.18719999999999992
1396 0.18679999999999994
1397 0.18679999999999994
1398 0.18679999999999994
1399 0.18679999999999994
1400 0.18679999999999994
1401 0.18679999999999994
1402 0.18679999999999994
1403 0.18679999999999994
1404 0.18679999999999994
1405 0.18679999999999994
1406 0.18679999999999994
1407 0.18679999999999994
1408 0.18679999999999994
1409 0.18679999999999994
1410 0.18679999999999994
1411 0.18679999999999994
1412 0.18679999999999994
1413 0.18679999999999994
1414 0.18679999999999994
1415 0.18679999999999994
1416 0.18679999999999994
1417 0.18639999999999993
1418 0.18639999999999993
1419 0.18639999999999993
1420 0.18639999999999993
1421 0.18639999999999993
1422 0.18639999999999993
1423 0.18639999999999993
1424 0.18639999999999993
1425 0.18639999999999993
1426 0.18639999999999993
1427 0.18639999999999993
1428 0.18599999999999992
1429 0.18599999999999992
1430 0.18599999999999992
1431 0.18599999999999992
1432 0.18599999999999992
1433 0.18599999999999992
1434 0.18599999999999992
1435 0.18599999999999992
1436 0.18599999999999992
1437 0.18599999999999992
1438 0.18599999999999992
1439 0.18599999999999992
1440 0.18599999999999992
1441 0.18599999999999992
1442 0.18599999999999992
1443 0.18599999999999992
1444 0.18599999999999992
1445 0.18599999999999992
1446 0.18599999999999992
1447 0.18599999999999992
1448 0.18599999999999992
1449 0.18599999999999992
1450 0.18599999999999992
1451 0.18599999999999992
1452 0.1855999999999999
1453 0.1855999999999999
1454 0.1855999999999999
1455 0.1855999999999999
1456 0.1855999999999999
1457 0.1855999999999999
1458 0.1855999999999999
1459 0.1855999999999999
1460 0.1855999999999999
1461 0.1855999999999999
1462 0.1855999999999999
1463 0.1855999999999999
1464 0.1855999999999999
1465 0.1855999999999999
1466 0.1855999999999999
1467 0.1855999999999999
1468 0.1855999999999999
1469 0.1855999999999999
1470 0.1855999999999999
1471 0.1855999999999999
1472 0.18519999999999992
1473 0.18519999999999992
1474 0.18519999999999992
1475 0.18519999999999992
1476 0.18519999999999992
1477 0.18519999999999992
1478 0.18519999999999992
1479 0.18519999999999992
1480 0.18519999999999992
1481 0.18519999999999992
1482 0.18519999999999992
1483 0.18519999999999992
1484 0.18519999999999992
1485 0.18519999999999992
1486 0.18519999999999992
1487 0.18519999999999992
1488 0.18519999999999992
1489 0.18519999999999992
1490 0.18519999999999992
1491 0.18519999999999992
1492 0.18519999999999992
1493 0.18519999999999992
1494 0.18519999999999992
1495 0.18519999999999992
1496 0.18519999999999992
1497 0.18519999999999992
1498 0.18519999999999992
1499 0.18519999999999992
1500 0.18519999999999992
1501 0.18519999999999992
1502 0.18519999999999992
1503 0.18519999999999992
1504 0.18519999999999992
1505 0.18519999999999992
1506 0.18519999999999992
1507 0.18519999999999992
1508 0.18479999999999994
1509 0.18479999999999994
1510 0.18479999999999994
1511 0.18479999999999994
1512 0.18479999999999994
1513 0.18479999999999994
1514 0.18479999999999994
1515 0.18479999999999994
1516 0.18479999999999994
1517 0.18479999999999994
1518 0.18479999999999994
1519 0.18479999999999994
1520 0.18479999999999994
1521 0.18479999999999994
1522 0.18479999999999994
1523 0.18479999999999994
1524 0.18479999999999994
1525 0.18479999999999994
1526 0.18439999999999995
1527 0.18439999999999995
1528 0.18439999999999995
1529 0.18439999999999995
1530 0.18439999999999995
1531 0.18439999999999995
1532 0.18439999999999995
1533 0.18439999999999995
1534 0.18439999999999995
1535 0.18439999999999995
1536 0.18439999999999995
1537 0.18439999999999995
1538 0.18439999999999995
1539 0.18439999999999995
1540 0.18439999999999995
1541 0.18439999999999995
1542 0.18439999999999995
1543 0.18439999999999995
1544 0.18439999999999995
1545 0.18439999999999995
1546 0.18439999999999995
1547 0.18439999999999995
1548 0.18439999999999995
1549 0.18439999999999995
1550 0.18439999999999995
1551 0.18439999999999995
1552 0.18439999999999995
1553 0.18439999999999995
1554 0.18439999999999995
1555 0.18439999999999995
1556 0.18439999999999995
1557 0.18439999999999995
1558 0.18439999999999995
1559 0.18439999999999995
1560 0.18439999999999995
1561 0.18439999999999995
1562 0.18439999999999995
1563 0.18439999999999995
1564 0.18439999999999995
1565 0.18439999999999995
1566 0.18439999999999995
1567 0.18439999999999995
1568 0.18439999999999995
1569 0.18439999999999995
1570 0.18439999999999995
1571 0.18439999999999995
1572 0.18439999999999995
1573 0.1839999999999999
1574 0.18359999999999993
1575 0.18359999999999993
1576 0.18359999999999993
1577 0.18359999999999993
1578 0.18359999999999993
1579 0.18359999999999993
1580 0.18359999999999993
1581 0.18359999999999993
1582 0.18359999999999993
1583 0.18359999999999993
1584 0.18359999999999993
1585 0.18359999999999993
1586 0.18359999999999993
1587 0.18359999999999993
1588 0.18359999999999993
1589 0.18359999999999993
1590 0.18359999999999993
1591 0.18359999999999993
1592 0.18359999999999993
1593 0.18359999999999993
1594 0.18359999999999993
1595 0.18359999999999993
1596 0.18359999999999993
1597 0.18359999999999993
1598 0.18359999999999993
1599 0.18359999999999993
1600 0.18359999999999993
1601 0.18319999999999992
1602 0.18319999999999992
1603 0.18319999999999992
1604 0.18319999999999992
1605 0.18319999999999992
1606 0.18319999999999992
1607 0.18319999999999992
1608 0.18319999999999992
1609 0.18319999999999992
1610 0.18319999999999992
1611 0.18319999999999992
1612 0.18319999999999992
1613 0.18319999999999992
1614 0.18319999999999992
1615 0.18319999999999992
1616 0.18319999999999992
1617 0.18319999999999992
1618 0.18319999999999992
1619 0.18319999999999992
1620 0.18319999999999992
1621 0.18279999999999993
1622 0.18279999999999993
1623 0.18279999999999993
1624 0.18279999999999993
1625 0.18279999999999993
1626 0.18279999999999993
1627 0.18279999999999993
1628 0.18279999999999993
1629 0.18279999999999993
1630 0.18279999999999993
1631 0.18279999999999993
1632 0.18279999999999993
1633 0.18239999999999992
1634 0.18239999999999992
1635 0.1819999999999999
1636 0.1819999999999999
1637 0.1819999999999999
1638 0.1819999999999999
1639 0.1819999999999999
1640 0.1819999999999999
1641 0.1819999999999999
1642 0.1819999999999999
1643 0.1819999999999999
1644 0.1819999999999999
1645 0.1819999999999999
1646 0.18159999999999993
1647 0.18159999999999993
1648 0.18159999999999993
1649 0.18159999999999993
1650 0.18119999999999994
1651 0.18119999999999994
1652 0.18119999999999994
1653 0.18119999999999994
1654 0.18119999999999994
1655 0.18079999999999996
1656 0.18079999999999996
1657 0.18079999999999996
1658 0.18079999999999996
1659 0.18079999999999996
1660 0.18079999999999996
1661 0.18079999999999996
1662 0.18079999999999996
1663 0.18079999999999996
1664 0.18079999999999996
1665 0.18079999999999996
1666 0.18079999999999996
1667 0.18079999999999996
1668 0.18079999999999996
1669 0.18079999999999996
1670 0.18079999999999996
1671 0.18079999999999996
1672 0.18079999999999996
1673 0.18079999999999996
1674 0.18079999999999996
1675 0.18079999999999996
1676 0.18079999999999996
1677 0.18079999999999996
1678 0.18079999999999996
1679 0.18079999999999996
1680 0.18079999999999996
1681 0.18079999999999996
1682 0.18079999999999996
1683 0.18079999999999996
1684 0.18079999999999996
1685 0.18079999999999996
1686 0.18079999999999996
1687 0.18079999999999996
1688 0.18079999999999996
1689 0.18079999999999996
1690 0.18079999999999996
1691 0.18079999999999996
1692 0.18039999999999992
1693 0.17999999999999997
1694 0.17999999999999997
1695 0.17999999999999997
1696 0.17999999999999997
1697 0.17999999999999997
1698 0.17959999999999993
1699 0.17959999999999993
1700 0.17959999999999993
1701 0.17959999999999993
1702 0.17959999999999993
1703 0.17959999999999993
1704 0.17959999999999993
1705 0.17959999999999993
1706 0.17959999999999993
1707 0.17959999999999993
1708 0.17959999999999993
1709 0.17959999999999993
1710 0.17959999999999993
1711 0.17959999999999993
1712 0.17959999999999993
1713 0.17959999999999993
1714 0.17959999999999993
1715 0.17959999999999993
1716 0.17959999999999993
1717 0.17959999999999993
1718 0.17959999999999993
1719 0.17959999999999993
1720 0.17959999999999993
1721 0.17959999999999993
1722 0.17959999999999993
1723 0.17959999999999993
1724 0.17919999999999994
1725 0.17919999999999994
1726 0.17919999999999994
1727 0.17919999999999994
1728 0.17919999999999994
1729 0.17919999999999994
1730 0.17919999999999994
1731 0.17919999999999994
1732 0.17919999999999994
1733 0.17919999999999994
1734 0.17919999999999994
1735 0.17919999999999994
1736 0.17919999999999994
1737 0.17919999999999994
1738 0.17919999999999994
1739 0.17919999999999994
1740 0.17919999999999994
1741 0.17919999999999994
1742 0.17919999999999994
1743 0.17919999999999994
1744 0.17919999999999994
1745 0.17919999999999994
1746 0.17919999999999994
1747 0.17919999999999994
1748 0.17919999999999994
1749 0.17919999999999994
1750 0.17919999999999994
1751 0.17919999999999994
1752 0.17919999999999994
1753 0.17919999999999994
1754 0.17919999999999994
1755 0.17879999999999996
1756 0.17879999999999996
1757 0.17879999999999996
1758 0.17879999999999996
1759 0.17839999999999998
1760 0.17839999999999998
1761 0.17839999999999998
1762 0.17839999999999998
1763 0.17839999999999998
1764 0.17839999999999998
1765 0.17839999999999998
1766 0.17839999999999998
1767 0.17839999999999998
1768 0.17839999999999998
1769 0.17839999999999998
1770 0.17839999999999998
1771 0.17839999999999998
1772 0.17799999999999996
1773 0.17759999999999995
1774 0.17719999999999994
1775 0.17719999999999994
1776 0.17719999999999994
1777 0.17719999999999994
1778 0.17679999999999996
1779 0.17639999999999997
1780 0.17639999999999997
1781 0.17639999999999997
1782 0.176
1783 0.176
1784 0.176
1785 0.176
1786 0.176
1787 0.176
1788 0.176
1789 0.176
1790 0.176
1791 0.176
1792 0.176
1793 0.176
1794 0.17559999999999998
1795 0.17559999999999998
1796 0.17559999999999998
1797 0.17559999999999998
1798 0.17559999999999998
1799 0.17559999999999998
1800 0.17559999999999998
1801 0.1752
1802 0.1752
1803 0.1748
1804 0.1748
1805 0.1748
1806 0.1748
1807 0.1748
1808 0.1748
1809 0.1748
1810 0.17439999999999997
1811 0.17439999999999997
1812 0.17439999999999997
1813 0.17439999999999997
1814 0.17439999999999997
1815 0.17439999999999997
1816 0.17439999999999997
1817 0.17439999999999997
1818 0.17439999999999997
1819 0.17439999999999997
1820 0.17439999999999997
1821 0.174
1822 0.174
1823 0.174
1824 0.174
1825 0.174
1826 0.174
1827 0.174
1828 0.174
1829 0.174
1830 0.174
1831 0.174
1832 0.17359999999999995
1833 0.17359999999999995
1834 0.17359999999999995
1835 0.17359999999999995
1836 0.17359999999999995
1837 0.17359999999999995
1838 0.17359999999999995
1839 0.17359999999999995
1840 0.17359999999999995
1841 0.17359999999999995
1842 0.17319999999999997
1843 0.17319999999999997
1844 0.17319999999999997
1845 0.17319999999999997
1846 0.17319999999999997
1847 0.17319999999999997
1848 0.17319999999999997
1849 0.17319999999999997
1850 0.17319999999999997
1851 0.172
1852 0.172
1853 0.172
1854 0.172
1855 0.172
1856 0.172
1857 0.172
1858 0.172
1859 0.172
1860 0.172
1861 0.172
1862 0.172
1863 0.172
1864 0.172
1865 0.172
1866 0.172
1867 0.172
1868 0.172
1869 0.172
1870 0.172
1871 0.172
1872 0.1716
1873 0.1716
1874 0.1716
1875 0.1716
1876 0.1716
1877 0.1716
1878 0.1716
1879 0.1716
1880 0.1716
1881 0.1716
1882 0.1716
1883 0.17120000000000002
1884 0.17120000000000002
1885 0.17120000000000002
1886 0.17120000000000002
1887 0.17120000000000002
1888 0.17120000000000002
1889 0.17120000000000002
1890 0.17120000000000002
1891 0.17120000000000002
1892 0.17120000000000002
1893 0.17120000000000002
1894 0.17120000000000002
1895 0.17120000000000002
1896 0.17120000000000002
1897 0.17120000000000002
1898 0.17120000000000002
1899 0.17120000000000002
1900 0.17120000000000002
1901 0.17120000000000002
1902 0.17120000000000002
1903 0.17120000000000002
1904 0.17120000000000002
1905 0.17120000000000002
1906 0.17120000000000002
1907 0.17120000000000002
1908 0.17120000000000002
1909 0.17120000000000002
1910 0.17120000000000002
1911 0.17120000000000002
1912 0.17120000000000002
1913 0.17120000000000002
1914 0.17120000000000002
1915 0.17120000000000002
1916 0.17120000000000002
1917 0.17120000000000002
1918 0.17079999999999998
1919 0.17079999999999998
1920 0.17079999999999998
1921 0.17079999999999998
1922 0.17079999999999998
1923 0.17079999999999998
1924 0.17079999999999998
1925 0.17079999999999998
1926 0.17079999999999998
1927 0.17079999999999998
1928 0.17079999999999998
1929 0.17079999999999998
1930 0.17079999999999998
1931 0.17079999999999998
1932 0.17079999999999998
1933 0.17079999999999998
1934 0.17079999999999998
1935 0.17079999999999998
1936 0.17079999999999998
1937 0.17079999999999998
1938 0.17079999999999998
1939 0.17079999999999998
1940 0.17079999999999998
1941 0.17079999999999998
1942 0.17079999999999998
1943 0.17079999999999998
1944 0.17079999999999998
1945 0.17079999999999998
1946 0.17079999999999998
1947 0.17079999999999998
1948 0.17079999999999998
1949 0.17079999999999998
1950 0.17079999999999998
1951 0.1704
1952 0.1704
1953 0.1704
1954 0.1704
1955 0.1704
1956 0.1704
1957 0.1704
1958 0.1704
1959 0.1704
1960 0.1704
1961 0.1704
1962 0.1704
1963 0.1704
1964 0.17
1965 0.17
1966 0.17
1967 0.17
1968 0.17
1969 0.17
1970 0.17
1971 0.17
1972 0.17
1973 0.17
1974 0.17
1975 0.17
1976 0.17
1977 0.17
1978 0.17
1979 0.16959999999999997
1980 0.16959999999999997
1981 0.16959999999999997
1982 0.16959999999999997
1983 0.16959999999999997
1984 0.16959999999999997
1985 0.16959999999999997
1986 0.16959999999999997
1987 0.16959999999999997
1988 0.16959999999999997
1989 0.16959999999999997
1990 0.16959999999999997
1991 0.16959999999999997
1992 0.16959999999999997
1993 0.16959999999999997
1994 0.16959999999999997
1995 0.16959999999999997
1996 0.16959999999999997
1997 0.16959999999999997
1998 0.16959999999999997
1999 0.16959999999999997
