1 1.0
2 1.0
3 1.0
4 1.0
5 0.9995999999999999
6 0.9995999999999999
7 0.9995999999999999
8 0.9992
9 0.9987999999999999
10 0.9975999999999998
11 0.9971999999999999
12 0.9971999999999999
13 0.9967999999999999
14 0.9967999999999999
15 0.9967999999999999
16 0.9959999999999998
17 0.9947999999999998
18 0.9935999999999997
19 0.9935999999999997
20 0.9927999999999997
21 0.9923999999999998
22 0.9915999999999998
23 0.9904
24 0.9891999999999999
25 0.9887999999999999
26 0.9872
27 0.9872
28 0.9863999999999998
29 0.9859999999999998
30 0.9859999999999998
31 0.9847999999999999
32 0.9843999999999998
33 0.9823999999999998
34 0.9819999999999998
35 0.9803999999999998
36 0.9791999999999998
37 0.9783999999999999
38 0.9783999999999999
39 0.9775999999999998
40 0.9767999999999997
41 0.9763999999999997
42 0.9759999999999996
43 0.9747999999999998
44 0.9739999999999998
45 0.9723999999999998
46 0.9719999999999998
47 0.9719999999999998
48 0.9715999999999998
49 0.9695999999999998
50 0.9695999999999998
51 0.9675999999999999
52 0.9663999999999998
53 0.9655999999999999
54 0.9655999999999999
55 0.9643999999999998
56 0.964
57 0.9619999999999999
58 0.9603999999999998
59 0.9579999999999999
60 0.9555999999999999
61 0.9527999999999998
62 0.9507999999999999
63 0.9491999999999998
64 0.9487999999999999
65 0.9468000000000001
66 0.946
67 0.9456
68 0.9444
69 0.9432
70 0.9420000000000001
71 0.9416
72 0.9408
73 0.9392
74 0.9380000000000002
75 0.9364000000000001
76 0.9344000000000001
77 0.9340000000000002
78 0.9328000000000002
79 0.932
80 0.9308
81 0.93
82 0.9292
83 0.9275999999999999
84 0.9259999999999999
85 0.9243999999999999
86 0.9235999999999999
87 0.9231999999999999
88 0.9223999999999998
89 0.9208
90 0.9175999999999999
91 0.9168
92 0.9164
93 0.914
94 0.9124000000000001
95 0.9112
96 0.91
97 0.9076000000000001
98 0.9060000000000001
99 0.9044
100 0.9039999999999999
101 0.9024
102 0.8999999999999999
103 0.8991999999999999
104 0.8963999999999999
105 0.8947999999999999
106 0.8927999999999997
107 0.8923999999999996
108 0.8899999999999996
109 0.8875999999999996
110 0.8855999999999998
111 0.8843999999999997
112 0.8811999999999999
113 0.8792
114 0.8755999999999999
115 0.8747999999999999
116 0.8719999999999999
117 0.8711999999999999
118 0.8707999999999998
119 0.8695999999999999
120 0.8684000000000002
121 0.8664000000000002
122 0.8644000000000003
123 0.8624000000000003
124 0.8616000000000003
125 0.8600000000000004
126 0.8592000000000004
127 0.8576000000000004
128 0.8556000000000004
129 0.8532000000000002
130 0.8520000000000002
131 0.8512000000000002
132 0.8500000000000003
133 0.8472000000000003
134 0.8464000000000003
135 0.8440000000000002
136 0.8420000000000003
137 0.8400000000000002
138 0.8384
139 0.8384
140 0.836
141 0.8348
142 0.8316
143 0.8288
144 0.8271999999999999
145 0.8264
146 0.8255999999999999
147 0.8243999999999998
148 0.8223999999999999
149 0.8211999999999999
150 0.8188000000000001
151 0.8175999999999999
152 0.816
153 0.8147999999999997
154 0.8135999999999999
155 0.8119999999999997
156 0.8115999999999997
157 0.8103999999999998
158 0.8099999999999997
159 0.8079999999999997
160 0.8059999999999998
161 0.8039999999999999
162 0.8035999999999999
163 0.8027999999999998
164 0.8023999999999998
165 0.8023999999999998
166 0.8003999999999999
167 0.7984
168 0.7963999999999999
169 0.7955999999999999
170 0.7948
171 0.7935999999999999
172 0.7924
173 0.7916
174 0.7912
175 0.79
176 0.7892
177 0.7876000000000001
178 0.7856000000000002
179 0.7848000000000002
180 0.7844000000000001
181 0.7836000000000002
182 0.782
183 0.7804000000000001
184 0.7792
185 0.778
186 0.7760000000000001
187 0.7756000000000002
188 0.7748
189 0.7744000000000001
190 0.772
191 0.77
192 0.7692000000000001
193 0.7680000000000001
194 0.7672000000000001
195 0.7660000000000001
196 0.7656000000000001
197 0.764
198 0.7628
199 0.7608
200 0.76
201 0.7588000000000001
202 0.7584000000000001
203 0.7580000000000001
204 0.7572000000000001
205 0.7572000000000001
206 0.7556000000000002
207 0.7552000000000001
208 0.7532
209 0.7524
210 0.7515999999999999
211 0.7495999999999999
212 0.748
213 0.748
214 0.748
215 0.7460000000000001
216 0.7452000000000001
217 0.7448
218 0.7444
219 0.7432
220 0.7424000000000001
221 0.7416000000000001
222 0.7408000000000001
223 0.7396
224 0.7396
225 0.7388000000000001
226 0.7376
227 0.7360000000000001
228 0.7343999999999999
229 0.7343999999999999
230 0.7336
231 0.732
232 0.7308
233 0.7308
234 0.7292000000000001
235 0.728
236 0.7276
237 0.7272
238 0.7272
239 0.726
240 0.7255999999999999
241 0.7255999999999999
242 0.7251999999999998
243 0.7239999999999999
244 0.7228
245 0.7219999999999999
246 0.7212
247 0.72
248 0.7196000000000001
249 0.7188000000000001
250 0.7172000000000002
251 0.7168000000000001
252 0.7160000000000001
253 0.7160000000000001
254 0.7140000000000001
255 0.7120000000000001
256 0.7116
257 0.7107999999999999
258 0.7099999999999999
259 0.7088
260 0.7076
261 0.7064
262 0.7052
263 0.7036
264 0.7031999999999999
265 0.7023999999999999
266 0.7008
267 0.6999999999999998
268 0.6995999999999999
269 0.6991999999999998
270 0.6987999999999999
271 0.6983999999999998
272 0.6979999999999998
273 0.6975999999999998
274 0.6967999999999998
275 0.6963999999999999
276 0.6951999999999998
277 0.6943999999999998
278 0.6935999999999999
279 0.6919999999999998
280 0.6915999999999998
281 0.6891999999999999
282 0.6879999999999998
283 0.6875999999999998
284 0.6871999999999998
285 0.6867999999999997
286 0.6863999999999999
287 0.6847999999999999
288 0.6843999999999998
289 0.6843999999999998
290 0.6843999999999998
291 0.6839999999999997
292 0.6831999999999999
293 0.6816
294 0.6812
295 0.6803999999999999
296 0.6803999999999999
297 0.6791999999999999
298 0.6791999999999999
299 0.6783999999999999
300 0.6772
301 0.6764
302 0.6756
303 0.6751999999999999
304 0.674
305 0.6736
306 0.6728000000000001
307 0.6719999999999999
308 0.6707999999999998
309 0.6707999999999998
310 0.6696
311 0.6683999999999999
312 0.6683999999999999
313 0.6679999999999999
314 0.6675999999999999
315 0.6652
316 0.664
317 0.6632000000000001
318 0.6628000000000001
319 0.6616
320 0.6603999999999999
321 0.6603999999999999
322 0.6579999999999999
323 0.6567999999999999
324 0.6559999999999999
325 0.6559999999999999
326 0.6556000000000001
327 0.6556000000000001
328 0.6536
329 0.6528
330 0.6516
331 0.65
332 0.6487999999999999
333 0.6483999999999999
334 0.6476
335 0.6471999999999999
336 0.6467999999999999
337 0.6455999999999998
338 0.6455999999999998
339 0.6447999999999999
340 0.6443999999999999
341 0.6443999999999999
342 0.6439999999999999
343 0.6427999999999998
344 0.6419999999999999
345 0.6416
346 0.6407999999999998
347 0.6407999999999998
348 0.6396
349 0.6396
350 0.6392
351 0.6376
352 0.6367999999999999
353 0.6364
354 0.6355999999999998
355 0.6351999999999999
356 0.6351999999999999
357 0.6335999999999999
358 0.6327999999999999
359 0.6327999999999999
360 0.6327999999999999
361 0.632
362 0.6312
363 0.6308
364 0.6308
365 0.6292
366 0.6288
367 0.6272
368 0.6255999999999999
369 0.6248
370 0.6235999999999999
371 0.6232
372 0.6223999999999998
373 0.6215999999999999
374 0.6211999999999999
375 0.6207999999999999
376 0.6204
377 0.618
378 0.6168
379 0.6168
380 0.6164000000000001
381 0.616
382 0.6156
383 0.6148
384 0.6132
385 0.6132
386 0.6132
387 0.612
388 0.6116
389 0.6116
390 0.6104
391 0.6100000000000001
392 0.6092000000000001
393 0.6088
394 0.608
395 0.6072
396 0.6060000000000001
397 0.6044
398 0.6032
399 0.6028
400 0.6028
401 0.6024
402 0.6024
403 0.6012
404 0.6004
405 0.5992000000000001
406 0.5976
407 0.5968
408 0.5956
409 0.5948
410 0.5936
411 0.5928
412 0.5924
413 0.5908000000000001
414 0.5904
415 0.59
416 0.5883999999999999
417 0.588
418 0.5871999999999999
419 0.5871999999999999
420 0.5864
421 0.586
422 0.5856
423 0.5852
424 0.5852
425 0.5848
426 0.5848
427 0.5848
428 0.5836000000000001
429 0.5828000000000001
430 0.5820000000000001
431 0.5816
432 0.5808
433 0.5804
434 0.5804
435 0.58
436 0.5796
437 0.5791999999999999
438 0.5791999999999999
439 0.5791999999999999
440 0.5788
441 0.578
442 0.5776
443 0.5764
444 0.5748000000000001
445 0.5748000000000001
446 0.5748000000000001
447 0.5744
448 0.5744
449 0.5744
450 0.5740000000000001
451 0.5736000000000001
452 0.5736000000000001
453 0.5736000000000001
454 0.5736000000000001
455 0.5728000000000001
456 0.5728000000000001
457 0.5712000000000002
458 0.5708000000000001
459 0.5704
460 0.5696
461 0.5688
462 0.5688
463 0.5684
464 0.5676000000000001
465 0.5676000000000001
466 0.5668000000000001
467 0.5660000000000001
468 0.5656000000000001
469 0.5656000000000001
470 0.5652000000000001
471 0.5652000000000001
472 0.5648000000000001
473 0.5648000000000001
474 0.5640000000000002
475 0.5628000000000002
476 0.5624000000000001
477 0.5612000000000001
478 0.5612000000000001
479 0.5612000000000001
480 0.5604000000000001
481 0.5604000000000001
482 0.5596000000000001
483 0.5592000000000001
484 0.5584000000000002
485 0.5580000000000002
486 0.5580000000000002
487 0.5572000000000003
488 0.5572000000000003
489 0.5572000000000003
490 0.5564000000000001
491 0.5544000000000001
492 0.5540000000000002
493 0.5532
494 0.5528
495 0.552
496 0.5512
497 0.5508
498 0.5503999999999999
499 0.5496
500 0.5496
501 0.5487999999999998
502 0.5479999999999998
503 0.5471999999999998
504 0.5471999999999998
505 0.5459999999999998
506 0.5459999999999998
507 0.5451999999999999
508 0.5451999999999999
509 0.5451999999999999
510 0.5448
511 0.5448
512 0.5448
513 0.5448
514 0.5443999999999999
515 0.5443999999999999
516 0.5443999999999999
517 0.5443999999999999
518 0.5439999999999999
519 0.5439999999999999
520 0.5439999999999999
521 0.5439999999999999
522 0.5428
523 0.5424
524 0.5416
525 0.5416
526 0.5412
527 0.5412
528 0.5408
529 0.5403999999999999
530 0.5396
531 0.5391999999999999
532 0.5391999999999999
533 0.5391999999999999
534 0.5388
535 0.5379999999999999
536 0.5376
537 0.5376
538 0.5367999999999999
539 0.5367999999999999
540 0.5367999999999999
541 0.5359999999999999
542 0.5355999999999999
543 0.5355999999999999
544 0.5355999999999999
545 0.5351999999999999
546 0.5351999999999999
547 0.5347999999999999
548 0.5347999999999999
549 0.5339999999999998
550 0.5331999999999999
551 0.5323999999999999
552 0.5319999999999999
553 0.5311999999999999
554 0.5311999999999999
555 0.5311999999999999
556 0.5311999999999999
557 0.5299999999999999
558 0.5299999999999999
559 0.5296
560 0.5291999999999999
561 0.5279999999999998
562 0.5275999999999998
563 0.5267999999999998
564 0.5267999999999998
565 0.5267999999999998
566 0.5263999999999999
567 0.5255999999999998
568 0.5255999999999998
569 0.5247999999999999
570 0.5247999999999999
571 0.5247999999999999
572 0.5239999999999998
573 0.5227999999999998
574 0.5227999999999998
575 0.5219999999999999
576 0.5219999999999999
577 0.5215999999999998
578 0.5215999999999998
579 0.5203999999999999
580 0.5191999999999999
581 0.5187999999999999
582 0.5183999999999999
583 0.5171999999999999
584 0.5167999999999998
585 0.5167999999999998
586 0.5167999999999998
587 0.5167999999999998
588 0.5167999999999998
589 0.5167999999999998
590 0.5167999999999998
591 0.5167999999999998
592 0.5159999999999999
593 0.5159999999999999
594 0.5151999999999999
595 0.5147999999999999
596 0.5136
597 0.5136
598 0.5131999999999999
599 0.5127999999999999
600 0.5123999999999999
601 0.5123999999999999
602 0.5123999999999999
603 0.5115999999999998
604 0.5111999999999999
605 0.5111999999999999
606 0.5107999999999998
607 0.5103999999999999
608 0.5099999999999998
609 0.5095999999999998
610 0.5095999999999998
611 0.5091999999999998
612 0.5087999999999998
613 0.5083999999999999
614 0.5079999999999998
615 0.5075999999999998
616 0.5075999999999998
617 0.5075999999999998
618 0.5071999999999998
619 0.5071999999999998
620 0.5067999999999998
621 0.5063999999999997
622 0.5059999999999998
623 0.5059999999999998
624 0.5051999999999999
625 0.5047999999999998
626 0.5043999999999998
627 0.5039999999999999
628 0.5039999999999999
629 0.5039999999999999
630 0.5039999999999999
631 0.5039999999999999
632 0.5035999999999998
633 0.5027999999999999
634 0.5023999999999998
635 0.5023999999999998
636 0.5015999999999999
637 0.5007999999999999
638 0.5007999999999999
639 0.5004
640 0.5004
641 0.49999999999999994
642 0.4991999999999999
643 0.4991999999999999
644 0.49879999999999997
645 0.49879999999999997
646 0.49879999999999997
647 0.49879999999999997
648 0.4979999999999999
649 0.4979999999999999
650 0.4979999999999999
651 0.4979999999999999
652 0.4979999999999999
653 0.4971999999999999
654 0.4971999999999999
655 0.4967999999999999
656 0.49559999999999993
657 0.4952
658 0.4952
659 0.4952
660 0.4947999999999999
661 0.49399999999999994
662 0.49399999999999994
663 0.49399999999999994
664 0.49399999999999994
665 0.49399999999999994
666 0.4935999999999999
667 0.4935999999999999
668 0.49279999999999996
669 0.49279999999999996
670 0.49279999999999996
671 0.49279999999999996
672 0.49239999999999995
673 0.49199999999999994
674 0.4916
675 0.49119999999999997
676 0.49079999999999996
677 0.4904
678 0.4904
679 0.49
680 0.48960000000000004
681 0.48960000000000004
682 0.4892
683 0.4888
684 0.48839999999999995
685 0.48839999999999995
686 0.48719999999999997
687 0.4868
688 0.486
689 0.4856
690 0.4856
691 0.4856
692 0.48519999999999996
693 0.48479999999999995
694 0.4836
695 0.4832
696 0.4828
697 0.4828
698 0.4819999999999999
699 0.4807999999999999
700 0.4807999999999999
701 0.4807999999999999
702 0.48039999999999994
703 0.48039999999999994
704 0.4795999999999999
705 0.47879999999999995
706 0.478
707 0.478
708 0.4775999999999999
709 0.4775999999999999
710 0.47679999999999995
711 0.47639999999999993
712 0.4751999999999999
713 0.4751999999999999
714 0.4747999999999999
715 0.4747999999999999
716 0.4747999999999999
717 0.47439999999999993
718 0.47439999999999993
719 0.4739999999999999
720 0.4739999999999999
721 0.47319999999999995
722 0.47239999999999993
723 0.47239999999999993
724 0.47239999999999993
725 0.47239999999999993
726 0.47239999999999993
727 0.472
728 0.47159999999999996
729 0.47119999999999995
730 0.47119999999999995
731 0.47119999999999995
732 0.4704
733 0.4696
734 0.4696
735 0.4692
736 0.4692
737 0.46880000000000005
738 0.4684
739 0.4684
740 0.46799999999999997
741 0.4675999999999999
742 0.4675999999999999
743 0.4675999999999999
744 0.4675999999999999
745 0.46679999999999994
746 0.46599999999999997
747 0.46559999999999996
748 0.46519999999999995
749 0.46519999999999995
750 0.4648
751 0.4648
752 0.4648
753 0.4648
754 0.4639999999999999
755 0.4639999999999999
756 0.4635999999999999
757 0.46279999999999993
758 0.46279999999999993
759 0.46279999999999993
760 0.46279999999999993
761 0.46279999999999993
762 0.46199999999999997
763 0.46159999999999995
764 0.46159999999999995
765 0.4608
766 0.4608
767 0.4608
768 0.4608
769 0.4604
770 0.45959999999999995
771 0.45959999999999995
772 0.45959999999999995
773 0.45919999999999994
774 0.45919999999999994
775 0.45919999999999994
776 0.4584
777 0.45799999999999996
778 0.4572
779 0.4572
780 0.45640000000000003
781 0.45640000000000003
782 0.45640000000000003
783 0.45640000000000003
784 0.45599999999999996
785 0.45599999999999996
786 0.45599999999999996
787 0.45599999999999996
788 0.45519999999999994
789 0.4548
790 0.4548
791 0.4548
792 0.45439999999999997
793 0.45439999999999997
794 0.45439999999999997
795 0.45399999999999996
796 0.4536
797 0.4532
798 0.4532
799 0.45280000000000004
800 0.45280000000000004
801 0.45280000000000004
802 0.452
803 0.452
804 0.452
805 0.452
806 0.452
807 0.452
808 0.452
809 0.45120000000000005
810 0.45120000000000005
811 0.45120000000000005
812 0.45120000000000005
813 0.45080000000000003
814 0.4504000000000001
815 0.45000000000000007
816 0.45000000000000007
817 0.45000000000000007
818 0.45000000000000007
819 0.4492000000000001
820 0.4488000000000001
821 0.4484
822 0.4484
823 0.4484
824 0.44800000000000006
825 0.44800000000000006
826 0.44800000000000006
827 0.44800000000000006
828 0.44760000000000005
829 0.44720000000000004
830 0.4468000000000001
831 0.4468000000000001
832 0.4464000000000001
833 0.4464000000000001
834 0.4464000000000001
835 0.4456
836 0.44480000000000003
837 0.4444000000000001
838 0.44360000000000005
839 0.4432000000000001
840 0.4428000000000001
841 0.4428000000000001
842 0.44240000000000007
843 0.44240000000000007
844 0.4420000000000001
845 0.4412000000000001
846 0.4408000000000001
847 0.44040000000000007
848 0.44040000000000007
849 0.44040000000000007
850 0.44040000000000007
851 0.44040000000000007
852 0.44040000000000007
853 0.44040000000000007
854 0.44040000000000007
855 0.44040000000000007
856 0.44040000000000007
857 0.44000000000000006
858 0.4396000000000001
859 0.4396000000000001
860 0.4392000000000001
861 0.4392000000000001
862 0.4384000000000001
863 0.4380000000000001
864 0.43760000000000004
865 0.43720000000000003
866 0.43720000000000003
867 0.4368000000000001
868 0.4368000000000001
869 0.4360000000000001
870 0.4360000000000001
871 0.4360000000000001
872 0.4356000000000001
873 0.4356000000000001
874 0.4356000000000001
875 0.4356000000000001
876 0.43520000000000003
877 0.43520000000000003
878 0.4348
879 0.43440000000000006
880 0.43440000000000006
881 0.43440000000000006
882 0.43440000000000006
883 0.43400000000000005
884 0.43360000000000004
885 0.4328
886 0.4324
887 0.43200000000000005
888 0.43200000000000005
889 0.43160000000000004
890 0.43160000000000004
891 0.43160000000000004
892 0.43160000000000004
893 0.43080000000000007
894 0.43080000000000007
895 0.43040000000000006
896 0.43040000000000006
897 0.43000000000000005
898 0.4292000000000001
899 0.42880000000000007
900 0.42880000000000007
901 0.42880000000000007
902 0.42880000000000007
903 0.4280000000000001
904 0.4280000000000001
905 0.4280000000000001
906 0.4280000000000001
907 0.4280000000000001
908 0.42760000000000004
909 0.42760000000000004
910 0.42760000000000004
911 0.42760000000000004
912 0.42760000000000004
913 0.42760000000000004
914 0.42760000000000004
915 0.42719999999999997
916 0.42719999999999997
917 0.42719999999999997
918 0.42719999999999997
919 0.42719999999999997
920 0.4267999999999999
921 0.42639999999999995
922 0.42639999999999995
923 0.42639999999999995
924 0.42599999999999993
925 0.42599999999999993
926 0.42599999999999993
927 0.42559999999999987
928 0.42559999999999987
929 0.42559999999999987
930 0.42559999999999987
931 0.42559999999999987
932 0.42559999999999987
933 0.42559999999999987
934 0.42559999999999987
935 0.42559999999999987
936 0.4251999999999999
937 0.4251999999999999
938 0.4251999999999999
939 0.4251999999999999
940 0.4251999999999999
941 0.4247999999999999
942 0.4247999999999999
943 0.4247999999999999
944 0.4247999999999999
945 0.4247999999999999
946 0.4247999999999999
947 0.4247999999999999
948 0.4247999999999999
949 0.4247999999999999
950 0.4247999999999999
951 0.4247999999999999
952 0.4243999999999999
953 0.4243999999999999
954 0.42399999999999993
955 0.4235999999999999
956 0.4231999999999999
957 0.42279999999999995
958 0.42199999999999993
959 0.42199999999999993
960 0.42199999999999993
961 0.42199999999999993
962 0.4216
963 0.42119999999999996
964 0.42119999999999996
965 0.42119999999999996
966 0.42119999999999996
967 0.4208
968 0.4208
969 0.4204
970 0.4204
971 0.41960000000000003
972 0.4192
973 0.4192
974 0.4192
975 0.4192
976 0.4192
977 0.4192
978 0.4192
979 0.4192
980 0.4192
981 0.4192
982 0.4188
983 0.4188
984 0.4188
985 0.4188
986 0.41840000000000005
987 0.41840000000000005
988 0.41840000000000005
989 0.41840000000000005
990 0.41800000000000004
991 0.41800000000000004
992 0.4176
993 0.4176
994 0.4176
995 0.41720000000000007
996 0.41720000000000007
997 0.4168
998 0.4168
999 0.4168
1000 0.4164
1001 0.41600000000000004
1002 0.41600000000000004
1003 0.4156
1004 0.4156
1005 0.4156
1006 0.4156
1007 0.41480000000000006
1008 0.41480000000000006
1009 0.41480000000000006
1010 0.41480000000000006
1011 0.41480000000000006
1012 0.41440000000000005
1013 0.41440000000000005
1014 0.41440000000000005
1015 0.41440000000000005
1016 0.41440000000000005
1017 0.41440000000000005
1018 0.4136000000000001
1019 0.41320000000000007
1020 0.41320000000000007
1021 0.41280000000000006
1022 0.41280000000000006
1023 0.41280000000000006
1024 0.41280000000000006
1025 0.41280000000000006
1026 0.41240000000000004
1027 0.41200000000000003
1028 0.4116
1029 0.4116
1030 0.4116
1031 0.4116
1032 0.4116
1033 0.4116
1034 0.41120000000000007
1035 0.41120000000000007
1036 0.41120000000000007
1037 0.41080000000000005
1038 0.41
1039 0.4096
1040 0.4092
1041 0.4092
1042 0.4092
1043 0.40880000000000005
1044 0.40840000000000004
1045 0.40800000000000003
1046 0.4076000000000001
1047 0.40720000000000006
1048 0.40720000000000006
1049 0.4064000000000001
1050 0.406
1051 0.406
1052 0.4056
1053 0.40480000000000005
1054 0.4040000000000001
1055 0.4040000000000001
1056 0.4040000000000001
1057 0.4040000000000001
1058 0.4040000000000001
1059 0.40360000000000007
1060 0.40360000000000007
1061 0.40360000000000007
1062 0.40360000000000007
1063 0.4028000000000001
1064 0.4028000000000001
1065 0.40240000000000004
1066 0.402
1067 0.402
1068 0.402
1069 0.402
1070 0.402
1071 0.402
1072 0.40159999999999996
1073 0.40159999999999996
1074 0.4012
1075 0.4012
1076 0.4012
1077 0.4008
1078 0.4004
1079 0.4
1080 0.4
1081 0.4
1082 0.3996
1083 0.3996
1084 0.3996
1085 0.3996
1086 0.3996
1087 0.3996
1088 0.3996
1089 0.3996
1090 0.3992
1091 0.3992
1092 0.3992
1093 0.39880000000000004
1094 0.39880000000000004
1095 0.398
1096 0.39760000000000006
1097 0.39720000000000005
1098 0.39640000000000003
1099 0.396
1100 0.39520000000000005
1101 0.39520000000000005
1102 0.39480000000000004
1103 0.39480000000000004
1104 0.39480000000000004
1105 0.39480000000000004
1106 0.39480000000000004
1107 0.39480000000000004
1108 0.39440000000000003
1109 0.39440000000000003
1110 0.39440000000000003
1111 0.39440000000000003
1112 0.39440000000000003
1113 0.39440000000000003
1114 0.39440000000000003
1115 0.39440000000000003
1116 0.39440000000000003
1117 0.3940000000000001
1118 0.39360000000000006
1119 0.39360000000000006
1120 0.39320000000000005
1121 0.3928000000000001
1122 0.3928000000000001
1123 0.3928000000000001
1124 0.3928000000000001
1125 0.3928000000000001
1126 0.3928000000000001
1127 0.3928000000000001
1128 0.3928000000000001
1129 0.3928000000000001
1130 0.3928000000000001
1131 0.3928000000000001
1132 0.3928000000000001
1133 0.3928000000000001
1134 0.3928000000000001
1135 0.3928000000000001
1136 0.3928000000000001
1137 0.3928000000000001
1138 0.3928000000000001
1139 0.3928000000000001
1140 0.3924000000000001
1141 0.3924000000000001
1142 0.3924000000000001
1143 0.3920000000000001
1144 0.3916000000000001
1145 0.3916000000000001
1146 0.3916000000000001
1147 0.3912000000000001
1148 0.3912000000000001
1149 0.39080000000000015
1150 0.39080000000000015
1151 0.39080000000000015
1152 0.39080000000000015
1153 0.39080000000000015
1154 0.39080000000000015
1155 0.39040000000000014
1156 0.3900000000000001
1157 0.38960000000000017
1158 0.38960000000000017
1159 0.38920000000000016
1160 0.38920000000000016
1161 0.38920000000000016
1162 0.38920000000000016
1163 0.3884000000000002
1164 0.3884000000000002
1165 0.3884000000000002
1166 0.3880000000000002
1167 0.3880000000000002
1168 0.38760000000000017
1169 0.38760000000000017
1170 0.38760000000000017
1171 0.38760000000000017
1172 0.38760000000000017
1173 0.38760000000000017
1174 0.38760000000000017
1175 0.3868000000000002
1176 0.3868000000000002
1177 0.38640000000000024
1178 0.38640000000000024
1179 0.38640000000000024
1180 0.3860000000000002
1181 0.3860000000000002
1182 0.3860000000000002
1183 0.38560000000000016
1184 0.38560000000000016
1185 0.38560000000000016
1186 0.38520000000000015
1187 0.3848000000000002
1188 0.3848000000000002
1189 0.3848000000000002
1190 0.3848000000000002
1191 0.3848000000000002
1192 0.3848000000000002
1193 0.3848000000000002
1194 0.3848000000000002
1195 0.3844000000000002
1196 0.3840000000000002
1197 0.3840000000000002
1198 0.3840000000000002
1199 0.3840000000000002
1200 0.3840000000000002
1201 0.3840000000000002
1202 0.3840000000000002
1203 0.3840000000000002
1204 0.3836000000000002
1205 0.3832000000000002
1206 0.3832000000000002
1207 0.3832000000000002
1208 0.3832000000000002
1209 0.3832000000000002
1210 0.3832000000000002
1211 0.3832000000000002
1212 0.3832000000000002
1213 0.3832000000000002
1214 0.3832000000000002
1215 0.3832000000000002
1216 0.38280000000000025
1217 0.38280000000000025
1218 0.38280000000000025
1219 0.38280000000000025
1220 0.38280000000000025
1221 0.38280000000000025
1222 0.38280000000000025
1223 0.38240000000000024
1224 0.38200000000000023
1225 0.38200000000000023
1226 0.3816000000000003
1227 0.38120000000000026
1228 0.38080000000000025
1229 0.38080000000000025
1230 0.3804000000000002
1231 0.3800000000000002
1232 0.3800000000000002
1233 0.3800000000000002
1234 0.3800000000000002
1235 0.3800000000000002
1236 0.3800000000000002
1237 0.3800000000000002
1238 0.3800000000000002
1239 0.3800000000000002
1240 0.3800000000000002
1241 0.3800000000000002
1242 0.3800000000000002
1243 0.3800000000000002
1244 0.3800000000000002
1245 0.37960000000000016
1246 0.37920000000000015
1247 0.37920000000000015
1248 0.37920000000000015
1249 0.3788000000000002
1250 0.3788000000000002
1251 0.3788000000000002
1252 0.3788000000000002
1253 0.3788000000000002
1254 0.3788000000000002
1255 0.3788000000000002
1256 0.3788000000000002
1257 0.37800000000000017
1258 0.3776000000000001
1259 0.3776000000000001
1260 0.37720000000000015
1261 0.37720000000000015
1262 0.37720000000000015
1263 0.37720000000000015
1264 0.37680000000000013
1265 0.37680000000000013
1266 0.37680000000000013
1267 0.37680000000000013
1268 0.37680000000000013
1269 0.3764000000000001
1270 0.3764000000000001
1271 0.3764000000000001
1272 0.37600000000000017
1273 0.37560000000000016
1274 0.3752000000000002
1275 0.3752000000000002
1276 0.3752000000000002
1277 0.3748000000000002
1278 0.3744000000000002
1279 0.3744000000000002
1280 0.3744000000000002
1281 0.3744000000000002
1282 0.3744000000000002
1283 0.3744000000000002
1284 0.3744000000000002
1285 0.3744000000000002
1286 0.3740000000000002
1287 0.3740000000000002
1288 0.3740000000000002
1289 0.3740000000000002
1290 0.3736000000000002
1291 0.3732000000000002
1292 0.3732000000000002
1293 0.3732000000000002
1294 0.37280000000000024
1295 0.37280000000000024
1296 0.37280000000000024
1297 0.37240000000000023
1298 0.37200000000000016
1299 0.37200000000000016
1300 0.37200000000000016
1301 0.37200000000000016
1302 0.3716000000000001
1303 0.3716000000000001
1304 0.3716000000000001
1305 0.3716000000000001
1306 0.37120000000000014
1307 0.37120000000000014
1308 0.37120000000000014
1309 0.37120000000000014
1310 0.37120000000000014
1311 0.37080000000000013
1312 0.3704000000000001
1313 0.37000000000000016
1314 0.3688000000000002
1315 0.3688000000000002
1316 0.36840000000000017
1317 0.36800000000000016
1318 0.36800000000000016
1319 0.36800000000000016
1320 0.3676000000000002
1321 0.3676000000000002
1322 0.3676000000000002
1323 0.3676000000000002
1324 0.3676000000000002
1325 0.3676000000000002
1326 0.3676000000000002
1327 0.3676000000000002
1328 0.3672000000000002
1329 0.3672000000000002
1330 0.3672000000000002
1331 0.3672000000000002
1332 0.36680000000000024
1333 0.36680000000000024
1334 0.36680000000000024
1335 0.36680000000000024
1336 0.3664000000000002
1337 0.3664000000000002
1338 0.3664000000000002
1339 0.3664000000000002
1340 0.3660000000000003
1341 0.3660000000000003
1342 0.3660000000000003
1343 0.3660000000000003
1344 0.3660000000000003
1345 0.3660000000000003
1346 0.3660000000000003
1347 0.3660000000000003
1348 0.3660000000000003
1349 0.3660000000000003
1350 0.3660000000000003
1351 0.3656000000000003
1352 0.3656000000000003
1353 0.3656000000000003
1354 0.3656000000000003
1355 0.3656000000000003
1356 0.3656000000000003
1357 0.3656000000000003
1358 0.3656000000000003
1359 0.3656000000000003
1360 0.3656000000000003
1361 0.3656000000000003
1362 0.3656000000000003
1363 0.36520000000000025
1364 0.36520000000000025
1365 0.36520000000000025
1366 0.36520000000000025
1367 0.36520000000000025
1368 0.36520000000000025
1369 0.36520000000000025
1370 0.36440000000000017
1371 0.36440000000000017
1372 0.36440000000000017
1373 0.36440000000000017
1374 0.3636000000000002
1375 0.3636000000000002
1376 0.3636000000000002
1377 0.3636000000000002
1378 0.3636000000000002
1379 0.3632000000000002
1380 0.3624000000000002
1381 0.3624000000000002
1382 0.3624000000000002
1383 0.3624000000000002
1384 0.3624000000000002
1385 0.36200000000000027
1386 0.36200000000000027
1387 0.36120000000000024
1388 0.36120000000000024
1389 0.36120000000000024
1390 0.36120000000000024
1391 0.36120000000000024
1392 0.36120000000000024
1393 0.36120000000000024
1394 0.36120000000000024
1395 0.36120000000000024
1396 0.36120000000000024
1397 0.36120000000000024
1398 0.36120000000000024
1399 0.3608000000000002
1400 0.3604000000000002
1401 0.3604000000000002
1402 0.3604000000000002
1403 0.3604000000000002
1404 0.3604000000000002
1405 0.3604000000000002
1406 0.3604000000000002
1407 0.3604000000000002
1408 0.3600000000000002
1409 0.3600000000000002
1410 0.3600000000000002
1411 0.3600000000000002
1412 0.3600000000000002
1413 0.3600000000000002
1414 0.3600000000000002
1415 0.3600000000000002
1416 0.3600000000000002
1417 0.3600000000000002
1418 0.3596000000000002
1419 0.3596000000000002
1420 0.3596000000000002
1421 0.3596000000000002
1422 0.3596000000000002
1423 0.3596000000000002
1424 0.3596000000000002
1425 0.3596000000000002
1426 0.35920000000000024
1427 0.35920000000000024
1428 0.35880000000000023
1429 0.35880000000000023
1430 0.35880000000000023
1431 0.35880000000000023
1432 0.35880000000000023
1433 0.35880000000000023
1434 0.35880000000000023
1435 0.35880000000000023
1436 0.35880000000000023
1437 0.35880000000000023
1438 0.35880000000000023
1439 0.35880000000000023
1440 0.35880000000000023
1441 0.35880000000000023
1442 0.3584000000000003
1443 0.3584000000000003
1444 0.3584000000000003
1445 0.35800000000000026
1446 0.35800000000000026
1447 0.35800000000000026
1448 0.35800000000000026
1449 0.35800000000000026
1450 0.35760000000000025
1451 0.3572000000000003
1452 0.3568000000000003
1453 0.35640000000000027
1454 0.3560000000000002
1455 0.3560000000000002
1456 0.35560000000000025
1457 0.35520000000000024
1458 0.35520000000000024
1459 0.35520000000000024
1460 0.3548000000000002
1461 0.3548000000000002
1462 0.3548000000000002
1463 0.3548000000000002
1464 0.3548000000000002
1465 0.35440000000000027
1466 0.35440000000000027
1467 0.3536000000000002
1468 0.3536000000000002
1469 0.3536000000000002
1470 0.3536000000000002
1471 0.3536000000000002
1472 0.3536000000000002
1473 0.3536000000000002
1474 0.3536000000000002
1475 0.3536000000000002
1476 0.3536000000000002
1477 0.3536000000000002
1478 0.3536000000000002
1479 0.3536000000000002
1480 0.3536000000000002
1481 0.3536000000000002
1482 0.35320000000000024
1483 0.3528000000000002
1484 0.3528000000000002
1485 0.3528000000000002
1486 0.3528000000000002
1487 0.3528000000000002
1488 0.3528000000000002
1489 0.35200000000000015
1490 0.35200000000000015
1491 0.3516000000000002
1492 0.3516000000000002
1493 0.3512000000000002
1494 0.3512000000000002
1495 0.3512000000000002
1496 0.3512000000000002
1497 0.3512000000000002
1498 0.3512000000000002
1499 0.3512000000000002
1500 0.3512000000000002
1501 0.3512000000000002
1502 0.3512000000000002
1503 0.3512000000000002
1504 0.3512000000000002
1505 0.3508000000000002
1506 0.3504000000000002
1507 0.3504000000000002
1508 0.35000000000000014
1509 0.35000000000000014
1510 0.35000000000000014
1511 0.35000000000000014
1512 0.35000000000000014
1513 0.35000000000000014
1514 0.35000000000000014
1515 0.35000000000000014
1516 0.35000000000000014
1517 0.35000000000000014
1518 0.35000000000000014
1519 0.35000000000000014
1520 0.35000000000000014
1521 0.35000000000000014
1522 0.35000000000000014
1523 0.35000000000000014
1524 0.35000000000000014
1525 0.35000000000000014
1526 0.34960000000000013
1527 0.34960000000000013
1528 0.34960000000000013
1529 0.34960000000000013
1530 0.34960000000000013
1531 0.3492000000000002
1532 0.3492000000000002
1533 0.34880000000000017
1534 0.34880000000000017
1535 0.34880000000000017
1536 0.34880000000000017
1537 0.34880000000000017
1538 0.34880000000000017
1539 0.34880000000000017
1540 0.34880000000000017
1541 0.34840000000000015
1542 0.34840000000000015
1543 0.34840000000000015
1544 0.34840000000000015
1545 0.3480000000000002
1546 0.3480000000000002
1547 0.3472000000000002
1548 0.3468000000000002
1549 0.3468000000000002
1550 0.3468000000000002
1551 0.3468000000000002
1552 0.3468000000000002
1553 0.3468000000000002
1554 0.3468000000000002
1555 0.3464000000000002
1556 0.3464000000000002
1557 0.3464000000000002
1558 0.3464000000000002
1559 0.3464000000000002
1560 0.3464000000000002
1561 0.3464000000000002
1562 0.3464000000000002
1563 0.34600000000000025
1564 0.34600000000000025
1565 0.34600000000000025
1566 0.34600000000000025
1567 0.34600000000000025
1568 0.34600000000000025
1569 0.34560000000000024
1570 0.34560000000000024
1571 0.34560000000000024
1572 0.34520000000000023
1573 0.34520000000000023
1574 0.34520000000000023
1575 0.34520000000000023
1576 0.3448000000000003
1577 0.3448000000000003
1578 0.3448000000000003
1579 0.3448000000000003
1580 0.34440000000000026
1581 0.34440000000000026
1582 0.34440000000000026
1583 0.34440000000000026
1584 0.34400000000000025
1585 0.3436000000000003
1586 0.3436000000000003
1587 0.3436000000000003
1588 0.3436000000000003
1589 0.3436000000000003
1590 0.3436000000000003
1591 0.3436000000000003
1592 0.3436000000000003
1593 0.3436000000000003
1594 0.3436000000000003
1595 0.3436000000000003
1596 0.3436000000000003
1597 0.3432000000000003
1598 0.3432000000000003
1599 0.3428000000000002
1600 0.3428000000000002
1601 0.34240000000000026
1602 0.34240000000000026
1603 0.34240000000000026
1604 0.34240000000000026
1605 0.34240000000000026
1606 0.34240000000000026
1607 0.34240000000000026
1608 0.34240000000000026
1609 0.34200000000000025
1610 0.3412000000000003
1611 0.3412000000000003
1612 0.3412000000000003
1613 0.3412000000000003
1614 0.3412000000000003
1615 0.3412000000000003
1616 0.34080000000000027
1617 0.34080000000000027
1618 0.34080000000000027
1619 0.34080000000000027
1620 0.3404000000000002
1621 0.3404000000000002
1622 0.3400000000000002
1623 0.3400000000000002
1624 0.3400000000000002
1625 0.3400000000000002
1626 0.3400000000000002
1627 0.3400000000000002
1628 0.3400000000000002
1629 0.3392000000000002
1630 0.3392000000000002
1631 0.3392000000000002
1632 0.3392000000000002
1633 0.3392000000000002
1634 0.3392000000000002
1635 0.3392000000000002
1636 0.3392000000000002
1637 0.3388000000000002
1638 0.3388000000000002
1639 0.3384000000000002
1640 0.3384000000000002
1641 0.3384000000000002
1642 0.3384000000000002
1643 0.3384000000000002
1644 0.3380000000000002
1645 0.3380000000000002
1646 0.3380000000000002
1647 0.3380000000000002
1648 0.3380000000000002
1649 0.3376000000000001
1650 0.3376000000000001
1651 0.3376000000000001
1652 0.3372000000000001
1653 0.33680000000000015
1654 0.33680000000000015
1655 0.33680000000000015
1656 0.33680000000000015
1657 0.33680000000000015
1658 0.33680000000000015
1659 0.33680000000000015
1660 0.33680000000000015
1661 0.33680000000000015
1662 0.33680000000000015
1663 0.33680000000000015
1664 0.33680000000000015
1665 0.33680000000000015
1666 0.33680000000000015
1667 0.33680000000000015
1668 0.33680000000000015
1669 0.33680000000000015
1670 0.33680000000000015
1671 0.33680000000000015
1672 0.33680000000000015
1673 0.33680000000000015
1674 0.33680000000000015
1675 0.33680000000000015
1676 0.33640000000000014
1677 0.33600000000000013
1678 0.33600000000000013
1679 0.33600000000000013
1680 0.33600000000000013
1681 0.33600000000000013
1682 0.3352000000000001
1683 0.3352000000000001
1684 0.3352000000000001
1685 0.3352000000000001
1686 0.3352000000000001
1687 0.3352000000000001
1688 0.3352000000000001
1689 0.3352000000000001
1690 0.3352000000000001
1691 0.3348000000000001
1692 0.3348000000000001
1693 0.3348000000000001
1694 0.33440000000000014
1695 0.33440000000000014
1696 0.33400000000000013
1697 0.33400000000000013
1698 0.33400000000000013
1699 0.33400000000000013
1700 0.33400000000000013
1701 0.3336000000000001
1702 0.3336000000000001
1703 0.33320000000000016
1704 0.3328000000000001
1705 0.3328000000000001
1706 0.3328000000000001
1707 0.3328000000000001
1708 0.3324000000000001
1709 0.3320000000000001
1710 0.3320000000000001
1711 0.3320000000000001
1712 0.3320000000000001
1713 0.3320000000000001
1714 0.3320000000000001
1715 0.3320000000000001
1716 0.3320000000000001
1717 0.3320000000000001
1718 0.3320000000000001
1719 0.3320000000000001
1720 0.3316000000000001
1721 0.3316000000000001
1722 0.3316000000000001
1723 0.3316000000000001
1724 0.3316000000000001
1725 0.3316000000000001
1726 0.3316000000000001
1727 0.3316000000000001
1728 0.3312000000000001
1729 0.3312000000000001
1730 0.3312000000000001
1731 0.3312000000000001
1732 0.3312000000000001
1733 0.3312000000000001
1734 0.3312000000000001
1735 0.3312000000000001
1736 0.3312000000000001
1737 0.3312000000000001
1738 0.3312000000000001
1739 0.3312000000000001
1740 0.3312000000000001
1741 0.3312000000000001
1742 0.33080000000000015
1743 0.33080000000000015
1744 0.33080000000000015
1745 0.33080000000000015
1746 0.33039999999999997
1747 0.33039999999999997
1748 0.33039999999999997
1749 0.33039999999999997
1750 0.33
1751 0.33
1752 0.33
1753 0.33
1754 0.33
1755 0.33
1756 0.33
1757 0.3296
1758 0.3296
1759 0.3296
1760 0.3292
1761 0.3292
1762 0.3292
1763 0.3292
1764 0.3292
1765 0.3292
1766 0.3292
1767 0.3292
1768 0.3292
1769 0.3292
1770 0.32880000000000004
1771 0.32880000000000004
1772 0.32880000000000004
1773 0.32880000000000004
1774 0.3284
1775 0.3284
1776 0.3284
1777 0.3284
1778 0.3284
1779 0.32800000000000007
1780 0.32760000000000006
1781 0.32760000000000006
1782 0.32760000000000006
1783 0.3272
1784 0.3272
1785 0.3272
1786 0.3272
1787 0.3272
1788 0.3272
1789 0.3272
1790 0.3272
1791 0.3272
1792 0.3272
1793 0.3272
1794 0.3268
1795 0.3268
1796 0.3268
1797 0.3268
1798 0.3268
1799 0.3268
1800 0.3268
1801 0.3268
1802 0.3268
1803 0.3268
1804 0.3268
1805 0.3264
1806 0.3264
1807 0.3264
1808 0.3264
1809 0.3264
1810 0.3264
1811 0.3264
1812 0.3264
1813 0.326
1814 0.32519999999999993
1815 0.32519999999999993
1816 0.32519999999999993
1817 0.32519999999999993
1818 0.3248
1819 0.3248
1820 0.3248
1821 0.3248
1822 0.3248
1823 0.32439999999999997
1824 0.32439999999999997
1825 0.324
1826 0.324
1827 0.324
1828 0.324
1829 0.324
1830 0.324
1831 0.324
1832 0.324
1833 0.324
1834 0.324
1835 0.324
1836 0.324
1837 0.324
1838 0.324
1839 0.324
1840 0.324
1841 0.324
1842 0.324
1843 0.324
1844 0.3236
1845 0.3236
1846 0.3236
1847 0.3236
1848 0.3236
1849 0.3232
1850 0.32280000000000003
1851 0.32280000000000003
1852 0.32280000000000003
1853 0.32280000000000003
1854 0.32280000000000003
1855 0.32280000000000003
1856 0.32280000000000003
1857 0.32280000000000003
1858 0.3224
1859 0.3224
1860 0.3224
1861 0.322
1862 0.322
1863 0.322
1864 0.322
1865 0.322
1866 0.322
1867 0.322
1868 0.322
1869 0.322
1870 0.322
1871 0.322
1872 0.322
1873 0.322
1874 0.322
1875 0.322
1876 0.322
1877 0.322
1878 0.322
1879 0.322
1880 0.322
1881 0.32160000000000005
1882 0.32160000000000005
1883 0.32160000000000005
1884 0.32160000000000005
1885 0.32160000000000005
1886 0.32160000000000005
1887 0.32120000000000004
1888 0.32120000000000004
1889 0.32120000000000004
1890 0.32120000000000004
1891 0.32120000000000004
1892 0.32120000000000004
1893 0.32120000000000004
1894 0.32120000000000004
1895 0.32120000000000004
1896 0.32120000000000004
1897 0.3208
1898 0.3208
1899 0.3208
1900 0.3208
1901 0.3208
1902 0.3204
1903 0.3204
1904 0.3204
1905 0.3204
1906 0.3204
1907 0.31999999999999995
1908 0.31999999999999995
1909 0.31999999999999995
1910 0.31999999999999995
1911 0.31959999999999994
1912 0.31959999999999994
1913 0.31959999999999994
1914 0.31959999999999994
1915 0.31959999999999994
1916 0.31919999999999993
1917 0.31919999999999993
1918 0.31919999999999993
1919 0.31919999999999993
1920 0.31919999999999993
1921 0.31919999999999993
1922 0.31919999999999993
1923 0.3188
1924 0.3188
1925 0.3188
1926 0.3188
1927 0.3188
1928 0.3188
1929 0.3188
1930 0.31839999999999996
1931 0.31839999999999996
1932 0.31839999999999996
1933 0.31839999999999996
1934 0.31839999999999996
1935 0.31839999999999996
1936 0.31839999999999996
1937 0.31839999999999996
1938 0.31799999999999995
1939 0.31799999999999995
1940 0.31799999999999995
1941 0.31799999999999995
1942 0.3176
1943 0.3176
1944 0.3171999999999999
1945 0.3171999999999999
1946 0.3171999999999999
1947 0.3171999999999999
1948 0.3171999999999999
1949 0.3167999999999999
1950 0.3167999999999999
1951 0.3167999999999999
1952 0.3167999999999999
1953 0.3167999999999999
1954 0.3167999999999999
1955 0.3167999999999999
1956 0.31639999999999996
1957 0.31639999999999996
1958 0.31639999999999996
1959 0.31639999999999996
1960 0.31639999999999996
1961 0.31639999999999996
1962 0.31639999999999996
1963 0.31599999999999995
1964 0.31599999999999995
1965 0.31599999999999995
1966 0.31599999999999995
1967 0.31599999999999995
1968 0.31599999999999995
1969 0.31559999999999994
1970 0.31559999999999994
1971 0.31559999999999994
1972 0.31559999999999994
1973 0.31559999999999994
1974 0.31559999999999994
1975 0.31559999999999994
1976 0.31559999999999994
1977 0.3152
1978 0.3152
1979 0.3152
1980 0.3152
1981 0.3152
1982 0.3152
1983 0.3152
1984 0.3152
1985 0.3152
1986 0.3152
1987 0.3152
1988 0.3152
1989 0.3152
1990 0.3152
1991 0.3152
1992 0.3152
1993 0.3152
1994 0.3152
1995 0.3152
1996 0.3152
1997 0.3152
1998 0.3152
1999 0.3152
