1 1.0
2 1.0
3 1.0
4 1.0
5 1.0
6 1.0
7 1.0
8 0.9996
9 0.9992
10 0.9992
11 0.9987999999999999
12 0.9984000000000001
13 0.9984000000000001
14 0.9984000000000001
15 0.998
16 0.9964
17 0.9964
18 0.996
19 0.9955999999999999
20 0.9947999999999998
21 0.9939999999999999
22 0.9923999999999998
23 0.9923999999999998
24 0.9923999999999998
25 0.9903999999999997
26 0.9895999999999997
27 0.9895999999999997
28 0.9891999999999997
29 0.9875999999999998
30 0.9875999999999998
31 0.9871999999999999
32 0.9871999999999999
33 0.9863999999999997
34 0.9855999999999999
35 0.9843999999999998
36 0.9839999999999998
37 0.9831999999999997
38 0.9827999999999999
39 0.9823999999999998
40 0.9819999999999998
41 0.9815999999999997
42 0.9807999999999999
43 0.9803999999999998
44 0.9795999999999998
45 0.9783999999999997
46 0.9771999999999997
47 0.9767999999999997
48 0.9759999999999998
49 0.9739999999999996
50 0.9727999999999998
51 0.9712
52 0.9703999999999998
53 0.9695999999999997
54 0.9691999999999997
55 0.9671999999999997
56 0.9667999999999997
57 0.9659999999999996
58 0.9639999999999996
59 0.9635999999999997
60 0.9619999999999997
61 0.9607999999999999
62 0.9599999999999997
63 0.9595999999999998
64 0.9587999999999998
65 0.9559999999999998
66 0.9531999999999998
67 0.9523999999999999
68 0.9515999999999998
69 0.95
70 0.9484
71 0.9468000000000001
72 0.9456
73 0.9444
74 0.9432
75 0.9408
76 0.9392
77 0.9368000000000001
78 0.9351999999999999
79 0.9347999999999999
80 0.9331999999999999
81 0.9311999999999999
82 0.9299999999999998
83 0.9287999999999998
84 0.9279999999999997
85 0.9275999999999998
86 0.9259999999999998
87 0.9243999999999997
88 0.9231999999999997
89 0.9219999999999996
90 0.9203999999999997
91 0.9191999999999997
92 0.9171999999999996
93 0.9155999999999997
94 0.9139999999999998
95 0.9127999999999998
96 0.9103999999999999
97 0.9079999999999999
98 0.9079999999999999
99 0.9067999999999998
100 0.9036
101 0.9028
102 0.9024
103 0.8988
104 0.8976000000000001
105 0.8960000000000001
106 0.8936000000000002
107 0.8928
108 0.8916000000000001
109 0.8904
110 0.8896
111 0.8896
112 0.8887999999999999
113 0.8859999999999999
114 0.8851999999999998
115 0.8839999999999999
116 0.8815999999999998
117 0.8811999999999999
118 0.8784000000000001
119 0.8784000000000001
120 0.878
121 0.8772
122 0.8767999999999999
123 0.8752000000000001
124 0.8740000000000001
125 0.8740000000000001
126 0.872
127 0.8684000000000001
128 0.8676
129 0.8664000000000001
130 0.8664000000000001
131 0.8651999999999999
132 0.8639999999999998
133 0.8615999999999997
134 0.8599999999999999
135 0.8579999999999999
136 0.856
137 0.8548
138 0.8536
139 0.8532000000000001
140 0.8520000000000002
141 0.8504
142 0.8500000000000001
143 0.8488000000000001
144 0.8480000000000001
145 0.8456
146 0.8440000000000002
147 0.8396000000000002
148 0.8380000000000001
149 0.8372000000000003
150 0.8360000000000002
151 0.8360000000000002
152 0.8336
153 0.8320000000000001
154 0.8303999999999999
155 0.83
156 0.8284
157 0.826
158 0.8248000000000001
159 0.8224000000000001
160 0.8208000000000001
161 0.8196000000000001
162 0.818
163 0.8172
164 0.8168
165 0.8144
166 0.812
167 0.8104
168 0.8088000000000001
169 0.8080000000000002
170 0.8056000000000002
171 0.8052000000000001
172 0.8032
173 0.8012
174 0.8004000000000001
175 0.7996000000000001
176 0.7992000000000001
177 0.7976000000000001
178 0.7968000000000001
179 0.7948000000000001
180 0.7948000000000001
181 0.7936000000000001
182 0.7924000000000002
183 0.7916000000000003
184 0.7912000000000003
185 0.7908000000000003
186 0.7888000000000004
187 0.7876000000000005
188 0.7868000000000004
189 0.7864000000000003
190 0.7844000000000002
191 0.7844000000000002
192 0.7844000000000002
193 0.7836000000000003
194 0.7832000000000003
195 0.7832000000000003
196 0.7816000000000004
197 0.7792000000000003
198 0.7784000000000003
199 0.7780000000000004
200 0.7764000000000003
201 0.7752000000000003
202 0.7744000000000004
203 0.7728000000000003
204 0.7728000000000003
205 0.7704000000000002
206 0.7700000000000002
207 0.7696000000000002
208 0.7692000000000001
209 0.7692000000000001
210 0.7692000000000001
211 0.7680000000000001
212 0.7680000000000001
213 0.7668
214 0.7660000000000001
215 0.7652000000000001
216 0.7628000000000001
217 0.7620000000000001
218 0.7612000000000002
219 0.7600000000000001
220 0.7588000000000001
221 0.7580000000000001
222 0.7572000000000001
223 0.7568
224 0.7560000000000001
225 0.7548
226 0.754
227 0.754
228 0.7536
229 0.7528
230 0.7512000000000001
231 0.7496
232 0.7488000000000001
233 0.7488000000000001
234 0.7476
235 0.7468
236 0.7460000000000001
237 0.7448000000000001
238 0.7448000000000001
239 0.7444000000000003
240 0.7440000000000002
241 0.7436000000000003
242 0.7432000000000002
243 0.7420000000000003
244 0.7416000000000003
245 0.7404000000000004
246 0.7396000000000004
247 0.7392000000000003
248 0.7388000000000002
249 0.7384000000000003
250 0.7380000000000002
251 0.7376000000000001
252 0.7368000000000002
253 0.7364000000000002
254 0.7356000000000001
255 0.7340000000000002
256 0.7336000000000001
257 0.7324
258 0.7324
259 0.7315999999999999
260 0.7311999999999999
261 0.7307999999999999
262 0.7295999999999999
263 0.7295999999999999
264 0.7288
265 0.7288
266 0.7275999999999999
267 0.7272
268 0.7251999999999998
269 0.7239999999999998
270 0.7227999999999999
271 0.7223999999999998
272 0.7215999999999998
273 0.7203999999999999
274 0.7191999999999998
275 0.7183999999999999
276 0.7175999999999999
277 0.7163999999999998
278 0.716
279 0.716
280 0.7152
281 0.7152
282 0.7128
283 0.7128
284 0.7124000000000001
285 0.7116000000000001
286 0.7103999999999999
287 0.7092
288 0.7068000000000001
289 0.7048000000000001
290 0.7044000000000001
291 0.7031999999999999
292 0.7031999999999999
293 0.7020000000000001
294 0.7016
295 0.7004
296 0.6992
297 0.6988
298 0.6988
299 0.6975999999999999
300 0.6972
301 0.6968
302 0.6959999999999998
303 0.6951999999999998
304 0.6947999999999999
305 0.6943999999999998
306 0.6931999999999998
307 0.6916
308 0.6908
309 0.6891999999999999
310 0.6875999999999999
311 0.6875999999999999
312 0.6867999999999997
313 0.6855999999999999
314 0.6851999999999998
315 0.6847999999999999
316 0.6843999999999998
317 0.6843999999999998
318 0.6835999999999999
319 0.6807999999999998
320 0.6796
321 0.6791999999999999
322 0.6787999999999998
323 0.6779999999999998
324 0.6764
325 0.6756
326 0.6748000000000001
327 0.6744
328 0.6736000000000001
329 0.6724000000000001
330 0.6708000000000002
331 0.6700000000000002
332 0.6688000000000001
333 0.6680000000000001
334 0.6680000000000001
335 0.6668000000000001
336 0.6652000000000001
337 0.6648000000000002
338 0.6644000000000001
339 0.6640000000000001
340 0.6624000000000001
341 0.6624000000000001
342 0.6604000000000001
343 0.66
344 0.6592
345 0.6580000000000001
346 0.6576000000000001
347 0.6568
348 0.6568
349 0.6552000000000001
350 0.6548
351 0.6544000000000001
352 0.654
353 0.6536000000000002
354 0.6536000000000002
355 0.6528
356 0.652
357 0.652
358 0.6512
359 0.6503999999999999
360 0.6503999999999999
361 0.6487999999999999
362 0.6471999999999999
363 0.6467999999999999
364 0.6459999999999999
365 0.6459999999999999
366 0.6455999999999998
367 0.6443999999999999
368 0.6439999999999998
369 0.6439999999999998
370 0.6427999999999997
371 0.6427999999999997
372 0.6419999999999998
373 0.6415999999999998
374 0.6407999999999998
375 0.6399999999999999
376 0.6387999999999999
377 0.6375999999999998
378 0.6371999999999999
379 0.6371999999999999
380 0.6371999999999999
381 0.6363999999999999
382 0.6355999999999998
383 0.6351999999999999
384 0.6343999999999999
385 0.6331999999999999
386 0.6323999999999999
387 0.6311999999999999
388 0.6304
389 0.6295999999999999
390 0.6284
391 0.6275999999999999
392 0.6259999999999999
393 0.6252
394 0.6244
395 0.6232
396 0.622
397 0.6212
398 0.6208
399 0.6204
400 0.62
401 0.6184000000000001
402 0.6172
403 0.6164000000000001
404 0.616
405 0.6155999999999999
406 0.6155999999999999
407 0.6148
408 0.614
409 0.6132
410 0.612
411 0.6112000000000001
412 0.6095999999999999
413 0.6095999999999999
414 0.608
415 0.6072
416 0.606
417 0.6055999999999999
418 0.6048
419 0.6043999999999999
420 0.604
421 0.6032
422 0.6028
423 0.602
424 0.6016
425 0.6008
426 0.6
427 0.5988
428 0.5984
429 0.5980000000000001
430 0.5976
431 0.5964
432 0.5964
433 0.5948000000000001
434 0.5944000000000002
435 0.5944000000000002
436 0.5936
437 0.5928000000000001
438 0.5928000000000001
439 0.5916
440 0.5912000000000001
441 0.5912000000000001
442 0.5912000000000001
443 0.5912000000000001
444 0.5904
445 0.5900000000000001
446 0.5896000000000001
447 0.5892000000000001
448 0.5892000000000001
449 0.5884000000000001
450 0.5880000000000001
451 0.5880000000000001
452 0.5872000000000002
453 0.5856000000000001
454 0.5856000000000001
455 0.5852000000000002
456 0.5844000000000001
457 0.5840000000000002
458 0.5836000000000002
459 0.5820000000000001
460 0.5820000000000001
461 0.5816000000000001
462 0.5812000000000002
463 0.5800000000000001
464 0.5796000000000001
465 0.5788000000000001
466 0.5784000000000001
467 0.5780000000000001
468 0.5768000000000001
469 0.5764000000000001
470 0.5760000000000002
471 0.5760000000000002
472 0.5744000000000002
473 0.5732000000000002
474 0.5724000000000001
475 0.5716000000000001
476 0.5704000000000001
477 0.5696000000000001
478 0.5696000000000001
479 0.5680000000000001
480 0.5672000000000001
481 0.5672000000000001
482 0.5668000000000001
483 0.5664000000000001
484 0.5660000000000001
485 0.5652000000000001
486 0.5644000000000001
487 0.5644000000000001
488 0.5632
489 0.5628
490 0.5624
491 0.562
492 0.5616
493 0.5616
494 0.5616
495 0.5612
496 0.5612
497 0.56
498 0.5592000000000001
499 0.5588000000000001
500 0.5588000000000001
501 0.5576
502 0.5576
503 0.5572
504 0.5559999999999999
505 0.5559999999999999
506 0.5544
507 0.5539999999999999
508 0.5536
509 0.5528
510 0.5528
511 0.5524
512 0.5524
513 0.5516000000000001
514 0.5512
515 0.5512
516 0.5512
517 0.5512
518 0.5512
519 0.5504000000000001
520 0.5496000000000001
521 0.5488000000000001
522 0.5484000000000001
523 0.5468000000000001
524 0.5464000000000001
525 0.546
526 0.5456
527 0.5448
528 0.544
529 0.544
530 0.544
531 0.5436
532 0.5431999999999999
533 0.5428
534 0.5424
535 0.5419999999999999
536 0.5416
537 0.5416
538 0.5412
539 0.5412
540 0.5412
541 0.5408
542 0.5399999999999999
543 0.5396
544 0.5388
545 0.5384
546 0.5384
547 0.5376
548 0.5372
549 0.536
550 0.536
551 0.5352
552 0.5352
553 0.5352
554 0.5347999999999999
555 0.5339999999999999
556 0.5339999999999999
557 0.5331999999999999
558 0.5331999999999999
559 0.5327999999999999
560 0.5327999999999999
561 0.5315999999999999
562 0.5315999999999999
563 0.5307999999999999
564 0.5299999999999999
565 0.5296
566 0.5287999999999999
567 0.528
568 0.528
569 0.528
570 0.5272
571 0.5272
572 0.5264
573 0.5264
574 0.5259999999999999
575 0.5256
576 0.5256
577 0.5252
578 0.5244
579 0.5236
580 0.5224
581 0.5224
582 0.5212
583 0.5204
584 0.52
585 0.5192
586 0.5192
587 0.5188
588 0.5188
589 0.5188
590 0.5188
591 0.5188
592 0.5188
593 0.5188
594 0.5188
595 0.5188
596 0.5184000000000001
597 0.5176000000000001
598 0.5176000000000001
599 0.5176000000000001
600 0.5172000000000001
601 0.5172000000000001
602 0.5168
603 0.516
604 0.516
605 0.5156000000000001
606 0.5156000000000001
607 0.5156000000000001
608 0.5152
609 0.5152
610 0.5152
611 0.5152
612 0.5152
613 0.5152
614 0.5152
615 0.5152
616 0.5152
617 0.5152
618 0.5152
619 0.5148
620 0.5148
621 0.5136000000000001
622 0.5136000000000001
623 0.5132000000000001
624 0.5128
625 0.5124
626 0.512
627 0.5112000000000001
628 0.5112000000000001
629 0.5104000000000001
630 0.5100000000000001
631 0.5096
632 0.5096
633 0.5096
634 0.5096
635 0.5096
636 0.5092000000000001
637 0.5092000000000001
638 0.5092000000000001
639 0.5092000000000001
640 0.5092000000000001
641 0.5092000000000001
642 0.5092000000000001
643 0.5088000000000001
644 0.5088000000000001
645 0.5088000000000001
646 0.5088000000000001
647 0.5088000000000001
648 0.5084000000000001
649 0.5068
650 0.5068
651 0.5068
652 0.5064000000000001
653 0.5064000000000001
654 0.5060000000000001
655 0.5060000000000001
656 0.5056
657 0.5056
658 0.5052
659 0.5052
660 0.5048
661 0.504
662 0.504
663 0.5036
664 0.5032
665 0.5024
666 0.5015999999999999
667 0.5011999999999999
668 0.5004
669 0.4991999999999999
670 0.49879999999999997
671 0.49839999999999995
672 0.49839999999999995
673 0.4976
674 0.4968
675 0.49599999999999994
676 0.49599999999999994
677 0.49559999999999993
678 0.49479999999999996
679 0.49479999999999996
680 0.49439999999999995
681 0.49439999999999995
682 0.49439999999999995
683 0.49439999999999995
684 0.49439999999999995
685 0.49399999999999994
686 0.49399999999999994
687 0.4935999999999999
688 0.4935999999999999
689 0.49279999999999996
690 0.49239999999999995
691 0.49199999999999994
692 0.4916
693 0.4916
694 0.49119999999999997
695 0.49119999999999997
696 0.49119999999999997
697 0.49119999999999997
698 0.4904
699 0.49
700 0.49
701 0.4892
702 0.4892
703 0.48879999999999996
704 0.48879999999999996
705 0.48879999999999996
706 0.48879999999999996
707 0.48879999999999996
708 0.4876
709 0.4876
710 0.48719999999999997
711 0.4864
712 0.4864
713 0.4864
714 0.4864
715 0.4864
716 0.486
717 0.486
718 0.4852
719 0.48400000000000004
720 0.48400000000000004
721 0.48400000000000004
722 0.4836000000000001
723 0.4836000000000001
724 0.4836000000000001
725 0.4832
726 0.4832
727 0.4832
728 0.4824
729 0.4824
730 0.4824
731 0.48120000000000007
732 0.48120000000000007
733 0.48040000000000005
734 0.48040000000000005
735 0.48040000000000005
736 0.4800000000000001
737 0.4800000000000001
738 0.4800000000000001
739 0.4800000000000001
740 0.4796000000000001
741 0.4796000000000001
742 0.4796000000000001
743 0.4796000000000001
744 0.47920000000000007
745 0.4784000000000001
746 0.4780000000000001
747 0.4780000000000001
748 0.47760000000000014
749 0.47760000000000014
750 0.47720000000000007
751 0.47720000000000007
752 0.4764000000000001
753 0.4760000000000001
754 0.4748000000000001
755 0.4748000000000001
756 0.4744000000000001
757 0.4736000000000001
758 0.4736000000000001
759 0.4736000000000001
760 0.4736000000000001
761 0.4736000000000001
762 0.47320000000000007
763 0.47320000000000007
764 0.4728000000000001
765 0.4728000000000001
766 0.4728000000000001
767 0.47240000000000004
768 0.47200000000000003
769 0.4716
770 0.47120000000000006
771 0.4708
772 0.4708
773 0.4704
774 0.4704
775 0.47
776 0.47
777 0.47
778 0.47
779 0.4696
780 0.4696
781 0.4692
782 0.4692
783 0.4692
784 0.46880000000000005
785 0.46840000000000004
786 0.46840000000000004
787 0.46840000000000004
788 0.46760000000000007
789 0.46680000000000005
790 0.46680000000000005
791 0.466
792 0.46559999999999996
793 0.46559999999999996
794 0.46559999999999996
795 0.46519999999999995
796 0.46480000000000005
797 0.46480000000000005
798 0.46440000000000003
799 0.46440000000000003
800 0.4640000000000001
801 0.4636
802 0.4636
803 0.4636
804 0.4636
805 0.4632
806 0.4632
807 0.4628
808 0.4628
809 0.4628
810 0.4628
811 0.46240000000000003
812 0.46240000000000003
813 0.462
814 0.462
815 0.4616
816 0.4616
817 0.4616
818 0.4616
819 0.4616
820 0.4616
821 0.4612
822 0.4612
823 0.4612
824 0.4612
825 0.4608
826 0.4608
827 0.4604
828 0.4604
829 0.46
830 0.46
831 0.46
832 0.46
833 0.46
834 0.46
835 0.4596
836 0.4596
837 0.45880000000000004
838 0.45880000000000004
839 0.45880000000000004
840 0.45880000000000004
841 0.45880000000000004
842 0.45880000000000004
843 0.4584
844 0.4584
845 0.4584
846 0.4584
847 0.45799999999999996
848 0.45799999999999996
849 0.45799999999999996
850 0.4576
851 0.4576
852 0.4576
853 0.4576
854 0.4576
855 0.4576
856 0.4572
857 0.4568
858 0.4568
859 0.4568
860 0.45640000000000003
861 0.45640000000000003
862 0.456
863 0.4556
864 0.4556
865 0.4556
866 0.45520000000000005
867 0.45480000000000004
868 0.45480000000000004
869 0.45480000000000004
870 0.4544
871 0.4544
872 0.45360000000000006
873 0.45320000000000005
874 0.45320000000000005
875 0.4528000000000001
876 0.4528000000000001
877 0.4524000000000001
878 0.45160000000000006
879 0.45120000000000005
880 0.45120000000000005
881 0.45120000000000005
882 0.45080000000000003
883 0.45000000000000007
884 0.45000000000000007
885 0.44960000000000006
886 0.4492000000000001
887 0.4492000000000001
888 0.4488000000000001
889 0.44840000000000013
890 0.44840000000000013
891 0.44840000000000013
892 0.4480000000000001
893 0.4480000000000001
894 0.4480000000000001
895 0.4480000000000001
896 0.4480000000000001
897 0.4476000000000001
898 0.4476000000000001
899 0.4476000000000001
900 0.4476000000000001
901 0.44720000000000015
902 0.44720000000000015
903 0.44720000000000015
904 0.44720000000000015
905 0.44720000000000015
906 0.44720000000000015
907 0.4464
908 0.4464
909 0.44520000000000004
910 0.44480000000000003
911 0.44480000000000003
912 0.4444000000000001
913 0.44400000000000006
914 0.44360000000000005
915 0.4432000000000001
916 0.4432000000000001
917 0.4432000000000001
918 0.4432000000000001
919 0.4428000000000001
920 0.4428000000000001
921 0.4428000000000001
922 0.44240000000000007
923 0.4420000000000001
924 0.4420000000000001
925 0.44160000000000005
926 0.44160000000000005
927 0.44160000000000005
928 0.44160000000000005
929 0.44120000000000004
930 0.44040000000000007
931 0.44000000000000006
932 0.4392000000000001
933 0.4392000000000001
934 0.4392000000000001
935 0.4392000000000001
936 0.4392000000000001
937 0.4388000000000001
938 0.4384
939 0.4384
940 0.43760000000000004
941 0.43760000000000004
942 0.43760000000000004
943 0.43760000000000004
944 0.43760000000000004
945 0.43720000000000003
946 0.43640000000000007
947 0.43640000000000007
948 0.4360000000000001
949 0.4356000000000001
950 0.4356000000000001
951 0.4352000000000001
952 0.4352000000000001
953 0.43480000000000013
954 0.43480000000000013
955 0.43480000000000013
956 0.43480000000000013
957 0.43480000000000013
958 0.43480000000000013
959 0.43480000000000013
960 0.43440000000000006
961 0.43360000000000004
962 0.43360000000000004
963 0.43320000000000003
964 0.43279999999999996
965 0.43199999999999994
966 0.4316
967 0.4316
968 0.4316
969 0.4316
970 0.4316
971 0.4316
972 0.4316
973 0.4316
974 0.4316
975 0.4316
976 0.43119999999999997
977 0.43119999999999997
978 0.43119999999999997
979 0.43079999999999996
980 0.4304
981 0.4304
982 0.4304
983 0.4304
984 0.4304
985 0.4295999999999999
986 0.42919999999999997
987 0.42839999999999995
988 0.428
989 0.428
990 0.4276
991 0.4276
992 0.4276
993 0.42719999999999997
994 0.42639999999999995
995 0.42639999999999995
996 0.42639999999999995
997 0.4256
998 0.4256
999 0.42519999999999997
1000 0.42479999999999996
1001 0.4244
1002 0.4244
1003 0.424
1004 0.4236
1005 0.4236
1006 0.4236
1007 0.4236
1008 0.4236
1009 0.4236
1010 0.4236
1011 0.4232
1012 0.4224
1013 0.4224
1014 0.42200000000000004
1015 0.42200000000000004
1016 0.42200000000000004
1017 0.42200000000000004
1018 0.42200000000000004
1019 0.42200000000000004
1020 0.42200000000000004
1021 0.42200000000000004
1022 0.42200000000000004
1023 0.42200000000000004
1024 0.42200000000000004
1025 0.42160000000000003
1026 0.42160000000000003
1027 0.42160000000000003
1028 0.4212
1029 0.4212
1030 0.4212
1031 0.4208
1032 0.4208
1033 0.4208
1034 0.41999999999999993
1035 0.41999999999999993
1036 0.41999999999999993
1037 0.4195999999999999
1038 0.4195999999999999
1039 0.4195999999999999
1040 0.41919999999999985
1041 0.41919999999999985
1042 0.41919999999999985
1043 0.41919999999999985
1044 0.4187999999999999
1045 0.4187999999999999
1046 0.4187999999999999
1047 0.4183999999999999
1048 0.4179999999999999
1049 0.4179999999999999
1050 0.4179999999999999
1051 0.4179999999999999
1052 0.4179999999999999
1053 0.4179999999999999
1054 0.4179999999999999
1055 0.4179999999999999
1056 0.4179999999999999
1057 0.41719999999999985
1058 0.41719999999999985
1059 0.41679999999999984
1060 0.41679999999999984
1061 0.41679999999999984
1062 0.4163999999999999
1063 0.4163999999999999
1064 0.4163999999999999
1065 0.4163999999999999
1066 0.4163999999999999
1067 0.4163999999999999
1068 0.41599999999999987
1069 0.41599999999999987
1070 0.41599999999999987
1071 0.41599999999999987
1072 0.41599999999999987
1073 0.4151999999999999
1074 0.4151999999999999
1075 0.4151999999999999
1076 0.4147999999999999
1077 0.4147999999999999
1078 0.4147999999999999
1079 0.4147999999999999
1080 0.4143999999999999
1081 0.4143999999999999
1082 0.4143999999999999
1083 0.4143999999999999
1084 0.4139999999999999
1085 0.4139999999999999
1086 0.4139999999999999
1087 0.41319999999999996
1088 0.41319999999999996
1089 0.41279999999999994
1090 0.41279999999999994
1091 0.41239999999999993
1092 0.412
1093 0.4115999999999999
1094 0.4115999999999999
1095 0.4115999999999999
1096 0.4115999999999999
1097 0.4115999999999999
1098 0.4115999999999999
1099 0.4115999999999999
1100 0.4115999999999999
1101 0.4115999999999999
1102 0.4107999999999999
1103 0.41039999999999993
1104 0.41039999999999993
1105 0.4099999999999999
1106 0.4099999999999999
1107 0.40959999999999996
1108 0.40919999999999995
1109 0.40879999999999994
1110 0.40879999999999994
1111 0.40879999999999994
1112 0.40879999999999994
1113 0.40879999999999994
1114 0.40879999999999994
1115 0.4084
1116 0.4084
1117 0.4084
1118 0.4084
1119 0.4084
1120 0.408
1121 0.40759999999999996
1122 0.4072
1123 0.4072
1124 0.4072
1125 0.4072
1126 0.4072
1127 0.4068
1128 0.4068
1129 0.4068
1130 0.4064
1131 0.4064
1132 0.4064
1133 0.4052
1134 0.4052
1135 0.4048
1136 0.4048
1137 0.4048
1138 0.4048
1139 0.4048
1140 0.4048
1141 0.4048
1142 0.4048
1143 0.4044
1144 0.4036
1145 0.4036
1146 0.4036
1147 0.4036
1148 0.4036
1149 0.40319999999999995
1150 0.40319999999999995
1151 0.4023999999999999
1152 0.40199999999999997
1153 0.40199999999999997
1154 0.40199999999999997
1155 0.40159999999999996
1156 0.40159999999999996
1157 0.40159999999999996
1158 0.40159999999999996
1159 0.40159999999999996
1160 0.40079999999999993
1161 0.40079999999999993
1162 0.4003999999999999
1163 0.4003999999999999
1164 0.4003999999999999
1165 0.4003999999999999
1166 0.4003999999999999
1167 0.4003999999999999
1168 0.4003999999999999
1169 0.4003999999999999
1170 0.4003999999999999
1171 0.4003999999999999
1172 0.4003999999999999
1173 0.4003999999999999
1174 0.4003999999999999
1175 0.4003999999999999
1176 0.39959999999999996
1177 0.39959999999999996
1178 0.39959999999999996
1179 0.39959999999999996
1180 0.39959999999999996
1181 0.39959999999999996
1182 0.39919999999999994
1183 0.39919999999999994
1184 0.39919999999999994
1185 0.39919999999999994
1186 0.39919999999999994
1187 0.39919999999999994
1188 0.39879999999999993
1189 0.3984
1190 0.39799999999999996
1191 0.39759999999999995
1192 0.39759999999999995
1193 0.39759999999999995
1194 0.39759999999999995
1195 0.39759999999999995
1196 0.39759999999999995
1197 0.39759999999999995
1198 0.39759999999999995
1199 0.39759999999999995
1200 0.39759999999999995
1201 0.39759999999999995
1202 0.39759999999999995
1203 0.39759999999999995
1204 0.39759999999999995
1205 0.39759999999999995
1206 0.3972
1207 0.3972
1208 0.3972
1209 0.39640000000000003
1210 0.39640000000000003
1211 0.39640000000000003
1212 0.396
1213 0.3956
1214 0.3956
1215 0.3956
1216 0.3956
1217 0.3956
1218 0.39520000000000005
1219 0.39520000000000005
1220 0.39520000000000005
1221 0.39480000000000004
1222 0.39440000000000003
1223 0.39440000000000003
1224 0.39440000000000003
1225 0.3940000000000001
1226 0.3940000000000001
1227 0.39360000000000006
1228 0.39320000000000005
1229 0.39320000000000005
1230 0.39320000000000005
1231 0.39320000000000005
1232 0.39320000000000005
1233 0.39320000000000005
1234 0.39320000000000005
1235 0.39320000000000005
1236 0.39320000000000005
1237 0.39320000000000005
1238 0.39320000000000005
1239 0.3928000000000001
1240 0.3924000000000001
1241 0.3912
1242 0.3907999999999999
1243 0.3903999999999999
1244 0.3899999999999999
1245 0.3899999999999999
1246 0.3899999999999999
1247 0.38959999999999995
1248 0.38919999999999993
1249 0.38879999999999987
1250 0.38879999999999987
1251 0.3883999999999999
1252 0.3879999999999999
1253 0.3879999999999999
1254 0.3879999999999999
1255 0.3879999999999999
1256 0.3879999999999999
1257 0.3879999999999999
1258 0.3879999999999999
1259 0.3879999999999999
1260 0.3879999999999999
1261 0.3879999999999999
1262 0.3879999999999999
1263 0.3879999999999999
1264 0.3879999999999999
1265 0.3879999999999999
1266 0.3879999999999999
1267 0.3879999999999999
1268 0.3879999999999999
1269 0.3879999999999999
1270 0.3879999999999999
1271 0.3879999999999999
1272 0.3879999999999999
1273 0.3879999999999999
1274 0.3875999999999999
1275 0.3867999999999999
1276 0.3863999999999999
1277 0.3863999999999999
1278 0.3863999999999999
1279 0.3863999999999999
1280 0.3863999999999999
1281 0.3863999999999999
1282 0.38599999999999995
1283 0.38599999999999995
1284 0.38599999999999995
1285 0.38559999999999994
1286 0.3852
1287 0.3848
1288 0.38439999999999996
1289 0.38439999999999996
1290 0.38439999999999996
1291 0.38439999999999996
1292 0.38439999999999996
1293 0.38439999999999996
1294 0.38439999999999996
1295 0.38439999999999996
1296 0.38439999999999996
1297 0.38439999999999996
1298 0.38439999999999996
1299 0.38439999999999996
1300 0.38439999999999996
1301 0.38439999999999996
1302 0.38439999999999996
1303 0.38439999999999996
1304 0.384
1305 0.3832
1306 0.3832
1307 0.3832
1308 0.38280000000000003
1309 0.38280000000000003
1310 0.38280000000000003
1311 0.3824
1312 0.3824
1313 0.3824
1314 0.382
1315 0.38160000000000005
1316 0.38160000000000005
1317 0.38160000000000005
1318 0.38120000000000004
1319 0.38120000000000004
1320 0.3808
1321 0.38040000000000007
1322 0.38000000000000006
1323 0.38000000000000006
1324 0.38000000000000006
1325 0.38000000000000006
1326 0.38000000000000006
1327 0.38000000000000006
1328 0.38000000000000006
1329 0.38000000000000006
1330 0.38000000000000006
1331 0.3796000000000001
1332 0.3796000000000001
1333 0.37920000000000004
1334 0.37920000000000004
1335 0.37920000000000004
1336 0.37920000000000004
1337 0.37920000000000004
1338 0.3788
1339 0.3784
1340 0.3784
1341 0.3784
1342 0.3784
1343 0.3784
1344 0.3784
1345 0.3784
1346 0.3784
1347 0.3784
1348 0.3784
1349 0.3784
1350 0.3784
1351 0.37799999999999995
1352 0.37799999999999995
1353 0.37799999999999995
1354 0.37799999999999995
1355 0.37799999999999995
1356 0.37799999999999995
1357 0.37799999999999995
1358 0.37799999999999995
1359 0.3776
1360 0.3776
1361 0.3768
1362 0.3768
1363 0.3768
1364 0.3768
1365 0.3764
1366 0.3764
1367 0.3764
1368 0.376
1369 0.376
1370 0.376
1371 0.37560000000000004
1372 0.37560000000000004
1373 0.37560000000000004
1374 0.37520000000000003
1375 0.3748
1376 0.3748
1377 0.3748
1378 0.3748
1379 0.3748
1380 0.3748
1381 0.37440000000000007
1382 0.37440000000000007
1383 0.37440000000000007
1384 0.37400000000000005
1385 0.37400000000000005
1386 0.37400000000000005
1387 0.37400000000000005
1388 0.37400000000000005
1389 0.37400000000000005
1390 0.37360000000000004
1391 0.37360000000000004
1392 0.3732000000000001
1393 0.3732000000000001
1394 0.3732000000000001
1395 0.3732000000000001
1396 0.3732000000000001
1397 0.3732000000000001
1398 0.3732000000000001
1399 0.3732000000000001
1400 0.3732000000000001
1401 0.3732000000000001
1402 0.3732000000000001
1403 0.3728000000000001
1404 0.37240000000000006
1405 0.37240000000000006
1406 0.37240000000000006
1407 0.37240000000000006
1408 0.37200000000000005
1409 0.37200000000000005
1410 0.37200000000000005
1411 0.37160000000000004
1412 0.37160000000000004
1413 0.37160000000000004
1414 0.37160000000000004
1415 0.37120000000000003
1416 0.37120000000000003
1417 0.37120000000000003
1418 0.3708000000000001
1419 0.3708000000000001
1420 0.3708000000000001
1421 0.3708000000000001
1422 0.3708000000000001
1423 0.3708000000000001
1424 0.3708000000000001
1425 0.3708000000000001
1426 0.3708000000000001
1427 0.3708000000000001
1428 0.3708000000000001
1429 0.3708000000000001
1430 0.3708000000000001
1431 0.37040000000000006
1432 0.37040000000000006
1433 0.37040000000000006
1434 0.37040000000000006
1435 0.37000000000000005
1436 0.37000000000000005
1437 0.37000000000000005
1438 0.37000000000000005
1439 0.36920000000000003
1440 0.36920000000000003
1441 0.36920000000000003
1442 0.36920000000000003
1443 0.36920000000000003
1444 0.36920000000000003
1445 0.36920000000000003
1446 0.36920000000000003
1447 0.36920000000000003
1448 0.3688
1449 0.3688
1450 0.3688
1451 0.36800000000000005
1452 0.36800000000000005
1453 0.36800000000000005
1454 0.36800000000000005
1455 0.36800000000000005
1456 0.36800000000000005
1457 0.36800000000000005
1458 0.36760000000000004
1459 0.36760000000000004
1460 0.36760000000000004
1461 0.3672000000000001
1462 0.3672000000000001
1463 0.3672000000000001
1464 0.3672000000000001
1465 0.3672000000000001
1466 0.36680000000000007
1467 0.36680000000000007
1468 0.36640000000000006
1469 0.3660000000000001
1470 0.3656000000000001
1471 0.3656000000000001
1472 0.3652000000000001
1473 0.3648000000000001
1474 0.3648000000000001
1475 0.3648000000000001
1476 0.3648000000000001
1477 0.3648000000000001
1478 0.3644000000000001
1479 0.3644000000000001
1480 0.3644000000000001
1481 0.3644000000000001
1482 0.3644000000000001
1483 0.3644000000000001
1484 0.3644000000000001
1485 0.3644000000000001
1486 0.3644000000000001
1487 0.3644000000000001
1488 0.3640000000000001
1489 0.3640000000000001
1490 0.36360000000000015
1491 0.36360000000000015
1492 0.36320000000000013
1493 0.36320000000000013
1494 0.36320000000000013
1495 0.36240000000000017
1496 0.36240000000000017
1497 0.36240000000000017
1498 0.36240000000000017
1499 0.36240000000000017
1500 0.36240000000000017
1501 0.36240000000000017
1502 0.36240000000000017
1503 0.36240000000000017
1504 0.36200000000000015
1505 0.36200000000000015
1506 0.3616000000000001
1507 0.3616000000000001
1508 0.3616000000000001
1509 0.36120000000000013
1510 0.36120000000000013
1511 0.36120000000000013
1512 0.36120000000000013
1513 0.36120000000000013
1514 0.36120000000000013
1515 0.36120000000000013
1516 0.36120000000000013
1517 0.36120000000000013
1518 0.36120000000000013
1519 0.36120000000000013
1520 0.36120000000000013
1521 0.3608000000000001
1522 0.3608000000000001
1523 0.3604000000000001
1524 0.3604000000000001
1525 0.3604000000000001
1526 0.3604000000000001
1527 0.3604000000000001
1528 0.3604000000000001
1529 0.36000000000000015
1530 0.35960000000000014
1531 0.35960000000000014
1532 0.3592000000000002
1533 0.3592000000000002
1534 0.3592000000000002
1535 0.3592000000000002
1536 0.3588000000000001
1537 0.3584000000000001
1538 0.3584000000000001
1539 0.3584000000000001
1540 0.3580000000000001
1541 0.3580000000000001
1542 0.35760000000000014
1543 0.35720000000000013
1544 0.35720000000000013
1545 0.3568000000000001
1546 0.3568000000000001
1547 0.3568000000000001
1548 0.35640000000000016
1549 0.35640000000000016
1550 0.35640000000000016
1551 0.35640000000000016
1552 0.3560000000000001
1553 0.3560000000000001
1554 0.3560000000000001
1555 0.3560000000000001
1556 0.3556000000000001
1557 0.3556000000000001
1558 0.3556000000000001
1559 0.3556000000000001
1560 0.3552000000000001
1561 0.3552000000000001
1562 0.3552000000000001
1563 0.3552000000000001
1564 0.3552000000000001
1565 0.3552000000000001
1566 0.3552000000000001
1567 0.3548000000000001
1568 0.3548000000000001
1569 0.3548000000000001
1570 0.3548000000000001
1571 0.35440000000000005
1572 0.35400000000000004
1573 0.3536000000000001
1574 0.3536000000000001
1575 0.3536000000000001
1576 0.35320000000000007
1577 0.35320000000000007
1578 0.35320000000000007
1579 0.35320000000000007
1580 0.35280000000000006
1581 0.3524000000000001
1582 0.35200000000000004
1583 0.35200000000000004
1584 0.35200000000000004
1585 0.35200000000000004
1586 0.35200000000000004
1587 0.35200000000000004
1588 0.35200000000000004
1589 0.35200000000000004
1590 0.3516
1591 0.3516
1592 0.3516
1593 0.35120000000000007
1594 0.35120000000000007
1595 0.35120000000000007
1596 0.35120000000000007
1597 0.35120000000000007
1598 0.35120000000000007
1599 0.35080000000000006
1600 0.35080000000000006
1601 0.35080000000000006
1602 0.35080000000000006
1603 0.35080000000000006
1604 0.35080000000000006
1605 0.35080000000000006
1606 0.35080000000000006
1607 0.35040000000000004
1608 0.3500000000000001
1609 0.3496000000000001
1610 0.3496000000000001
1611 0.3496000000000001
1612 0.34920000000000007
1613 0.34920000000000007
1614 0.34920000000000007
1615 0.34920000000000007
1616 0.34920000000000007
1617 0.34920000000000007
1618 0.34920000000000007
1619 0.34920000000000007
1620 0.34920000000000007
1621 0.3488000000000001
1622 0.3484000000000001
1623 0.3484000000000001
1624 0.3484000000000001
1625 0.3480000000000001
1626 0.3480000000000001
1627 0.3480000000000001
1628 0.3480000000000001
1629 0.3476000000000001
1630 0.3476000000000001
1631 0.3476000000000001
1632 0.3476000000000001
1633 0.3476000000000001
1634 0.3476000000000001
1635 0.3476000000000001
1636 0.3476000000000001
1637 0.3476000000000001
1638 0.3476000000000001
1639 0.3476000000000001
1640 0.34720000000000006
1641 0.34720000000000006
1642 0.34720000000000006
1643 0.34720000000000006
1644 0.34680000000000005
1645 0.34680000000000005
1646 0.34680000000000005
1647 0.34680000000000005
1648 0.34680000000000005
1649 0.34680000000000005
1650 0.3464
1651 0.3464
1652 0.3464
1653 0.3464
1654 0.3464
1655 0.3464
1656 0.3464
1657 0.3464
1658 0.3464
1659 0.34600000000000003
1660 0.34600000000000003
1661 0.34559999999999996
1662 0.34559999999999996
1663 0.34559999999999996
1664 0.34559999999999996
1665 0.34559999999999996
1666 0.34559999999999996
1667 0.34559999999999996
1668 0.34559999999999996
1669 0.34519999999999995
1670 0.34519999999999995
1671 0.34519999999999995
1672 0.3448
1673 0.3448
1674 0.3448
1675 0.3448
1676 0.3448
1677 0.3448
1678 0.3448
1679 0.3448
1680 0.3448
1681 0.3444
1682 0.3444
1683 0.3444
1684 0.3444
1685 0.3444
1686 0.3444
1687 0.344
1688 0.344
1689 0.344
1690 0.344
1691 0.344
1692 0.344
1693 0.344
1694 0.344
1695 0.344
1696 0.344
1697 0.34319999999999995
1698 0.34319999999999995
1699 0.34319999999999995
1700 0.34319999999999995
1701 0.34319999999999995
1702 0.34319999999999995
1703 0.34319999999999995
1704 0.34319999999999995
1705 0.34319999999999995
1706 0.34319999999999995
1707 0.34319999999999995
1708 0.34279999999999994
1709 0.34279999999999994
1710 0.3423999999999999
1711 0.3423999999999999
1712 0.3423999999999999
1713 0.3423999999999999
1714 0.3423999999999999
1715 0.3423999999999999
1716 0.3423999999999999
1717 0.34199999999999997
1718 0.34199999999999997
1719 0.34199999999999997
1720 0.34199999999999997
1721 0.34199999999999997
1722 0.34159999999999996
1723 0.34159999999999996
1724 0.34119999999999995
1725 0.34119999999999995
1726 0.34
1727 0.34
1728 0.34
1729 0.34
1730 0.33959999999999996
1731 0.33959999999999996
1732 0.33959999999999996
1733 0.33959999999999996
1734 0.33959999999999996
1735 0.33959999999999996
1736 0.33919999999999995
1737 0.33919999999999995
1738 0.33919999999999995
1739 0.33879999999999993
1740 0.3384
1741 0.3384
1742 0.3384
1743 0.3384
1744 0.3384
1745 0.3384
1746 0.3384
1747 0.3384
1748 0.3384
1749 0.3384
1750 0.3384
1751 0.3384
1752 0.3384
1753 0.3384
1754 0.3384
1755 0.3384
1756 0.3384
1757 0.3384
1758 0.3384
1759 0.3384
1760 0.3384
1761 0.3384
1762 0.3384
1763 0.3384
1764 0.3384
1765 0.3384
1766 0.3384
1767 0.33799999999999997
1768 0.33799999999999997
1769 0.33799999999999997
1770 0.33759999999999996
1771 0.33759999999999996
1772 0.33759999999999996
1773 0.33759999999999996
1774 0.33759999999999996
1775 0.3372
1776 0.3372
1777 0.3372
1778 0.3372
1779 0.3372
1780 0.3372
1781 0.3372
1782 0.3372
1783 0.3372
1784 0.3368
1785 0.3368
1786 0.3368
1787 0.3368
1788 0.3368
1789 0.3368
1790 0.3368
1791 0.33640000000000003
1792 0.33640000000000003
1793 0.336
1794 0.336
1795 0.336
1796 0.336
1797 0.336
1798 0.336
1799 0.336
1800 0.336
1801 0.336
1802 0.336
1803 0.336
1804 0.336
1805 0.336
1806 0.336
1807 0.336
1808 0.3356
1809 0.33520000000000005
1810 0.33520000000000005
1811 0.33480000000000004
1812 0.33480000000000004
1813 0.33480000000000004
1814 0.33480000000000004
1815 0.33480000000000004
1816 0.33480000000000004
1817 0.33480000000000004
1818 0.33480000000000004
1819 0.33440000000000003
1820 0.33440000000000003
1821 0.33440000000000003
1822 0.33440000000000003
1823 0.33440000000000003
1824 0.33440000000000003
1825 0.33440000000000003
1826 0.33440000000000003
1827 0.33399999999999996
1828 0.33399999999999996
1829 0.33399999999999996
1830 0.33399999999999996
1831 0.33399999999999996
1832 0.33399999999999996
1833 0.33399999999999996
1834 0.33399999999999996
1835 0.33399999999999996
1836 0.33399999999999996
1837 0.33360000000000006
1838 0.33360000000000006
1839 0.33360000000000006
1840 0.3332
1841 0.3332
1842 0.3332
1843 0.3332
1844 0.3332
1845 0.3332
1846 0.3332
1847 0.3328000000000001
1848 0.3328000000000001
1849 0.3328000000000001
1850 0.3328000000000001
1851 0.3328000000000001
1852 0.3328000000000001
1853 0.3328000000000001
1854 0.33240000000000003
1855 0.33240000000000003
1856 0.33240000000000003
1857 0.33240000000000003
1858 0.33240000000000003
1859 0.33240000000000003
1860 0.33199999999999996
1861 0.33199999999999996
1862 0.33199999999999996
1863 0.33199999999999996
1864 0.33199999999999996
1865 0.33199999999999996
1866 0.33199999999999996
1867 0.33199999999999996
1868 0.33199999999999996
1869 0.33199999999999996
1870 0.33199999999999996
1871 0.33199999999999996
1872 0.3315999999999999
1873 0.3315999999999999
1874 0.3315999999999999
1875 0.3315999999999999
1876 0.3315999999999999
1877 0.3312
1878 0.3312
1879 0.3312
1880 0.3307999999999999
1881 0.3307999999999999
1882 0.3307999999999999
1883 0.3307999999999999
1884 0.3307999999999999
1885 0.3303999999999999
1886 0.3303999999999999
1887 0.32959999999999995
1888 0.32959999999999995
1889 0.3292
1890 0.3292
1891 0.3288
1892 0.3288
1893 0.3288
1894 0.3288
1895 0.3288
1896 0.3288
1897 0.3288
1898 0.3288
1899 0.3288
1900 0.3288
1901 0.3284
1902 0.32799999999999996
1903 0.32799999999999996
1904 0.32799999999999996
1905 0.32760000000000006
1906 0.32760000000000006
1907 0.32760000000000006
1908 0.32760000000000006
1909 0.32760000000000006
1910 0.32760000000000006
1911 0.3272
1912 0.3272
1913 0.3272
1914 0.3272
1915 0.3272
1916 0.3272
1917 0.3272
1918 0.3272
1919 0.3272
1920 0.3272
1921 0.3268000000000001
1922 0.3268000000000001
1923 0.3268000000000001
1924 0.3264
1925 0.3264
1926 0.3264
1927 0.3264
1928 0.3264
1929 0.3264
1930 0.3264
1931 0.3264
1932 0.3264
1933 0.3264
1934 0.3264
1935 0.32599999999999996
1936 0.32599999999999996
1937 0.3256
1938 0.3256
1939 0.3256
1940 0.3256
1941 0.32480000000000003
1942 0.32480000000000003
1943 0.32480000000000003
1944 0.32480000000000003
1945 0.32439999999999997
1946 0.324
1947 0.324
1948 0.324
1949 0.324
1950 0.324
1951 0.324
1952 0.324
1953 0.324
1954 0.324
1955 0.324
1956 0.324
1957 0.324
1958 0.324
1959 0.324
1960 0.324
1961 0.324
1962 0.324
1963 0.324
1964 0.324
1965 0.324
1966 0.324
1967 0.3236
1968 0.3236
1969 0.3232
1970 0.32280000000000003
1971 0.3224
1972 0.3224
1973 0.3224
1974 0.3224
1975 0.3224
1976 0.3224
1977 0.3224
1978 0.3224
1979 0.3224
1980 0.3224
1981 0.3224
1982 0.3224
1983 0.3224
1984 0.3224
1985 0.322
1986 0.322
1987 0.322
1988 0.322
1989 0.322
1990 0.322
1991 0.322
1992 0.322
1993 0.32160000000000005
1994 0.32160000000000005
1995 0.32160000000000005
1996 0.32160000000000005
1997 0.32120000000000004
1998 0.32120000000000004
1999 0.32120000000000004
