1 1.0
2 1.0
3 1.0
4 0.9996
5 0.9959999999999998
6 0.9923999999999996
7 0.9899999999999995
8 0.9859999999999997
9 0.9823999999999999
10 0.9803999999999998
11 0.9775999999999999
12 0.9719999999999999
13 0.9655999999999999
14 0.9603999999999996
15 0.9547999999999998
16 0.9504
17 0.9447999999999999
18 0.94
19 0.9336
20 0.9244000000000004
21 0.9192000000000004
22 0.9132000000000003
23 0.9064000000000001
24 0.9012000000000002
25 0.8964000000000003
26 0.8888000000000003
27 0.8816000000000002
28 0.8687999999999997
29 0.8639999999999998
30 0.8588
31 0.8496000000000001
32 0.8416
33 0.8372000000000002
34 0.8328000000000002
35 0.8276000000000002
36 0.8196000000000002
37 0.8128
38 0.8072
39 0.8003999999999998
40 0.7943999999999997
41 0.7875999999999999
42 0.7815999999999999
43 0.7776000000000001
44 0.7704
45 0.7648
46 0.7580000000000001
47 0.7524000000000001
48 0.7500000000000001
49 0.7440000000000002
50 0.7384
51 0.736
52 0.7308000000000001
53 0.7255999999999999
54 0.722
55 0.7176
56 0.7128
57 0.7087999999999998
58 0.7019999999999998
59 0.6975999999999999
60 0.6935999999999997
61 0.6847999999999999
62 0.6788
63 0.674
64 0.6703999999999999
65 0.6655999999999999
66 0.6611999999999999
67 0.6555999999999997
68 0.6511999999999997
69 0.6475999999999997
70 0.6419999999999996
71 0.6383999999999996
72 0.6347999999999998
73 0.6327999999999998
74 0.6263999999999998
75 0.6207999999999998
76 0.6155999999999998
77 0.6139999999999999
78 0.6087999999999999
79 0.6059999999999999
80 0.6023999999999999
81 0.6003999999999998
82 0.5951999999999998
83 0.5919999999999999
84 0.5879999999999999
85 0.5848
86 0.5828
87 0.5776
88 0.5731999999999998
89 0.5715999999999999
90 0.5683999999999999
91 0.5656
92 0.5628
93 0.5611999999999999
94 0.5596
95 0.5571999999999999
96 0.5531999999999998
97 0.5503999999999999
98 0.5471999999999998
99 0.5436
100 0.5403999999999999
101 0.5379999999999999
102 0.5356
103 0.5323999999999999
104 0.5299999999999999
105 0.5284
106 0.5272
107 0.526
108 0.5252
109 0.5224
110 0.5208
111 0.5196000000000001
112 0.5184000000000001
113 0.5144000000000001
114 0.5124000000000001
115 0.5104000000000001
116 0.5080000000000001
117 0.5060000000000001
118 0.5024000000000001
119 0.5008000000000001
120 0.4988000000000002
121 0.49560000000000015
122 0.49280000000000007
123 0.49000000000000005
124 0.4880000000000002
125 0.48680000000000023
126 0.4852000000000002
127 0.4844000000000001
128 0.48240000000000016
129 0.4808000000000001
130 0.47960000000000014
131 0.47800000000000004
132 0.4760000000000001
133 0.47440000000000004
134 0.47320000000000007
135 0.4724000000000001
136 0.47040000000000015
137 0.4680000000000002
138 0.4672000000000001
139 0.4660000000000001
140 0.4640000000000001
141 0.4628
142 0.46080000000000004
143 0.4604000000000001
144 0.4592000000000001
145 0.4588000000000001
146 0.458
147 0.4568000000000001
148 0.4548000000000001
149 0.4524000000000001
150 0.45080000000000015
151 0.4488000000000001
152 0.44800000000000006
153 0.44720000000000004
154 0.4464000000000001
155 0.44400000000000006
156 0.44080000000000014
157 0.4392000000000001
158 0.4384000000000001
159 0.43800000000000006
160 0.4368000000000001
161 0.4344000000000001
162 0.4340000000000001
163 0.43360000000000004
164 0.4332000000000001
165 0.4328000000000001
166 0.4316000000000001
167 0.4312
168 0.43040000000000006
169 0.4292
170 0.42840000000000006
171 0.42800000000000005
172 0.42519999999999997
173 0.4236
174 0.4228
175 0.42199999999999993
176 0.42119999999999996
177 0.42119999999999996
178 0.4188000000000001
179 0.41720000000000007
180 0.41680000000000006
181 0.41680000000000006
182 0.4152
183 0.4132
184 0.41240000000000004
185 0.41120000000000007
186 0.41120000000000007
187 0.41080000000000005
188 0.40880000000000005
189 0.40720000000000006
190 0.4064
191 0.40480000000000005
192 0.40440000000000004
193 0.4036
194 0.402
195 0.4016
196 0.4008
197 0.4004000000000001
198 0.39840000000000003
199 0.39760000000000006
200 0.39720000000000005
201 0.39720000000000005
202 0.39720000000000005
203 0.39680000000000004
204 0.3960000000000001
205 0.3956000000000001
206 0.3956000000000001
207 0.3952000000000001
208 0.3940000000000001
209 0.3936000000000001
210 0.39280000000000015
211 0.39280000000000015
212 0.3920000000000001
213 0.39040000000000014
214 0.38960000000000017
215 0.38920000000000016
216 0.38920000000000016
217 0.3884000000000001
218 0.3884000000000001
219 0.3856000000000001
220 0.3852000000000001
221 0.3848000000000001
222 0.3840000000000001
223 0.38360000000000005
224 0.3824000000000001
225 0.3812
226 0.3804
227 0.37920000000000004
228 0.37800000000000006
229 0.37720000000000004
230 0.37720000000000004
231 0.3768
232 0.37560000000000004
233 0.3748
234 0.37360000000000004
235 0.3732000000000001
236 0.37160000000000004
237 0.37120000000000014
238 0.3708000000000001
239 0.37000000000000005
240 0.36840000000000006
241 0.36840000000000006
242 0.36800000000000005
243 0.3672000000000001
244 0.36680000000000007
245 0.3660000000000001
246 0.3660000000000001
247 0.3644000000000001
248 0.36280000000000007
249 0.36160000000000003
250 0.36160000000000003
251 0.3612
252 0.36080000000000007
253 0.36040000000000005
254 0.3588000000000001
255 0.3588000000000001
256 0.3580000000000001
257 0.3580000000000001
258 0.35760000000000003
259 0.3556
260 0.3552
261 0.35440000000000005
262 0.3536000000000001
263 0.35320000000000007
264 0.3520000000000001
265 0.35080000000000006
266 0.3496000000000001
267 0.3496000000000001
268 0.3496000000000001
269 0.34920000000000007
270 0.3488
271 0.3488
272 0.34840000000000004
273 0.3472
274 0.34600000000000003
275 0.3456
276 0.3448
277 0.3444
278 0.3444
279 0.3444
280 0.3432
281 0.3428
282 0.3428
283 0.342
284 0.34159999999999996
285 0.34159999999999996
286 0.34159999999999996
287 0.34159999999999996
288 0.34159999999999996
289 0.34119999999999995
290 0.34119999999999995
291 0.34119999999999995
292 0.34079999999999994
293 0.3403999999999999
294 0.33919999999999995
295 0.33919999999999995
296 0.3384
297 0.33759999999999996
298 0.3363999999999999
299 0.33599999999999997
300 0.33519999999999994
301 0.33519999999999994
302 0.33519999999999994
303 0.3348
304 0.3348
305 0.3344
306 0.3332
307 0.33199999999999996
308 0.3312
309 0.3312
310 0.33039999999999997
311 0.33039999999999997
312 0.33039999999999997
313 0.33
314 0.32880000000000004
315 0.32760000000000006
316 0.32760000000000006
317 0.3268000000000001
318 0.3268000000000001
319 0.3264000000000001
320 0.3264000000000001
321 0.3264000000000001
322 0.3256000000000001
323 0.3248000000000001
324 0.32440000000000013
325 0.3240000000000001
326 0.3240000000000001
327 0.3232000000000001
328 0.3228000000000001
329 0.3224000000000001
330 0.3220000000000001
331 0.3220000000000001
332 0.32160000000000005
333 0.32120000000000004
334 0.32120000000000004
335 0.32120000000000004
336 0.31960000000000005
337 0.31960000000000005
338 0.31920000000000004
339 0.31920000000000004
340 0.3184
341 0.3184
342 0.3168000000000001
343 0.3168000000000001
344 0.31640000000000007
345 0.31600000000000006
346 0.31560000000000005
347 0.31560000000000005
348 0.3152000000000001
349 0.3152000000000001
350 0.3152000000000001
351 0.3152000000000001
352 0.3148000000000001
353 0.31360000000000005
354 0.31360000000000005
355 0.31360000000000005
356 0.31360000000000005
357 0.31320000000000003
358 0.3124
359 0.3124
360 0.3124
361 0.31200000000000006
362 0.3116
363 0.31079999999999997
364 0.31079999999999997
365 0.3104
366 0.31
367 0.3096
368 0.3088
369 0.3084
370 0.3084
371 0.3084
372 0.3084
373 0.30800000000000005
374 0.3072000000000001
375 0.30640000000000006
376 0.30640000000000006
377 0.30640000000000006
378 0.30640000000000006
379 0.3056000000000001
380 0.30480000000000007
381 0.30400000000000005
382 0.30280000000000007
383 0.30240000000000006
384 0.30160000000000003
385 0.30160000000000003
386 0.3012
387 0.30080000000000007
388 0.30040000000000006
389 0.30040000000000006
390 0.2992000000000001
391 0.2992000000000001
392 0.2992000000000001
393 0.29880000000000007
394 0.29880000000000007
395 0.29880000000000007
396 0.29840000000000005
397 0.29840000000000005
398 0.2976
399 0.29719999999999996
400 0.2968
401 0.2964
402 0.2964
403 0.2964
404 0.2964
405 0.29600000000000004
406 0.29600000000000004
407 0.29600000000000004
408 0.29600000000000004
409 0.29600000000000004
410 0.29560000000000003
411 0.2952
412 0.2944
413 0.2944
414 0.29400000000000004
415 0.29400000000000004
416 0.29400000000000004
417 0.2932
418 0.2928
419 0.2924
420 0.29200000000000004
421 0.29200000000000004
422 0.29200000000000004
423 0.29200000000000004
424 0.29200000000000004
425 0.29200000000000004
426 0.2916
427 0.29120000000000007
428 0.29040000000000005
429 0.2900000000000001
430 0.2900000000000001
431 0.2896000000000001
432 0.2896000000000001
433 0.28840000000000005
434 0.28840000000000005
435 0.2876
436 0.2876
437 0.2872
438 0.28640000000000004
439 0.28640000000000004
440 0.28600000000000003
441 0.28600000000000003
442 0.2852
443 0.2848
444 0.2844
445 0.284
446 0.2828
447 0.2824
448 0.2824
449 0.2816
450 0.2816
451 0.2812
452 0.2812
453 0.2812
454 0.2808
455 0.2808
456 0.2808
457 0.2804
458 0.2804
459 0.28
460 0.28
461 0.28
462 0.28
463 0.2796
464 0.2796
465 0.2796
466 0.2796
467 0.2796
468 0.2796
469 0.2792
470 0.2792
471 0.2792
472 0.2792
473 0.27880000000000005
474 0.27880000000000005
475 0.27840000000000004
476 0.278
477 0.2776
478 0.2772
479 0.2772
480 0.2772
481 0.2764
482 0.2764
483 0.276
484 0.2756
485 0.2752
486 0.2752
487 0.2748
488 0.27440000000000003
489 0.27440000000000003
490 0.27440000000000003
491 0.27440000000000003
492 0.27440000000000003
493 0.27440000000000003
494 0.27440000000000003
495 0.27440000000000003
496 0.2736
497 0.2732
498 0.2728
499 0.2728
500 0.2728
501 0.2728
502 0.2728
503 0.27240000000000003
504 0.272
505 0.272
506 0.27160000000000006
507 0.2712
508 0.27080000000000004
509 0.27
510 0.27
511 0.27
512 0.2692
513 0.2692
514 0.2688
515 0.2688
516 0.2688
517 0.26839999999999997
518 0.2672
519 0.2672
520 0.2668
521 0.266
522 0.2652
523 0.2648
524 0.2644
525 0.2644
526 0.2644
527 0.264
528 0.264
529 0.2636
530 0.2632
531 0.26280000000000003
532 0.262
533 0.262
534 0.2616
535 0.2616
536 0.2616
537 0.2616
538 0.2612
539 0.2612
540 0.2604
541 0.2604
542 0.2604
543 0.2604
544 0.2604
545 0.2604
546 0.26
547 0.26
548 0.26
549 0.26
550 0.25960000000000005
551 0.25960000000000005
552 0.25960000000000005
553 0.25960000000000005
554 0.25960000000000005
555 0.25920000000000004
556 0.2588
557 0.2588
558 0.2588
559 0.258
560 0.258
561 0.258
562 0.2576
563 0.2576
564 0.2568
565 0.2568
566 0.2564
567 0.2564
568 0.2564
569 0.2564
570 0.2564
571 0.2564
572 0.2564
573 0.2564
574 0.2564
575 0.2564
576 0.256
577 0.256
578 0.256
579 0.256
580 0.256
581 0.256
582 0.256
583 0.256
584 0.256
585 0.256
586 0.256
587 0.256
588 0.25479999999999997
589 0.25439999999999996
590 0.2536
591 0.2536
592 0.2532
593 0.2532
594 0.2532
595 0.2532
596 0.2532
597 0.2532
598 0.25279999999999997
599 0.25279999999999997
600 0.252
601 0.2516
602 0.2516
603 0.2516
604 0.25120000000000003
605 0.2508
606 0.2504
607 0.2504
608 0.2504
609 0.2504
610 0.2504
611 0.2504
612 0.2504
613 0.2504
614 0.2504
615 0.2504
616 0.25
617 0.2492
618 0.2492
619 0.2492
620 0.2488
621 0.2484
622 0.2484
623 0.248
624 0.248
625 0.24760000000000001
626 0.24760000000000001
627 0.24760000000000001
628 0.24760000000000001
629 0.24760000000000001
630 0.24760000000000001
631 0.24760000000000001
632 0.24719999999999998
633 0.24719999999999998
634 0.24719999999999998
635 0.24719999999999998
636 0.2468
637 0.2468
638 0.2464
639 0.24600000000000002
640 0.2456
641 0.2456
642 0.2456
643 0.24520000000000003
644 0.24520000000000003
645 0.24520000000000003
646 0.24439999999999998
647 0.244
648 0.244
649 0.244
650 0.244
651 0.24359999999999998
652 0.24359999999999998
653 0.2432
654 0.2432
655 0.2432
656 0.24280000000000002
657 0.24280000000000002
658 0.24280000000000002
659 0.24280000000000002
660 0.24280000000000002
661 0.24280000000000002
662 0.24280000000000002
663 0.24280000000000002
664 0.24239999999999998
665 0.24239999999999998
666 0.242
667 0.242
668 0.242
669 0.242
670 0.24119999999999997
671 0.24119999999999997
672 0.2408
673 0.2408
674 0.2404
675 0.2404
676 0.2404
677 0.23999999999999996
678 0.23999999999999996
679 0.23959999999999998
680 0.23879999999999998
681 0.23879999999999998
682 0.23879999999999998
683 0.2384
684 0.2384
685 0.23799999999999996
686 0.23799999999999996
687 0.23799999999999996
688 0.23799999999999996
689 0.23759999999999995
690 0.23759999999999995
691 0.23759999999999995
692 0.23759999999999995
693 0.23679999999999993
694 0.23639999999999994
695 0.23639999999999994
696 0.23639999999999994
697 0.23639999999999994
698 0.23599999999999993
699 0.23599999999999993
700 0.23559999999999992
701 0.23559999999999992
702 0.23519999999999994
703 0.23519999999999994
704 0.23519999999999994
705 0.23479999999999993
706 0.23399999999999996
707 0.23399999999999996
708 0.23359999999999995
709 0.23359999999999995
710 0.23359999999999995
711 0.23319999999999994
712 0.23319999999999994
713 0.23319999999999994
714 0.23319999999999994
715 0.23319999999999994
716 0.23319999999999994
717 0.23319999999999994
718 0.23319999999999994
719 0.2323999999999999
720 0.2323999999999999
721 0.2323999999999999
722 0.2323999999999999
723 0.2323999999999999
724 0.2323999999999999
725 0.2323999999999999
726 0.2323999999999999
727 0.2323999999999999
728 0.2323999999999999
729 0.2323999999999999
730 0.2323999999999999
731 0.2323999999999999
732 0.2323999999999999
733 0.2323999999999999
734 0.2323999999999999
735 0.23199999999999993
736 0.23199999999999993
737 0.23159999999999992
738 0.23159999999999992
739 0.23119999999999993
740 0.23119999999999993
741 0.23119999999999993
742 0.23119999999999993
743 0.23119999999999993
744 0.23079999999999995
745 0.23079999999999995
746 0.23079999999999995
747 0.23079999999999995
748 0.23079999999999995
749 0.23079999999999995
750 0.23079999999999995
751 0.23079999999999995
752 0.23079999999999995
753 0.23079999999999995
754 0.23079999999999995
755 0.23079999999999995
756 0.23079999999999995
757 0.23039999999999997
758 0.23039999999999997
759 0.23039999999999997
760 0.23039999999999997
761 0.23039999999999997
762 0.22999999999999993
763 0.22999999999999993
764 0.22999999999999993
765 0.22999999999999993
766 0.22999999999999993
767 0.22999999999999993
768 0.22999999999999993
769 0.22999999999999993
770 0.22959999999999994
771 0.22959999999999994
772 0.22919999999999996
773 0.22879999999999995
774 0.22839999999999994
775 0.22839999999999994
776 0.22799999999999992
777 0.22799999999999992
778 0.22759999999999994
779 0.22759999999999994
780 0.22759999999999994
781 0.22719999999999996
782 0.22679999999999997
783 0.22679999999999997
784 0.22639999999999996
785 0.22639999999999996
786 0.22639999999999996
787 0.22639999999999996
788 0.22599999999999998
789 0.2256
790 0.2256
791 0.2256
792 0.22519999999999998
793 0.22479999999999997
794 0.22479999999999997
795 0.22479999999999997
796 0.22479999999999997
797 0.22479999999999997
798 0.2244
799 0.2244
800 0.2244
801 0.22399999999999995
802 0.22399999999999995
803 0.22359999999999997
804 0.22359999999999997
805 0.22359999999999997
806 0.22359999999999997
807 0.22359999999999997
808 0.22359999999999997
809 0.22319999999999995
810 0.22319999999999995
811 0.2224
812 0.22199999999999995
813 0.22199999999999995
814 0.22199999999999995
815 0.22199999999999995
816 0.22199999999999995
817 0.22199999999999995
818 0.22159999999999994
819 0.22159999999999994
820 0.22159999999999994
821 0.22159999999999994
822 0.22119999999999995
823 0.22119999999999995
824 0.22119999999999995
825 0.22119999999999995
826 0.22119999999999995
827 0.22119999999999995
828 0.22079999999999994
829 0.22079999999999994
830 0.22079999999999994
831 0.22039999999999993
832 0.22039999999999993
833 0.22039999999999993
834 0.22039999999999993
835 0.22039999999999993
836 0.22039999999999993
837 0.22039999999999993
838 0.21999999999999992
839 0.21999999999999992
840 0.21999999999999992
841 0.21999999999999992
842 0.21999999999999992
843 0.21999999999999992
844 0.21999999999999992
845 0.21999999999999992
846 0.21999999999999992
847 0.21999999999999992
848 0.21999999999999992
849 0.21999999999999992
850 0.21999999999999992
851 0.21999999999999992
852 0.21999999999999992
853 0.21999999999999992
854 0.21999999999999992
855 0.21999999999999992
856 0.21999999999999992
857 0.21999999999999992
858 0.21959999999999993
859 0.21919999999999995
860 0.21919999999999995
861 0.21919999999999995
862 0.21919999999999995
863 0.21919999999999995
864 0.21919999999999995
865 0.21919999999999995
866 0.21919999999999995
867 0.21879999999999997
868 0.21839999999999996
869 0.21839999999999996
870 0.21839999999999996
871 0.21839999999999996
872 0.21839999999999996
873 0.21799999999999997
874 0.21799999999999997
875 0.2176
876 0.2176
877 0.21719999999999998
878 0.21719999999999998
879 0.21719999999999998
880 0.21719999999999998
881 0.21719999999999998
882 0.21719999999999998
883 0.21719999999999998
884 0.21719999999999998
885 0.21719999999999998
886 0.21719999999999998
887 0.21719999999999998
888 0.21719999999999998
889 0.21719999999999998
890 0.21719999999999998
891 0.21719999999999998
892 0.21719999999999998
893 0.21719999999999998
894 0.21719999999999998
895 0.21719999999999998
896 0.21719999999999998
897 0.21719999999999998
898 0.21719999999999998
899 0.21719999999999998
900 0.21719999999999998
901 0.21719999999999998
902 0.21719999999999998
903 0.2168
904 0.2168
905 0.2168
906 0.2168
907 0.2168
908 0.21639999999999998
909 0.21639999999999998
910 0.21559999999999999
911 0.21559999999999999
912 0.21559999999999999
913 0.21559999999999999
914 0.21559999999999999
915 0.21559999999999999
916 0.21559999999999999
917 0.21559999999999999
918 0.21559999999999999
919 0.21559999999999999
920 0.21559999999999999
921 0.21559999999999999
922 0.21559999999999999
923 0.21559999999999999
924 0.21559999999999999
925 0.21559999999999999
926 0.21559999999999999
927 0.21559999999999999
928 0.21559999999999999
929 0.21559999999999999
930 0.21559999999999999
931 0.21559999999999999
932 0.21559999999999999
933 0.21559999999999999
934 0.21559999999999999
935 0.21559999999999999
936 0.21559999999999999
937 0.21559999999999999
938 0.21559999999999999
939 0.2152
940 0.2152
941 0.2152
942 0.2152
943 0.2152
944 0.2152
945 0.2152
946 0.2152
947 0.21479999999999996
948 0.21439999999999998
949 0.21439999999999998
950 0.21439999999999998
951 0.21439999999999998
952 0.21439999999999998
953 0.21359999999999993
954 0.21359999999999993
955 0.21359999999999993
956 0.21359999999999993
957 0.21359999999999993
958 0.21359999999999993
959 0.21319999999999995
960 0.21279999999999993
961 0.21279999999999993
962 0.21279999999999993
963 0.21279999999999993
964 0.21279999999999993
965 0.2119999999999999
966 0.2119999999999999
967 0.2119999999999999
968 0.21159999999999993
969 0.21159999999999993
970 0.21159999999999993
971 0.21159999999999993
972 0.21159999999999993
973 0.21159999999999993
974 0.21159999999999993
975 0.21159999999999993
976 0.21159999999999993
977 0.21159999999999993
978 0.21159999999999993
979 0.21159999999999993
980 0.21159999999999993
981 0.21159999999999993
982 0.21119999999999994
983 0.21119999999999994
984 0.21119999999999994
985 0.21119999999999994
986 0.21079999999999996
987 0.21079999999999996
988 0.21039999999999992
989 0.20999999999999994
990 0.20999999999999994
991 0.20959999999999993
992 0.20959999999999993
993 0.20959999999999993
994 0.20919999999999994
995 0.20919999999999994
996 0.20919999999999994
997 0.20919999999999994
998 0.20919999999999994
999 0.20919999999999994
1000 0.20919999999999994
1001 0.20919999999999994
1002 0.20919999999999994
1003 0.20919999999999994
1004 0.20879999999999996
1005 0.20879999999999996
1006 0.20879999999999996
1007 0.20879999999999996
1008 0.20839999999999997
1009 0.20839999999999997
1010 0.20839999999999997
1011 0.20839999999999997
1012 0.20839999999999997
1013 0.20839999999999997
1014 0.20839999999999997
1015 0.20839999999999997
1016 0.20839999999999997
1017 0.20839999999999997
1018 0.20839999999999997
1019 0.20799999999999996
1020 0.20799999999999996
1021 0.20799999999999996
1022 0.20799999999999996
1023 0.20799999999999996
1024 0.20799999999999996
1025 0.20799999999999996
1026 0.20759999999999998
1027 0.20759999999999998
1028 0.20759999999999998
1029 0.20759999999999998
1030 0.20759999999999998
1031 0.20759999999999998
1032 0.20759999999999998
1033 0.20759999999999998
1034 0.20719999999999994
1035 0.20719999999999994
1036 0.20719999999999994
1037 0.20719999999999994
1038 0.20719999999999994
1039 0.20719999999999994
1040 0.20719999999999994
1041 0.20679999999999996
1042 0.20639999999999997
1043 0.20639999999999997
1044 0.20639999999999997
1045 0.20639999999999997
1046 0.20639999999999997
1047 0.20639999999999997
1048 0.20599999999999993
1049 0.20599999999999993
1050 0.20599999999999993
1051 0.20599999999999993
1052 0.20599999999999993
1053 0.20599999999999993
1054 0.20599999999999993
1055 0.20599999999999993
1056 0.20599999999999993
1057 0.20599999999999993
1058 0.20599999999999993
1059 0.20599999999999993
1060 0.20559999999999995
1061 0.20559999999999995
1062 0.20559999999999995
1063 0.20559999999999995
1064 0.20559999999999995
1065 0.20559999999999995
1066 0.20559999999999995
1067 0.20559999999999995
1068 0.20559999999999995
1069 0.20559999999999995
1070 0.20559999999999995
1071 0.20559999999999995
1072 0.20559999999999995
1073 0.20519999999999997
1074 0.20519999999999997
1075 0.20519999999999997
1076 0.20519999999999997
1077 0.20519999999999997
1078 0.20479999999999998
1079 0.20479999999999998
1080 0.20479999999999998
1081 0.20479999999999998
1082 0.20439999999999994
1083 0.20439999999999994
1084 0.20439999999999994
1085 0.20439999999999994
1086 0.20399999999999996
1087 0.20399999999999996
1088 0.20399999999999996
1089 0.20399999999999996
1090 0.20399999999999996
1091 0.20399999999999996
1092 0.20399999999999996
1093 0.20399999999999996
1094 0.20399999999999996
1095 0.20399999999999996
1096 0.20399999999999996
1097 0.20399999999999996
1098 0.20399999999999996
1099 0.20399999999999996
1100 0.20359999999999995
1101 0.20359999999999995
1102 0.20359999999999995
1103 0.20359999999999995
1104 0.20359999999999995
1105 0.20359999999999995
1106 0.20319999999999994
1107 0.20279999999999995
1108 0.20239999999999994
1109 0.20239999999999994
1110 0.20239999999999994
1111 0.20199999999999993
1112 0.20199999999999993
1113 0.20199999999999993
1114 0.20159999999999992
1115 0.20159999999999992
1116 0.20159999999999992
1117 0.20159999999999992
1118 0.20159999999999992
1119 0.20119999999999993
1120 0.20119999999999993
1121 0.20119999999999993
1122 0.20119999999999993
1123 0.20119999999999993
1124 0.20119999999999993
1125 0.20119999999999993
1126 0.20079999999999995
1127 0.20079999999999995
1128 0.20039999999999997
1129 0.20039999999999997
1130 0.20039999999999997
1131 0.20039999999999997
1132 0.20039999999999997
1133 0.20039999999999997
1134 0.20039999999999997
1135 0.20039999999999997
1136 0.20039999999999997
1137 0.20039999999999997
1138 0.20039999999999997
1139 0.20039999999999997
1140 0.19999999999999996
1141 0.19999999999999996
1142 0.19999999999999996
1143 0.19999999999999996
1144 0.19999999999999996
1145 0.19999999999999996
1146 0.19999999999999996
1147 0.19999999999999996
1148 0.19959999999999994
1149 0.19959999999999994
1150 0.19959999999999994
1151 0.19959999999999994
1152 0.19959999999999994
1153 0.19919999999999993
1154 0.19919999999999993
1155 0.19919999999999993
1156 0.19919999999999993
1157 0.19919999999999993
1158 0.19919999999999993
1159 0.19919999999999993
1160 0.19919999999999993
1161 0.19919999999999993
1162 0.19919999999999993
1163 0.19919999999999993
1164 0.19919999999999993
1165 0.19919999999999993
1166 0.19919999999999993
1167 0.19919999999999993
1168 0.19919999999999993
1169 0.19839999999999994
1170 0.19839999999999994
1171 0.19839999999999994
1172 0.19839999999999994
1173 0.19839999999999994
1174 0.19839999999999994
1175 0.19839999999999994
1176 0.19839999999999994
1177 0.19839999999999994
1178 0.19839999999999994
1179 0.19839999999999994
1180 0.19839999999999994
1181 0.19839999999999994
1182 0.19839999999999994
1183 0.19839999999999994
1184 0.19839999999999994
1185 0.19839999999999994
1186 0.19839999999999994
1187 0.19839999999999994
1188 0.19839999999999994
1189 0.19799999999999993
1190 0.19799999999999993
1191 0.19799999999999993
1192 0.19799999999999993
1193 0.19759999999999994
1194 0.19759999999999994
1195 0.19759999999999994
1196 0.19759999999999994
1197 0.19759999999999994
1198 0.19759999999999994
1199 0.19759999999999994
1200 0.19759999999999994
1201 0.19759999999999994
1202 0.19759999999999994
1203 0.19759999999999994
1204 0.19759999999999994
1205 0.19759999999999994
1206 0.19759999999999994
1207 0.19759999999999994
1208 0.19759999999999994
1209 0.19759999999999994
1210 0.19759999999999994
1211 0.19759999999999994
1212 0.19759999999999994
1213 0.19719999999999996
1214 0.19719999999999996
1215 0.19719999999999996
1216 0.19719999999999996
1217 0.19719999999999996
1218 0.19719999999999996
1219 0.19719999999999996
1220 0.19719999999999996
1221 0.19719999999999996
1222 0.19599999999999998
1223 0.1956
1224 0.1956
1225 0.1956
1226 0.1956
1227 0.1956
1228 0.1956
1229 0.1956
1230 0.1956
1231 0.1956
1232 0.1956
1233 0.19519999999999998
1234 0.19519999999999998
1235 0.19519999999999998
1236 0.1948
1237 0.1948
1238 0.1944
1239 0.1944
1240 0.1944
1241 0.1944
1242 0.19399999999999998
1243 0.19399999999999998
1244 0.19319999999999996
1245 0.19319999999999996
1246 0.19319999999999996
1247 0.19319999999999996
1248 0.19319999999999996
1249 0.19319999999999996
1250 0.19319999999999996
1251 0.19319999999999996
1252 0.19319999999999996
1253 0.19319999999999996
1254 0.19319999999999996
1255 0.19319999999999996
1256 0.19319999999999996
1257 0.19319999999999996
1258 0.19279999999999997
1259 0.19279999999999997
1260 0.19279999999999997
1261 0.19279999999999997
1262 0.19279999999999997
1263 0.1924
1264 0.1924
1265 0.1924
1266 0.1924
1267 0.1924
1268 0.192
1269 0.192
1270 0.192
1271 0.192
1272 0.1912
1273 0.1912
1274 0.1912
1275 0.19080000000000003
1276 0.19080000000000003
1277 0.19080000000000003
1278 0.19080000000000003
1279 0.19080000000000003
1280 0.19080000000000003
1281 0.19080000000000003
1282 0.19080000000000003
1283 0.19080000000000003
1284 0.19080000000000003
1285 0.19080000000000003
1286 0.19080000000000003
1287 0.19080000000000003
1288 0.19080000000000003
1289 0.19080000000000003
1290 0.19080000000000003
1291 0.19080000000000003
1292 0.19080000000000003
1293 0.19080000000000003
1294 0.19080000000000003
1295 0.19080000000000003
1296 0.19080000000000003
1297 0.19080000000000003
1298 0.19080000000000003
1299 0.19080000000000003
1300 0.19039999999999999
1301 0.19039999999999999
1302 0.19039999999999999
1303 0.19039999999999999
1304 0.19039999999999999
1305 0.19039999999999999
1306 0.19039999999999999
1307 0.19039999999999999
1308 0.19039999999999999
1309 0.19039999999999999
1310 0.19039999999999999
1311 0.19039999999999999
1312 0.19039999999999999
1313 0.19039999999999999
1314 0.19039999999999999
1315 0.19039999999999999
1316 0.19039999999999999
1317 0.19039999999999999
1318 0.19039999999999999
1319 0.19039999999999999
1320 0.19039999999999999
1321 0.19039999999999999
1322 0.19039999999999999
1323 0.19039999999999999
1324 0.19039999999999999
1325 0.19039999999999999
1326 0.19039999999999999
1327 0.19039999999999999
1328 0.19039999999999999
1329 0.19039999999999999
1330 0.19
1331 0.19
1332 0.19
1333 0.19
1334 0.18960000000000002
1335 0.18960000000000002
1336 0.18960000000000002
1337 0.18960000000000002
1338 0.18960000000000002
1339 0.18960000000000002
1340 0.18960000000000002
1341 0.18919999999999998
1342 0.1888
1343 0.1888
1344 0.1888
1345 0.1888
1346 0.1888
1347 0.1888
1348 0.1888
1349 0.1888
1350 0.18839999999999996
1351 0.18839999999999996
1352 0.18839999999999996
1353 0.18839999999999996
1354 0.18839999999999996
1355 0.18839999999999996
1356 0.18799999999999997
1357 0.1876
1358 0.1876
1359 0.1876
1360 0.1876
1361 0.1876
1362 0.1876
1363 0.1876
1364 0.1876
1365 0.1876
1366 0.1876
1367 0.1876
1368 0.1876
1369 0.1876
1370 0.1876
1371 0.1876
1372 0.18719999999999998
1373 0.18719999999999998
1374 0.18719999999999998
1375 0.18719999999999998
1376 0.18719999999999998
1377 0.18719999999999998
1378 0.1868
1379 0.18639999999999998
1380 0.18639999999999998
1381 0.18639999999999998
1382 0.18599999999999997
1383 0.18599999999999997
1384 0.18599999999999997
1385 0.18599999999999997
1386 0.18599999999999997
1387 0.18599999999999997
1388 0.18599999999999997
1389 0.1856
1390 0.18519999999999995
1391 0.18519999999999995
1392 0.18519999999999995
1393 0.18519999999999995
1394 0.18519999999999995
1395 0.18519999999999995
1396 0.18519999999999995
1397 0.18519999999999995
1398 0.18519999999999995
1399 0.18519999999999995
1400 0.18519999999999995
1401 0.18519999999999995
1402 0.18519999999999995
1403 0.18519999999999995
1404 0.18519999999999995
1405 0.18519999999999995
1406 0.18519999999999995
1407 0.18519999999999995
1408 0.18519999999999995
1409 0.18519999999999995
1410 0.18519999999999995
1411 0.18519999999999995
1412 0.18479999999999996
1413 0.18479999999999996
1414 0.18479999999999996
1415 0.18479999999999996
1416 0.18479999999999996
1417 0.18479999999999996
1418 0.18439999999999998
1419 0.18439999999999998
1420 0.18439999999999998
1421 0.18439999999999998
1422 0.18439999999999998
1423 0.18439999999999998
1424 0.18439999999999998
1425 0.18439999999999998
1426 0.18439999999999998
1427 0.18439999999999998
1428 0.18439999999999998
1429 0.18439999999999998
1430 0.18439999999999998
1431 0.18439999999999998
1432 0.184
1433 0.184
1434 0.184
1435 0.18359999999999996
1436 0.18359999999999996
1437 0.18359999999999996
1438 0.18359999999999996
1439 0.18359999999999996
1440 0.18359999999999996
1441 0.18359999999999996
1442 0.18319999999999997
1443 0.18319999999999997
1444 0.18279999999999996
1445 0.18279999999999996
1446 0.18279999999999996
1447 0.18279999999999996
1448 0.18279999999999996
1449 0.18279999999999996
1450 0.18279999999999996
1451 0.18279999999999996
1452 0.18279999999999996
1453 0.18279999999999996
1454 0.18279999999999996
1455 0.18279999999999996
1456 0.18279999999999996
1457 0.18279999999999996
1458 0.18279999999999996
1459 0.18279999999999996
1460 0.18279999999999996
1461 0.18279999999999996
1462 0.18279999999999996
1463 0.18279999999999996
1464 0.18279999999999996
1465 0.18279999999999996
1466 0.18279999999999996
1467 0.18279999999999996
1468 0.18279999999999996
1469 0.18279999999999996
1470 0.182
1471 0.182
1472 0.182
1473 0.182
1474 0.182
1475 0.1816
1476 0.1816
1477 0.1816
1478 0.1816
1479 0.1816
1480 0.1816
1481 0.1816
1482 0.1816
1483 0.1816
1484 0.1816
1485 0.1816
1486 0.1816
1487 0.1816
1488 0.1816
1489 0.1816
1490 0.1816
1491 0.1816
1492 0.1816
1493 0.1816
1494 0.1816
1495 0.1816
1496 0.18119999999999997
1497 0.18119999999999997
1498 0.18119999999999997
1499 0.18119999999999997
1500 0.18119999999999997
1501 0.18119999999999997
1502 0.18119999999999997
1503 0.1808
1504 0.1808
1505 0.1808
1506 0.1808
1507 0.1808
1508 0.1808
1509 0.1808
1510 0.1808
1511 0.1808
1512 0.1808
1513 0.1808
1514 0.1808
1515 0.1804
1516 0.1804
1517 0.18
1518 0.18
1519 0.18
1520 0.18
1521 0.18
1522 0.18
1523 0.18
1524 0.18
1525 0.18
1526 0.18
1527 0.18
1528 0.18
1529 0.18
1530 0.18
1531 0.18
1532 0.18
1533 0.1796
1534 0.1796
1535 0.1796
1536 0.1796
1537 0.1796
1538 0.1796
1539 0.1796
1540 0.1796
1541 0.1796
1542 0.1796
1543 0.1796
1544 0.1796
1545 0.1796
1546 0.1796
1547 0.1796
1548 0.17920000000000003
1549 0.17920000000000003
1550 0.17920000000000003
1551 0.17920000000000003
1552 0.17920000000000003
1553 0.17920000000000003
1554 0.17920000000000003
1555 0.17920000000000003
1556 0.17920000000000003
1557 0.17920000000000003
1558 0.17920000000000003
1559 0.17920000000000003
1560 0.17880000000000001
1561 0.17880000000000001
1562 0.17880000000000001
1563 0.17880000000000001
1564 0.17880000000000001
1565 0.17880000000000001
1566 0.17880000000000001
1567 0.17880000000000001
1568 0.17880000000000001
1569 0.17880000000000001
1570 0.17880000000000001
1571 0.17880000000000001
1572 0.17880000000000001
1573 0.17880000000000001
1574 0.17880000000000001
1575 0.17880000000000001
1576 0.17880000000000001
1577 0.17880000000000001
1578 0.17880000000000001
1579 0.17880000000000001
1580 0.17880000000000001
1581 0.17840000000000003
1582 0.17800000000000002
1583 0.17800000000000002
1584 0.1776
1585 0.1776
1586 0.1776
1587 0.1776
1588 0.1776
1589 0.1776
1590 0.1776
1591 0.1776
1592 0.1776
1593 0.1776
1594 0.1776
1595 0.1776
1596 0.1776
1597 0.1776
1598 0.1776
1599 0.1776
1600 0.1776
1601 0.1776
1602 0.1776
1603 0.1776
1604 0.1776
1605 0.1776
1606 0.1776
1607 0.1776
1608 0.1776
1609 0.1776
1610 0.1776
1611 0.1776
1612 0.1776
1613 0.1776
1614 0.1776
1615 0.1776
1616 0.1776
1617 0.1776
1618 0.1776
1619 0.1776
1620 0.1776
1621 0.1776
1622 0.1776
1623 0.1776
1624 0.17720000000000002
1625 0.17720000000000002
1626 0.17720000000000002
1627 0.17720000000000002
1628 0.17720000000000002
1629 0.17720000000000002
1630 0.17720000000000002
1631 0.17720000000000002
1632 0.17720000000000002
1633 0.17680000000000004
1634 0.17680000000000004
1635 0.17680000000000004
1636 0.17680000000000004
1637 0.17680000000000004
1638 0.17680000000000004
1639 0.17680000000000004
1640 0.17640000000000003
1641 0.17640000000000003
1642 0.17640000000000003
1643 0.17640000000000003
1644 0.17640000000000003
1645 0.17640000000000003
1646 0.17600000000000002
1647 0.17600000000000002
1648 0.17600000000000002
1649 0.17600000000000002
1650 0.17600000000000002
1651 0.17600000000000002
1652 0.17600000000000002
1653 0.17600000000000002
1654 0.17600000000000002
1655 0.17600000000000002
1656 0.17600000000000002
1657 0.17600000000000002
1658 0.17600000000000002
1659 0.17600000000000002
1660 0.17600000000000002
1661 0.17600000000000002
1662 0.17600000000000002
1663 0.17600000000000002
1664 0.17600000000000002
1665 0.17600000000000002
1666 0.17600000000000002
1667 0.17600000000000002
1668 0.17600000000000002
1669 0.17600000000000002
1670 0.17600000000000002
1671 0.17600000000000002
1672 0.17600000000000002
1673 0.17600000000000002
1674 0.17600000000000002
1675 0.17600000000000002
1676 0.17600000000000002
1677 0.17600000000000002
1678 0.17600000000000002
1679 0.17600000000000002
1680 0.17600000000000002
1681 0.17600000000000002
1682 0.17600000000000002
1683 0.17600000000000002
1684 0.17600000000000002
1685 0.17559999999999998
1686 0.17559999999999998
1687 0.17559999999999998
1688 0.17559999999999998
1689 0.1752
1690 0.1752
1691 0.1752
1692 0.17479999999999996
1693 0.17479999999999996
1694 0.17479999999999996
1695 0.17479999999999996
1696 0.17479999999999996
1697 0.17479999999999996
1698 0.17479999999999996
1699 0.17479999999999996
1700 0.17479999999999996
1701 0.17479999999999996
1702 0.17479999999999996
1703 0.17479999999999996
1704 0.17479999999999996
1705 0.17479999999999996
1706 0.17479999999999996
1707 0.17479999999999996
1708 0.17479999999999996
1709 0.17479999999999996
1710 0.17479999999999996
1711 0.17479999999999996
1712 0.17479999999999996
1713 0.17479999999999996
1714 0.17479999999999996
1715 0.17479999999999996
1716 0.17479999999999996
1717 0.17479999999999996
1718 0.17479999999999996
1719 0.17479999999999996
1720 0.17479999999999996
1721 0.17479999999999996
1722 0.17479999999999996
1723 0.17479999999999996
1724 0.17479999999999996
1725 0.17479999999999996
1726 0.17479999999999996
1727 0.17479999999999996
1728 0.17479999999999996
1729 0.17479999999999996
1730 0.17479999999999996
1731 0.17479999999999996
1732 0.17479999999999996
1733 0.17479999999999996
1734 0.17479999999999996
1735 0.17479999999999996
1736 0.17479999999999996
1737 0.17479999999999996
1738 0.17479999999999996
1739 0.17479999999999996
1740 0.17479999999999996
1741 0.17479999999999996
1742 0.17479999999999996
1743 0.17479999999999996
1744 0.17479999999999996
1745 0.17479999999999996
1746 0.17479999999999996
1747 0.17479999999999996
1748 0.17479999999999996
1749 0.17479999999999996
1750 0.17479999999999996
1751 0.17479999999999996
1752 0.17479999999999996
1753 0.17479999999999996
1754 0.17479999999999996
1755 0.17479999999999996
1756 0.17479999999999996
1757 0.17479999999999996
1758 0.17479999999999996
1759 0.17479999999999996
1760 0.17479999999999996
1761 0.17479999999999996
1762 0.17439999999999997
1763 0.17439999999999997
1764 0.17439999999999997
1765 0.17439999999999997
1766 0.17439999999999997
1767 0.17439999999999997
1768 0.17439999999999997
1769 0.17439999999999997
1770 0.17439999999999997
1771 0.17439999999999997
1772 0.17439999999999997
1773 0.17439999999999997
1774 0.174
1775 0.174
1776 0.174
1777 0.174
1778 0.1736
1779 0.1736
1780 0.1736
1781 0.1736
1782 0.1736
1783 0.1736
1784 0.1736
1785 0.1736
1786 0.1736
1787 0.1736
1788 0.1736
1789 0.1736
1790 0.1728
1791 0.1728
1792 0.1728
1793 0.1728
1794 0.1724
1795 0.1724
1796 0.1724
1797 0.1724
1798 0.1724
1799 0.1724
1800 0.1724
1801 0.1724
1802 0.1724
1803 0.1724
1804 0.1724
1805 0.1724
1806 0.1724
1807 0.1724
1808 0.1724
1809 0.1724
1810 0.1724
1811 0.1724
1812 0.1724
1813 0.1724
1814 0.1724
1815 0.172
1816 0.172
1817 0.172
1818 0.1716
1819 0.17119999999999996
1820 0.17119999999999996
1821 0.17119999999999996
1822 0.17119999999999996
1823 0.17119999999999996
1824 0.17119999999999996
1825 0.17119999999999996
1826 0.17119999999999996
1827 0.17119999999999996
1828 0.17119999999999996
1829 0.17119999999999996
1830 0.17119999999999996
1831 0.17119999999999996
1832 0.17119999999999996
1833 0.17119999999999996
1834 0.17119999999999996
1835 0.17119999999999996
1836 0.17119999999999996
1837 0.17119999999999996
1838 0.17119999999999996
1839 0.17119999999999996
1840 0.17119999999999996
1841 0.17079999999999998
1842 0.17079999999999998
1843 0.17079999999999998
1844 0.17079999999999998
1845 0.17079999999999998
1846 0.17079999999999998
1847 0.17079999999999998
1848 0.17079999999999998
1849 0.17079999999999998
1850 0.1704
1851 0.1704
1852 0.1704
1853 0.1704
1854 0.1704
1855 0.1704
1856 0.1704
1857 0.1704
1858 0.1704
1859 0.16999999999999996
1860 0.16959999999999997
1861 0.16959999999999997
1862 0.16959999999999997
1863 0.16959999999999997
1864 0.16959999999999997
1865 0.16959999999999997
1866 0.16959999999999997
1867 0.16959999999999997
1868 0.16959999999999997
1869 0.16959999999999997
1870 0.16959999999999997
1871 0.16959999999999997
1872 0.16959999999999997
1873 0.16959999999999997
1874 0.16959999999999997
1875 0.16959999999999997
1876 0.16959999999999997
1877 0.16959999999999997
1878 0.16959999999999997
1879 0.16959999999999997
1880 0.1692
1881 0.1692
1882 0.1692
1883 0.1692
1884 0.1692
1885 0.1692
1886 0.1692
1887 0.1692
1888 0.1692
1889 0.1692
1890 0.1692
1891 0.1692
1892 0.1692
1893 0.1692
1894 0.1692
1895 0.1692
1896 0.1692
1897 0.1692
1898 0.1692
1899 0.1692
1900 0.1692
1901 0.1692
1902 0.1692
1903 0.1692
1904 0.1692
1905 0.1692
1906 0.1692
1907 0.16879999999999998
1908 0.16839999999999997
1909 0.16839999999999997
1910 0.16839999999999997
1911 0.16839999999999997
1912 0.16839999999999997
1913 0.16839999999999997
1914 0.16839999999999997
1915 0.16839999999999997
1916 0.16839999999999997
1917 0.16839999999999997
1918 0.16839999999999997
1919 0.16839999999999997
1920 0.16839999999999997
1921 0.16839999999999997
1922 0.16799999999999998
1923 0.16799999999999998
1924 0.16799999999999998
1925 0.16799999999999998
1926 0.16799999999999998
1927 0.16799999999999998
1928 0.16799999999999998
1929 0.16799999999999998
1930 0.16799999999999998
1931 0.16799999999999998
1932 0.16799999999999998
1933 0.16759999999999994
1934 0.16759999999999994
1935 0.16759999999999994
1936 0.16759999999999994
1937 0.16759999999999994
1938 0.16759999999999994
1939 0.16759999999999994
1940 0.16759999999999994
1941 0.16719999999999996
1942 0.16719999999999996
1943 0.16719999999999996
1944 0.16719999999999996
1945 0.16719999999999996
1946 0.16719999999999996
1947 0.16719999999999996
1948 0.16719999999999996
1949 0.16719999999999996
1950 0.16719999999999996
1951 0.16719999999999996
1952 0.16719999999999996
1953 0.16719999999999996
1954 0.16719999999999996
1955 0.16719999999999996
1956 0.16719999999999996
1957 0.16719999999999996
1958 0.16719999999999996
1959 0.16719999999999996
1960 0.16719999999999996
1961 0.16719999999999996
1962 0.16719999999999996
1963 0.16719999999999996
1964 0.16719999999999996
1965 0.16719999999999996
1966 0.16719999999999996
1967 0.16719999999999996
1968 0.16679999999999995
1969 0.16679999999999995
1970 0.16679999999999995
1971 0.16679999999999995
1972 0.16679999999999995
1973 0.16679999999999995
1974 0.16679999999999995
1975 0.16679999999999995
1976 0.16679999999999995
1977 0.16679999999999995
1978 0.16679999999999995
1979 0.16679999999999995
1980 0.16679999999999995
1981 0.16679999999999995
1982 0.16679999999999995
1983 0.16639999999999996
1984 0.16639999999999996
1985 0.16639999999999996
1986 0.16639999999999996
1987 0.16639999999999996
1988 0.16639999999999996
1989 0.16639999999999996
1990 0.16639999999999996
1991 0.16639999999999996
1992 0.16639999999999996
1993 0.16599999999999995
1994 0.16599999999999995
1995 0.16599999999999995
1996 0.16599999999999995
1997 0.16599999999999995
1998 0.16599999999999995
1999 0.16599999999999995
