1 1.0
2 1.0
3 1.0
4 1.0
5 0.9992
6 0.9987999999999999
7 0.9983999999999998
8 0.9975999999999998
9 0.9975999999999998
10 0.9971999999999998
11 0.9967999999999998
12 0.9959999999999998
13 0.9959999999999998
14 0.9959999999999998
15 0.9955999999999999
16 0.9955999999999999
17 0.9955999999999999
18 0.9955999999999999
19 0.9955999999999999
20 0.9955999999999999
21 0.9955999999999999
22 0.9955999999999999
23 0.9955999999999999
24 0.9955999999999999
25 0.9955999999999999
26 0.9955999999999999
27 0.9955999999999999
28 0.9955999999999999
29 0.9955999999999999
30 0.9955999999999999
31 0.9955999999999999
32 0.9951999999999999
33 0.9951999999999999
34 0.9951999999999999
35 0.9951999999999999
36 0.9951999999999999
37 0.9951999999999999
38 0.9951999999999999
39 0.9951999999999999
40 0.9951999999999999
41 0.9947999999999998
42 0.9947999999999998
43 0.9947999999999998
44 0.9947999999999998
45 0.9947999999999998
46 0.9947999999999998
47 0.9947999999999998
48 0.9947999999999998
49 0.9947999999999998
50 0.9947999999999998
51 0.9947999999999998
52 0.9947999999999998
53 0.9947999999999998
54 0.9947999999999998
55 0.9947999999999998
56 0.9947999999999998
57 0.9947999999999998
58 0.9947999999999998
59 0.9947999999999998
60 0.9947999999999998
61 0.9947999999999998
62 0.9943999999999998
63 0.9943999999999998
64 0.9943999999999998
65 0.9943999999999998
66 0.9943999999999998
67 0.9943999999999998
68 0.9943999999999998
69 0.9943999999999998
70 0.9943999999999998
71 0.9943999999999998
72 0.9943999999999998
73 0.9943999999999998
74 0.9943999999999998
75 0.9943999999999998
76 0.9943999999999998
77 0.9943999999999998
78 0.9943999999999998
79 0.9943999999999998
80 0.9943999999999998
81 0.9943999999999998
82 0.9943999999999998
83 0.9943999999999998
84 0.9943999999999998
85 0.9943999999999998
86 0.9943999999999998
87 0.9943999999999998
88 0.9943999999999998
89 0.9943999999999998
90 0.9943999999999998
91 0.9943999999999998
92 0.9943999999999998
93 0.9943999999999998
94 0.9943999999999998
95 0.9943999999999998
96 0.9943999999999998
97 0.9943999999999998
98 0.9943999999999998
99 0.9943999999999998
100 0.9943999999999998
101 0.9943999999999998
102 0.9943999999999998
103 0.9943999999999998
104 0.9943999999999998
105 0.9943999999999998
106 0.9939999999999998
107 0.9939999999999998
108 0.9939999999999998
109 0.9939999999999998
110 0.9939999999999998
111 0.9939999999999998
112 0.9939999999999998
113 0.9935999999999998
114 0.9935999999999998
115 0.9935999999999998
116 0.9935999999999998
117 0.9935999999999998
118 0.9935999999999998
119 0.9935999999999998
120 0.9935999999999998
121 0.9935999999999998
122 0.9935999999999998
123 0.9935999999999998
124 0.9935999999999998
125 0.9935999999999998
126 0.9935999999999998
127 0.9935999999999998
128 0.9935999999999998
129 0.9935999999999998
130 0.9935999999999998
131 0.9935999999999998
132 0.9935999999999998
133 0.9935999999999998
134 0.9935999999999998
135 0.9935999999999998
136 0.9935999999999998
137 0.9935999999999998
138 0.9935999999999998
139 0.9935999999999998
140 0.9935999999999998
141 0.9935999999999998
142 0.9935999999999998
143 0.9935999999999998
144 0.9935999999999998
145 0.9935999999999998
146 0.9935999999999998
147 0.9935999999999998
148 0.9935999999999998
149 0.9931999999999997
150 0.9931999999999997
151 0.9931999999999997
152 0.9931999999999997
153 0.9927999999999999
154 0.9927999999999999
155 0.9927999999999999
156 0.9927999999999999
157 0.9927999999999999
158 0.9927999999999999
159 0.9927999999999999
160 0.9924
161 0.9924
162 0.9924
163 0.9924
164 0.9924
165 0.9924
166 0.9924
167 0.9924
168 0.9924
169 0.9924
170 0.9924
171 0.9924
172 0.9924
173 0.9924
174 0.9924
175 0.9924
176 0.9924
177 0.9924
178 0.9924
179 0.9924
180 0.9919999999999999
181 0.9919999999999999
182 0.9919999999999999
183 0.9919999999999999
184 0.9919999999999999
185 0.9919999999999999
186 0.9919999999999999
187 0.9919999999999999
188 0.9919999999999999
189 0.9919999999999999
190 0.9919999999999999
191 0.9919999999999999
192 0.9919999999999999
193 0.9919999999999999
194 0.9919999999999999
195 0.9919999999999999
196 0.9919999999999999
197 0.9919999999999999
198 0.9919999999999999
199 0.9919999999999999
200 0.9919999999999999
201 0.9919999999999999
202 0.9919999999999999
203 0.9919999999999999
204 0.9919999999999999
205 0.9919999999999999
206 0.9919999999999999
207 0.9919999999999999
208 0.9919999999999999
209 0.9919999999999999
210 0.9915999999999999
211 0.9915999999999999
212 0.9915999999999999
213 0.9911999999999999
214 0.9911999999999999
215 0.9911999999999999
216 0.9911999999999999
217 0.9911999999999999
218 0.9911999999999999
219 0.9911999999999999
220 0.9911999999999999
221 0.9911999999999999
222 0.9911999999999999
223 0.9911999999999999
224 0.9907999999999998
225 0.9907999999999998
226 0.9907999999999998
227 0.9907999999999998
228 0.9904
229 0.9904
230 0.9904
231 0.9904
232 0.9904
233 0.9904
234 0.9904
235 0.9904
236 0.9904
237 0.9904
238 0.9904
239 0.9904
240 0.9904
241 0.9904
242 0.9904
243 0.9904
244 0.9904
245 0.9904
246 0.9904
247 0.9904
248 0.9904
249 0.9904
250 0.9904
251 0.9904
252 0.9904
253 0.9904
254 0.9904
255 0.9904
256 0.9904
257 0.9904
258 0.9904
259 0.9904
260 0.9904
261 0.9899999999999999
262 0.9899999999999999
263 0.9899999999999999
264 0.9899999999999999
265 0.9899999999999999
266 0.9899999999999999
267 0.9899999999999999
268 0.9899999999999999
269 0.9891999999999999
270 0.9891999999999999
271 0.9891999999999999
272 0.9891999999999999
273 0.9887999999999998
274 0.9887999999999998
275 0.9887999999999998
276 0.9887999999999998
277 0.9887999999999998
278 0.9887999999999998
279 0.9884
280 0.9884
281 0.9884
282 0.9884
283 0.9884
284 0.9884
285 0.9884
286 0.9884
287 0.9884
288 0.9884
289 0.9884
290 0.9884
291 0.9884
292 0.9879999999999999
293 0.9879999999999999
294 0.9879999999999999
295 0.9879999999999999
296 0.9879999999999999
297 0.9879999999999999
298 0.9879999999999999
299 0.9879999999999999
300 0.9879999999999999
301 0.9875999999999998
302 0.9875999999999998
303 0.9875999999999998
304 0.9875999999999998
305 0.9875999999999998
306 0.9871999999999999
307 0.9871999999999999
308 0.9871999999999999
309 0.9871999999999999
310 0.9871999999999999
311 0.9867999999999998
312 0.9867999999999998
313 0.9867999999999998
314 0.9867999999999998
315 0.9863999999999998
316 0.9863999999999998
317 0.9863999999999998
318 0.9863999999999998
319 0.9863999999999998
320 0.9863999999999998
321 0.9863999999999998
322 0.9863999999999998
323 0.9863999999999998
324 0.9859999999999998
325 0.9859999999999998
326 0.9859999999999998
327 0.9859999999999998
328 0.9855999999999997
329 0.9851999999999999
330 0.9851999999999999
331 0.9847999999999999
332 0.9847999999999999
333 0.9847999999999999
334 0.9847999999999999
335 0.9847999999999999
336 0.9847999999999999
337 0.9847999999999999
338 0.9847999999999999
339 0.9847999999999999
340 0.9847999999999999
341 0.9847999999999999
342 0.9847999999999999
343 0.9847999999999999
344 0.9847999999999999
345 0.9847999999999999
346 0.9847999999999999
347 0.9847999999999999
348 0.9847999999999999
349 0.9847999999999999
350 0.9847999999999999
351 0.9847999999999999
352 0.9847999999999999
353 0.9847999999999999
354 0.9847999999999999
355 0.9847999999999999
356 0.9847999999999999
357 0.9847999999999999
358 0.9847999999999999
359 0.9847999999999999
360 0.9847999999999999
361 0.9847999999999999
362 0.9847999999999999
363 0.9847999999999999
364 0.9847999999999999
365 0.9847999999999999
366 0.9847999999999999
367 0.9847999999999999
368 0.9847999999999999
369 0.9847999999999999
370 0.9847999999999999
371 0.9847999999999999
372 0.9847999999999999
373 0.9847999999999999
374 0.9847999999999999
375 0.9847999999999999
376 0.9847999999999999
377 0.9847999999999999
378 0.9847999999999999
379 0.9847999999999999
380 0.9847999999999999
381 0.9847999999999999
382 0.9847999999999999
383 0.9847999999999999
384 0.9847999999999999
385 0.9847999999999999
386 0.9847999999999999
387 0.9847999999999999
388 0.9847999999999999
389 0.9847999999999999
390 0.9847999999999999
391 0.9847999999999999
392 0.9847999999999999
393 0.9847999999999999
394 0.9847999999999999
395 0.9847999999999999
396 0.9847999999999999
397 0.9847999999999999
398 0.9847999999999999
399 0.9847999999999999
400 0.9847999999999999
401 0.9843999999999999
402 0.9843999999999999
403 0.9843999999999999
404 0.9843999999999999
405 0.9843999999999999
406 0.9843999999999999
407 0.9843999999999999
408 0.9843999999999999
409 0.9843999999999999
410 0.9843999999999999
411 0.9840000000000001
412 0.9840000000000001
413 0.9840000000000001
414 0.9840000000000001
415 0.9840000000000001
416 0.9840000000000001
417 0.9840000000000001
418 0.9840000000000001
419 0.9840000000000001
420 0.9840000000000001
421 0.9840000000000001
422 0.9840000000000001
423 0.9840000000000001
424 0.9840000000000001
425 0.9840000000000001
426 0.9840000000000001
427 0.9840000000000001
428 0.9840000000000001
429 0.9840000000000001
430 0.9840000000000001
431 0.9840000000000001
432 0.9840000000000001
433 0.9840000000000001
434 0.9840000000000001
435 0.9840000000000001
436 0.9840000000000001
437 0.9840000000000001
438 0.9840000000000001
439 0.9840000000000001
440 0.9840000000000001
441 0.9840000000000001
442 0.9840000000000001
443 0.9840000000000001
444 0.9840000000000001
445 0.9840000000000001
446 0.9840000000000001
447 0.9840000000000001
448 0.9840000000000001
449 0.9840000000000001
450 0.9840000000000001
451 0.9840000000000001
452 0.9840000000000001
453 0.9840000000000001
454 0.9840000000000001
455 0.9840000000000001
456 0.9840000000000001
457 0.9840000000000001
458 0.9840000000000001
459 0.9840000000000001
460 0.9840000000000001
461 0.9840000000000001
462 0.9840000000000001
463 0.9840000000000001
464 0.9840000000000001
465 0.9840000000000001
466 0.9840000000000001
467 0.9840000000000001
468 0.9840000000000001
469 0.9840000000000001
470 0.9840000000000001
471 0.9840000000000001
472 0.9840000000000001
473 0.9840000000000001
474 0.9840000000000001
475 0.9840000000000001
476 0.9840000000000001
477 0.9840000000000001
478 0.9840000000000001
479 0.9840000000000001
480 0.9840000000000001
481 0.9840000000000001
482 0.9840000000000001
483 0.9840000000000001
484 0.9840000000000001
485 0.9840000000000001
486 0.9840000000000001
487 0.9840000000000001
488 0.9840000000000001
489 0.9840000000000001
490 0.9840000000000001
491 0.9840000000000001
492 0.9840000000000001
493 0.9840000000000001
494 0.9840000000000001
495 0.9840000000000001
496 0.9840000000000001
497 0.9840000000000001
498 0.9840000000000001
499 0.9840000000000001
500 0.9840000000000001
501 0.9840000000000001
502 0.9840000000000001
503 0.9840000000000001
504 0.9836
505 0.9836
506 0.9836
507 0.9836
508 0.9836
509 0.9836
510 0.9836
511 0.9836
512 0.9836
513 0.9836
514 0.9836
515 0.9836
516 0.9836
517 0.9836
518 0.9836
519 0.9836
520 0.9836
521 0.9836
522 0.9836
523 0.9832
524 0.9832
525 0.9832
526 0.9832
527 0.9832
528 0.9828
529 0.9828
530 0.9828
531 0.9828
532 0.9828
533 0.9828
534 0.9828
535 0.9828
536 0.9828
537 0.9828
538 0.9828
539 0.9828
540 0.9828
541 0.9828
542 0.9828
543 0.9828
544 0.9828
545 0.9828
546 0.9828
547 0.9828
548 0.9828
549 0.9828
550 0.9828
551 0.9828
552 0.9828
553 0.9828
554 0.9828
555 0.9828
556 0.9823999999999999
557 0.9823999999999999
558 0.9823999999999999
559 0.9823999999999999
560 0.9823999999999999
561 0.9823999999999999
562 0.9823999999999999
563 0.9823999999999999
564 0.9823999999999999
565 0.9823999999999999
566 0.9823999999999999
567 0.9823999999999999
568 0.9823999999999999
569 0.9823999999999999
570 0.9819999999999999
571 0.9819999999999999
572 0.9819999999999999
573 0.9819999999999999
574 0.9819999999999999
575 0.9819999999999999
576 0.9819999999999999
577 0.9819999999999999
578 0.9819999999999999
579 0.9819999999999999
580 0.9819999999999999
581 0.9819999999999999
582 0.9819999999999999
583 0.9819999999999999
584 0.9819999999999999
585 0.9819999999999999
586 0.9819999999999999
587 0.9819999999999999
588 0.9819999999999999
589 0.9819999999999999
590 0.9819999999999999
591 0.9819999999999999
592 0.9819999999999999
593 0.9819999999999999
594 0.9819999999999999
595 0.9819999999999999
596 0.9819999999999999
597 0.9819999999999999
598 0.9819999999999999
599 0.9819999999999999
600 0.9819999999999999
601 0.9819999999999999
602 0.9819999999999999
603 0.9819999999999999
604 0.9819999999999999
605 0.9819999999999999
606 0.9819999999999999
607 0.9819999999999999
608 0.9819999999999999
609 0.9819999999999999
610 0.9819999999999999
611 0.9819999999999999
612 0.9819999999999999
613 0.9819999999999999
614 0.9815999999999999
615 0.9815999999999999
616 0.9815999999999999
617 0.9815999999999999
618 0.9815999999999999
619 0.9815999999999999
620 0.9815999999999999
621 0.9815999999999999
622 0.9811999999999999
623 0.9811999999999999
624 0.9811999999999999
625 0.9811999999999999
626 0.9811999999999999
627 0.9808
628 0.9808
629 0.9804
630 0.9804
631 0.9804
632 0.9804
633 0.9804
634 0.9804
635 0.9804
636 0.9804
637 0.9804
638 0.9804
639 0.9804
640 0.9804
641 0.9804
642 0.9804
643 0.9804
644 0.9800000000000001
645 0.9800000000000001
646 0.9796
647 0.9792000000000001
648 0.9792000000000001
649 0.9792000000000001
650 0.9792000000000001
651 0.9788000000000001
652 0.9788000000000001
653 0.9788000000000001
654 0.9788000000000001
655 0.9788000000000001
656 0.9788000000000001
657 0.9788000000000001
658 0.9788000000000001
659 0.9788000000000001
660 0.9788000000000001
661 0.9788000000000001
662 0.9784
663 0.9784
664 0.9784
665 0.9784
666 0.9784
667 0.9784
668 0.9784
669 0.9784
670 0.9784
671 0.9784
672 0.9784
673 0.9784
674 0.9784
675 0.9784
676 0.9784
677 0.9784
678 0.9784
679 0.9784
680 0.9784
681 0.9784
682 0.9784
683 0.9784
684 0.9780000000000001
685 0.9780000000000001
686 0.9780000000000001
687 0.9780000000000001
688 0.9780000000000001
689 0.9780000000000001
690 0.9780000000000001
691 0.9780000000000001
692 0.9780000000000001
693 0.9780000000000001
694 0.9780000000000001
695 0.9780000000000001
696 0.9776
697 0.9776
698 0.9776
699 0.9776
700 0.9776
701 0.9776
702 0.9776
703 0.9776
704 0.9776
705 0.9776
706 0.9776
707 0.9776
708 0.9776
709 0.9776
710 0.9776
711 0.9776
712 0.9776
713 0.9776
714 0.9776
715 0.9776
716 0.9776
717 0.9776
718 0.9776
719 0.9776
720 0.9776
721 0.9772
722 0.9772
723 0.9772
724 0.9772
725 0.9772
726 0.9772
727 0.9767999999999999
728 0.9767999999999999
729 0.9767999999999999
730 0.9767999999999999
731 0.9767999999999999
732 0.9767999999999999
733 0.9767999999999999
734 0.9767999999999999
735 0.9764
736 0.9764
737 0.9764
738 0.9764
739 0.976
740 0.9756
741 0.9756
742 0.9756
743 0.9756
744 0.9756
745 0.9756
746 0.9752000000000001
747 0.9752000000000001
748 0.9752000000000001
749 0.9752000000000001
750 0.9752000000000001
751 0.9752000000000001
752 0.9752000000000001
753 0.9748
754 0.9748
755 0.9748
756 0.9748
757 0.9748
758 0.9748
759 0.9748
760 0.9743999999999999
761 0.9743999999999999
762 0.9740000000000001
763 0.9736
764 0.9736
765 0.9736
766 0.9736
767 0.9736
768 0.9736
769 0.9736
770 0.9736
771 0.9736
772 0.9732
773 0.9727999999999999
774 0.9727999999999999
775 0.9727999999999999
776 0.9727999999999999
777 0.9727999999999999
778 0.9727999999999999
779 0.9727999999999999
780 0.9727999999999999
781 0.9727999999999999
782 0.9727999999999999
783 0.9727999999999999
784 0.9727999999999999
785 0.9723999999999999
786 0.9723999999999999
787 0.9723999999999999
788 0.9723999999999999
789 0.9723999999999999
790 0.9723999999999999
791 0.9723999999999999
792 0.9723999999999999
793 0.9723999999999999
794 0.9723999999999999
795 0.9723999999999999
796 0.972
797 0.972
798 0.972
799 0.972
800 0.972
801 0.972
802 0.972
803 0.972
804 0.972
805 0.972
806 0.972
807 0.972
808 0.972
809 0.972
810 0.972
811 0.972
812 0.9716
813 0.9716
814 0.9716
815 0.9716
816 0.9716
817 0.9716
818 0.9716
819 0.9716
820 0.9716
821 0.9716
822 0.9716
823 0.9716
824 0.9716
825 0.9716
826 0.9716
827 0.9716
828 0.9716
829 0.9716
830 0.9712
831 0.9712
832 0.9712
833 0.9712
834 0.9712
835 0.9712
836 0.9712
837 0.9712
838 0.9712
839 0.9712
840 0.9712
841 0.9712
842 0.9712
843 0.9708
844 0.9708
845 0.9708
846 0.9708
847 0.9708
848 0.9708
849 0.9708
850 0.9708
851 0.9708
852 0.9708
853 0.9708
854 0.9703999999999999
855 0.9703999999999999
856 0.9703999999999999
857 0.97
858 0.97
859 0.97
860 0.9692000000000001
861 0.9692000000000001
862 0.9684
863 0.9684
864 0.9684
865 0.9684
866 0.9684
867 0.9684
868 0.9684
869 0.9684
870 0.9684
871 0.9684
872 0.9684
873 0.9684
874 0.9684
875 0.9684
876 0.968
877 0.968
878 0.968
879 0.968
880 0.968
881 0.968
882 0.968
883 0.968
884 0.968
885 0.968
886 0.9675999999999999
887 0.9675999999999999
888 0.9675999999999999
889 0.9675999999999999
890 0.9675999999999999
891 0.9675999999999999
892 0.9675999999999999
893 0.9675999999999999
894 0.9675999999999999
895 0.9675999999999999
896 0.9672
897 0.9672
898 0.9672
899 0.9672
900 0.9672
901 0.9672
902 0.9672
903 0.9672
904 0.9672
905 0.9667999999999999
906 0.9667999999999999
907 0.9667999999999999
908 0.9667999999999999
909 0.9667999999999999
910 0.9667999999999999
911 0.9667999999999999
912 0.9667999999999999
913 0.9667999999999999
914 0.9667999999999999
915 0.9667999999999999
916 0.9667999999999999
917 0.9664
918 0.9664
919 0.9664
920 0.9664
921 0.966
922 0.966
923 0.966
924 0.966
925 0.966
926 0.966
927 0.966
928 0.966
929 0.966
930 0.966
931 0.966
932 0.966
933 0.9656
934 0.9656
935 0.9656
936 0.9656
937 0.9652
938 0.9652
939 0.9652
940 0.9652
941 0.9652
942 0.9652
943 0.9652
944 0.9652
945 0.9652
946 0.9652
947 0.9652
948 0.9652
949 0.9652
950 0.9652
951 0.9652
952 0.9652
953 0.9652
954 0.9652
955 0.9652
956 0.9652
957 0.9652
958 0.9648
959 0.9648
960 0.9648
961 0.9648
962 0.9648
963 0.9648
964 0.9643999999999999
965 0.9640000000000001
966 0.9640000000000001
967 0.9640000000000001
968 0.9640000000000001
969 0.9640000000000001
970 0.9636000000000001
971 0.9636000000000001
972 0.9636000000000001
973 0.9636000000000001
974 0.9636000000000001
975 0.9636000000000001
976 0.9636000000000001
977 0.9636000000000001
978 0.9636000000000001
979 0.9636000000000001
980 0.9636000000000001
981 0.9636000000000001
982 0.9636000000000001
983 0.9636000000000001
984 0.9636000000000001
985 0.9636000000000001
986 0.9636000000000001
987 0.9636000000000001
988 0.9636000000000001
989 0.9636000000000001
990 0.9636000000000001
991 0.9636000000000001
992 0.9636000000000001
993 0.9636000000000001
994 0.9636000000000001
995 0.9636000000000001
996 0.9632000000000001
997 0.9632000000000001
998 0.9632000000000001
999 0.9632000000000001
1000 0.9632000000000001
1001 0.9632000000000001
1002 0.9632000000000001
1003 0.9632000000000001
1004 0.9628
1005 0.9628
1006 0.9623999999999999
1007 0.9620000000000001
1008 0.9620000000000001
1009 0.9620000000000001
1010 0.9620000000000001
1011 0.9620000000000001
1012 0.9620000000000001
1013 0.9620000000000001
1014 0.9620000000000001
1015 0.9620000000000001
1016 0.9620000000000001
1017 0.9620000000000001
1018 0.9620000000000001
1019 0.9620000000000001
1020 0.9620000000000001
1021 0.9620000000000001
1022 0.9620000000000001
1023 0.9620000000000001
1024 0.9620000000000001
1025 0.9620000000000001
1026 0.9620000000000001
1027 0.9620000000000001
1028 0.9616
1029 0.9616
1030 0.9616
1031 0.9616
1032 0.9616
1033 0.9616
1034 0.9616
1035 0.9616
1036 0.9616
1037 0.9616
1038 0.9616
1039 0.9616
1040 0.9616
1041 0.9616
1042 0.9616
1043 0.9616
1044 0.9611999999999999
1045 0.9611999999999999
1046 0.9611999999999999
1047 0.9611999999999999
1048 0.9611999999999999
1049 0.9611999999999999
1050 0.9611999999999999
1051 0.9611999999999999
1052 0.9611999999999999
1053 0.9608
1054 0.9608
1055 0.9608
1056 0.9608
1057 0.9608
1058 0.9608
1059 0.9608
1060 0.9603999999999999
1061 0.9603999999999999
1062 0.9603999999999999
1063 0.9603999999999999
1064 0.96
1065 0.96
1066 0.96
1067 0.96
1068 0.96
1069 0.96
1070 0.96
1071 0.96
1072 0.96
1073 0.96
1074 0.96
1075 0.96
1076 0.96
1077 0.96
1078 0.96
1079 0.96
1080 0.96
1081 0.96
1082 0.96
1083 0.96
1084 0.96
1085 0.96
1086 0.96
1087 0.96
1088 0.96
1089 0.96
1090 0.96
1091 0.96
1092 0.96
1093 0.96
1094 0.96
1095 0.96
1096 0.96
1097 0.96
1098 0.96
1099 0.96
1100 0.96
1101 0.96
1102 0.96
1103 0.96
1104 0.96
1105 0.96
1106 0.96
1107 0.96
1108 0.96
1109 0.96
1110 0.96
1111 0.9595999999999999
1112 0.9595999999999999
1113 0.9595999999999999
1114 0.9595999999999999
1115 0.9595999999999999
1116 0.9595999999999999
1117 0.9595999999999999
1118 0.9595999999999999
1119 0.9595999999999999
1120 0.9595999999999999
1121 0.9595999999999999
1122 0.9595999999999999
1123 0.9595999999999999
1124 0.9595999999999999
1125 0.9595999999999999
1126 0.9595999999999999
1127 0.9595999999999999
1128 0.9595999999999999
1129 0.9595999999999999
1130 0.9595999999999999
1131 0.9595999999999999
1132 0.9595999999999999
1133 0.9595999999999999
1134 0.9595999999999999
1135 0.9595999999999999
1136 0.9595999999999999
1137 0.9595999999999999
1138 0.9591999999999998
1139 0.9591999999999998
1140 0.9588
1141 0.9588
1142 0.9588
1143 0.9588
1144 0.9588
1145 0.9588
1146 0.9588
1147 0.9588
1148 0.9588
1149 0.9588
1150 0.9588
1151 0.9584
1152 0.9584
1153 0.9584
1154 0.9584
1155 0.9584
1156 0.9584
1157 0.9584
1158 0.9584
1159 0.9584
1160 0.9584
1161 0.9584
1162 0.9584
1163 0.9584
1164 0.9584
1165 0.9584
1166 0.9584
1167 0.9584
1168 0.9584
1169 0.9584
1170 0.9584
1171 0.9584
1172 0.9584
1173 0.9584
1174 0.9584
1175 0.9584
1176 0.9584
1177 0.9584
1178 0.9584
1179 0.9584
1180 0.9584
1181 0.9584
1182 0.9584
1183 0.9584
1184 0.9584
1185 0.9584
1186 0.9584
1187 0.9584
1188 0.9584
1189 0.9584
1190 0.9584
1191 0.9584
1192 0.9580000000000001
1193 0.9580000000000001
1194 0.9580000000000001
1195 0.9580000000000001
1196 0.9580000000000001
1197 0.9580000000000001
1198 0.9580000000000001
1199 0.9580000000000001
1200 0.9580000000000001
1201 0.9580000000000001
1202 0.9580000000000001
1203 0.9580000000000001
1204 0.9580000000000001
1205 0.9576
1206 0.9576
1207 0.9576
1208 0.9576
1209 0.9576
1210 0.9576
1211 0.9576
1212 0.9576
1213 0.9576
1214 0.9576
1215 0.9576
1216 0.9576
1217 0.9576
1218 0.9576
1219 0.9576
1220 0.9576
1221 0.9576
1222 0.9576
1223 0.9576
1224 0.9576
1225 0.9576
1226 0.9576
1227 0.9576
1228 0.9576
1229 0.9576
1230 0.9576
1231 0.9576
1232 0.9571999999999999
1233 0.9571999999999999
1234 0.9571999999999999
1235 0.9571999999999999
1236 0.9571999999999999
1237 0.9571999999999999
1238 0.9571999999999999
1239 0.9571999999999999
1240 0.9571999999999999
1241 0.9571999999999999
1242 0.9567999999999999
1243 0.9567999999999999
1244 0.9567999999999999
1245 0.9567999999999999
1246 0.9567999999999999
1247 0.9567999999999999
1248 0.9567999999999999
1249 0.9567999999999999
1250 0.9567999999999999
1251 0.9567999999999999
1252 0.9567999999999999
1253 0.9567999999999999
1254 0.9567999999999999
1255 0.9563999999999999
1256 0.9563999999999999
1257 0.9563999999999999
1258 0.956
1259 0.956
1260 0.956
1261 0.956
1262 0.956
1263 0.956
1264 0.956
1265 0.956
1266 0.956
1267 0.956
1268 0.956
1269 0.956
1270 0.9555999999999999
1271 0.9551999999999998
1272 0.9547999999999999
1273 0.9547999999999999
1274 0.9547999999999999
1275 0.9547999999999999
1276 0.9547999999999999
1277 0.9547999999999999
1278 0.9547999999999999
1279 0.9547999999999999
1280 0.9547999999999999
1281 0.9547999999999999
1282 0.9547999999999999
1283 0.9547999999999999
1284 0.9544
1285 0.9544
1286 0.9544
1287 0.9544
1288 0.9544
1289 0.9544
1290 0.9544
1291 0.9544
1292 0.9544
1293 0.9544
1294 0.9544
1295 0.9544
1296 0.9544
1297 0.9544
1298 0.9544
1299 0.9544
1300 0.9544
1301 0.9544
1302 0.9544
1303 0.9544
1304 0.9544
1305 0.9544
1306 0.9544
1307 0.9544
1308 0.9544
1309 0.9544
1310 0.9544
1311 0.9544
1312 0.9544
1313 0.9544
1314 0.9544
1315 0.9544
1316 0.9544
1317 0.9544
1318 0.9544
1319 0.9544
1320 0.9544
1321 0.9544
1322 0.9544
1323 0.9544
1324 0.9544
1325 0.9544
1326 0.9544
1327 0.9544
1328 0.9544
1329 0.9544
1330 0.9544
1331 0.954
1332 0.954
1333 0.954
1334 0.954
1335 0.954
1336 0.954
1337 0.954
1338 0.9536
1339 0.9536
1340 0.9536
1341 0.9536
1342 0.9536
1343 0.9536
1344 0.9536
1345 0.9536
1346 0.9532
1347 0.9532
1348 0.9532
1349 0.9528
1350 0.9528
1351 0.9524000000000001
1352 0.9524000000000001
1353 0.9524000000000001
1354 0.9524000000000001
1355 0.9524000000000001
1356 0.9524000000000001
1357 0.9524000000000001
1358 0.9524000000000001
1359 0.9524000000000001
1360 0.9524000000000001
1361 0.9524000000000001
1362 0.9524000000000001
1363 0.9524000000000001
1364 0.9524000000000001
1365 0.9524000000000001
1366 0.9524000000000001
1367 0.9524000000000001
1368 0.9524000000000001
1369 0.9524000000000001
1370 0.9524000000000001
1371 0.9524000000000001
1372 0.9524000000000001
1373 0.9524000000000001
1374 0.9520000000000001
1375 0.9520000000000001
1376 0.9520000000000001
1377 0.9520000000000001
1378 0.9520000000000001
1379 0.9520000000000001
1380 0.9520000000000001
1381 0.9520000000000001
1382 0.9520000000000001
1383 0.9520000000000001
1384 0.9520000000000001
1385 0.9520000000000001
1386 0.9520000000000001
1387 0.9520000000000001
1388 0.9516
1389 0.9516
1390 0.9516
1391 0.9512
1392 0.9512
1393 0.9512
1394 0.9512
1395 0.9508
1396 0.9508
1397 0.9508
1398 0.9508
1399 0.9508
1400 0.9508
1401 0.9508
1402 0.9508
1403 0.9508
1404 0.9508
1405 0.9508
1406 0.9508
1407 0.9508
1408 0.9508
1409 0.9508
1410 0.9508
1411 0.9508
1412 0.9508
1413 0.9508
1414 0.9503999999999999
1415 0.9503999999999999
1416 0.9503999999999999
1417 0.9503999999999999
1418 0.9503999999999999
1419 0.9499999999999998
1420 0.9499999999999998
1421 0.9495999999999999
1422 0.9495999999999999
1423 0.9492
1424 0.9492
1425 0.9492
1426 0.9492
1427 0.9492
1428 0.9492
1429 0.9492
1430 0.9492
1431 0.9492
1432 0.9492
1433 0.9492
1434 0.9492
1435 0.9492
1436 0.9492
1437 0.9492
1438 0.9492
1439 0.9492
1440 0.9492
1441 0.9492
1442 0.9492
1443 0.9488
1444 0.9488
1445 0.9488
1446 0.9488
1447 0.9483999999999999
1448 0.9483999999999999
1449 0.9483999999999999
1450 0.9483999999999999
1451 0.9483999999999999
1452 0.9483999999999999
1453 0.9479999999999998
1454 0.9479999999999998
1455 0.9479999999999998
1456 0.9479999999999998
1457 0.9479999999999998
1458 0.9479999999999998
1459 0.9479999999999998
1460 0.9479999999999998
1461 0.9479999999999998
1462 0.9479999999999998
1463 0.9479999999999998
1464 0.9479999999999998
1465 0.9479999999999998
1466 0.9479999999999998
1467 0.9479999999999998
1468 0.9479999999999998
1469 0.9479999999999998
1470 0.9479999999999998
1471 0.9479999999999998
1472 0.9479999999999998
1473 0.9479999999999998
1474 0.9479999999999998
1475 0.9479999999999998
1476 0.9479999999999998
1477 0.9479999999999998
1478 0.9479999999999998
1479 0.9479999999999998
1480 0.9475999999999999
1481 0.9475999999999999
1482 0.9472
1483 0.9472
1484 0.9472
1485 0.9472
1486 0.9472
1487 0.9472
1488 0.9472
1489 0.9472
1490 0.9472
1491 0.9472
1492 0.9472
1493 0.9472
1494 0.9472
1495 0.9472
1496 0.9472
1497 0.9472
1498 0.9472
1499 0.9472
1500 0.9472
1501 0.9472
1502 0.9472
1503 0.9472
1504 0.9472
1505 0.9472
1506 0.9472
1507 0.9472
1508 0.9472
1509 0.9472
1510 0.9472
1511 0.9472
1512 0.9472
1513 0.9472
1514 0.9472
1515 0.9472
1516 0.9468
1517 0.9463999999999999
1518 0.9463999999999999
1519 0.9463999999999999
1520 0.9463999999999999
1521 0.9463999999999999
1522 0.9463999999999999
1523 0.9463999999999999
1524 0.9463999999999999
1525 0.9463999999999999
1526 0.9463999999999999
1527 0.9463999999999999
1528 0.9459999999999998
1529 0.9459999999999998
1530 0.9459999999999998
1531 0.9455999999999999
1532 0.9455999999999999
1533 0.9455999999999999
1534 0.9455999999999999
1535 0.9455999999999999
1536 0.9455999999999999
1537 0.9455999999999999
1538 0.9455999999999999
1539 0.9455999999999999
1540 0.9455999999999999
1541 0.9455999999999999
1542 0.9455999999999999
1543 0.9455999999999999
1544 0.9455999999999999
1545 0.9451999999999999
1546 0.9451999999999999
1547 0.9451999999999999
1548 0.9451999999999999
1549 0.9451999999999999
1550 0.9451999999999999
1551 0.9451999999999999
1552 0.9451999999999999
1553 0.9447999999999999
1554 0.9447999999999999
1555 0.9447999999999999
1556 0.9447999999999999
1557 0.9447999999999999
1558 0.9447999999999999
1559 0.9447999999999999
1560 0.9447999999999999
1561 0.9447999999999999
1562 0.9447999999999999
1563 0.9447999999999999
1564 0.9447999999999999
1565 0.9444
1566 0.9444
1567 0.9440000000000001
1568 0.9440000000000001
1569 0.9440000000000001
1570 0.9440000000000001
1571 0.9440000000000001
1572 0.9440000000000001
1573 0.9440000000000001
1574 0.9440000000000001
1575 0.9440000000000001
1576 0.9440000000000001
1577 0.9440000000000001
1578 0.9440000000000001
1579 0.9440000000000001
1580 0.9440000000000001
1581 0.9440000000000001
1582 0.9440000000000001
1583 0.9440000000000001
1584 0.9440000000000001
1585 0.9440000000000001
1586 0.9440000000000001
1587 0.9440000000000001
1588 0.9440000000000001
1589 0.9440000000000001
1590 0.9440000000000001
1591 0.9436000000000001
1592 0.9436000000000001
1593 0.9436000000000001
1594 0.9432
1595 0.9432
1596 0.9432
1597 0.9432
1598 0.9432
1599 0.9432
1600 0.9432
1601 0.9432
1602 0.9432
1603 0.9432
1604 0.9432
1605 0.9432
1606 0.9432
1607 0.9432
1608 0.9432
1609 0.9432
1610 0.9432
1611 0.9432
1612 0.9428
1613 0.9428
1614 0.9428
1615 0.9428
1616 0.9428
1617 0.9428
1618 0.9428
1619 0.9428
1620 0.9428
1621 0.9428
1622 0.9428
1623 0.9428
1624 0.9428
1625 0.9428
1626 0.9428
1627 0.9428
1628 0.9428
1629 0.9428
1630 0.9428
1631 0.9428
1632 0.9428
1633 0.9428
1634 0.9428
1635 0.9428
1636 0.9428
1637 0.9428
1638 0.9428
1639 0.9428
1640 0.9428
1641 0.9428
1642 0.9428
1643 0.9428
1644 0.9428
1645 0.9428
1646 0.9428
1647 0.9428
1648 0.9423999999999999
1649 0.9423999999999999
1650 0.9423999999999999
1651 0.9423999999999999
1652 0.9423999999999999
1653 0.9423999999999999
1654 0.9423999999999999
1655 0.9423999999999999
1656 0.9423999999999999
1657 0.9423999999999999
1658 0.9423999999999999
1659 0.9423999999999999
1660 0.9423999999999999
1661 0.9423999999999999
1662 0.9423999999999999
1663 0.9423999999999999
1664 0.9423999999999999
1665 0.9423999999999999
1666 0.9423999999999999
1667 0.9423999999999999
1668 0.9423999999999999
1669 0.9423999999999999
1670 0.9423999999999999
1671 0.9423999999999999
1672 0.9423999999999999
1673 0.9423999999999999
1674 0.9423999999999999
1675 0.9423999999999999
1676 0.9423999999999999
1677 0.9423999999999999
1678 0.9423999999999999
1679 0.9419999999999998
1680 0.9419999999999998
1681 0.9419999999999998
1682 0.9419999999999998
1683 0.9419999999999998
1684 0.9419999999999998
1685 0.9419999999999998
1686 0.9419999999999998
1687 0.9419999999999998
1688 0.9419999999999998
1689 0.9419999999999998
1690 0.9419999999999998
1691 0.9419999999999998
1692 0.9419999999999998
1693 0.9419999999999998
1694 0.9419999999999998
1695 0.9419999999999998
1696 0.9419999999999998
1697 0.9419999999999998
1698 0.9419999999999998
1699 0.9419999999999998
1700 0.9419999999999998
1701 0.9419999999999998
1702 0.9419999999999998
1703 0.9419999999999998
1704 0.9419999999999998
1705 0.9416
1706 0.9416
1707 0.9416
1708 0.9416
1709 0.9416
1710 0.9416
1711 0.9416
1712 0.9416
1713 0.9416
1714 0.9416
1715 0.9412
1716 0.9412
1717 0.9412
1718 0.9412
1719 0.9412
1720 0.9412
1721 0.9412
1722 0.9412
1723 0.9412
1724 0.9412
1725 0.9412
1726 0.9412
1727 0.9412
1728 0.9408
1729 0.9408
1730 0.9408
1731 0.9408
1732 0.9408
1733 0.9408
1734 0.9403999999999999
1735 0.9403999999999999
1736 0.9403999999999999
1737 0.9403999999999999
1738 0.9403999999999999
1739 0.9403999999999999
1740 0.9403999999999999
1741 0.94
1742 0.9396
1743 0.9391999999999999
1744 0.9391999999999999
1745 0.9391999999999999
1746 0.9391999999999999
1747 0.9391999999999999
1748 0.9391999999999999
1749 0.9391999999999999
1750 0.9391999999999999
1751 0.9391999999999999
1752 0.9391999999999999
1753 0.9391999999999999
1754 0.9391999999999999
1755 0.9391999999999999
1756 0.9391999999999999
1757 0.9391999999999999
1758 0.9391999999999999
1759 0.9391999999999999
1760 0.9391999999999999
1761 0.9391999999999999
1762 0.9391999999999999
1763 0.9391999999999999
1764 0.9391999999999999
1765 0.9391999999999999
1766 0.9391999999999999
1767 0.9391999999999999
1768 0.9391999999999999
1769 0.9391999999999999
1770 0.9391999999999999
1771 0.9388
1772 0.9388
1773 0.9388
1774 0.9388
1775 0.9383999999999999
1776 0.9383999999999999
1777 0.9383999999999999
1778 0.9383999999999999
1779 0.9383999999999999
1780 0.9383999999999999
1781 0.9383999999999999
1782 0.9383999999999999
1783 0.9383999999999999
1784 0.9383999999999999
1785 0.9383999999999999
1786 0.9383999999999999
1787 0.9383999999999999
1788 0.9383999999999999
1789 0.9383999999999999
1790 0.9383999999999999
1791 0.9383999999999999
1792 0.9383999999999999
1793 0.9383999999999999
1794 0.9383999999999999
1795 0.9383999999999999
1796 0.9383999999999999
1797 0.9383999999999999
1798 0.9383999999999999
1799 0.9383999999999999
1800 0.9383999999999999
1801 0.9383999999999999
1802 0.9383999999999999
1803 0.9383999999999999
1804 0.9383999999999999
1805 0.9383999999999999
1806 0.9383999999999999
1807 0.9383999999999999
1808 0.9383999999999999
1809 0.9383999999999999
1810 0.9379999999999998
1811 0.9379999999999998
1812 0.9379999999999998
1813 0.9379999999999998
1814 0.9379999999999998
1815 0.9379999999999998
1816 0.9379999999999998
1817 0.9379999999999998
1818 0.9379999999999998
1819 0.9379999999999998
1820 0.9379999999999998
1821 0.9379999999999998
1822 0.9379999999999998
1823 0.9379999999999998
1824 0.9379999999999998
1825 0.9375999999999999
1826 0.9375999999999999
1827 0.9375999999999999
1828 0.9375999999999999
1829 0.9375999999999999
1830 0.9375999999999999
1831 0.9375999999999999
1832 0.9375999999999999
1833 0.9375999999999999
1834 0.9375999999999999
1835 0.9375999999999999
1836 0.9375999999999999
1837 0.9375999999999999
1838 0.9375999999999999
1839 0.9375999999999999
1840 0.9375999999999999
1841 0.9375999999999999
1842 0.9375999999999999
1843 0.9375999999999999
1844 0.9375999999999999
1845 0.9371999999999998
1846 0.9371999999999998
1847 0.9371999999999998
1848 0.9371999999999998
1849 0.9367999999999997
1850 0.9367999999999997
1851 0.9363999999999999
1852 0.9363999999999999
1853 0.9363999999999999
1854 0.9363999999999999
1855 0.9363999999999999
1856 0.9363999999999999
1857 0.9363999999999999
1858 0.9363999999999999
1859 0.9363999999999999
1860 0.9363999999999999
1861 0.9363999999999999
1862 0.9363999999999999
1863 0.9363999999999999
1864 0.9359999999999999
1865 0.9359999999999999
1866 0.9359999999999999
1867 0.9359999999999999
1868 0.9359999999999999
1869 0.9359999999999999
1870 0.9359999999999999
1871 0.9359999999999999
1872 0.9359999999999999
1873 0.9359999999999999
1874 0.9359999999999999
1875 0.9359999999999999
1876 0.9359999999999999
1877 0.9356
1878 0.9356
1879 0.9356
1880 0.9356
1881 0.9356
1882 0.9356
1883 0.9356
1884 0.9356
1885 0.9356
1886 0.9356
1887 0.9356
1888 0.9356
1889 0.9356
1890 0.9356
1891 0.9356
1892 0.9356
1893 0.9356
1894 0.9356
1895 0.9356
1896 0.9356
1897 0.9356
1898 0.9356
1899 0.9356
1900 0.9356
1901 0.9356
1902 0.9356
1903 0.9356
1904 0.9356
1905 0.9356
1906 0.9356
1907 0.9351999999999999
1908 0.9351999999999999
1909 0.9351999999999999
1910 0.9351999999999999
1911 0.9351999999999999
1912 0.9351999999999999
1913 0.9351999999999999
1914 0.9351999999999999
1915 0.9351999999999999
1916 0.9347999999999999
1917 0.9347999999999999
1918 0.9347999999999999
1919 0.9347999999999999
1920 0.9347999999999999
1921 0.9347999999999999
1922 0.9347999999999999
1923 0.9347999999999999
1924 0.9347999999999999
1925 0.9347999999999999
1926 0.9347999999999999
1927 0.9347999999999999
1928 0.9347999999999999
1929 0.9347999999999999
1930 0.9347999999999999
1931 0.9347999999999999
1932 0.9347999999999999
1933 0.9347999999999999
1934 0.9347999999999999
1935 0.9343999999999998
1936 0.9343999999999998
1937 0.9343999999999998
1938 0.9339999999999999
1939 0.9339999999999999
1940 0.9339999999999999
1941 0.9339999999999999
1942 0.9339999999999999
1943 0.9339999999999999
1944 0.9339999999999999
1945 0.9335999999999999
1946 0.9335999999999999
1947 0.9335999999999999
1948 0.9335999999999999
1949 0.9335999999999999
1950 0.9335999999999999
1951 0.9335999999999999
1952 0.9335999999999999
1953 0.9335999999999999
1954 0.9335999999999999
1955 0.9335999999999999
1956 0.9335999999999999
1957 0.9335999999999999
1958 0.9335999999999999
1959 0.9335999999999999
1960 0.9335999999999999
1961 0.9331999999999999
1962 0.9331999999999999
1963 0.9331999999999999
1964 0.9331999999999999
1965 0.9331999999999999
1966 0.9331999999999999
1967 0.9331999999999999
1968 0.9331999999999999
1969 0.9331999999999999
1970 0.9331999999999999
1971 0.9331999999999999
1972 0.9331999999999999
1973 0.9331999999999999
1974 0.9331999999999999
1975 0.9331999999999999
1976 0.9331999999999999
1977 0.9331999999999999
1978 0.9331999999999999
1979 0.9331999999999999
1980 0.9331999999999999
1981 0.9331999999999999
1982 0.9331999999999999
1983 0.9331999999999999
1984 0.9331999999999999
1985 0.9331999999999999
1986 0.9331999999999999
1987 0.9331999999999999
1988 0.9331999999999999
1989 0.9331999999999999
1990 0.9331999999999999
1991 0.9331999999999999
1992 0.9331999999999999
1993 0.9331999999999999
1994 0.9331999999999999
1995 0.9331999999999999
1996 0.9331999999999999
1997 0.9331999999999999
1998 0.9331999999999999
1999 0.9331999999999999
