1 1.0
2 1.0
3 1.0
4 1.0
5 0.998
6 0.9960000000000001
7 0.9940000000000001
8 0.9879999999999999
9 0.984
10 0.982
11 0.9800000000000001
12 0.978
13 0.9659999999999999
14 0.96
15 0.9559999999999998
16 0.954
17 0.952
18 0.952
19 0.9480000000000001
20 0.9439999999999997
21 0.9359999999999999
22 0.9259999999999999
23 0.9179999999999999
24 0.9039999999999999
25 0.9039999999999999
26 0.892
27 0.8879999999999999
28 0.868
29 0.8600000000000001
30 0.8560000000000001
31 0.852
32 0.842
33 0.8320000000000001
34 0.8299999999999998
35 0.826
36 0.8220000000000001
37 0.818
38 0.808
39 0.806
40 0.8039999999999999
41 0.79
42 0.7820000000000001
43 0.78
44 0.7760000000000001
45 0.772
46 0.77
47 0.764
48 0.758
49 0.7539999999999999
50 0.748
51 0.744
52 0.7420000000000001
53 0.74
54 0.736
55 0.7300000000000001
56 0.7300000000000001
57 0.716
58 0.71
59 0.7
60 0.696
61 0.69
62 0.6819999999999999
63 0.6719999999999999
64 0.6679999999999999
65 0.6679999999999999
66 0.662
67 0.656
68 0.656
69 0.6500000000000001
70 0.6479999999999999
71 0.6459999999999999
72 0.6459999999999999
73 0.6439999999999999
74 0.642
75 0.638
76 0.636
77 0.636
78 0.6279999999999999
79 0.6279999999999999
80 0.626
81 0.6220000000000001
82 0.6220000000000001
83 0.6220000000000001
84 0.618
85 0.616
86 0.6120000000000001
87 0.61
88 0.6060000000000001
89 0.6
90 0.6
91 0.5880000000000001
92 0.5860000000000001
93 0.5800000000000001
94 0.5780000000000001
95 0.5740000000000001
96 0.5700000000000001
97 0.5700000000000001
98 0.5600000000000002
99 0.5600000000000002
100 0.558
101 0.554
102 0.554
103 0.554
104 0.55
105 0.546
106 0.544
107 0.544
108 0.538
109 0.538
110 0.536
111 0.536
112 0.534
113 0.534
114 0.534
115 0.5240000000000001
116 0.5200000000000001
117 0.518
118 0.5160000000000001
119 0.514
120 0.508
121 0.506
122 0.504
123 0.504
124 0.502
125 0.5
126 0.49400000000000005
127 0.49400000000000005
128 0.49000000000000005
129 0.488
130 0.48600000000000004
131 0.484
132 0.48200000000000004
133 0.4800000000000001
134 0.476
135 0.47400000000000003
136 0.472
137 0.47000000000000003
138 0.466
139 0.46399999999999997
140 0.458
141 0.458
142 0.454
143 0.45200000000000007
144 0.45
145 0.45
146 0.45
147 0.45
148 0.442
149 0.442
150 0.43999999999999995
151 0.43999999999999995
152 0.43599999999999994
153 0.434
154 0.434
155 0.43199999999999994
156 0.43199999999999994
157 0.43199999999999994
158 0.43199999999999994
159 0.43199999999999994
160 0.43
161 0.426
162 0.42399999999999993
163 0.422
164 0.41999999999999993
165 0.4159999999999999
166 0.4159999999999999
167 0.41200000000000003
168 0.41200000000000003
169 0.41200000000000003
170 0.41
171 0.41
172 0.40800000000000003
173 0.40599999999999997
174 0.404
175 0.404
176 0.404
177 0.404
178 0.40199999999999997
179 0.40199999999999997
180 0.40199999999999997
181 0.39999999999999997
182 0.39999999999999997
183 0.39999999999999997
184 0.39999999999999997
185 0.39999999999999997
186 0.39599999999999996
187 0.39599999999999996
188 0.39399999999999996
189 0.39399999999999996
190 0.39399999999999996
191 0.39399999999999996
192 0.39199999999999996
193 0.38999999999999996
194 0.38799999999999996
195 0.38799999999999996
196 0.38599999999999995
197 0.38599999999999995
198 0.38599999999999995
199 0.38599999999999995
200 0.38399999999999995
201 0.38399999999999995
202 0.38399999999999995
203 0.38199999999999995
204 0.378
205 0.378
206 0.378
207 0.37599999999999995
208 0.37599999999999995
209 0.37599999999999995
210 0.37599999999999995
211 0.374
212 0.374
213 0.374
214 0.374
215 0.374
216 0.374
217 0.374
218 0.37199999999999994
219 0.37199999999999994
220 0.37199999999999994
221 0.37199999999999994
222 0.37199999999999994
223 0.37
224 0.37
225 0.37
226 0.37
227 0.37
228 0.36799999999999994
229 0.36799999999999994
230 0.36799999999999994
231 0.36799999999999994
232 0.36799999999999994
233 0.36799999999999994
234 0.36799999999999994
235 0.36799999999999994
236 0.36799999999999994
237 0.36799999999999994
238 0.36799999999999994
239 0.36799999999999994
240 0.36799999999999994
241 0.36799999999999994
242 0.36799999999999994
243 0.36799999999999994
244 0.36599999999999994
245 0.36599999999999994
246 0.364
247 0.362
248 0.362
249 0.362
250 0.362
251 0.362
252 0.362
253 0.362
254 0.362
255 0.362
256 0.362
257 0.362
258 0.362
259 0.362
260 0.362
261 0.362
262 0.362
263 0.362
264 0.362
265 0.362
266 0.362
267 0.36
268 0.36
269 0.36
270 0.36
271 0.36
272 0.36
273 0.358
274 0.358
275 0.358
276 0.356
277 0.356
278 0.356
279 0.356
280 0.356
281 0.356
282 0.354
283 0.354
284 0.354
285 0.354
286 0.354
287 0.354
288 0.352
289 0.348
290 0.348
291 0.348
292 0.348
293 0.344
294 0.34199999999999997
295 0.34199999999999997
296 0.33999999999999997
297 0.33999999999999997
298 0.33999999999999997
299 0.33999999999999997
300 0.33799999999999997
301 0.33799999999999997
302 0.33799999999999997
303 0.33799999999999997
304 0.33799999999999997
305 0.33799999999999997
306 0.33799999999999997
307 0.33799999999999997
308 0.33799999999999997
309 0.33799999999999997
310 0.33799999999999997
311 0.33799999999999997
312 0.33799999999999997
313 0.33799999999999997
314 0.33799999999999997
315 0.33799999999999997
316 0.33799999999999997
317 0.33799999999999997
318 0.33799999999999997
319 0.33799999999999997
320 0.33799999999999997
321 0.33799999999999997
322 0.33599999999999997
323 0.33399999999999996
324 0.33399999999999996
325 0.33399999999999996
326 0.33399999999999996
327 0.33399999999999996
328 0.33399999999999996
329 0.33399999999999996
330 0.33399999999999996
331 0.33399999999999996
332 0.33399999999999996
333 0.33399999999999996
334 0.33399999999999996
335 0.33399999999999996
336 0.33399999999999996
337 0.33399999999999996
338 0.33399999999999996
339 0.33399999999999996
340 0.33399999999999996
341 0.33399999999999996
342 0.33399999999999996
343 0.33399999999999996
344 0.33399999999999996
345 0.33199999999999996
346 0.33199999999999996
347 0.33199999999999996
348 0.33199999999999996
349 0.33199999999999996
350 0.33199999999999996
351 0.33199999999999996
352 0.33199999999999996
353 0.33199999999999996
354 0.33199999999999996
355 0.33199999999999996
356 0.33199999999999996
357 0.33199999999999996
358 0.33199999999999996
359 0.33199999999999996
360 0.33199999999999996
361 0.33199999999999996
362 0.33199999999999996
363 0.33199999999999996
364 0.33199999999999996
365 0.33199999999999996
366 0.33199999999999996
367 0.33199999999999996
368 0.33199999999999996
369 0.33199999999999996
370 0.33199999999999996
371 0.33199999999999996
372 0.33199999999999996
373 0.33199999999999996
374 0.33199999999999996
375 0.33199999999999996
376 0.33199999999999996
377 0.33199999999999996
378 0.33199999999999996
379 0.33199999999999996
380 0.32999999999999996
381 0.32999999999999996
382 0.32999999999999996
383 0.32999999999999996
384 0.32999999999999996
385 0.32799999999999996
386 0.32799999999999996
387 0.32799999999999996
388 0.32799999999999996
389 0.32799999999999996
390 0.32799999999999996
391 0.32799999999999996
392 0.32799999999999996
393 0.32799999999999996
394 0.32799999999999996
395 0.32799999999999996
396 0.326
397 0.326
398 0.326
399 0.326
400 0.326
401 0.32399999999999995
402 0.32399999999999995
403 0.32399999999999995
404 0.32399999999999995
405 0.32399999999999995
406 0.32399999999999995
407 0.32399999999999995
408 0.32399999999999995
409 0.32399999999999995
410 0.32399999999999995
411 0.32399999999999995
412 0.32399999999999995
413 0.32399999999999995
414 0.32399999999999995
415 0.32199999999999995
416 0.32199999999999995
417 0.32199999999999995
418 0.32199999999999995
419 0.32199999999999995
420 0.32199999999999995
421 0.32199999999999995
422 0.32199999999999995
423 0.32199999999999995
424 0.32199999999999995
425 0.32199999999999995
426 0.32199999999999995
427 0.32199999999999995
428 0.32199999999999995
429 0.32199999999999995
430 0.32
431 0.32
432 0.32
433 0.32
434 0.31800000000000006
435 0.31800000000000006
436 0.31800000000000006
437 0.31800000000000006
438 0.31800000000000006
439 0.31800000000000006
440 0.31800000000000006
441 0.31800000000000006
442 0.316
443 0.316
444 0.316
445 0.316
446 0.316
447 0.316
448 0.316
449 0.316
450 0.316
451 0.316
452 0.316
453 0.316
454 0.314
455 0.314
456 0.314
457 0.314
458 0.314
459 0.314
460 0.312
461 0.312
462 0.312
463 0.312
464 0.312
465 0.312
466 0.312
467 0.312
468 0.312
469 0.312
470 0.312
471 0.312
472 0.312
473 0.312
474 0.312
475 0.312
476 0.312
477 0.312
478 0.312
479 0.312
480 0.312
481 0.312
482 0.312
483 0.312
484 0.312
485 0.312
486 0.31
487 0.31
488 0.31
489 0.31
490 0.31
491 0.308
492 0.308
493 0.306
494 0.306
495 0.306
496 0.306
497 0.306
498 0.306
499 0.306
500 0.306
501 0.306
502 0.306
503 0.304
504 0.304
505 0.304
506 0.304
507 0.304
508 0.304
509 0.304
510 0.304
511 0.304
512 0.304
513 0.304
514 0.304
515 0.304
516 0.304
517 0.304
518 0.304
519 0.304
520 0.304
521 0.304
522 0.304
523 0.304
524 0.30200000000000005
525 0.30200000000000005
526 0.30200000000000005
527 0.30200000000000005
528 0.30200000000000005
529 0.3
530 0.3
531 0.3
532 0.3
533 0.3
534 0.3
535 0.3
536 0.3
537 0.3
538 0.3
539 0.3
540 0.3
541 0.3
542 0.3
543 0.29800000000000004
544 0.29800000000000004
545 0.29600000000000004
546 0.29600000000000004
547 0.29600000000000004
548 0.29600000000000004
549 0.29600000000000004
550 0.294
551 0.294
552 0.294
553 0.294
554 0.294
555 0.294
556 0.294
557 0.294
558 0.294
559 0.294
560 0.294
561 0.294
562 0.292
563 0.292
564 0.292
565 0.292
566 0.292
567 0.292
568 0.292
569 0.292
570 0.292
571 0.292
572 0.292
573 0.292
574 0.292
575 0.292
576 0.292
577 0.292
578 0.292
579 0.292
580 0.292
581 0.292
582 0.292
583 0.292
584 0.292
585 0.292
586 0.292
587 0.292
588 0.292
589 0.292
590 0.292
591 0.29000000000000004
592 0.29000000000000004
593 0.29000000000000004
594 0.29000000000000004
595 0.29000000000000004
596 0.29000000000000004
597 0.29000000000000004
598 0.288
599 0.288
600 0.288
601 0.288
602 0.288
603 0.288
604 0.288
605 0.288
606 0.288
607 0.288
608 0.288
609 0.288
610 0.288
611 0.288
612 0.288
613 0.288
614 0.288
615 0.288
616 0.288
617 0.288
618 0.288
619 0.288
620 0.288
621 0.288
622 0.288
623 0.288
624 0.288
625 0.288
626 0.288
627 0.288
628 0.288
629 0.288
630 0.288
631 0.288
632 0.288
633 0.28600000000000003
634 0.28600000000000003
635 0.28600000000000003
636 0.28600000000000003
637 0.28600000000000003
638 0.28600000000000003
639 0.28600000000000003
640 0.28600000000000003
641 0.28600000000000003
642 0.28600000000000003
643 0.28600000000000003
644 0.28600000000000003
645 0.28600000000000003
646 0.28600000000000003
647 0.28600000000000003
648 0.28600000000000003
649 0.28600000000000003
650 0.28600000000000003
651 0.28600000000000003
652 0.28600000000000003
653 0.28600000000000003
654 0.284
655 0.284
656 0.284
657 0.284
658 0.284
659 0.284
660 0.284
661 0.284
662 0.282
663 0.28
664 0.28
665 0.28
666 0.278
667 0.278
668 0.278
669 0.278
670 0.278
671 0.278
672 0.278
673 0.278
674 0.278
675 0.278
676 0.278
677 0.278
678 0.278
679 0.278
680 0.278
681 0.278
682 0.278
683 0.278
684 0.278
685 0.278
686 0.278
687 0.278
688 0.278
689 0.276
690 0.276
691 0.276
692 0.276
693 0.276
694 0.276
695 0.27399999999999997
696 0.27399999999999997
697 0.27399999999999997
698 0.27399999999999997
699 0.272
700 0.272
701 0.272
702 0.272
703 0.272
704 0.272
705 0.272
706 0.272
707 0.272
708 0.26999999999999996
709 0.26999999999999996
710 0.26999999999999996
711 0.26999999999999996
712 0.26999999999999996
713 0.26999999999999996
714 0.26999999999999996
715 0.26999999999999996
716 0.26999999999999996
717 0.26999999999999996
718 0.26999999999999996
719 0.26999999999999996
720 0.26999999999999996
721 0.26999999999999996
722 0.26999999999999996
723 0.26999999999999996
724 0.26999999999999996
725 0.26999999999999996
726 0.26999999999999996
727 0.26999999999999996
728 0.26999999999999996
729 0.26999999999999996
730 0.26999999999999996
731 0.268
732 0.268
733 0.268
734 0.268
735 0.268
736 0.268
737 0.268
738 0.268
739 0.26599999999999996
740 0.26599999999999996
741 0.26599999999999996
742 0.26599999999999996
743 0.26599999999999996
744 0.26599999999999996
745 0.26599999999999996
746 0.26599999999999996
747 0.26599999999999996
748 0.26599999999999996
749 0.26599999999999996
750 0.26599999999999996
751 0.26599999999999996
752 0.26599999999999996
753 0.26599999999999996
754 0.26599999999999996
755 0.264
756 0.264
757 0.264
758 0.264
759 0.264
760 0.264
761 0.264
762 0.26199999999999996
763 0.26199999999999996
764 0.26199999999999996
765 0.26199999999999996
766 0.26199999999999996
767 0.26199999999999996
768 0.26199999999999996
769 0.26199999999999996
770 0.26199999999999996
771 0.26199999999999996
772 0.26199999999999996
773 0.26199999999999996
774 0.26199999999999996
775 0.26199999999999996
776 0.26199999999999996
777 0.26199999999999996
778 0.26199999999999996
779 0.26199999999999996
780 0.26199999999999996
781 0.26
782 0.26
783 0.26
784 0.26
785 0.26
786 0.26
787 0.26
788 0.26
789 0.26
790 0.26
791 0.26
792 0.26
793 0.26
794 0.26
795 0.26
796 0.26
797 0.26
798 0.26
799 0.26
800 0.26
801 0.258
802 0.258
803 0.258
804 0.258
805 0.258
806 0.258
807 0.258
808 0.258
809 0.258
810 0.258
811 0.258
812 0.258
813 0.258
814 0.258
815 0.258
816 0.258
817 0.258
818 0.256
819 0.256
820 0.256
821 0.256
822 0.256
823 0.256
824 0.256
825 0.256
826 0.256
827 0.256
828 0.256
829 0.256
830 0.256
831 0.256
832 0.256
833 0.256
834 0.256
835 0.256
836 0.256
837 0.256
838 0.256
839 0.256
840 0.256
841 0.256
842 0.256
843 0.256
844 0.256
845 0.256
846 0.256
847 0.256
848 0.256
849 0.256
850 0.256
851 0.256
852 0.256
853 0.256
854 0.256
855 0.256
856 0.256
857 0.256
858 0.256
859 0.256
860 0.256
861 0.256
862 0.256
863 0.256
864 0.256
865 0.256
866 0.256
867 0.256
868 0.256
869 0.256
870 0.256
871 0.256
872 0.256
873 0.256
874 0.256
875 0.256
876 0.256
877 0.256
878 0.256
879 0.256
880 0.256
881 0.256
882 0.256
883 0.256
884 0.256
885 0.256
886 0.256
887 0.256
888 0.256
889 0.256
890 0.256
891 0.256
892 0.256
893 0.254
894 0.254
895 0.254
896 0.254
897 0.254
898 0.254
899 0.254
900 0.254
901 0.254
902 0.254
903 0.254
904 0.254
905 0.254
906 0.254
907 0.254
908 0.254
909 0.254
910 0.254
911 0.254
912 0.254
913 0.254
914 0.254
915 0.254
916 0.254
917 0.254
918 0.254
919 0.254
920 0.254
921 0.254
922 0.254
923 0.254
924 0.254
925 0.252
926 0.252
927 0.252
928 0.252
929 0.252
930 0.252
931 0.252
932 0.252
933 0.25
934 0.25
935 0.25
936 0.25
937 0.25
938 0.25
939 0.25
940 0.25
941 0.25
942 0.25
943 0.25
944 0.25
945 0.25
946 0.25
947 0.25
948 0.25
949 0.25
950 0.25
951 0.25
952 0.25
953 0.25
954 0.25
955 0.25
956 0.25
957 0.25
958 0.25
959 0.25
960 0.25
961 0.25
962 0.25
963 0.25
964 0.25
965 0.25
966 0.25
967 0.25
968 0.25
969 0.25
970 0.25
971 0.25
972 0.25
973 0.25
974 0.25
975 0.25
976 0.25
977 0.25
978 0.25
979 0.248
980 0.248
981 0.248
982 0.248
983 0.248
984 0.248
985 0.248
986 0.248
987 0.248
988 0.248
989 0.248
990 0.248
991 0.248
992 0.248
993 0.248
994 0.248
995 0.248
996 0.248
997 0.248
998 0.248
999 0.248
