1 1.0
2 1.0
3 1.0
4 0.9983999999999998
5 0.9947999999999998
6 0.9924
7 0.9887999999999998
8 0.9852
9 0.9836
10 0.9795999999999998
11 0.9783999999999997
12 0.9771999999999998
13 0.9759999999999998
14 0.9731999999999996
15 0.9691999999999997
16 0.9663999999999996
17 0.9627999999999999
18 0.9575999999999999
19 0.9527999999999998
20 0.9491999999999998
21 0.946
22 0.9436
23 0.94
24 0.938
25 0.9351999999999999
26 0.932
27 0.9304000000000002
28 0.9288000000000001
29 0.9248000000000001
30 0.9228000000000001
31 0.9208000000000002
32 0.9151999999999998
33 0.9127999999999998
34 0.9087999999999999
35 0.9067999999999999
36 0.9031999999999998
37 0.9015999999999998
38 0.8992
39 0.8960000000000001
40 0.8948000000000002
41 0.8908000000000001
42 0.8896000000000002
43 0.8860000000000002
44 0.8840000000000002
45 0.8812000000000001
46 0.8788000000000001
47 0.8768
48 0.8748
49 0.8732000000000001
50 0.8724000000000001
51 0.8708
52 0.8687999999999998
53 0.8655999999999999
54 0.8635999999999998
55 0.8611999999999996
56 0.8599999999999995
57 0.8583999999999996
58 0.8555999999999997
59 0.8535999999999995
60 0.8523999999999995
61 0.8507999999999996
62 0.8499999999999994
63 0.8447999999999997
64 0.8427999999999998
65 0.8407999999999999
66 0.8387999999999997
67 0.8375999999999998
68 0.8347999999999997
69 0.8335999999999997
70 0.8307999999999996
71 0.8303999999999998
72 0.8279999999999998
73 0.8267999999999998
74 0.824
75 0.8219999999999998
76 0.8191999999999999
77 0.8164
78 0.8151999999999999
79 0.8144
80 0.8135999999999999
81 0.8127999999999999
82 0.8119999999999998
83 0.8111999999999999
84 0.8108
85 0.8088000000000001
86 0.8076000000000001
87 0.8043999999999998
88 0.8011999999999998
89 0.7999999999999998
90 0.7988
91 0.7968
92 0.7959999999999999
93 0.7931999999999999
94 0.792
95 0.7896000000000001
96 0.7880000000000001
97 0.7872
98 0.7852
99 0.7832000000000001
100 0.7832000000000001
101 0.7824
102 0.7819999999999999
103 0.7811999999999999
104 0.7784
105 0.7768
106 0.7764
107 0.7759999999999999
108 0.7752
109 0.7731999999999999
110 0.7731999999999999
111 0.7728
112 0.7724
113 0.7716
114 0.7704000000000001
115 0.7688000000000001
116 0.7676000000000001
117 0.7659999999999999
118 0.7647999999999999
119 0.7636
120 0.7624
121 0.7612000000000001
122 0.76
123 0.7572
124 0.7572
125 0.7556
126 0.7552000000000001
127 0.7524000000000001
128 0.7512000000000002
129 0.7504000000000002
130 0.7492000000000002
131 0.7476
132 0.7472000000000001
133 0.7460000000000001
134 0.7460000000000001
135 0.7452
136 0.7448
137 0.7432
138 0.7427999999999999
139 0.7419999999999999
140 0.7392
141 0.738
142 0.7371999999999999
143 0.736
144 0.7328000000000001
145 0.7328000000000001
146 0.7324
147 0.7308000000000001
148 0.7292000000000001
149 0.7288
150 0.7275999999999999
151 0.7271999999999998
152 0.7251999999999998
153 0.7239999999999998
154 0.7231999999999998
155 0.7223999999999998
156 0.7219999999999999
157 0.7212
158 0.7212
159 0.7195999999999998
160 0.7175999999999999
161 0.7164
162 0.716
163 0.7155999999999999
164 0.7143999999999999
165 0.714
166 0.7123999999999999
167 0.7104
168 0.7095999999999999
169 0.708
170 0.706
171 0.7055999999999999
172 0.7048000000000001
173 0.7035999999999999
174 0.7023999999999999
175 0.7008
176 0.7003999999999999
177 0.7003999999999999
178 0.7003999999999999
179 0.6992
180 0.6983999999999999
181 0.698
182 0.6975999999999999
183 0.6971999999999998
184 0.6964
185 0.696
186 0.6951999999999999
187 0.6936
188 0.6936
189 0.6932
190 0.6916
191 0.6916
192 0.6916
193 0.69
194 0.6892
195 0.6884
196 0.6872000000000001
197 0.6864000000000001
198 0.6856000000000002
199 0.6852000000000001
200 0.6848000000000001
201 0.6832
202 0.6824000000000001
203 0.682
204 0.682
205 0.6816
206 0.6812
207 0.6804000000000001
208 0.6796000000000001
209 0.6796000000000001
210 0.6784000000000002
211 0.6780000000000002
212 0.6768000000000002
213 0.6764000000000001
214 0.6764000000000001
215 0.6764000000000001
216 0.6764000000000001
217 0.6764000000000001
218 0.6756
219 0.6752000000000001
220 0.6736000000000001
221 0.6732
222 0.6724000000000001
223 0.6712
224 0.6704000000000001
225 0.6692000000000001
226 0.6692000000000001
227 0.6668000000000002
228 0.6664000000000001
229 0.6648000000000002
230 0.6640000000000001
231 0.6632000000000002
232 0.6624000000000001
233 0.6624000000000001
234 0.6624000000000001
235 0.6624000000000001
236 0.6616000000000001
237 0.6616000000000001
238 0.66
239 0.66
240 0.6592
241 0.6592
242 0.6576000000000001
243 0.6568
244 0.6560000000000001
245 0.6556000000000001
246 0.6532000000000001
247 0.6528000000000002
248 0.652
249 0.6516000000000001
250 0.65
251 0.65
252 0.6484000000000001
253 0.648
254 0.6463999999999999
255 0.6455999999999998
256 0.6455999999999998
257 0.6455999999999998
258 0.6452
259 0.6447999999999999
260 0.6447999999999999
261 0.6444
262 0.6444
263 0.6444
264 0.6436
265 0.6431999999999999
266 0.642
267 0.6412
268 0.6408000000000001
269 0.6396000000000002
270 0.638
271 0.6368
272 0.6368
273 0.6360000000000001
274 0.6348000000000001
275 0.6340000000000001
276 0.6336000000000002
277 0.6336000000000002
278 0.6336000000000002
279 0.6332000000000001
280 0.6332000000000001
281 0.6328
282 0.6312000000000001
283 0.6308000000000001
284 0.6292000000000002
285 0.6292000000000002
286 0.6276000000000002
287 0.6268000000000001
288 0.6260000000000001
289 0.6252
290 0.6252
291 0.6248
292 0.6244
293 0.6232
294 0.622
295 0.6216
296 0.6212000000000001
297 0.6204000000000001
298 0.6200000000000001
299 0.6196
300 0.6196
301 0.6188
302 0.618
303 0.6168
304 0.6168
305 0.6156
306 0.6156
307 0.6152000000000001
308 0.6152000000000001
309 0.6148
310 0.6148
311 0.6136
312 0.6132000000000001
313 0.6132000000000001
314 0.6128
315 0.6128
316 0.6123999999999999
317 0.6123999999999999
318 0.612
319 0.6115999999999999
320 0.6115999999999999
321 0.6115999999999999
322 0.6108
323 0.6103999999999999
324 0.6103999999999999
325 0.6099999999999999
326 0.6092
327 0.6092
328 0.6088
329 0.6088
330 0.6088
331 0.6088
332 0.6072
333 0.606
334 0.6056
335 0.6052
336 0.6043999999999999
337 0.6032
338 0.6032
339 0.6032
340 0.6024
341 0.6012000000000001
342 0.6004
343 0.6004
344 0.5996
345 0.5988
346 0.5976
347 0.5964
348 0.5964
349 0.596
350 0.5943999999999999
351 0.594
352 0.5932
353 0.5928
354 0.5924
355 0.5916
356 0.5916
357 0.5912
358 0.5908
359 0.5904
360 0.59
361 0.5896
362 0.5892000000000001
363 0.5884
364 0.5880000000000001
365 0.5876
366 0.5872
367 0.5868
368 0.586
369 0.5852
370 0.5852
371 0.5848
372 0.5848
373 0.5848
374 0.5844
375 0.584
376 0.5836
377 0.5832
378 0.5832
379 0.5828
380 0.5823999999999999
381 0.5811999999999999
382 0.5807999999999999
383 0.5807999999999999
384 0.5803999999999999
385 0.58
386 0.58
387 0.5795999999999999
388 0.5795999999999999
389 0.5795999999999999
390 0.5791999999999998
391 0.5787999999999999
392 0.5779999999999998
393 0.5779999999999998
394 0.5771999999999999
395 0.5759999999999998
396 0.5759999999999998
397 0.5759999999999998
398 0.5755999999999999
399 0.5747999999999999
400 0.5731999999999999
401 0.5728
402 0.5723999999999999
403 0.5723999999999999
404 0.572
405 0.5711999999999999
406 0.5711999999999999
407 0.5704
408 0.57
409 0.57
410 0.5696
411 0.5692
412 0.5688
413 0.5684
414 0.5684
415 0.5684
416 0.5672
417 0.5672
418 0.5668000000000001
419 0.5668000000000001
420 0.5660000000000001
421 0.5656
422 0.5656
423 0.5656
424 0.5652
425 0.5648000000000001
426 0.5648000000000001
427 0.5648000000000001
428 0.5644
429 0.5644
430 0.5644
431 0.5636000000000001
432 0.5636000000000001
433 0.5628
434 0.562
435 0.5616
436 0.5608000000000001
437 0.56
438 0.56
439 0.56
440 0.5596000000000001
441 0.558
442 0.5576000000000001
443 0.5572
444 0.5564000000000001
445 0.5556
446 0.5556
447 0.5548
448 0.5544
449 0.5539999999999999
450 0.5539999999999999
451 0.5536
452 0.5532
453 0.5532
454 0.5532
455 0.5528
456 0.5528
457 0.5528
458 0.5524
459 0.552
460 0.5512
461 0.55
462 0.5496000000000001
463 0.5496000000000001
464 0.5492000000000001
465 0.5488000000000001
466 0.5488000000000001
467 0.5488000000000001
468 0.548
469 0.548
470 0.548
471 0.5476000000000001
472 0.5476000000000001
473 0.5476000000000001
474 0.5468000000000001
475 0.5464000000000001
476 0.5464000000000001
477 0.5456000000000001
478 0.5452000000000001
479 0.5440000000000002
480 0.5432000000000001
481 0.5424000000000001
482 0.5416000000000001
483 0.5412000000000001
484 0.5404000000000001
485 0.5400000000000001
486 0.5396000000000002
487 0.5392000000000001
488 0.5384000000000002
489 0.5384000000000002
490 0.5384000000000002
491 0.5384000000000002
492 0.5384000000000002
493 0.5384000000000002
494 0.5372000000000001
495 0.5368
496 0.5368
497 0.5364000000000001
498 0.5364000000000001
499 0.536
500 0.5356000000000001
501 0.5352000000000001
502 0.5348000000000002
503 0.5348000000000002
504 0.5344000000000001
505 0.5336000000000002
506 0.5336000000000002
507 0.5336000000000002
508 0.5332000000000001
509 0.5332000000000001
510 0.5324000000000001
511 0.5312000000000001
512 0.5304000000000001
513 0.53
514 0.53
515 0.5292000000000001
516 0.5288
517 0.5288
518 0.5284000000000001
519 0.5280000000000001
520 0.5272000000000001
521 0.5264
522 0.526
523 0.526
524 0.5256000000000001
525 0.5256000000000001
526 0.5248
527 0.5248
528 0.5248
529 0.5244000000000001
530 0.524
531 0.524
532 0.5236000000000001
533 0.5232000000000001
534 0.5228
535 0.5224000000000001
536 0.5224000000000001
537 0.5220000000000001
538 0.5220000000000001
539 0.5220000000000001
540 0.5212000000000001
541 0.5212000000000001
542 0.5208000000000002
543 0.5204000000000001
544 0.5204000000000001
545 0.5204000000000001
546 0.5204000000000001
547 0.5196000000000002
548 0.5184000000000001
549 0.5180000000000001
550 0.5176000000000002
551 0.5172000000000001
552 0.5164000000000002
553 0.5164000000000002
554 0.5160000000000001
555 0.5152000000000002
556 0.5152000000000002
557 0.5148000000000001
558 0.5140000000000001
559 0.5136000000000002
560 0.5136000000000002
561 0.5136000000000002
562 0.5128000000000001
563 0.5128000000000001
564 0.5128000000000001
565 0.5128000000000001
566 0.5128000000000001
567 0.5124000000000002
568 0.5116000000000002
569 0.5112000000000002
570 0.5100000000000002
571 0.5096000000000003
572 0.5096000000000003
573 0.5096000000000003
574 0.5088000000000003
575 0.5088000000000003
576 0.5084000000000003
577 0.5076000000000002
578 0.5072000000000002
579 0.5064000000000002
580 0.5060000000000001
581 0.5060000000000001
582 0.5060000000000001
583 0.5056000000000002
584 0.5044000000000002
585 0.5040000000000002
586 0.5040000000000002
587 0.5036000000000002
588 0.5032000000000002
589 0.5028000000000002
590 0.5028000000000002
591 0.5028000000000002
592 0.5028000000000002
593 0.5028000000000002
594 0.5024000000000002
595 0.5024000000000002
596 0.5024000000000002
597 0.5024000000000002
598 0.5020000000000002
599 0.5020000000000002
600 0.5020000000000002
601 0.5020000000000002
602 0.5016000000000003
603 0.5016000000000003
604 0.5008000000000002
605 0.5004000000000003
606 0.5004000000000003
607 0.5004000000000003
608 0.4996000000000002
609 0.4996000000000002
610 0.49880000000000024
611 0.49840000000000023
612 0.49840000000000023
613 0.4980000000000003
614 0.49760000000000026
615 0.49760000000000026
616 0.4972000000000002
617 0.4968000000000002
618 0.4968000000000002
619 0.4968000000000002
620 0.4968000000000002
621 0.4960000000000002
622 0.49560000000000026
623 0.49480000000000024
624 0.49480000000000024
625 0.4944000000000003
626 0.4944000000000003
627 0.4944000000000003
628 0.49400000000000027
629 0.49400000000000027
630 0.4932000000000003
631 0.4932000000000003
632 0.4924000000000003
633 0.4924000000000003
634 0.4920000000000003
635 0.4920000000000003
636 0.4920000000000003
637 0.49160000000000026
638 0.49120000000000025
639 0.49120000000000025
640 0.49120000000000025
641 0.49120000000000025
642 0.4908000000000003
643 0.4904000000000002
644 0.4900000000000002
645 0.4900000000000002
646 0.4900000000000002
647 0.48920000000000025
648 0.48920000000000025
649 0.48920000000000025
650 0.4884000000000002
651 0.4884000000000002
652 0.48760000000000026
653 0.4872000000000003
654 0.4868000000000003
655 0.4868000000000003
656 0.4868000000000003
657 0.4864000000000002
658 0.48600000000000015
659 0.48600000000000015
660 0.48560000000000014
661 0.4848000000000001
662 0.4848000000000001
663 0.4844000000000001
664 0.48400000000000015
665 0.48360000000000014
666 0.48360000000000014
667 0.4828000000000002
668 0.48240000000000016
669 0.48200000000000015
670 0.48200000000000015
671 0.4816000000000002
672 0.4816000000000002
673 0.4816000000000002
674 0.4812000000000001
675 0.48040000000000016
676 0.47920000000000007
677 0.47720000000000007
678 0.47720000000000007
679 0.47720000000000007
680 0.47720000000000007
681 0.47720000000000007
682 0.47720000000000007
683 0.4764000000000001
684 0.4760000000000001
685 0.4760000000000001
686 0.4756000000000001
687 0.4756000000000001
688 0.4756000000000001
689 0.4752000000000001
690 0.4748000000000001
691 0.4748000000000001
692 0.47440000000000004
693 0.47440000000000004
694 0.47360000000000013
695 0.4732000000000001
696 0.4732000000000001
697 0.4732000000000001
698 0.4720000000000001
699 0.4712000000000001
700 0.47040000000000004
701 0.4696000000000001
702 0.46920000000000006
703 0.46800000000000014
704 0.46800000000000014
705 0.4676000000000001
706 0.4672000000000001
707 0.4672000000000001
708 0.4664000000000001
709 0.4664000000000001
710 0.46560000000000007
711 0.46520000000000006
712 0.46520000000000006
713 0.46480000000000005
714 0.46480000000000005
715 0.46440000000000003
716 0.46440000000000003
717 0.46360000000000007
718 0.4628
719 0.46240000000000003
720 0.462
721 0.462
722 0.4616
723 0.46080000000000004
724 0.46080000000000004
725 0.4604000000000001
726 0.4604000000000001
727 0.4600000000000001
728 0.4600000000000001
729 0.4600000000000001
730 0.4600000000000001
731 0.45960000000000006
732 0.45960000000000006
733 0.45960000000000006
734 0.4592000000000001
735 0.4592000000000001
736 0.4588000000000001
737 0.4588000000000001
738 0.4584000000000001
739 0.4584000000000001
740 0.4584000000000001
741 0.45760000000000006
742 0.45760000000000006
743 0.45720000000000005
744 0.4568000000000001
745 0.4568000000000001
746 0.4568000000000001
747 0.45640000000000003
748 0.45640000000000003
749 0.45640000000000003
750 0.45640000000000003
751 0.45640000000000003
752 0.45640000000000003
753 0.456
754 0.456
755 0.456
756 0.456
757 0.456
758 0.456
759 0.45520000000000005
760 0.45480000000000004
761 0.45480000000000004
762 0.45480000000000004
763 0.4544
764 0.4544
765 0.45400000000000007
766 0.4536
767 0.45280000000000004
768 0.45160000000000006
769 0.4508
770 0.4508
771 0.45039999999999997
772 0.45039999999999997
773 0.45039999999999997
774 0.45
775 0.44920000000000004
776 0.44920000000000004
777 0.44839999999999997
778 0.4468
779 0.4468
780 0.4464
781 0.446
782 0.446
783 0.4452
784 0.44439999999999996
785 0.444
786 0.444
787 0.444
788 0.4436
789 0.4436
790 0.4432
791 0.4432
792 0.4428
793 0.4428
794 0.4428
795 0.442
796 0.44160000000000005
797 0.44160000000000005
798 0.44120000000000004
799 0.4408000000000001
800 0.4408000000000001
801 0.4404
802 0.4404
803 0.44
804 0.4396
805 0.4396
806 0.43920000000000003
807 0.4388
808 0.43800000000000006
809 0.43800000000000006
810 0.43800000000000006
811 0.43760000000000004
812 0.43760000000000004
813 0.43720000000000003
814 0.4368000000000001
815 0.4360000000000001
816 0.43520000000000003
817 0.43520000000000003
818 0.43520000000000003
819 0.4348
820 0.43440000000000006
821 0.43440000000000006
822 0.43400000000000005
823 0.43400000000000005
824 0.43400000000000005
825 0.43400000000000005
826 0.43360000000000004
827 0.43360000000000004
828 0.43360000000000004
829 0.43360000000000004
830 0.43360000000000004
831 0.4332000000000001
832 0.4332000000000001
833 0.43160000000000004
834 0.4312
835 0.43080000000000007
836 0.43080000000000007
837 0.43080000000000007
838 0.43080000000000007
839 0.4296
840 0.4292
841 0.4288
842 0.42840000000000006
843 0.42840000000000006
844 0.42840000000000006
845 0.42840000000000006
846 0.42840000000000006
847 0.42840000000000006
848 0.42840000000000006
849 0.42840000000000006
850 0.42840000000000006
851 0.42800000000000005
852 0.42800000000000005
853 0.42760000000000004
854 0.42719999999999997
855 0.42719999999999997
856 0.4264
857 0.4264
858 0.4264
859 0.4264
860 0.4264
861 0.4264
862 0.4264
863 0.426
864 0.426
865 0.426
866 0.426
867 0.426
868 0.426
869 0.426
870 0.426
871 0.426
872 0.426
873 0.426
874 0.42560000000000003
875 0.42560000000000003
876 0.42560000000000003
877 0.42560000000000003
878 0.42560000000000003
879 0.42480000000000007
880 0.42480000000000007
881 0.42480000000000007
882 0.42480000000000007
883 0.42440000000000005
884 0.42440000000000005
885 0.42440000000000005
886 0.42440000000000005
887 0.42440000000000005
888 0.42440000000000005
889 0.42400000000000004
890 0.42400000000000004
891 0.4236000000000001
892 0.4236000000000001
893 0.4236000000000001
894 0.4236000000000001
895 0.4232000000000001
896 0.4232000000000001
897 0.4232000000000001
898 0.4232000000000001
899 0.42280000000000006
900 0.4224000000000001
901 0.4216000000000001
902 0.4216000000000001
903 0.4216000000000001
904 0.42080000000000006
905 0.4204000000000001
906 0.4204000000000001
907 0.4204000000000001
908 0.4204000000000001
909 0.4204000000000001
910 0.4204000000000001
911 0.4196000000000001
912 0.4196000000000001
913 0.4196000000000001
914 0.4192000000000001
915 0.4188000000000001
916 0.4188000000000001
917 0.4188000000000001
918 0.4188000000000001
919 0.4188000000000001
920 0.4188000000000001
921 0.4188000000000001
922 0.4188000000000001
923 0.4180000000000001
924 0.4180000000000001
925 0.4180000000000001
926 0.4180000000000001
927 0.4172000000000001
928 0.4168000000000001
929 0.41600000000000015
930 0.41600000000000015
931 0.41600000000000015
932 0.4152000000000002
933 0.4152000000000002
934 0.4152000000000002
935 0.4152000000000002
936 0.41480000000000017
937 0.41480000000000017
938 0.41480000000000017
939 0.41480000000000017
940 0.41480000000000017
941 0.41480000000000017
942 0.41480000000000017
943 0.41480000000000017
944 0.41480000000000017
945 0.4144000000000002
946 0.4144000000000002
947 0.4144000000000002
948 0.41360000000000013
949 0.41360000000000013
950 0.4124000000000001
951 0.4124000000000001
952 0.4124000000000001
953 0.4120000000000001
954 0.4112000000000001
955 0.4112000000000001
956 0.41080000000000005
957 0.41080000000000005
958 0.41080000000000005
959 0.41080000000000005
960 0.4100000000000001
961 0.4100000000000001
962 0.4100000000000001
963 0.4100000000000001
964 0.4096000000000001
965 0.4096000000000001
966 0.40920000000000006
967 0.40920000000000006
968 0.40920000000000006
969 0.40920000000000006
970 0.4088000000000001
971 0.4084000000000001
972 0.4084000000000001
973 0.4084000000000001
974 0.40800000000000014
975 0.40800000000000014
976 0.40800000000000014
977 0.40760000000000013
978 0.40760000000000013
979 0.40760000000000013
980 0.40760000000000013
981 0.40760000000000013
982 0.40760000000000013
983 0.40760000000000013
984 0.40760000000000013
985 0.40720000000000006
986 0.40720000000000006
987 0.4064000000000001
988 0.4060000000000001
989 0.40560000000000007
990 0.40560000000000007
991 0.40560000000000007
992 0.4048000000000001
993 0.4048000000000001
994 0.4048000000000001
995 0.4048000000000001
996 0.4048000000000001
997 0.4048000000000001
998 0.4048000000000001
999 0.4044000000000001
1000 0.40400000000000014
1001 0.4036000000000001
1002 0.4036000000000001
1003 0.40320000000000017
1004 0.40280000000000016
1005 0.40280000000000016
1006 0.40280000000000016
1007 0.40240000000000015
1008 0.40240000000000015
1009 0.4020000000000001
1010 0.4020000000000001
1011 0.4020000000000001
1012 0.4020000000000001
1013 0.4020000000000001
1014 0.4016000000000001
1015 0.4012000000000001
1016 0.4012000000000001
1017 0.4012000000000001
1018 0.4008000000000001
1019 0.4008000000000001
1020 0.4008000000000001
1021 0.4008000000000001
1022 0.4008000000000001
1023 0.4008000000000001
1024 0.4008000000000001
1025 0.40000000000000013
1026 0.40000000000000013
1027 0.40000000000000013
1028 0.3996000000000002
1029 0.39920000000000017
1030 0.39880000000000015
1031 0.39880000000000015
1032 0.3984000000000001
1033 0.39800000000000013
1034 0.39800000000000013
1035 0.39800000000000013
1036 0.39800000000000013
1037 0.39800000000000013
1038 0.39800000000000013
1039 0.39800000000000013
1040 0.39800000000000013
1041 0.39800000000000013
1042 0.3976000000000001
1043 0.3976000000000001
1044 0.39640000000000014
1045 0.39600000000000013
1046 0.39600000000000013
1047 0.39600000000000013
1048 0.39600000000000013
1049 0.39600000000000013
1050 0.39600000000000013
1051 0.3956000000000002
1052 0.3956000000000002
1053 0.3956000000000002
1054 0.39520000000000016
1055 0.39440000000000014
1056 0.39440000000000014
1057 0.39440000000000014
1058 0.39440000000000014
1059 0.39400000000000013
1060 0.39400000000000013
1061 0.39400000000000013
1062 0.39400000000000013
1063 0.3928000000000001
1064 0.3928000000000001
1065 0.3928000000000001
1066 0.3928000000000001
1067 0.3928000000000001
1068 0.3928000000000001
1069 0.3924000000000001
1070 0.3920000000000001
1071 0.3920000000000001
1072 0.3920000000000001
1073 0.3916000000000001
1074 0.3912000000000001
1075 0.3912000000000001
1076 0.3912000000000001
1077 0.3912000000000001
1078 0.3912000000000001
1079 0.39080000000000015
1080 0.39080000000000015
1081 0.39080000000000015
1082 0.39080000000000015
1083 0.39080000000000015
1084 0.39080000000000015
1085 0.39080000000000015
1086 0.39080000000000015
1087 0.39040000000000014
1088 0.3900000000000001
1089 0.3900000000000001
1090 0.3900000000000001
1091 0.3900000000000001
1092 0.3900000000000001
1093 0.3900000000000001
1094 0.3900000000000001
1095 0.3900000000000001
1096 0.3900000000000001
1097 0.3900000000000001
1098 0.3900000000000001
1099 0.3900000000000001
1100 0.3900000000000001
1101 0.3900000000000001
1102 0.3900000000000001
1103 0.38960000000000017
1104 0.38960000000000017
1105 0.38960000000000017
1106 0.38960000000000017
1107 0.38960000000000017
1108 0.3888000000000001
1109 0.3888000000000001
1110 0.3888000000000001
1111 0.3884000000000001
1112 0.3884000000000001
1113 0.3876000000000001
1114 0.38720000000000016
1115 0.38720000000000016
1116 0.38600000000000007
1117 0.3856000000000001
1118 0.3856000000000001
1119 0.3856000000000001
1120 0.3852000000000001
1121 0.3852000000000001
1122 0.3848000000000001
1123 0.3840000000000001
1124 0.3840000000000001
1125 0.38360000000000016
1126 0.38360000000000016
1127 0.38360000000000016
1128 0.38320000000000015
1129 0.38320000000000015
1130 0.38320000000000015
1131 0.38320000000000015
1132 0.38320000000000015
1133 0.38320000000000015
1134 0.38320000000000015
1135 0.38320000000000015
1136 0.38320000000000015
1137 0.38320000000000015
1138 0.38320000000000015
1139 0.38320000000000015
1140 0.38320000000000015
1141 0.38320000000000015
1142 0.38320000000000015
1143 0.38320000000000015
1144 0.38320000000000015
1145 0.38280000000000014
1146 0.38280000000000014
1147 0.38280000000000014
1148 0.38280000000000014
1149 0.38280000000000014
1150 0.38280000000000014
1151 0.38280000000000014
1152 0.38280000000000014
1153 0.3824000000000002
1154 0.3824000000000002
1155 0.3816000000000001
1156 0.3812000000000001
1157 0.3812000000000001
1158 0.3812000000000001
1159 0.3812000000000001
1160 0.38080000000000014
1161 0.38080000000000014
1162 0.38080000000000014
1163 0.38080000000000014
1164 0.3804000000000001
1165 0.3804000000000001
1166 0.3804000000000001
1167 0.3804000000000001
1168 0.38000000000000006
1169 0.3796000000000001
1170 0.3792000000000001
1171 0.3788000000000001
1172 0.3780000000000001
1173 0.3780000000000001
1174 0.3776000000000001
1175 0.3776000000000001
1176 0.37720000000000015
1177 0.37680000000000013
1178 0.37680000000000013
1179 0.3764000000000001
1180 0.37600000000000017
1181 0.37600000000000017
1182 0.37600000000000017
1183 0.37600000000000017
1184 0.37600000000000017
1185 0.37600000000000017
1186 0.37600000000000017
1187 0.37600000000000017
1188 0.37600000000000017
1189 0.37600000000000017
1190 0.37600000000000017
1191 0.37600000000000017
1192 0.37600000000000017
1193 0.37600000000000017
1194 0.37600000000000017
1195 0.37600000000000017
1196 0.37600000000000017
1197 0.3756000000000001
1198 0.3756000000000001
1199 0.3756000000000001
1200 0.3752000000000001
1201 0.3752000000000001
1202 0.3752000000000001
1203 0.3752000000000001
1204 0.37480000000000013
1205 0.37480000000000013
1206 0.37480000000000013
1207 0.37480000000000013
1208 0.3744000000000001
1209 0.37400000000000005
1210 0.37400000000000005
1211 0.37400000000000005
1212 0.37400000000000005
1213 0.37400000000000005
1214 0.37400000000000005
1215 0.37360000000000004
1216 0.3732000000000001
1217 0.3732000000000001
1218 0.3732000000000001
1219 0.3732000000000001
1220 0.3732000000000001
1221 0.37240000000000006
1222 0.37240000000000006
1223 0.37240000000000006
1224 0.37240000000000006
1225 0.37240000000000006
1226 0.37240000000000006
1227 0.37240000000000006
1228 0.3720000000000001
1229 0.3720000000000001
1230 0.3720000000000001
1231 0.3716000000000001
1232 0.3716000000000001
1233 0.37120000000000014
1234 0.37120000000000014
1235 0.37120000000000014
1236 0.37120000000000014
1237 0.37120000000000014
1238 0.37120000000000014
1239 0.37120000000000014
1240 0.37120000000000014
1241 0.37080000000000013
1242 0.37080000000000013
1243 0.37000000000000016
1244 0.37000000000000016
1245 0.3692000000000001
1246 0.3680000000000001
1247 0.3680000000000001
1248 0.3680000000000001
1249 0.36760000000000015
1250 0.36680000000000007
1251 0.36680000000000007
1252 0.36640000000000006
1253 0.36640000000000006
1254 0.36640000000000006
1255 0.36640000000000006
1256 0.36640000000000006
1257 0.36640000000000006
1258 0.36640000000000006
1259 0.3660000000000001
1260 0.3660000000000001
1261 0.3660000000000001
1262 0.3660000000000001
1263 0.3660000000000001
1264 0.3660000000000001
1265 0.3660000000000001
1266 0.3660000000000001
1267 0.3656000000000001
1268 0.3656000000000001
1269 0.3656000000000001
1270 0.3656000000000001
1271 0.3656000000000001
1272 0.3652000000000001
1273 0.3652000000000001
1274 0.3652000000000001
1275 0.3652000000000001
1276 0.3652000000000001
1277 0.3652000000000001
1278 0.3652000000000001
1279 0.3652000000000001
1280 0.3652000000000001
1281 0.3652000000000001
1282 0.3652000000000001
1283 0.3652000000000001
1284 0.3648
1285 0.3648
1286 0.36440000000000006
1287 0.36440000000000006
1288 0.36440000000000006
1289 0.36440000000000006
1290 0.3636000000000001
1291 0.3632000000000001
1292 0.3632000000000001
1293 0.3632000000000001
1294 0.36280000000000007
1295 0.3624000000000001
1296 0.3624000000000001
1297 0.3624000000000001
1298 0.3624000000000001
1299 0.3624000000000001
1300 0.3624000000000001
1301 0.3624000000000001
1302 0.3624000000000001
1303 0.3624000000000001
1304 0.3624000000000001
1305 0.3624000000000001
1306 0.3624000000000001
1307 0.3624000000000001
1308 0.3624000000000001
1309 0.3624000000000001
1310 0.3620000000000001
1311 0.3620000000000001
1312 0.3620000000000001
1313 0.3620000000000001
1314 0.3616000000000001
1315 0.3616000000000001
1316 0.3616000000000001
1317 0.3616000000000001
1318 0.3616000000000001
1319 0.36120000000000013
1320 0.36120000000000013
1321 0.36120000000000013
1322 0.36080000000000007
1323 0.36040000000000005
1324 0.3600000000000001
1325 0.3600000000000001
1326 0.3600000000000001
1327 0.3600000000000001
1328 0.3592000000000001
1329 0.3592000000000001
1330 0.3592000000000001
1331 0.3592000000000001
1332 0.3592000000000001
1333 0.3588000000000001
1334 0.3588000000000001
1335 0.3588000000000001
1336 0.3588000000000001
1337 0.3584000000000001
1338 0.3584000000000001
1339 0.3584000000000001
1340 0.3584000000000001
1341 0.3584000000000001
1342 0.3584000000000001
1343 0.3580000000000001
1344 0.35760000000000003
1345 0.35760000000000003
1346 0.35760000000000003
1347 0.35760000000000003
1348 0.35760000000000003
1349 0.35760000000000003
1350 0.35760000000000003
1351 0.35760000000000003
1352 0.35760000000000003
1353 0.3572000000000001
1354 0.3572000000000001
1355 0.3572000000000001
1356 0.35680000000000006
1357 0.35680000000000006
1358 0.35680000000000006
1359 0.35680000000000006
1360 0.35680000000000006
1361 0.35640000000000005
1362 0.35640000000000005
1363 0.35640000000000005
1364 0.35640000000000005
1365 0.35640000000000005
1366 0.35640000000000005
1367 0.35640000000000005
1368 0.35640000000000005
1369 0.35640000000000005
1370 0.35640000000000005
1371 0.3560000000000001
1372 0.3560000000000001
1373 0.3556000000000001
1374 0.3556000000000001
1375 0.3556000000000001
1376 0.3556000000000001
1377 0.3552000000000001
1378 0.3548000000000001
1379 0.3548000000000001
1380 0.3548000000000001
1381 0.3548000000000001
1382 0.3544000000000001
1383 0.3544000000000001
1384 0.3544000000000001
1385 0.35400000000000004
1386 0.35400000000000004
1387 0.35400000000000004
1388 0.35400000000000004
1389 0.3536000000000001
1390 0.3536000000000001
1391 0.3536000000000001
1392 0.3536000000000001
1393 0.3536000000000001
1394 0.3536000000000001
1395 0.3536000000000001
1396 0.3536000000000001
1397 0.3536000000000001
1398 0.3536000000000001
1399 0.3536000000000001
1400 0.35320000000000007
1401 0.35320000000000007
1402 0.35320000000000007
1403 0.35320000000000007
1404 0.35280000000000006
1405 0.35280000000000006
1406 0.3524000000000001
1407 0.3524000000000001
1408 0.3524000000000001
1409 0.3524000000000001
1410 0.3524000000000001
1411 0.3524000000000001
1412 0.3524000000000001
1413 0.3524000000000001
1414 0.3524000000000001
1415 0.3520000000000001
1416 0.3520000000000001
1417 0.3516
1418 0.3516
1419 0.3516
1420 0.3516
1421 0.3516
1422 0.35120000000000007
1423 0.35120000000000007
1424 0.35120000000000007
1425 0.35120000000000007
1426 0.35120000000000007
1427 0.35120000000000007
1428 0.35080000000000006
1429 0.35080000000000006
1430 0.35040000000000004
1431 0.35040000000000004
1432 0.3500000000000001
1433 0.3496000000000001
1434 0.3496000000000001
1435 0.3496000000000001
1436 0.3496000000000001
1437 0.3496000000000001
1438 0.3496000000000001
1439 0.3496000000000001
1440 0.3496000000000001
1441 0.3496000000000001
1442 0.3496000000000001
1443 0.3496000000000001
1444 0.3496000000000001
1445 0.3496000000000001
1446 0.3496000000000001
1447 0.3496000000000001
1448 0.3496000000000001
1449 0.3496000000000001
1450 0.3496000000000001
1451 0.3496000000000001
1452 0.3496000000000001
1453 0.3496000000000001
1454 0.34920000000000007
1455 0.34920000000000007
1456 0.34920000000000007
1457 0.34920000000000007
1458 0.34920000000000007
1459 0.34920000000000007
1460 0.34920000000000007
1461 0.34920000000000007
1462 0.34920000000000007
1463 0.34920000000000007
1464 0.34920000000000007
1465 0.34920000000000007
1466 0.34920000000000007
1467 0.34920000000000007
1468 0.3484000000000001
1469 0.3484000000000001
1470 0.3484000000000001
1471 0.3484000000000001
1472 0.3484000000000001
1473 0.3480000000000001
1474 0.3480000000000001
1475 0.3480000000000001
1476 0.3480000000000001
1477 0.3480000000000001
1478 0.3480000000000001
1479 0.3480000000000001
1480 0.3480000000000001
1481 0.3480000000000001
1482 0.3480000000000001
1483 0.3480000000000001
1484 0.3480000000000001
1485 0.3480000000000001
1486 0.3480000000000001
1487 0.3480000000000001
1488 0.3480000000000001
1489 0.34760000000000013
1490 0.34760000000000013
1491 0.3472000000000001
1492 0.34680000000000016
1493 0.34640000000000015
1494 0.3460000000000001
1495 0.3456000000000001
1496 0.3456000000000001
1497 0.3456000000000001
1498 0.3456000000000001
1499 0.3452000000000001
1500 0.3452000000000001
1501 0.3452000000000001
1502 0.3452000000000001
1503 0.3452000000000001
1504 0.3452000000000001
1505 0.3448000000000001
1506 0.3448000000000001
1507 0.3448000000000001
1508 0.3448000000000001
1509 0.3444000000000001
1510 0.3444000000000001
1511 0.34400000000000014
1512 0.34400000000000014
1513 0.34400000000000014
1514 0.34400000000000014
1515 0.34400000000000014
1516 0.34400000000000014
1517 0.3436000000000001
1518 0.34320000000000006
1519 0.34320000000000006
1520 0.34320000000000006
1521 0.34320000000000006
1522 0.34320000000000006
1523 0.34320000000000006
1524 0.34320000000000006
1525 0.34320000000000006
1526 0.34320000000000006
1527 0.34320000000000006
1528 0.34320000000000006
1529 0.3428000000000001
1530 0.3420000000000001
1531 0.3420000000000001
1532 0.3420000000000001
1533 0.3420000000000001
1534 0.3420000000000001
1535 0.3420000000000001
1536 0.3420000000000001
1537 0.3420000000000001
1538 0.3416000000000001
1539 0.3416000000000001
1540 0.3416000000000001
1541 0.3416000000000001
1542 0.3412000000000001
1543 0.34080000000000005
1544 0.34080000000000005
1545 0.34080000000000005
1546 0.34040000000000004
1547 0.34040000000000004
1548 0.34040000000000004
1549 0.34040000000000004
1550 0.34040000000000004
1551 0.34040000000000004
1552 0.34040000000000004
1553 0.34040000000000004
1554 0.34040000000000004
1555 0.34040000000000004
1556 0.3400000000000001
1557 0.3400000000000001
1558 0.3400000000000001
1559 0.3400000000000001
1560 0.3400000000000001
1561 0.3400000000000001
1562 0.33960000000000007
1563 0.33960000000000007
1564 0.33960000000000007
1565 0.3392000000000001
1566 0.3392000000000001
1567 0.3392000000000001
1568 0.3392000000000001
1569 0.3392000000000001
1570 0.3392000000000001
1571 0.3388000000000001
1572 0.3388000000000001
1573 0.3384000000000001
1574 0.3384000000000001
1575 0.33800000000000013
1576 0.33800000000000013
1577 0.3376000000000001
1578 0.3376000000000001
1579 0.3376000000000001
1580 0.3376000000000001
1581 0.3376000000000001
1582 0.3376000000000001
1583 0.3376000000000001
1584 0.3376000000000001
1585 0.3376000000000001
1586 0.3376000000000001
1587 0.3376000000000001
1588 0.3376000000000001
1589 0.3376000000000001
1590 0.3376000000000001
1591 0.3376000000000001
1592 0.3376000000000001
1593 0.33720000000000006
1594 0.33680000000000004
1595 0.33680000000000004
1596 0.33680000000000004
1597 0.33680000000000004
1598 0.33640000000000003
1599 0.33640000000000003
1600 0.336
1601 0.336
1602 0.336
1603 0.336
1604 0.3356
1605 0.33520000000000005
1606 0.33480000000000004
1607 0.33480000000000004
1608 0.33480000000000004
1609 0.33480000000000004
1610 0.33480000000000004
1611 0.33480000000000004
1612 0.33480000000000004
1613 0.33440000000000003
1614 0.33440000000000003
1615 0.33360000000000006
1616 0.3328
1617 0.3328
1618 0.3328
1619 0.3328
1620 0.3328
1621 0.33240000000000003
1622 0.33240000000000003
1623 0.332
1624 0.332
1625 0.332
1626 0.332
1627 0.332
1628 0.33160000000000006
1629 0.33160000000000006
1630 0.33120000000000005
1631 0.33120000000000005
1632 0.33120000000000005
1633 0.33120000000000005
1634 0.33120000000000005
1635 0.33120000000000005
1636 0.33080000000000004
1637 0.33080000000000004
1638 0.33080000000000004
1639 0.33080000000000004
1640 0.3304000000000001
1641 0.3304000000000001
1642 0.3304000000000001
1643 0.3304000000000001
1644 0.3304000000000001
1645 0.3304000000000001
1646 0.3304000000000001
1647 0.33000000000000007
1648 0.33000000000000007
1649 0.33000000000000007
1650 0.33000000000000007
1651 0.33000000000000007
1652 0.33000000000000007
1653 0.33000000000000007
1654 0.33000000000000007
1655 0.32960000000000006
1656 0.3292000000000001
1657 0.3292000000000001
1658 0.3292000000000001
1659 0.3292000000000001
1660 0.3292000000000001
1661 0.3292000000000001
1662 0.3284000000000001
1663 0.3284000000000001
1664 0.32760000000000006
1665 0.32760000000000006
1666 0.32760000000000006
1667 0.32760000000000006
1668 0.32720000000000005
1669 0.32720000000000005
1670 0.32720000000000005
1671 0.3268000000000001
1672 0.3268000000000001
1673 0.3268000000000001
1674 0.3268000000000001
1675 0.3264000000000001
1676 0.3264000000000001
1677 0.3264000000000001
1678 0.32600000000000007
1679 0.3256000000000001
1680 0.3256000000000001
1681 0.3252000000000001
1682 0.3252000000000001
1683 0.3248000000000001
1684 0.3248000000000001
1685 0.3244
1686 0.3244
1687 0.3244
1688 0.3244
1689 0.3244
1690 0.3244
1691 0.3244
1692 0.3244
1693 0.3244
1694 0.3244
1695 0.32400000000000007
1696 0.32400000000000007
1697 0.32400000000000007
1698 0.32400000000000007
1699 0.32360000000000005
1700 0.32360000000000005
1701 0.32360000000000005
1702 0.32360000000000005
1703 0.32360000000000005
1704 0.3232000000000001
1705 0.3232000000000001
1706 0.3232000000000001
1707 0.3232000000000001
1708 0.3232000000000001
1709 0.3232000000000001
1710 0.3232000000000001
1711 0.3228000000000001
1712 0.3228000000000001
1713 0.3224000000000001
1714 0.3224000000000001
1715 0.322
1716 0.322
1717 0.322
1718 0.322
1719 0.322
1720 0.322
1721 0.322
1722 0.322
1723 0.32160000000000005
1724 0.32160000000000005
1725 0.32160000000000005
1726 0.32160000000000005
1727 0.32160000000000005
1728 0.32160000000000005
1729 0.32160000000000005
1730 0.32160000000000005
1731 0.32160000000000005
1732 0.32160000000000005
1733 0.32120000000000004
1734 0.32080000000000003
1735 0.3204000000000001
1736 0.3204000000000001
1737 0.3204000000000001
1738 0.3204000000000001
1739 0.31960000000000005
1740 0.31960000000000005
1741 0.31960000000000005
1742 0.31960000000000005
1743 0.31960000000000005
1744 0.31960000000000005
1745 0.31960000000000005
1746 0.31960000000000005
1747 0.31960000000000005
1748 0.31960000000000005
1749 0.31960000000000005
1750 0.31960000000000005
1751 0.3188000000000001
1752 0.3188000000000001
1753 0.3188000000000001
1754 0.3188000000000001
1755 0.3188000000000001
1756 0.3188000000000001
1757 0.3188000000000001
1758 0.3188000000000001
1759 0.3184
1760 0.3184
1761 0.3184
1762 0.3184
1763 0.3184
1764 0.3184
1765 0.31800000000000006
1766 0.31800000000000006
1767 0.31800000000000006
1768 0.31800000000000006
1769 0.31800000000000006
1770 0.31800000000000006
1771 0.31760000000000005
1772 0.31760000000000005
1773 0.31720000000000004
1774 0.31720000000000004
1775 0.31720000000000004
1776 0.31720000000000004
1777 0.3168000000000001
1778 0.3168000000000001
1779 0.31600000000000006
1780 0.31600000000000006
1781 0.31600000000000006
1782 0.31600000000000006
1783 0.31600000000000006
1784 0.31600000000000006
1785 0.31600000000000006
1786 0.31600000000000006
1787 0.31600000000000006
1788 0.31600000000000006
1789 0.31600000000000006
1790 0.31600000000000006
1791 0.3152000000000001
1792 0.3148000000000001
1793 0.3148000000000001
1794 0.3148000000000001
1795 0.3148000000000001
1796 0.3148000000000001
1797 0.3148000000000001
1798 0.3148000000000001
1799 0.3148000000000001
1800 0.3148000000000001
1801 0.3148000000000001
1802 0.3148000000000001
1803 0.3148000000000001
1804 0.3148000000000001
1805 0.3148000000000001
1806 0.3148000000000001
1807 0.3148000000000001
1808 0.31440000000000007
1809 0.31440000000000007
1810 0.31440000000000007
1811 0.31440000000000007
1812 0.31440000000000007
1813 0.31440000000000007
1814 0.31440000000000007
1815 0.31440000000000007
1816 0.31440000000000007
1817 0.31440000000000007
1818 0.31440000000000007
1819 0.31440000000000007
1820 0.31440000000000007
1821 0.31440000000000007
1822 0.31440000000000007
1823 0.3140000000000001
1824 0.3140000000000001
1825 0.3140000000000001
1826 0.3140000000000001
1827 0.3140000000000001
1828 0.3140000000000001
1829 0.3140000000000001
1830 0.3140000000000001
1831 0.3140000000000001
1832 0.3140000000000001
1833 0.3140000000000001
1834 0.3136000000000001
1835 0.3136000000000001
1836 0.3136000000000001
1837 0.3136000000000001
1838 0.3136000000000001
1839 0.3132000000000001
1840 0.3132000000000001
1841 0.3132000000000001
1842 0.3132000000000001
1843 0.3132000000000001
1844 0.3132000000000001
1845 0.3132000000000001
1846 0.3132000000000001
1847 0.31280000000000013
1848 0.31280000000000013
1849 0.31280000000000013
1850 0.31280000000000013
1851 0.31280000000000013
1852 0.31240000000000007
1853 0.31240000000000007
1854 0.31240000000000007
1855 0.31240000000000007
1856 0.31240000000000007
1857 0.31240000000000007
1858 0.31240000000000007
1859 0.31240000000000007
1860 0.31240000000000007
1861 0.31240000000000007
1862 0.31240000000000007
1863 0.31240000000000007
1864 0.31240000000000007
1865 0.31240000000000007
1866 0.3120000000000001
1867 0.3120000000000001
1868 0.3116000000000001
1869 0.31120000000000014
1870 0.31080000000000013
1871 0.31080000000000013
1872 0.31080000000000013
1873 0.31080000000000013
1874 0.31080000000000013
1875 0.31080000000000013
1876 0.31080000000000013
1877 0.31080000000000013
1878 0.31080000000000013
1879 0.31080000000000013
1880 0.31080000000000013
1881 0.31080000000000013
1882 0.31080000000000013
1883 0.31080000000000013
1884 0.31080000000000013
1885 0.31080000000000013
1886 0.31080000000000013
1887 0.31080000000000013
1888 0.31080000000000013
1889 0.31080000000000013
1890 0.31080000000000013
1891 0.31080000000000013
1892 0.31080000000000013
1893 0.31080000000000013
1894 0.31080000000000013
1895 0.31080000000000013
1896 0.31080000000000013
1897 0.31080000000000013
1898 0.31000000000000005
1899 0.31000000000000005
1900 0.31000000000000005
1901 0.31000000000000005
1902 0.3092000000000001
1903 0.3092000000000001
1904 0.3088000000000001
1905 0.3088000000000001
1906 0.3088000000000001
1907 0.3088000000000001
1908 0.3088000000000001
1909 0.30840000000000006
1910 0.30800000000000005
1911 0.30800000000000005
1912 0.3072000000000001
1913 0.3072000000000001
1914 0.3072000000000001
1915 0.3068000000000001
1916 0.3068000000000001
1917 0.30640000000000006
1918 0.30640000000000006
1919 0.30640000000000006
1920 0.30640000000000006
1921 0.30640000000000006
1922 0.3060000000000001
1923 0.3060000000000001
1924 0.3056000000000001
1925 0.3056000000000001
1926 0.3052000000000001
1927 0.3048000000000001
1928 0.3048000000000001
1929 0.3048000000000001
1930 0.3048000000000001
1931 0.3048000000000001
1932 0.3048000000000001
1933 0.3048000000000001
1934 0.3048000000000001
1935 0.3048000000000001
1936 0.3044000000000001
1937 0.3040000000000001
1938 0.3040000000000001
1939 0.3040000000000001
1940 0.3040000000000001
1941 0.3040000000000001
1942 0.3040000000000001
1943 0.3040000000000001
1944 0.3040000000000001
1945 0.3040000000000001
1946 0.3040000000000001
1947 0.3040000000000001
1948 0.30360000000000015
1949 0.30320000000000014
1950 0.30320000000000014
1951 0.30320000000000014
1952 0.3028000000000001
1953 0.3028000000000001
1954 0.3028000000000001
1955 0.3024000000000001
1956 0.30200000000000016
1957 0.30200000000000016
1958 0.30200000000000016
1959 0.30200000000000016
1960 0.30160000000000015
1961 0.30120000000000013
1962 0.30120000000000013
1963 0.3008000000000002
1964 0.3008000000000002
1965 0.3008000000000002
1966 0.3008000000000002
1967 0.3004000000000001
1968 0.3004000000000001
1969 0.3004000000000001
1970 0.30000000000000004
1971 0.30000000000000004
1972 0.30000000000000004
1973 0.2996000000000001
1974 0.2996000000000001
1975 0.2992000000000001
1976 0.2992000000000001
1977 0.2992000000000001
1978 0.2992000000000001
1979 0.29880000000000007
1980 0.29840000000000005
1981 0.29840000000000005
1982 0.29840000000000005
1983 0.29840000000000005
1984 0.29840000000000005
1985 0.29840000000000005
1986 0.29840000000000005
1987 0.29840000000000005
1988 0.29840000000000005
1989 0.29840000000000005
1990 0.29840000000000005
1991 0.29840000000000005
1992 0.29840000000000005
1993 0.29840000000000005
1994 0.29840000000000005
1995 0.29840000000000005
1996 0.2980000000000001
1997 0.2980000000000001
1998 0.2980000000000001
1999 0.2980000000000001
