1 1.0
2 1.0
3 1.0
4 0.9987999999999999
5 0.9960000000000001
6 0.992
7 0.9904
8 0.9867999999999998
9 0.9835999999999997
10 0.9791999999999997
11 0.9767999999999998
12 0.9751999999999998
13 0.9723999999999998
14 0.9691999999999997
15 0.9612
16 0.9611999999999999
17 0.9619999999999997
18 0.9604
19 0.9564000000000001
20 0.9496000000000002
21 0.9440000000000002
22 0.9375999999999999
23 0.934
24 0.9292
25 0.9248000000000001
26 0.9196000000000001
27 0.912
28 0.9072
29 0.8996000000000002
30 0.8948000000000002
31 0.8904000000000001
32 0.8832000000000001
33 0.8792
34 0.8740000000000002
35 0.8724000000000003
36 0.8704000000000002
37 0.8704000000000002
38 0.8744
39 0.8824
40 0.8907999999999998
41 0.9008000000000003
42 0.9072000000000001
43 0.9096000000000002
44 0.9076000000000001
45 0.9004000000000001
46 0.8956000000000002
47 0.8864
48 0.8760000000000001
49 0.8696
50 0.8596
51 0.8543999999999999
52 0.8480000000000003
53 0.8384000000000004
54 0.8300000000000004
55 0.8256000000000001
56 0.8228000000000003
57 0.8151999999999999
58 0.8156
59 0.816
60 0.8196000000000001
61 0.8228000000000002
62 0.8292
63 0.84
64 0.8615999999999999
65 0.8795999999999999
66 0.8900000000000001
67 0.8940000000000003
68 0.892
69 0.8824
70 0.8724000000000001
71 0.8628000000000005
72 0.8504000000000004
73 0.8404
74 0.8288
75 0.8163999999999999
76 0.8079999999999998
77 0.7984
78 0.7872000000000002
79 0.7779999999999997
80 0.7719999999999999
81 0.7691999999999999
82 0.7683999999999999
83 0.7684000000000002
84 0.7747999999999999
85 0.7844
86 0.7908000000000002
87 0.8031999999999999
88 0.8268000000000001
89 0.8552000000000001
90 0.8724000000000001
91 0.8803999999999997
92 0.8772000000000003
93 0.8740000000000001
94 0.8652000000000001
95 0.8564
96 0.8447999999999999
97 0.8328000000000002
98 0.8192000000000003
99 0.8076000000000003
100 0.7975999999999999
101 0.7856000000000001
102 0.7763999999999999
103 0.768
104 0.7552
105 0.7508
106 0.75
107 0.7504000000000001
108 0.7684000000000001
109 0.7731999999999999
110 0.7867999999999999
111 0.8016000000000001
112 0.8283999999999999
113 0.8487999999999998
114 0.8672
115 0.8736000000000003
116 0.8684000000000002
117 0.8596000000000003
118 0.8512000000000001
119 0.8392000000000002
120 0.8304
121 0.8211999999999999
122 0.8132
123 0.8036
124 0.7887999999999998
125 0.7795999999999998
126 0.7671999999999999
127 0.7559999999999999
128 0.7464
129 0.7387999999999999
130 0.7395999999999999
131 0.7395999999999998
132 0.7404
133 0.7504
134 0.7599999999999999
135 0.7695999999999998
136 0.7971999999999998
137 0.8188000000000001
138 0.8416000000000001
139 0.8500000000000003
140 0.8508000000000001
141 0.8456
142 0.8376
143 0.826
144 0.8136000000000003
145 0.8028000000000002
146 0.7892
147 0.7756000000000001
148 0.764
149 0.7503999999999997
150 0.7400000000000001
151 0.7340000000000001
152 0.7256000000000001
153 0.7240000000000001
154 0.7228
155 0.7276000000000002
156 0.7352000000000003
157 0.7488000000000001
158 0.7667999999999999
159 0.7816
160 0.8064
161 0.8264000000000001
162 0.8475999999999999
163 0.8564
164 0.85
165 0.8436
166 0.8351999999999999
167 0.8236000000000001
168 0.8119999999999998
169 0.7992000000000001
170 0.7836000000000003
171 0.7672000000000001
172 0.7544000000000003
173 0.7408
174 0.7323999999999998
175 0.7235999999999998
176 0.7175999999999999
177 0.7143999999999998
178 0.714
179 0.7247999999999997
180 0.7399999999999999
181 0.7555999999999998
182 0.762
183 0.7760000000000002
184 0.8000000000000002
185 0.8191999999999999
186 0.8388000000000001
187 0.8408
188 0.8452000000000003
189 0.8392000000000001
190 0.8288
191 0.8112000000000001
192 0.7935999999999999
193 0.7828
194 0.7712
195 0.7548000000000001
196 0.7439999999999999
197 0.7303999999999998
198 0.72
199 0.7095999999999999
200 0.7028
201 0.6996000000000001
202 0.6983999999999999
203 0.7
204 0.7099999999999999
205 0.7239999999999998
206 0.7456000000000002
207 0.7604
208 0.7792000000000001
209 0.8076000000000001
210 0.8232000000000004
211 0.8320000000000001
212 0.8336000000000002
213 0.8232000000000003
214 0.8120000000000002
215 0.7968000000000001
216 0.7856000000000001
217 0.7764
218 0.7636000000000003
219 0.7452000000000001
220 0.7348000000000003
221 0.7220000000000002
222 0.7116000000000002
223 0.7028
224 0.6960000000000001
225 0.6907999999999999
226 0.6940000000000002
227 0.7016
228 0.718
229 0.7331999999999997
230 0.7488000000000001
231 0.7647999999999999
232 0.7907999999999998
233 0.8084
234 0.8204000000000004
235 0.8236000000000001
236 0.8247999999999999
237 0.8168000000000001
238 0.8111999999999999
239 0.8024000000000001
240 0.7859999999999999
241 0.7724000000000001
242 0.7564000000000003
243 0.7424000000000001
244 0.7320000000000003
245 0.7188000000000001
246 0.7088000000000001
247 0.6999999999999998
248 0.6948000000000001
249 0.6896
250 0.6944000000000001
251 0.7028000000000002
252 0.7164
253 0.7311999999999999
254 0.7384
255 0.7576000000000002
256 0.7876000000000002
257 0.8167999999999997
258 0.8352
259 0.8436000000000002
260 0.8416000000000003
261 0.8336000000000001
262 0.8276
263 0.8119999999999997
264 0.7960000000000003
265 0.7768000000000002
266 0.7608000000000001
267 0.7492
268 0.7316000000000003
269 0.7192000000000001
270 0.7096000000000002
271 0.698
272 0.6916
273 0.6839999999999999
274 0.6875999999999999
275 0.6983999999999998
276 0.7071999999999997
277 0.7199999999999999
278 0.7328
279 0.7467999999999998
280 0.7756000000000003
281 0.7972000000000002
282 0.8168
283 0.8271999999999998
284 0.8259999999999998
285 0.8212000000000002
286 0.8131999999999999
287 0.8051999999999999
288 0.7912000000000002
289 0.7752000000000001
290 0.7544000000000001
291 0.7388000000000002
292 0.7276
293 0.7140000000000001
294 0.7044
295 0.6923999999999999
296 0.6811999999999998
297 0.6751999999999999
298 0.6775999999999999
299 0.6843999999999998
300 0.7000000000000002
301 0.7140000000000001
302 0.7316000000000001
303 0.7572
304 0.784
305 0.8091999999999997
306 0.8251999999999999
307 0.8312000000000002
308 0.8308000000000003
309 0.8208000000000003
310 0.8072000000000001
311 0.7928000000000001
312 0.7736000000000002
313 0.7568000000000003
314 0.7440000000000001
315 0.7307999999999999
316 0.7204
317 0.7100000000000002
318 0.6968
319 0.6816
320 0.6763999999999999
321 0.6700000000000002
322 0.6688
323 0.674
324 0.69
325 0.7091999999999998
326 0.7228000000000001
327 0.7368000000000003
328 0.7716000000000003
329 0.8036000000000003
330 0.8188000000000001
331 0.8303999999999998
332 0.8267999999999996
333 0.8188000000000001
334 0.8039999999999999
335 0.792
336 0.7788000000000003
337 0.7600000000000001
338 0.7427999999999999
339 0.7288
340 0.7135999999999999
341 0.7019999999999997
342 0.6924000000000001
343 0.6812
344 0.6752000000000001
345 0.6659999999999999
346 0.6636
347 0.6683999999999999
348 0.6788
349 0.6927999999999999
350 0.706
351 0.7275999999999999
352 0.7535999999999998
353 0.7788000000000003
354 0.8003999999999998
355 0.8147999999999997
356 0.8188000000000001
357 0.8119999999999997
358 0.7996000000000001
359 0.7916
360 0.774
361 0.7520000000000002
362 0.7404000000000002
363 0.7212000000000001
364 0.7096000000000002
365 0.6976
366 0.6916000000000002
367 0.6864
368 0.6803999999999999
369 0.6743999999999999
370 0.6724000000000001
371 0.6816000000000001
372 0.6968000000000002
373 0.708
374 0.7267999999999999
375 0.7431999999999997
376 0.7704
377 0.8003999999999999
378 0.8256000000000003
379 0.8292
380 0.8288000000000002
381 0.8208000000000003
382 0.8128000000000003
383 0.7980000000000003
384 0.7787999999999998
385 0.7663999999999999
386 0.7484000000000002
387 0.7315999999999999
388 0.7212000000000001
389 0.7088
390 0.6931999999999998
391 0.6847999999999999
392 0.6788000000000001
393 0.6748000000000001
394 0.6719999999999999
395 0.6739999999999999
396 0.6872000000000001
397 0.7003999999999999
398 0.7091999999999998
399 0.7264
400 0.7592
401 0.7907999999999997
402 0.8183999999999999
403 0.8244
404 0.8195999999999999
405 0.8124000000000001
406 0.7963999999999999
407 0.7831999999999999
408 0.7631999999999998
409 0.7499999999999999
410 0.7367999999999998
411 0.7188
412 0.6980000000000001
413 0.6836000000000001
414 0.6728000000000002
415 0.6648000000000001
416 0.6572000000000001
417 0.6484000000000001
418 0.6480000000000001
419 0.6580000000000001
420 0.6735999999999999
421 0.6872
422 0.6972000000000002
423 0.7167999999999999
424 0.7424000000000001
425 0.7783999999999999
426 0.7984
427 0.8088000000000001
428 0.8132
429 0.8088000000000004
430 0.7920000000000001
431 0.7784
432 0.7631999999999998
433 0.7439999999999998
434 0.7279999999999996
435 0.7115999999999998
436 0.6987999999999999
437 0.6819999999999997
438 0.6735999999999999
439 0.6635999999999999
440 0.6531999999999999
441 0.6507999999999998
442 0.6556000000000001
443 0.666
444 0.6776000000000001
445 0.6944
446 0.7083999999999999
447 0.7288000000000001
448 0.7608
449 0.7892000000000001
450 0.8100000000000002
451 0.8231999999999999
452 0.8216000000000001
453 0.8156000000000003
454 0.8084
455 0.7863999999999999
456 0.7775999999999997
457 0.7603999999999996
458 0.7415999999999997
459 0.7283999999999997
460 0.7076
461 0.6916000000000002
462 0.6832
463 0.6696
464 0.6644
465 0.6588
466 0.6608000000000002
467 0.6671999999999998
468 0.68
469 0.6935999999999999
470 0.7155999999999999
471 0.7372000000000003
472 0.7648
473 0.7992
474 0.8204000000000002
475 0.8276
476 0.8200000000000003
477 0.8048000000000001
478 0.7903999999999999
479 0.7751999999999998
480 0.7587999999999997
481 0.7455999999999999
482 0.7339999999999999
483 0.7172000000000002
484 0.6995999999999999
485 0.6827999999999999
486 0.6748000000000001
487 0.6656000000000002
488 0.6608000000000002
489 0.6579999999999999
490 0.66
491 0.6688000000000001
492 0.6808
493 0.6903999999999999
494 0.7059999999999998
495 0.7256
496 0.7540000000000004
497 0.7819999999999999
498 0.7980000000000002
499 0.8056
500 0.8091999999999999
501 0.8032000000000002
502 0.7907999999999998
503 0.7724000000000001
504 0.7603999999999997
505 0.7487999999999998
506 0.7275999999999999
507 0.7119999999999999
508 0.6943999999999998
509 0.6815999999999999
510 0.6724000000000001
511 0.6628000000000003
512 0.6544
513 0.6507999999999999
514 0.6535999999999998
515 0.6607999999999999
516 0.6764
517 0.696
518 0.7140000000000001
519 0.7364
520 0.77
521 0.8052000000000002
522 0.8231999999999999
523 0.8292000000000003
524 0.8260000000000001
525 0.8140000000000001
526 0.8008000000000002
527 0.7879999999999999
528 0.772
529 0.7508000000000001
530 0.7380000000000001
531 0.7155999999999999
532 0.7008
533 0.6872000000000001
534 0.6739999999999999
535 0.6628000000000001
536 0.6579999999999999
537 0.6531999999999999
538 0.6544
539 0.664
540 0.6732
541 0.6884
542 0.7047999999999999
543 0.7224
544 0.7512000000000002
545 0.7792
546 0.7992000000000001
547 0.8024000000000003
548 0.8012000000000001
549 0.7951999999999998
550 0.7804000000000001
551 0.7668000000000003
552 0.7464000000000002
553 0.7280000000000001
554 0.7136000000000001
555 0.6964
556 0.6792
557 0.6672
558 0.6576
559 0.6456000000000001
560 0.6412
561 0.6347999999999999
562 0.6388000000000001
563 0.6480000000000001
564 0.6608000000000002
565 0.6751999999999999
566 0.6943999999999998
567 0.7155999999999999
568 0.7435999999999998
569 0.7764000000000002
570 0.7996000000000002
571 0.81
572 0.8039999999999999
573 0.7992000000000001
574 0.7883999999999998
575 0.7716
576 0.7544000000000001
577 0.7356000000000001
578 0.7160000000000001
579 0.7012
580 0.6796000000000001
581 0.6675999999999999
582 0.6555999999999998
583 0.6435999999999997
584 0.6407999999999997
585 0.6335999999999997
586 0.6395999999999998
587 0.6451999999999998
588 0.6608000000000002
589 0.6792000000000002
590 0.6984
591 0.722
592 0.7571999999999999
593 0.7848000000000002
594 0.8040000000000002
595 0.8192000000000002
596 0.8184000000000003
597 0.8136000000000001
598 0.8011999999999999
599 0.7811999999999998
600 0.7623999999999999
601 0.7400000000000001
602 0.7252000000000001
603 0.708
604 0.6964
605 0.6836000000000003
606 0.672
607 0.6635999999999999
608 0.6548
609 0.6492
610 0.6507999999999999
611 0.6507999999999998
612 0.6648
613 0.6788
614 0.6951999999999999
615 0.7143999999999998
616 0.7448000000000004
617 0.77
618 0.7944000000000002
619 0.8116000000000001
620 0.8087999999999996
621 0.8024000000000001
622 0.7900000000000001
623 0.7732000000000001
624 0.7508000000000001
625 0.7319999999999998
626 0.7143999999999999
627 0.7003999999999999
628 0.6855999999999999
629 0.6696
630 0.6568
631 0.6443999999999999
632 0.6384000000000001
633 0.6328
634 0.6368
635 0.6451999999999998
636 0.6579999999999997
637 0.6703999999999998
638 0.6864
639 0.7087999999999998
640 0.7419999999999999
641 0.7748000000000002
642 0.7968000000000001
643 0.8012
644 0.7992
645 0.7928000000000001
646 0.7792000000000003
647 0.7648
648 0.7472
649 0.7307999999999996
650 0.7051999999999998
651 0.6903999999999999
652 0.6775999999999999
653 0.6623999999999998
654 0.6483999999999999
655 0.64
656 0.6288
657 0.6204
658 0.6175999999999999
659 0.6255999999999999
660 0.6403999999999997
661 0.6563999999999998
662 0.6759999999999999
663 0.6987999999999999
664 0.7348
665 0.7639999999999998
666 0.7879999999999999
667 0.7968000000000001
668 0.7983999999999998
669 0.7847999999999999
670 0.7704
671 0.7579999999999997
672 0.7411999999999999
673 0.7235999999999998
674 0.7088
675 0.6928
676 0.6788
677 0.6648000000000002
678 0.6532000000000001
679 0.6436
680 0.6383999999999999
681 0.6359999999999999
682 0.6404000000000001
683 0.6472
684 0.6664
685 0.6851999999999999
686 0.7016
687 0.7163999999999998
688 0.7487999999999999
689 0.7888000000000001
690 0.8043999999999998
691 0.8119999999999998
692 0.8052000000000002
693 0.7896000000000002
694 0.7772000000000001
695 0.7627999999999997
696 0.7452000000000001
697 0.7308000000000001
698 0.7192000000000002
699 0.7064000000000001
700 0.6924000000000001
701 0.6712000000000002
702 0.6568
703 0.6439999999999999
704 0.6335999999999999
705 0.6208
706 0.6227999999999998
707 0.6323999999999999
708 0.6444
709 0.6603999999999999
710 0.6747999999999998
711 0.7052000000000003
712 0.7344000000000003
713 0.7652000000000001
714 0.7836000000000002
715 0.7927999999999998
716 0.7911999999999999
717 0.7787999999999999
718 0.7672
719 0.7524000000000001
720 0.7332000000000001
721 0.7184
722 0.6964
723 0.6759999999999998
724 0.6567999999999999
725 0.6412
726 0.6316
727 0.626
728 0.616
729 0.6132
730 0.6112
731 0.6256
732 0.6464
733 0.6728000000000002
734 0.6892
735 0.7067999999999999
736 0.7448000000000001
737 0.7696000000000001
738 0.792
739 0.7948
740 0.7908000000000002
741 0.7760000000000001
742 0.7588000000000001
743 0.7452
744 0.7299999999999999
745 0.7123999999999998
746 0.6940000000000001
747 0.6739999999999999
748 0.6603999999999999
749 0.6515999999999998
750 0.6424
751 0.6372
752 0.6284
753 0.6204
754 0.6212000000000001
755 0.6296
756 0.6408
757 0.6587999999999999
758 0.6783999999999999
759 0.7036000000000001
760 0.7299999999999999
761 0.7688000000000001
762 0.7912000000000003
763 0.7936000000000005
764 0.7912
765 0.7780000000000002
766 0.7612000000000001
767 0.7504000000000001
768 0.7336000000000001
769 0.7200000000000004
770 0.7020000000000003
771 0.6864000000000001
772 0.6679999999999999
773 0.6532000000000001
774 0.6460000000000001
775 0.632
776 0.6232000000000001
777 0.6196
778 0.6215999999999999
779 0.6367999999999999
780 0.6583999999999998
781 0.6744
782 0.6879999999999998
783 0.7056
784 0.7343999999999999
785 0.7660000000000001
786 0.7887999999999998
787 0.7927999999999998
788 0.7871999999999999
789 0.7759999999999998
790 0.7644000000000001
791 0.7548
792 0.7448
793 0.7284
794 0.7123999999999999
795 0.6951999999999998
796 0.6803999999999999
797 0.6683999999999999
798 0.6559999999999999
799 0.6444
800 0.6352
801 0.6307999999999999
802 0.6284
803 0.6360000000000001
804 0.6524000000000001
805 0.67
806 0.6856
807 0.7088
808 0.7448000000000001
809 0.7811999999999998
810 0.8003999999999999
811 0.8059999999999999
812 0.8063999999999999
813 0.7931999999999999
814 0.7767999999999999
815 0.7664
816 0.7504000000000002
817 0.7296
818 0.7128000000000003
819 0.6944
820 0.6791999999999997
821 0.6627999999999998
822 0.6511999999999999
823 0.6396
824 0.6324000000000001
825 0.6275999999999999
826 0.6255999999999999
827 0.6371999999999998
828 0.6483999999999998
829 0.6679999999999998
830 0.68
831 0.7008
832 0.7300000000000001
833 0.7608000000000001
834 0.7744000000000001
835 0.7771999999999999
836 0.7732000000000001
837 0.7680000000000001
838 0.748
839 0.7284000000000002
840 0.7132000000000001
841 0.6951999999999997
842 0.6803999999999997
843 0.6699999999999998
844 0.6516000000000001
845 0.6412
846 0.6307999999999999
847 0.624
848 0.6108
849 0.6064
850 0.6092
851 0.6208
852 0.6456000000000001
853 0.6684
854 0.6864
855 0.7048000000000002
856 0.7343999999999999
857 0.7632000000000001
858 0.7888
859 0.7928000000000003
860 0.7876000000000003
861 0.7832000000000002
862 0.7632000000000002
863 0.7440000000000002
864 0.7252000000000001
865 0.7083999999999999
866 0.6931999999999998
867 0.6779999999999997
868 0.6635999999999997
869 0.6491999999999998
870 0.6403999999999997
871 0.6275999999999999
872 0.6188
873 0.6112
874 0.6119999999999999
875 0.626
876 0.6392
877 0.6648000000000002
878 0.6803999999999999
879 0.7012
880 0.7295999999999999
881 0.7584000000000003
882 0.7808000000000002
883 0.7900000000000001
884 0.7876000000000002
885 0.78
886 0.7700000000000001
887 0.7587999999999999
888 0.7475999999999999
889 0.7243999999999999
890 0.7052000000000003
891 0.6859999999999999
892 0.676
893 0.6580000000000001
894 0.6432000000000001
895 0.634
896 0.6292
897 0.6239999999999999
898 0.6231999999999999
899 0.6304
900 0.6431999999999999
901 0.6659999999999999
902 0.6799999999999998
903 0.6996000000000002
904 0.7308000000000001
905 0.7608
906 0.7732000000000002
907 0.784
908 0.7804000000000001
909 0.7707999999999999
910 0.7499999999999999
911 0.7259999999999998
912 0.7103999999999999
913 0.6928
914 0.6747999999999997
915 0.6583999999999999
916 0.6423999999999999
917 0.6299999999999999
918 0.6151999999999999
919 0.6063999999999998
920 0.6080000000000001
921 0.6003999999999998
922 0.6023999999999998
923 0.6127999999999998
924 0.6292
925 0.6544000000000001
926 0.67
927 0.6911999999999999
928 0.7203999999999998
929 0.7539999999999997
930 0.7752000000000001
931 0.7771999999999999
932 0.7776000000000001
933 0.7712
934 0.7623999999999996
935 0.7495999999999996
936 0.7315999999999997
937 0.7139999999999996
938 0.6939999999999997
939 0.6783999999999998
940 0.6591999999999999
941 0.6456000000000001
942 0.6363999999999999
943 0.6263999999999997
944 0.6196
945 0.6103999999999999
946 0.6159999999999998
947 0.6288
948 0.6443999999999999
949 0.6627999999999998
950 0.6755999999999999
951 0.6948000000000002
952 0.7216000000000001
953 0.7591999999999999
954 0.7759999999999997
955 0.7880000000000001
956 0.7844
957 0.7711999999999998
958 0.7560000000000001
959 0.7440000000000001
960 0.7316000000000001
961 0.7132000000000001
962 0.6839999999999999
963 0.6655999999999999
964 0.6527999999999997
965 0.6395999999999998
966 0.6291999999999999
967 0.6243999999999998
968 0.6123999999999998
969 0.6055999999999999
970 0.6091999999999999
971 0.6239999999999998
972 0.6463999999999999
973 0.6587999999999999
974 0.6716000000000001
975 0.6952000000000002
976 0.7312000000000001
977 0.7652
978 0.7864000000000001
979 0.7924
980 0.7908000000000002
981 0.7763999999999999
982 0.758
983 0.738
984 0.722
985 0.7040000000000001
986 0.6888
987 0.6651999999999998
988 0.6467999999999999
989 0.6323999999999997
990 0.6195999999999998
991 0.6127999999999999
992 0.608
993 0.6052000000000001
994 0.6055999999999999
995 0.6164000000000001
996 0.6315999999999999
997 0.6548
998 0.6767999999999997
999 0.6936
1000 0.7160000000000001
1001 0.7528000000000001
1002 0.7755999999999997
1003 0.7880000000000001
1004 0.7884
1005 0.7763999999999995
1006 0.7627999999999997
1007 0.7452
1008 0.7280000000000002
1009 0.7023999999999999
1010 0.6875999999999999
1011 0.6652000000000002
1012 0.6492000000000001
1013 0.6284
1014 0.6120000000000001
1015 0.6048000000000001
1016 0.5992000000000001
1017 0.5924000000000001
1018 0.5996
1019 0.6136000000000003
1020 0.6364000000000003
1021 0.6528000000000002
1022 0.6672
1023 0.6876000000000002
1024 0.7275999999999999
1025 0.7623999999999999
1026 0.7815999999999999
1027 0.7863999999999998
1028 0.7795999999999996
1029 0.7719999999999999
1030 0.7631999999999999
1031 0.7455999999999999
1032 0.7251999999999996
1033 0.7108
1034 0.6908000000000001
1035 0.6739999999999999
1036 0.6552000000000001
1037 0.6387999999999999
1038 0.6315999999999999
1039 0.6259999999999999
1040 0.6140000000000001
1041 0.6060000000000002
1042 0.6080000000000001
1043 0.6148000000000001
1044 0.6315999999999999
1045 0.6516
1046 0.6731999999999999
1047 0.6919999999999998
1048 0.7275999999999998
1049 0.7592
1050 0.7788000000000003
1051 0.7824
1052 0.7856000000000001
1053 0.7776000000000002
1054 0.7652000000000002
1055 0.7472000000000001
1056 0.7296000000000002
1057 0.7111999999999999
1058 0.6968
1059 0.6775999999999999
1060 0.6616
1061 0.6476000000000001
1062 0.6360000000000001
1063 0.6232000000000002
1064 0.6176000000000001
1065 0.6108
1066 0.6152000000000001
1067 0.6244000000000001
1068 0.6416000000000001
1069 0.6664
1070 0.6815999999999999
1071 0.7051999999999995
1072 0.7352
1073 0.7723999999999998
1074 0.7948000000000001
1075 0.8024
1076 0.8012
1077 0.7956
1078 0.7760000000000001
1079 0.7575999999999999
1080 0.7344000000000002
1081 0.7156000000000001
1082 0.6983999999999999
1083 0.684
1084 0.6631999999999998
1085 0.6439999999999999
1086 0.6295999999999999
1087 0.6196
1088 0.6044000000000002
1089 0.5968000000000001
1090 0.5984000000000002
1091 0.6071999999999999
1092 0.6275999999999998
1093 0.6467999999999999
1094 0.6608000000000002
1095 0.6816000000000001
1096 0.7136
1097 0.7396
1098 0.7555999999999998
1099 0.7659999999999999
1100 0.7592000000000002
1101 0.7512000000000002
1102 0.7360000000000002
1103 0.7140000000000002
1104 0.6924000000000002
1105 0.6780000000000002
1106 0.6619999999999999
1107 0.6484000000000001
1108 0.6319999999999999
1109 0.6164
1110 0.6044
1111 0.5936
1112 0.5824000000000001
1113 0.5796
1114 0.5836000000000002
1115 0.6012000000000001
1116 0.6204
1117 0.642
1118 0.6568
1119 0.6748000000000001
1120 0.7132
1121 0.7503999999999997
1122 0.7732000000000001
1123 0.7815999999999996
1124 0.7791999999999999
1125 0.7644
1126 0.7512000000000003
1127 0.7384000000000002
1128 0.7228000000000001
1129 0.7095999999999999
1130 0.6895999999999998
1131 0.674
1132 0.6580000000000001
1133 0.6371999999999999
1134 0.6191999999999999
1135 0.6115999999999998
1136 0.6023999999999998
1137 0.5967999999999998
1138 0.5975999999999997
1139 0.6051999999999998
1140 0.6164000000000001
1141 0.6391999999999998
1142 0.6543999999999999
1143 0.6768
1144 0.7088000000000002
1145 0.7444000000000002
1146 0.7688000000000001
1147 0.7839999999999999
1148 0.7792000000000001
1149 0.7656000000000001
1150 0.7479999999999998
1151 0.7275999999999998
1152 0.7119999999999999
1153 0.6928000000000002
1154 0.6672000000000002
1155 0.6492
1156 0.6292
1157 0.6175999999999999
1158 0.61
1159 0.6008
1160 0.5903999999999998
1161 0.5819999999999999
1162 0.5851999999999999
1163 0.5979999999999998
1164 0.6171999999999999
1165 0.6396000000000003
1166 0.6600000000000001
1167 0.6816
1168 0.7080000000000001
1169 0.7396
1170 0.7712
1171 0.7859999999999998
1172 0.7824
1173 0.7707999999999998
1174 0.7559999999999999
1175 0.7396
1176 0.7179999999999999
1177 0.7027999999999999
1178 0.6804000000000001
1179 0.6552000000000001
1180 0.6431999999999999
1181 0.6228000000000001
1182 0.6088000000000001
1183 0.5980000000000002
1184 0.5924000000000001
1185 0.5908000000000001
1186 0.5916000000000001
1187 0.6056000000000001
1188 0.6212000000000001
1189 0.6431999999999999
1190 0.6623999999999997
1191 0.6843999999999998
1192 0.7152000000000001
1193 0.7500000000000001
1194 0.7752000000000001
1195 0.7824
1196 0.7872000000000001
1197 0.7812000000000002
1198 0.7608000000000001
1199 0.7304
1200 0.7071999999999999
1201 0.6872000000000001
1202 0.6644
1203 0.6471999999999999
1204 0.6339999999999998
1205 0.6227999999999998
1206 0.6095999999999999
1207 0.5988000000000001
1208 0.5888000000000001
1209 0.5852
1210 0.5896000000000001
1211 0.602
1212 0.6204000000000001
1213 0.6460000000000001
1214 0.6663999999999999
1215 0.684
1216 0.7140000000000001
1217 0.7464
1218 0.7672000000000001
1219 0.7812000000000002
1220 0.7807999999999998
1221 0.7708000000000002
1222 0.7584000000000002
1223 0.7380000000000001
1224 0.7196000000000001
1225 0.7028000000000002
1226 0.6803999999999999
1227 0.6572
1228 0.6388000000000001
1229 0.6176000000000001
1230 0.6048000000000002
1231 0.5996
1232 0.5907999999999999
1233 0.5855999999999999
1234 0.5888
1235 0.6020000000000001
1236 0.6172000000000002
1237 0.6388
1238 0.6548
1239 0.6748000000000001
1240 0.7108
1241 0.7504000000000001
1242 0.7704000000000002
1243 0.7796000000000004
1244 0.782
1245 0.7728000000000002
1246 0.7588000000000001
1247 0.7428000000000001
1248 0.7124000000000001
1249 0.7011999999999999
1250 0.6827999999999999
1251 0.6648
1252 0.6515999999999998
1253 0.6323999999999997
1254 0.6207999999999998
1255 0.6076
1256 0.5984
1257 0.5908000000000001
1258 0.5892
1259 0.6003999999999999
1260 0.6211999999999999
1261 0.6404000000000001
1262 0.654
1263 0.674
1264 0.7024000000000002
1265 0.7387999999999998
1266 0.7704
1267 0.7839999999999998
1268 0.7856000000000002
1269 0.7715999999999998
1270 0.7508
1271 0.7355999999999999
1272 0.7164
1273 0.6971999999999998
1274 0.6739999999999998
1275 0.6452000000000001
1276 0.6259999999999999
1277 0.6063999999999999
1278 0.5959999999999999
1279 0.5835999999999998
1280 0.5751999999999999
1281 0.572
1282 0.5759999999999998
1283 0.5883999999999999
1284 0.6144
1285 0.6367999999999998
1286 0.6555999999999997
1287 0.6768000000000002
1288 0.7148
1289 0.754
1290 0.7747999999999997
1291 0.7863999999999998
1292 0.7763999999999998
1293 0.7583999999999997
1294 0.7399999999999999
1295 0.7211999999999996
1296 0.6931999999999999
1297 0.6763999999999997
1298 0.6599999999999998
1299 0.6431999999999998
1300 0.6247999999999998
1301 0.6124
1302 0.6008
1303 0.5972000000000001
1304 0.5896
1305 0.5883999999999999
1306 0.5900000000000002
1307 0.5972
1308 0.61
1309 0.6344000000000001
1310 0.6479999999999998
1311 0.6724000000000001
1312 0.6992000000000002
1313 0.7343999999999999
1314 0.7560000000000003
1315 0.7708000000000002
1316 0.7704000000000001
1317 0.7559999999999999
1318 0.7395999999999999
1319 0.7223999999999999
1320 0.7019999999999998
1321 0.6828000000000002
1322 0.6652000000000001
1323 0.6460000000000001
1324 0.634
1325 0.6204000000000001
1326 0.6088
1327 0.5995999999999999
1328 0.5943999999999999
1329 0.5883999999999999
1330 0.5903999999999998
1331 0.6012
1332 0.6156000000000001
1333 0.632
1334 0.6504000000000001
1335 0.6728000000000001
1336 0.7087999999999998
1337 0.7396000000000003
1338 0.7664
1339 0.7704000000000001
1340 0.7668
1341 0.7587999999999999
1342 0.7407999999999997
1343 0.7216
1344 0.7007999999999996
1345 0.6816
1346 0.6632000000000001
1347 0.6407999999999998
1348 0.6244
1349 0.6115999999999997
1350 0.5955999999999997
1351 0.5875999999999998
1352 0.5768
1353 0.5699999999999998
1354 0.5727999999999999
1355 0.5828
1356 0.6027999999999999
1357 0.6184
1358 0.6432000000000001
1359 0.6708
1360 0.7036000000000001
1361 0.7492000000000002
1362 0.7728000000000002
1363 0.7803999999999999
1364 0.7724000000000001
1365 0.7595999999999998
1366 0.742
1367 0.726
1368 0.6975999999999999
1369 0.6732
1370 0.6587999999999999
1371 0.6443999999999999
1372 0.6248
1373 0.6072
1374 0.5963999999999999
1375 0.5828
1376 0.5739999999999997
1377 0.5659999999999998
1378 0.568
1379 0.5847999999999999
1380 0.6087999999999999
1381 0.6264000000000001
1382 0.6440000000000002
1383 0.6696000000000001
1384 0.6999999999999998
1385 0.7316000000000001
1386 0.7556000000000002
1387 0.7607999999999998
1388 0.7571999999999999
1389 0.7487999999999997
1390 0.7271999999999998
1391 0.7092
1392 0.6859999999999999
1393 0.6640000000000001
1394 0.6536000000000002
1395 0.6396000000000001
1396 0.6244
1397 0.6056
1398 0.5928000000000001
1399 0.5828000000000002
1400 0.5732
1401 0.5676
1402 0.5656
1403 0.5804
1404 0.6088
1405 0.628
1406 0.6468
1407 0.6719999999999999
1408 0.6995999999999998
1409 0.7343999999999999
1410 0.7632000000000001
1411 0.7780000000000004
1412 0.7756000000000001
1413 0.7623999999999999
1414 0.7483999999999998
1415 0.7276
1416 0.7047999999999998
1417 0.6823999999999998
1418 0.6615999999999999
1419 0.6419999999999999
1420 0.6267999999999999
1421 0.6136000000000001
1422 0.5996000000000002
1423 0.5904
1424 0.5852
1425 0.5800000000000002
1426 0.5780000000000003
1427 0.5944000000000002
1428 0.6152000000000001
1429 0.6376
1430 0.6539999999999998
1431 0.6783999999999999
1432 0.7027999999999999
1433 0.7319999999999999
1434 0.7591999999999999
1435 0.7676
1436 0.7680000000000001
1437 0.754
1438 0.7348000000000002
1439 0.7152000000000001
1440 0.6944
1441 0.6776000000000001
1442 0.6592
1443 0.6424
1444 0.6208000000000002
1445 0.6008
1446 0.586
1447 0.5744
1448 0.5656
1449 0.5588000000000001
1450 0.5544000000000001
1451 0.5676
1452 0.5908
1453 0.6160000000000001
1454 0.6335999999999999
1455 0.6539999999999998
1456 0.6868000000000002
1457 0.7275999999999998
1458 0.7567999999999999
1459 0.7599999999999999
1460 0.7619999999999999
1461 0.7472000000000001
1462 0.7288
1463 0.7087999999999997
1464 0.6927999999999999
1465 0.6708
1466 0.6528
1467 0.6372000000000001
1468 0.622
1469 0.6075999999999999
1470 0.5943999999999998
1471 0.5843999999999998
1472 0.5779999999999998
1473 0.5715999999999999
1474 0.5716
1475 0.5855999999999998
1476 0.5991999999999998
1477 0.6263999999999998
1478 0.6455999999999998
1479 0.6735999999999999
1480 0.71
1481 0.7439999999999999
1482 0.7664
1483 0.7764000000000002
1484 0.7752000000000002
1485 0.7696000000000001
1486 0.7508
1487 0.7324
1488 0.7079999999999999
1489 0.6880000000000002
1490 0.6688000000000001
1491 0.6496
1492 0.6260000000000001
1493 0.6112000000000001
1494 0.5980000000000001
1495 0.5840000000000001
1496 0.5796
1497 0.572
1498 0.5732
1499 0.5788
1500 0.6048
1501 0.6248
1502 0.6392
1503 0.6644
1504 0.6927999999999999
1505 0.7256000000000001
1506 0.7504
1507 0.7656000000000002
1508 0.7616
1509 0.7496
1510 0.7371999999999999
1511 0.7183999999999999
1512 0.6991999999999997
1513 0.6736000000000001
1514 0.6587999999999999
1515 0.6343999999999999
1516 0.6159999999999999
1517 0.5963999999999999
1518 0.5832
1519 0.5771999999999999
1520 0.5708
1521 0.5631999999999999
1522 0.5692
1523 0.5868
1524 0.6012000000000002
1525 0.6279999999999999
1526 0.6476000000000001
1527 0.6708000000000003
1528 0.6988000000000001
1529 0.7335999999999998
1530 0.7536
1531 0.7724000000000001
1532 0.772
1533 0.7568
1534 0.7343999999999999
1535 0.7160000000000001
1536 0.6936000000000001
1537 0.6736
1538 0.6559999999999999
1539 0.6307999999999998
1540 0.6143999999999997
1541 0.5988
1542 0.5835999999999998
1543 0.5680000000000001
1544 0.5640000000000001
1545 0.5568000000000001
1546 0.5655999999999999
1547 0.5759999999999998
1548 0.5999999999999999
1549 0.6239999999999999
1550 0.6404
1551 0.6571999999999997
1552 0.6980000000000001
1553 0.7360000000000002
1554 0.7584000000000003
1555 0.7720000000000001
1556 0.7664000000000002
1557 0.7540000000000002
1558 0.736
1559 0.7223999999999999
1560 0.7064000000000002
1561 0.6860000000000003
1562 0.6688000000000003
1563 0.6503999999999998
1564 0.6332
1565 0.6148
1566 0.6027999999999999
1567 0.5952
1568 0.5883999999999998
1569 0.5835999999999999
1570 0.5855999999999999
1571 0.5927999999999999
1572 0.6111999999999999
1573 0.6332
1574 0.6563999999999999
1575 0.6779999999999998
1576 0.7083999999999999
1577 0.7484000000000001
1578 0.7716000000000001
1579 0.7799999999999998
1580 0.774
1581 0.7584000000000001
1582 0.7408
1583 0.7183999999999997
1584 0.6947999999999998
1585 0.6827999999999999
1586 0.6644
1587 0.6428
1588 0.6264
1589 0.6124
1590 0.6023999999999998
1591 0.5976
1592 0.5876
1593 0.5756
1594 0.5744000000000001
1595 0.5884
1596 0.6024
1597 0.6215999999999999
1598 0.6379999999999999
1599 0.6572
1600 0.6924000000000001
1601 0.7307999999999999
1602 0.7532
1603 0.7647999999999997
1604 0.7564000000000003
1605 0.7420000000000002
1606 0.7248000000000002
1607 0.6972
1608 0.6731999999999998
1609 0.6467999999999998
1610 0.628
1611 0.6036
1612 0.5876
1613 0.5768000000000001
1614 0.5648
1615 0.5564000000000001
1616 0.5468
1617 0.5476000000000001
1618 0.5512
1619 0.5688000000000002
1620 0.5880000000000002
1621 0.6155999999999999
1622 0.638
1623 0.6679999999999999
1624 0.7056
1625 0.7452
1626 0.7727999999999996
1627 0.786
1628 0.7828
1629 0.7756000000000001
1630 0.7551999999999999
1631 0.7323999999999999
1632 0.7139999999999997
1633 0.6943999999999997
1634 0.6751999999999998
1635 0.6548
1636 0.6344000000000002
1637 0.6168000000000001
1638 0.6064000000000002
1639 0.5984000000000002
1640 0.5916000000000001
1641 0.5816
1642 0.5816000000000002
1643 0.5888000000000002
1644 0.6008
1645 0.6195999999999999
1646 0.6404000000000001
1647 0.6612
1648 0.6951999999999999
1649 0.732
1650 0.7571999999999999
1651 0.7655999999999997
1652 0.7583999999999999
1653 0.7440000000000001
1654 0.7296
1655 0.7080000000000003
1656 0.6856000000000002
1657 0.6692
1658 0.65
1659 0.6327999999999999
1660 0.6208
1661 0.6036
1662 0.5900000000000001
1663 0.5800000000000001
1664 0.5756
1665 0.5684
1666 0.5744
1667 0.5871999999999999
1668 0.6144
1669 0.6356000000000002
1670 0.6476000000000001
1671 0.6776000000000001
1672 0.7132000000000001
1673 0.7504
1674 0.7715999999999998
1675 0.7792
1676 0.7708000000000002
1677 0.7627999999999999
1678 0.7435999999999998
1679 0.7208
1680 0.7016000000000001
1681 0.6780000000000002
1682 0.6563999999999999
1683 0.6307999999999998
1684 0.6135999999999999
1685 0.5991999999999998
1686 0.5848
1687 0.5796
1688 0.5716000000000001
1689 0.5667999999999999
1690 0.5727999999999999
1691 0.5840000000000001
1692 0.6004
1693 0.6212
1694 0.6436
1695 0.6667999999999996
1696 0.7020000000000001
1697 0.7380000000000002
1698 0.7651999999999998
1699 0.7796
1700 0.7692
1701 0.7552000000000001
1702 0.7412000000000003
1703 0.7196000000000002
1704 0.6924000000000001
1705 0.6756000000000002
1706 0.6579999999999999
1707 0.6419999999999999
1708 0.6284000000000001
1709 0.6091999999999999
1710 0.5999999999999998
1711 0.5927999999999998
1712 0.5803999999999999
1713 0.5728
1714 0.5756
1715 0.5883999999999999
1716 0.6080000000000002
1717 0.6256
1718 0.6392000000000002
1719 0.6540000000000002
1720 0.6964000000000001
1721 0.7252
1722 0.7528
1723 0.7572
1724 0.7567999999999999
1725 0.7484000000000002
1726 0.726
1727 0.6995999999999999
1728 0.68
1729 0.6572000000000002
1730 0.6392000000000001
1731 0.6164
1732 0.5963999999999998
1733 0.5811999999999999
1734 0.5687999999999999
1735 0.56
1736 0.5528
1737 0.5519999999999999
1738 0.55
1739 0.5563999999999999
1740 0.5728000000000002
1741 0.5928
1742 0.6103999999999998
1743 0.6359999999999999
1744 0.6772
1745 0.7139999999999997
1746 0.7384000000000001
1747 0.7556
1748 0.7528
1749 0.7404000000000002
1750 0.7280000000000001
1751 0.7131999999999998
1752 0.6772
1753 0.6580000000000001
1754 0.638
1755 0.6236000000000002
1756 0.6068000000000002
1757 0.5928000000000001
1758 0.5847999999999999
1759 0.5739999999999998
1760 0.5675999999999999
1761 0.5612
1762 0.562
1763 0.5751999999999999
1764 0.5931999999999998
1765 0.6192
1766 0.6459999999999999
1767 0.6711999999999999
1768 0.7071999999999999
1769 0.7447999999999999
1770 0.7648
1771 0.7712
1772 0.768
1773 0.7515999999999999
1774 0.7295999999999999
1775 0.7131999999999998
1776 0.6940000000000002
1777 0.6768000000000001
1778 0.6588
1779 0.6407999999999998
1780 0.6212000000000001
1781 0.6032
1782 0.5955999999999998
1783 0.5835999999999999
1784 0.5728
1785 0.5651999999999999
1786 0.5768000000000001
1787 0.588
1788 0.6039999999999999
1789 0.6263999999999998
1790 0.6427999999999998
1791 0.6632000000000001
1792 0.6991999999999998
1793 0.7348
1794 0.7552000000000002
1795 0.7599999999999999
1796 0.7572000000000001
1797 0.7460000000000002
1798 0.7272000000000002
1799 0.7027999999999999
1800 0.6772000000000002
1801 0.6592000000000001
1802 0.6404000000000002
1803 0.6204
1804 0.6012
1805 0.5888000000000001
1806 0.5760000000000001
1807 0.5635999999999999
1808 0.5519999999999999
1809 0.5496
1810 0.5539999999999999
1811 0.5660000000000001
1812 0.5784
1813 0.5992
1814 0.6248
1815 0.6527999999999998
1816 0.6848000000000001
1817 0.7247999999999999
1818 0.7556000000000002
1819 0.7619999999999999
1820 0.7556
1821 0.7476000000000002
1822 0.7352
1823 0.7076
1824 0.688
1825 0.6655999999999999
1826 0.6424
1827 0.6256
1828 0.6111999999999999
1829 0.6016
1830 0.5884
1831 0.5836000000000001
1832 0.5756
1833 0.5684
1834 0.5691999999999999
1835 0.5871999999999998
1836 0.6115999999999999
1837 0.6199999999999999
1838 0.6387999999999998
1839 0.6668
1840 0.698
1841 0.7284
1842 0.7508
1843 0.7628
1844 0.7604000000000002
1845 0.7464000000000002
1846 0.7292000000000002
1847 0.7088000000000001
1848 0.6916000000000001
1849 0.6731999999999999
1850 0.6580000000000001
1851 0.6432000000000001
1852 0.6276000000000003
1853 0.6088000000000002
1854 0.6004000000000003
1855 0.5896000000000001
1856 0.5856
1857 0.5804
1858 0.5820000000000001
1859 0.5967999999999999
1860 0.6127999999999998
1861 0.6400000000000001
1862 0.6599999999999998
1863 0.6859999999999999
1864 0.7116
1865 0.7435999999999998
1866 0.7672
1867 0.7755999999999997
1868 0.7704
1869 0.7495999999999999
1870 0.7291999999999998
1871 0.7091999999999998
1872 0.6851999999999997
1873 0.6663999999999998
1874 0.6447999999999999
1875 0.6232
1876 0.6048
1877 0.5936
1878 0.5847999999999999
1879 0.5771999999999998
1880 0.5747999999999999
1881 0.5683999999999998
1882 0.5656
1883 0.5744
1884 0.5919999999999999
1885 0.6091999999999999
1886 0.6291999999999999
1887 0.6543999999999996
1888 0.696
1889 0.7271999999999998
1890 0.7511999999999999
1891 0.764
1892 0.7568000000000003
1893 0.7492000000000002
1894 0.7244000000000002
1895 0.7051999999999999
1896 0.6839999999999999
1897 0.6639999999999999
1898 0.6404
1899 0.6252
1900 0.604
1901 0.59
1902 0.5771999999999999
1903 0.5704
1904 0.5624
1905 0.5595999999999999
1906 0.5616
1907 0.5768000000000001
1908 0.5996
1909 0.6280000000000002
1910 0.6576000000000001
1911 0.6792
1912 0.706
1913 0.7367999999999999
1914 0.7595999999999999
1915 0.7688000000000001
1916 0.7612000000000002
1917 0.7372000000000001
1918 0.7180000000000001
1919 0.6892
1920 0.6599999999999998
1921 0.6452000000000001
1922 0.6224
1923 0.6072000000000002
1924 0.5912000000000002
1925 0.58
1926 0.5751999999999999
1927 0.5651999999999998
1928 0.5628
1929 0.5572
1930 0.5660000000000001
1931 0.5808000000000001
1932 0.5928
1933 0.6156
1934 0.6312
1935 0.6531999999999999
1936 0.6831999999999999
1937 0.7212000000000001
1938 0.7512000000000001
1939 0.7628
1940 0.7667999999999998
1941 0.7536000000000002
1942 0.7299999999999999
1943 0.7071999999999999
1944 0.6908000000000001
1945 0.6719999999999999
1946 0.6568
1947 0.6392000000000001
1948 0.6176000000000001
1949 0.6028
1950 0.5916
1951 0.582
1952 0.5724
1953 0.5660000000000001
1954 0.5708000000000001
1955 0.5820000000000002
1956 0.6044
1957 0.6267999999999998
1958 0.6491999999999998
1959 0.6728000000000002
1960 0.7071999999999999
1961 0.7372
1962 0.7535999999999998
1963 0.7664000000000003
1964 0.7532
1965 0.7367999999999999
1966 0.72
1967 0.6964
1968 0.6751999999999999
1969 0.6536
1970 0.6352
1971 0.6152000000000001
1972 0.5976
1973 0.5852
1974 0.5748000000000001
1975 0.5664000000000001
1976 0.5620000000000002
1977 0.5572000000000003
1978 0.5592000000000003
1979 0.5684
1980 0.5904
1981 0.6060000000000002
1982 0.6208
1983 0.6476
1984 0.6791999999999997
1985 0.7135999999999997
1986 0.7348
1987 0.7432000000000001
1988 0.7404000000000001
1989 0.7244000000000002
1990 0.704
1991 0.684
1992 0.6648000000000001
1993 0.648
1994 0.6352000000000001
1995 0.6139999999999999
1996 0.594
1997 0.5812
1998 0.5728
1999 0.5575999999999999
