1 1.0
2 1.0
3 1.0
4 0.9983999999999998
5 0.9952
6 0.9915999999999999
7 0.9887999999999998
8 0.9863999999999997
9 0.9823999999999999
10 0.9792000000000001
11 0.976
12 0.9740000000000001
13 0.9716000000000001
14 0.9664
15 0.9648
16 0.9632
17 0.9588000000000001
18 0.9580000000000001
19 0.9584
20 0.9571999999999999
21 0.9520000000000001
22 0.9448000000000001
23 0.94
24 0.9348000000000002
25 0.9288000000000001
26 0.9232000000000002
27 0.9196
28 0.9151999999999998
29 0.9119999999999997
30 0.9016
31 0.8956000000000001
32 0.8876000000000001
33 0.8807999999999997
34 0.8783999999999997
35 0.8759999999999999
36 0.8732000000000001
37 0.8748000000000004
38 0.8748000000000001
39 0.8780000000000002
40 0.8880000000000001
41 0.9016000000000001
42 0.9099999999999998
43 0.9136000000000003
44 0.9144
45 0.9067999999999999
46 0.8987999999999999
47 0.8892
48 0.8804000000000003
49 0.8732000000000003
50 0.8644000000000002
51 0.8552000000000001
52 0.8428000000000001
53 0.8344000000000003
54 0.8308000000000004
55 0.8264000000000002
56 0.8172000000000001
57 0.816
58 0.8151999999999998
59 0.8151999999999999
60 0.8164
61 0.8248000000000001
62 0.8308000000000001
63 0.8360000000000002
64 0.8516000000000002
65 0.8664000000000002
66 0.8764000000000002
67 0.8824000000000004
68 0.8816000000000002
69 0.8744000000000003
70 0.8632000000000002
71 0.8556000000000001
72 0.8452000000000001
73 0.8364000000000001
74 0.8208000000000003
75 0.8108000000000001
76 0.8
77 0.7891999999999999
78 0.7804000000000001
79 0.7763999999999999
80 0.7731999999999999
81 0.7664000000000003
82 0.7696000000000001
83 0.774
84 0.7772
85 0.7832000000000001
86 0.7924000000000001
87 0.8048000000000001
88 0.8268000000000002
89 0.8496000000000004
90 0.8664000000000002
91 0.8708000000000002
92 0.8692
93 0.8588000000000001
94 0.8484000000000002
95 0.8400000000000002
96 0.8292000000000002
97 0.8168000000000001
98 0.8028000000000002
99 0.7908
100 0.7752000000000001
101 0.76
102 0.7508000000000001
103 0.7468000000000002
104 0.7420000000000002
105 0.7404000000000001
106 0.742
107 0.7508
108 0.7612000000000001
109 0.7739999999999999
110 0.79
111 0.8044
112 0.8228000000000002
113 0.8484000000000002
114 0.8615999999999999
115 0.8676
116 0.8656000000000001
117 0.8572000000000003
118 0.8456000000000001
119 0.8315999999999998
120 0.8224000000000001
121 0.8052000000000001
122 0.7928000000000001
123 0.78
124 0.7656000000000001
125 0.7524
126 0.7415999999999999
127 0.7347999999999999
128 0.7299999999999999
129 0.7239999999999998
130 0.7252000000000001
131 0.7328
132 0.7455999999999999
133 0.7616
134 0.7711999999999998
135 0.7796
136 0.8068000000000001
137 0.8320000000000004
138 0.852
139 0.8552000000000001
140 0.8532000000000001
141 0.8488000000000003
142 0.8420000000000004
143 0.8300000000000003
144 0.8160000000000001
145 0.7980000000000003
146 0.7847999999999999
147 0.7719999999999999
148 0.7599999999999997
149 0.7492
150 0.7376
151 0.7308
152 0.7248
153 0.72
154 0.716
155 0.7184
156 0.7284
157 0.7487999999999999
158 0.758
159 0.7684000000000002
160 0.7876000000000001
161 0.8120000000000002
162 0.8300000000000003
163 0.8404
164 0.838
165 0.8312
166 0.8228000000000002
167 0.8120000000000002
168 0.8008000000000002
169 0.7839999999999999
170 0.7684000000000001
171 0.7583999999999999
172 0.7484000000000002
173 0.7348000000000002
174 0.7224
175 0.7132000000000001
176 0.7047999999999999
177 0.6995999999999999
178 0.7011999999999997
179 0.7148
180 0.7303999999999999
181 0.7436
182 0.7559999999999999
183 0.7724
184 0.7928000000000003
185 0.8148000000000001
186 0.8303999999999998
187 0.84
188 0.8404
189 0.8336
190 0.8243999999999998
191 0.8144
192 0.804
193 0.7856000000000001
194 0.7683999999999999
195 0.7559999999999999
196 0.7371999999999999
197 0.7215999999999998
198 0.7119999999999997
199 0.7043999999999998
200 0.6984
201 0.694
202 0.6939999999999997
203 0.6988
204 0.7140000000000002
205 0.7307999999999999
206 0.7440000000000001
207 0.7559999999999999
208 0.7820000000000001
209 0.8108000000000001
210 0.8295999999999998
211 0.8368000000000003
212 0.8356
213 0.8348000000000002
214 0.82
215 0.8071999999999998
216 0.7968000000000002
217 0.7843999999999999
218 0.7667999999999999
219 0.7511999999999999
220 0.7359999999999998
221 0.7223999999999998
222 0.7108
223 0.6991999999999997
224 0.6907999999999997
225 0.6836
226 0.6828
227 0.6903999999999999
228 0.7055999999999999
229 0.7123999999999999
230 0.7223999999999998
231 0.7411999999999997
232 0.7656000000000002
233 0.7996
234 0.8272000000000002
235 0.8304000000000002
236 0.8264000000000005
237 0.8180000000000003
238 0.8104000000000002
239 0.7956000000000004
240 0.7792000000000001
241 0.7656000000000002
242 0.7512000000000001
243 0.7420000000000003
244 0.7276000000000002
245 0.7183999999999999
246 0.7079999999999999
247 0.7015999999999998
248 0.694
249 0.6848000000000001
250 0.6832
251 0.6884
252 0.708
253 0.7232
254 0.7436000000000001
255 0.7624000000000001
256 0.7815999999999999
257 0.8140000000000001
258 0.8328000000000002
259 0.8419999999999999
260 0.838
261 0.8284000000000001
262 0.8148000000000002
263 0.8008000000000002
264 0.7831999999999999
265 0.7731999999999999
266 0.7615999999999998
267 0.7515999999999997
268 0.7367999999999998
269 0.7212000000000001
270 0.7092
271 0.7011999999999999
272 0.6928000000000002
273 0.6875999999999999
274 0.6855999999999999
275 0.6916
276 0.7011999999999999
277 0.7179999999999996
278 0.7323999999999998
279 0.746
280 0.7699999999999999
281 0.8000000000000002
282 0.8224000000000004
283 0.8276
284 0.8291999999999998
285 0.8272000000000002
286 0.8119999999999998
287 0.7988000000000001
288 0.7816000000000003
289 0.7656000000000002
290 0.7488000000000001
291 0.7327999999999999
292 0.7232
293 0.7140000000000001
294 0.7023999999999998
295 0.69
296 0.6867999999999997
297 0.6831999999999999
298 0.6828
299 0.6936000000000001
300 0.7076000000000002
301 0.7227999999999999
302 0.7375999999999999
303 0.7524000000000001
304 0.7808000000000003
305 0.8108
306 0.8292000000000003
307 0.8364
308 0.8384000000000001
309 0.8268000000000001
310 0.8188
311 0.8059999999999999
312 0.7920000000000001
313 0.7768000000000002
314 0.7619999999999998
315 0.7440000000000001
316 0.7280000000000002
317 0.7135999999999999
318 0.7019999999999998
319 0.6891999999999999
320 0.6824000000000001
321 0.6724
322 0.6732
323 0.6816000000000001
324 0.6884
325 0.7051999999999998
326 0.7144000000000001
327 0.7268000000000002
328 0.7512000000000001
329 0.7756000000000002
330 0.7936
331 0.8076000000000001
332 0.8036
333 0.7964
334 0.784
335 0.7680000000000001
336 0.7528
337 0.7388000000000002
338 0.7212000000000001
339 0.7067999999999999
340 0.6892000000000001
341 0.6739999999999999
342 0.6672
343 0.662
344 0.6556000000000001
345 0.652
346 0.6547999999999999
347 0.6652
348 0.6792
349 0.6936
350 0.7128
351 0.7288
352 0.7632000000000002
353 0.7872000000000001
354 0.8116000000000001
355 0.8168000000000003
356 0.8232000000000003
357 0.8155999999999999
358 0.8003999999999999
359 0.7839999999999998
360 0.772
361 0.7571999999999997
362 0.7391999999999997
363 0.7255999999999999
364 0.7108
365 0.6955999999999999
366 0.6831999999999998
367 0.6727999999999997
368 0.6627999999999997
369 0.6583999999999999
370 0.6623999999999998
371 0.6655999999999999
372 0.6803999999999999
373 0.6968
374 0.7099999999999999
375 0.7244000000000002
376 0.7491999999999999
377 0.7839999999999999
378 0.8039999999999999
379 0.8195999999999999
380 0.8175999999999998
381 0.8088
382 0.7983999999999999
383 0.7831999999999999
384 0.7675999999999997
385 0.75
386 0.7323999999999998
387 0.7143999999999999
388 0.7028
389 0.6859999999999998
390 0.6756000000000002
391 0.6648000000000001
392 0.6564000000000001
393 0.6492000000000001
394 0.6539999999999999
395 0.6631999999999998
396 0.6819999999999997
397 0.7008
398 0.7164
399 0.7340000000000001
400 0.7639999999999999
401 0.7939999999999999
402 0.8068
403 0.8008
404 0.7991999999999999
405 0.7879999999999999
406 0.7776
407 0.7656000000000001
408 0.7559999999999998
409 0.7444
410 0.7252000000000001
411 0.7071999999999998
412 0.6903999999999999
413 0.6792
414 0.67
415 0.6648
416 0.6515999999999998
417 0.6471999999999999
418 0.6496
419 0.6567999999999999
420 0.6728000000000002
421 0.6911999999999999
422 0.7063999999999999
423 0.7216
424 0.7476
425 0.7748000000000004
426 0.7979999999999998
427 0.8100000000000003
428 0.8116000000000001
429 0.8040000000000002
430 0.7904000000000001
431 0.7704000000000001
432 0.7596
433 0.7416000000000003
434 0.7312000000000002
435 0.7208000000000002
436 0.7032
437 0.6895999999999998
438 0.6755999999999999
439 0.6664
440 0.6596000000000001
441 0.6488
442 0.6532000000000001
443 0.6603999999999999
444 0.6807999999999998
445 0.6979999999999998
446 0.7084
447 0.72
448 0.7476
449 0.778
450 0.8004000000000001
451 0.8039999999999999
452 0.7991999999999997
453 0.7892
454 0.7776
455 0.7627999999999999
456 0.7463999999999998
457 0.7324
458 0.7164
459 0.7032
460 0.6864
461 0.6775999999999999
462 0.6688000000000001
463 0.6603999999999999
464 0.6483999999999999
465 0.6439999999999999
466 0.6483999999999999
467 0.6592
468 0.6747999999999997
469 0.6879999999999998
470 0.7011999999999999
471 0.7243999999999999
472 0.7504000000000004
473 0.7824000000000002
474 0.8004000000000002
475 0.8055999999999999
476 0.8039999999999999
477 0.7948000000000001
478 0.7752000000000003
479 0.7612000000000003
480 0.7452000000000001
481 0.7287999999999997
482 0.7155999999999999
483 0.6988
484 0.6823999999999999
485 0.6664
486 0.6576000000000001
487 0.6455999999999998
488 0.6344
489 0.6308
490 0.6371999999999999
491 0.6487999999999999
492 0.6667999999999998
493 0.6823999999999999
494 0.698
495 0.7119999999999999
496 0.7420000000000002
497 0.7731999999999999
498 0.7944000000000002
499 0.8036000000000001
500 0.7996
501 0.7871999999999999
502 0.7756000000000001
503 0.7612000000000001
504 0.7500000000000001
505 0.7356000000000001
506 0.7176
507 0.6992
508 0.684
509 0.6728000000000002
510 0.6632000000000001
511 0.6547999999999999
512 0.6519999999999999
513 0.6472000000000001
514 0.6528000000000002
515 0.6596000000000001
516 0.6751999999999999
517 0.6944000000000001
518 0.7079999999999999
519 0.7228
520 0.7544
521 0.7832000000000001
522 0.8004000000000002
523 0.8119999999999998
524 0.8052000000000001
525 0.7992
526 0.7844000000000001
527 0.7632000000000001
528 0.742
529 0.7276
530 0.7116
531 0.6980000000000001
532 0.6848000000000002
533 0.6692
534 0.6596000000000001
535 0.6524
536 0.642
537 0.6360000000000001
538 0.6336000000000002
539 0.6419999999999999
540 0.6572000000000001
541 0.6728000000000001
542 0.6876000000000001
543 0.7064
544 0.7384000000000001
545 0.7803999999999998
546 0.8011999999999998
547 0.8019999999999997
548 0.7943999999999997
549 0.7911999999999999
550 0.7776
551 0.7619999999999999
552 0.7424
553 0.7240000000000001
554 0.7055999999999999
555 0.6916
556 0.6768000000000001
557 0.6652000000000002
558 0.6548
559 0.6436000000000002
560 0.6336
561 0.6295999999999998
562 0.6283999999999998
563 0.6355999999999999
564 0.6528000000000002
565 0.6748000000000002
566 0.6936000000000001
567 0.7168000000000001
568 0.7487999999999998
569 0.7763999999999999
570 0.8008000000000002
571 0.8067999999999996
572 0.8095999999999998
573 0.7988
574 0.7832000000000001
575 0.7624
576 0.7468
577 0.7352
578 0.7135999999999997
579 0.7007999999999996
580 0.6815999999999999
581 0.6668
582 0.6552
583 0.6436
584 0.6364000000000001
585 0.6308
586 0.6316
587 0.642
588 0.6551999999999998
589 0.6711999999999999
590 0.6851999999999998
591 0.7055999999999999
592 0.7392
593 0.7651999999999998
594 0.7831999999999998
595 0.7932000000000001
596 0.7927999999999998
597 0.784
598 0.7671999999999999
599 0.7579999999999998
600 0.7384000000000001
601 0.7204000000000002
602 0.7036
603 0.6840000000000002
604 0.6691999999999999
605 0.6535999999999998
606 0.6435999999999998
607 0.6376
608 0.63
609 0.6236
610 0.6324
611 0.6444000000000001
612 0.6604000000000002
613 0.6724
614 0.6920000000000002
615 0.7172000000000002
616 0.7439999999999999
617 0.7768
618 0.7984000000000002
619 0.8084000000000002
620 0.7992000000000001
621 0.7908000000000003
622 0.7748
623 0.7615999999999995
624 0.7432
625 0.7252
626 0.7067999999999999
627 0.6912
628 0.6752000000000001
629 0.6592
630 0.6499999999999999
631 0.642
632 0.6351999999999999
633 0.6315999999999999
634 0.6315999999999999
635 0.6439999999999999
636 0.6572
637 0.6751999999999998
638 0.6903999999999999
639 0.7116000000000001
640 0.7424000000000003
641 0.7675999999999997
642 0.7911999999999998
643 0.8003999999999999
644 0.7932000000000001
645 0.7827999999999998
646 0.7696000000000001
647 0.7536
648 0.7340000000000001
649 0.7195999999999999
650 0.7012
651 0.6888000000000001
652 0.6719999999999999
653 0.6591999999999999
654 0.6476000000000001
655 0.6312
656 0.6215999999999999
657 0.6168000000000002
658 0.6148
659 0.6244000000000001
660 0.6416
661 0.6623999999999998
662 0.6831999999999998
663 0.7028
664 0.7232
665 0.7616
666 0.784
667 0.7956
668 0.7943999999999999
669 0.7831999999999998
670 0.7696
671 0.7596
672 0.7416000000000003
673 0.7228
674 0.7044
675 0.6859999999999999
676 0.6679999999999999
677 0.6543999999999999
678 0.6452
679 0.6375999999999998
680 0.6323999999999999
681 0.6259999999999998
682 0.6307999999999998
683 0.6344000000000001
684 0.652
685 0.6684
686 0.6843999999999998
687 0.7015999999999998
688 0.7376
689 0.7668
690 0.7939999999999999
691 0.8059999999999998
692 0.7931999999999999
693 0.7803999999999999
694 0.7683999999999997
695 0.7495999999999998
696 0.7312000000000001
697 0.7115999999999998
698 0.6988000000000001
699 0.6811999999999999
700 0.6688000000000001
701 0.6536
702 0.6419999999999998
703 0.6335999999999998
704 0.6271999999999999
705 0.6203999999999998
706 0.6243999999999998
707 0.6359999999999999
708 0.6531999999999998
709 0.6668000000000001
710 0.6864
711 0.7056
712 0.7312000000000003
713 0.7660000000000003
714 0.7852000000000003
715 0.7883999999999999
716 0.7892
717 0.7812
718 0.7672
719 0.7539999999999999
720 0.7424
721 0.7268000000000001
722 0.7076
723 0.6883999999999999
724 0.6764
725 0.6559999999999999
726 0.6415999999999998
727 0.6303999999999998
728 0.6267999999999998
729 0.6227999999999999
730 0.6291999999999998
731 0.6367999999999999
732 0.6591999999999999
733 0.6715999999999999
734 0.6888
735 0.7135999999999997
736 0.7435999999999998
737 0.7727999999999998
738 0.7924000000000003
739 0.8015999999999999
740 0.8008
741 0.7908000000000002
742 0.7724000000000001
743 0.7560000000000001
744 0.7367999999999998
745 0.7223999999999999
746 0.7076
747 0.6964000000000001
748 0.6824000000000001
749 0.6607999999999999
750 0.648
751 0.638
752 0.6288
753 0.6260000000000001
754 0.6268000000000001
755 0.6428000000000001
756 0.6579999999999998
757 0.6763999999999999
758 0.6863999999999997
759 0.7039999999999997
760 0.7367999999999999
761 0.7731999999999998
762 0.7900000000000001
763 0.7964
764 0.7899999999999998
765 0.7819999999999999
766 0.7667999999999999
767 0.7471999999999999
768 0.7272
769 0.7140000000000002
770 0.6944
771 0.6816
772 0.6619999999999999
773 0.6448
774 0.6396000000000001
775 0.626
776 0.6140000000000001
777 0.6079999999999999
778 0.6099999999999999
779 0.6192
780 0.6376
781 0.6604000000000001
782 0.674
783 0.6951999999999999
784 0.7256
785 0.7584000000000001
786 0.7756000000000001
787 0.7852000000000001
788 0.7776000000000001
789 0.7663999999999999
790 0.7548
791 0.7416000000000001
792 0.7248
793 0.7068000000000001
794 0.6916
795 0.6760000000000003
796 0.6587999999999999
797 0.6420000000000001
798 0.6264
799 0.6175999999999998
800 0.6115999999999999
801 0.5992000000000001
802 0.6055999999999999
803 0.6147999999999999
804 0.6255999999999999
805 0.6463999999999999
806 0.6716000000000001
807 0.6888
808 0.7159999999999997
809 0.7548000000000004
810 0.7784
811 0.7879999999999999
812 0.7884
813 0.7756000000000001
814 0.7576000000000002
815 0.7432000000000001
816 0.7243999999999999
817 0.7067999999999999
818 0.6855999999999999
819 0.6688
820 0.6547999999999999
821 0.6408
822 0.628
823 0.6164000000000001
824 0.6139999999999999
825 0.6092
826 0.6096000000000001
827 0.6236
828 0.6484000000000001
829 0.6635999999999999
830 0.6735999999999998
831 0.698
832 0.7184
833 0.7508
834 0.7772
835 0.7839999999999998
836 0.7811999999999999
837 0.7688000000000001
838 0.7568000000000003
839 0.7432000000000002
840 0.7252000000000003
841 0.7048000000000001
842 0.6887999999999996
843 0.672
844 0.6552000000000001
845 0.6391999999999999
846 0.6299999999999999
847 0.6223999999999998
848 0.6164
849 0.6067999999999999
850 0.6111999999999999
851 0.6184000000000002
852 0.6380000000000001
853 0.6579999999999999
854 0.6747999999999998
855 0.6887999999999999
856 0.7168000000000001
857 0.7499999999999999
858 0.7759999999999998
859 0.7863999999999999
860 0.7752
861 0.7632000000000001
862 0.7500000000000001
863 0.7372000000000001
864 0.7212000000000001
865 0.7035999999999999
866 0.6868000000000001
867 0.6747999999999998
868 0.6596
869 0.6447999999999997
870 0.6348
871 0.6244
872 0.6175999999999997
873 0.6111999999999999
874 0.6088
875 0.6192
876 0.6384
877 0.6592
878 0.6764000000000001
879 0.6940000000000001
880 0.7248
881 0.7664
882 0.7896000000000005
883 0.8007999999999998
884 0.7992000000000005
885 0.7892000000000001
886 0.7756000000000001
887 0.7563999999999999
888 0.7336000000000001
889 0.7188
890 0.698
891 0.6796000000000001
892 0.6639999999999999
893 0.6507999999999999
894 0.6400000000000001
895 0.6327999999999999
896 0.6264000000000002
897 0.6236000000000002
898 0.6244000000000001
899 0.6339999999999999
900 0.6471999999999999
901 0.6627999999999998
902 0.6755999999999998
903 0.6972
904 0.7259999999999998
905 0.7591999999999998
906 0.7852
907 0.7944000000000001
908 0.7936
909 0.7820000000000001
910 0.7719999999999999
911 0.7496
912 0.7263999999999998
913 0.7103999999999998
914 0.6888
915 0.6695999999999998
916 0.6488
917 0.6360000000000001
918 0.6259999999999999
919 0.6164
920 0.6080000000000001
921 0.6016000000000001
922 0.6059999999999999
923 0.6167999999999999
924 0.6315999999999999
925 0.6564000000000001
926 0.6764000000000001
927 0.6995999999999998
928 0.7260000000000004
929 0.7564
930 0.7796000000000001
931 0.7843999999999999
932 0.7863999999999998
933 0.7783999999999998
934 0.7619999999999998
935 0.7424000000000001
936 0.7184000000000001
937 0.7031999999999999
938 0.6912
939 0.6779999999999998
940 0.6643999999999999
941 0.6480000000000001
942 0.634
943 0.6256
944 0.618
945 0.6096
946 0.6140000000000001
947 0.6192000000000002
948 0.6332
949 0.6611999999999999
950 0.6807999999999998
951 0.7012
952 0.7244000000000002
953 0.7595999999999998
954 0.7839999999999999
955 0.7908
956 0.7816000000000001
957 0.7631999999999999
958 0.7491999999999999
959 0.7323999999999998
960 0.7163999999999998
961 0.6972000000000002
962 0.6748000000000001
963 0.6547999999999999
964 0.638
965 0.6248
966 0.6159999999999999
967 0.6043999999999999
968 0.5996
969 0.5948
970 0.5972
971 0.6083999999999999
972 0.6251999999999999
973 0.6412
974 0.6567999999999998
975 0.6735999999999999
976 0.7064
977 0.7459999999999998
978 0.7568
979 0.7691999999999999
980 0.7592
981 0.7468000000000002
982 0.73
983 0.7084000000000001
984 0.6888000000000002
985 0.6764
986 0.6644
987 0.6452
988 0.6304000000000001
989 0.6108
990 0.6007999999999999
991 0.5896
992 0.584
993 0.58
994 0.5867999999999999
995 0.5984
996 0.6163999999999998
997 0.6456000000000001
998 0.6648000000000001
999 0.6831999999999999
1000 0.7140000000000001
1001 0.7515999999999997
1002 0.7767999999999999
1003 0.7867999999999998
1004 0.7827999999999997
1005 0.7695999999999998
1006 0.7575999999999997
1007 0.7368000000000001
1008 0.7224
1009 0.7048000000000002
1010 0.6908000000000001
1011 0.6747999999999998
1012 0.6531999999999998
1013 0.6379999999999998
1014 0.6283999999999998
1015 0.6203999999999998
1016 0.6095999999999999
1017 0.6032
1018 0.6047999999999998
1019 0.6139999999999999
1020 0.6299999999999999
1021 0.6511999999999998
1022 0.6636
1023 0.6880000000000002
1024 0.7152
1025 0.7487999999999997
1026 0.7747999999999997
1027 0.7859999999999999
1028 0.7872
1029 0.7772
1030 0.762
1031 0.7428000000000003
1032 0.7204000000000002
1033 0.7031999999999999
1034 0.684
1035 0.6704000000000001
1036 0.6524
1037 0.6352000000000002
1038 0.6192000000000001
1039 0.6052000000000001
1040 0.5960000000000002
1041 0.5872000000000002
1042 0.5880000000000001
1043 0.5996000000000001
1044 0.6220000000000001
1045 0.6372000000000001
1046 0.6552
1047 0.6772
1048 0.7124000000000001
1049 0.7456
1050 0.7668
1051 0.7696000000000001
1052 0.7659999999999999
1053 0.7588000000000001
1054 0.7404000000000001
1055 0.722
1056 0.7052
1057 0.69
1058 0.6708
1059 0.6580000000000001
1060 0.6416000000000001
1061 0.6300000000000001
1062 0.6219999999999999
1063 0.6155999999999998
1064 0.5988
1065 0.5944
1066 0.6012
1067 0.6148
1068 0.6367999999999999
1069 0.6616
1070 0.6812000000000001
1071 0.7047999999999999
1072 0.7412000000000002
1073 0.7688000000000001
1074 0.7879999999999999
1075 0.7888
1076 0.786
1077 0.7784000000000002
1078 0.76
1079 0.7428000000000001
1080 0.7252
1081 0.7036
1082 0.6903999999999999
1083 0.6711999999999999
1084 0.6536000000000002
1085 0.6379999999999999
1086 0.6308
1087 0.6244
1088 0.6128000000000001
1089 0.6043999999999999
1090 0.6079999999999999
1091 0.6207999999999999
1092 0.6307999999999999
1093 0.6495999999999998
1094 0.6656
1095 0.6888000000000001
1096 0.7172
1097 0.7516000000000002
1098 0.772
1099 0.7812
1100 0.7804000000000002
1101 0.7687999999999999
1102 0.7511999999999999
1103 0.7315999999999999
1104 0.7108000000000001
1105 0.6928
1106 0.6752000000000001
1107 0.6592
1108 0.6415999999999997
1109 0.6283999999999998
1110 0.6171999999999997
1111 0.6095999999999999
1112 0.6015999999999999
1113 0.5963999999999999
1114 0.596
1115 0.6119999999999999
1116 0.6307999999999998
1117 0.6436
1118 0.6620000000000001
1119 0.6847999999999997
1120 0.7147999999999999
1121 0.7508000000000001
1122 0.7736
1123 0.7791999999999999
1124 0.7731999999999999
1125 0.7611999999999999
1126 0.7472000000000003
1127 0.7252
1128 0.7107999999999999
1129 0.69
1130 0.6676000000000001
1131 0.6464
1132 0.6259999999999999
1133 0.6083999999999999
1134 0.5948
1135 0.5804
1136 0.5736000000000001
1137 0.5664
1138 0.5688
1139 0.586
1140 0.6032000000000001
1141 0.6188000000000001
1142 0.638
1143 0.6644
1144 0.6964
1145 0.7332
1146 0.7643999999999999
1147 0.7803999999999999
1148 0.7760000000000001
1149 0.7680000000000002
1150 0.7560000000000001
1151 0.7284
1152 0.7068000000000001
1153 0.688
1154 0.6668000000000001
1155 0.6484000000000001
1156 0.6248
1157 0.61
1158 0.6036
1159 0.5923999999999999
1160 0.5807999999999999
1161 0.5771999999999998
1162 0.5824000000000001
1163 0.5916
1164 0.6127999999999999
1165 0.6324
1166 0.6479999999999998
1167 0.6744
1168 0.7079999999999999
1169 0.7415999999999998
1170 0.7683999999999999
1171 0.7800000000000002
1172 0.7748000000000002
1173 0.7572000000000001
1174 0.7424
1175 0.7192000000000001
1176 0.7004
1177 0.6816000000000002
1178 0.664
1179 0.6459999999999999
1180 0.6300000000000001
1181 0.6152
1182 0.6040000000000001
1183 0.5936
1184 0.5843999999999999
1185 0.5791999999999999
1186 0.5783999999999999
1187 0.5863999999999999
1188 0.6
1189 0.6228000000000001
1190 0.6448
1191 0.6719999999999999
1192 0.7031999999999999
1193 0.7432
1194 0.7708000000000002
1195 0.79
1196 0.7899999999999998
1197 0.7759999999999999
1198 0.7611999999999999
1199 0.748
1200 0.7216000000000001
1201 0.7012000000000002
1202 0.6780000000000002
1203 0.6632000000000001
1204 0.6468
1205 0.6272
1206 0.6148
1207 0.61
1208 0.6004
1209 0.5976000000000001
1210 0.6
1211 0.6072000000000001
1212 0.6232000000000001
1213 0.6439999999999998
1214 0.6644
1215 0.6811999999999998
1216 0.7076
1217 0.7467999999999999
1218 0.7604000000000001
1219 0.7632000000000001
1220 0.7576000000000002
1221 0.7479999999999998
1222 0.7308
1223 0.7219999999999999
1224 0.6999999999999998
1225 0.6779999999999999
1226 0.6603999999999999
1227 0.6424
1228 0.6244
1229 0.6052
1230 0.5963999999999999
1231 0.5835999999999999
1232 0.5752000000000002
1233 0.5688
1234 0.5704
1235 0.5771999999999999
1236 0.5972
1237 0.6184000000000001
1238 0.6391999999999999
1239 0.6631999999999998
1240 0.6995999999999999
1241 0.742
1242 0.7667999999999999
1243 0.7708000000000002
1244 0.7668000000000003
1245 0.758
1246 0.7399999999999999
1247 0.7224
1248 0.7040000000000001
1249 0.6836
1250 0.6572000000000001
1251 0.6428
1252 0.6308000000000002
1253 0.6164000000000002
1254 0.6035999999999999
1255 0.5935999999999999
1256 0.5879999999999999
1257 0.5799999999999998
1258 0.582
1259 0.5963999999999998
1260 0.6235999999999998
1261 0.6496
1262 0.6648000000000001
1263 0.6844000000000002
1264 0.7104
1265 0.7415999999999999
1266 0.7680000000000002
1267 0.7696000000000002
1268 0.764
1269 0.7548
1270 0.7424
1271 0.7276
1272 0.6984
1273 0.6788
1274 0.6572
1275 0.6339999999999999
1276 0.6199999999999999
1277 0.6012
1278 0.5923999999999999
1279 0.5895999999999999
1280 0.5792
1281 0.5751999999999999
1282 0.5780000000000001
1283 0.5923999999999999
1284 0.606
1285 0.6259999999999999
1286 0.6415999999999998
1287 0.6623999999999998
1288 0.6971999999999997
1289 0.7344000000000003
1290 0.7580000000000002
1291 0.77
1292 0.7635999999999998
1293 0.7519999999999998
1294 0.736
1295 0.7184000000000001
1296 0.6932
1297 0.6636000000000002
1298 0.6447999999999999
1299 0.6304
1300 0.6115999999999999
1301 0.5952000000000001
1302 0.5815999999999998
1303 0.5759999999999998
1304 0.5695999999999999
1305 0.5616
1306 0.5616
1307 0.5668
1308 0.5823999999999999
1309 0.6115999999999998
1310 0.6268
1311 0.6579999999999998
1312 0.6920000000000001
1313 0.7356000000000001
1314 0.7580000000000002
1315 0.7724000000000002
1316 0.7720000000000004
1317 0.7552000000000001
1318 0.7384000000000002
1319 0.7160000000000001
1320 0.696
1321 0.6708000000000002
1322 0.6536
1323 0.6328
1324 0.6164000000000001
1325 0.6055999999999999
1326 0.5852000000000003
1327 0.5752000000000002
1328 0.5664000000000002
1329 0.5600000000000002
1330 0.5632
1331 0.5723999999999999
1332 0.592
1333 0.6076000000000001
1334 0.6275999999999999
1335 0.6531999999999998
1336 0.6951999999999999
1337 0.7407999999999998
1338 0.7704000000000002
1339 0.7820000000000001
1340 0.7828
1341 0.7712000000000002
1342 0.7536000000000002
1343 0.7332000000000002
1344 0.7164000000000003
1345 0.6992
1346 0.6816
1347 0.6668
1348 0.6528
1349 0.6392
1350 0.6239999999999999
1351 0.6147999999999999
1352 0.6052
1353 0.5944000000000002
1354 0.5916
1355 0.6032
1356 0.6231999999999998
1357 0.6483999999999999
1358 0.6656000000000002
1359 0.6856
1360 0.7160000000000001
1361 0.7487999999999999
1362 0.7692000000000001
1363 0.7799999999999998
1364 0.7780000000000001
1365 0.7676000000000002
1366 0.7475999999999999
1367 0.7224
1368 0.7015999999999998
1369 0.6888
1370 0.6727999999999998
1371 0.6507999999999998
1372 0.6276000000000002
1373 0.6076
1374 0.5927999999999998
1375 0.5771999999999998
1376 0.5647999999999999
1377 0.5627999999999997
1378 0.5644
1379 0.5723999999999999
1380 0.5871999999999999
1381 0.6116
1382 0.6308
1383 0.6524
1384 0.6795999999999998
1385 0.7163999999999998
1386 0.738
1387 0.7495999999999999
1388 0.7436
1389 0.7223999999999998
1390 0.7044
1391 0.682
1392 0.6656000000000002
1393 0.6456000000000001
1394 0.6327999999999999
1395 0.6119999999999998
1396 0.5964
1397 0.5832
1398 0.5736000000000001
1399 0.5676000000000001
1400 0.564
1401 0.5584
1402 0.5632
1403 0.5724
1404 0.5963999999999999
1405 0.6195999999999999
1406 0.6436
1407 0.6639999999999999
1408 0.6979999999999998
1409 0.7303999999999998
1410 0.7528000000000001
1411 0.7592000000000002
1412 0.7524000000000005
1413 0.7460000000000001
1414 0.7304000000000002
1415 0.7108
1416 0.6876000000000001
1417 0.6656
1418 0.6456000000000001
1419 0.6271999999999999
1420 0.6091999999999997
1421 0.5955999999999998
1422 0.5811999999999999
1423 0.5740000000000002
1424 0.5640000000000001
1425 0.5648000000000001
1426 0.5676000000000001
1427 0.5772000000000002
1428 0.5984000000000002
1429 0.6228
1430 0.6456000000000001
1431 0.6628000000000001
1432 0.6991999999999998
1433 0.7400000000000001
1434 0.7679999999999998
1435 0.7772
1436 0.7708000000000003
1437 0.7576
1438 0.7388000000000001
1439 0.7132
1440 0.6875999999999999
1441 0.6716000000000001
1442 0.6503999999999999
1443 0.6304000000000002
1444 0.6148
1445 0.5943999999999999
1446 0.5827999999999999
1447 0.5707999999999998
1448 0.5643999999999996
1449 0.5587999999999999
1450 0.5547999999999998
1451 0.5643999999999998
1452 0.5783999999999998
1453 0.5967999999999997
1454 0.6144
1455 0.6435999999999998
1456 0.6808000000000001
1457 0.7243999999999999
1458 0.754
1459 0.7684000000000002
1460 0.7692
1461 0.7572
1462 0.7440000000000001
1463 0.7280000000000001
1464 0.7068000000000001
1465 0.6887999999999999
1466 0.6611999999999999
1467 0.6355999999999998
1468 0.6159999999999999
1469 0.5968
1470 0.5912000000000002
1471 0.5824000000000001
1472 0.5724000000000001
1473 0.5672000000000001
1474 0.5652
1475 0.5887999999999999
1476 0.6092
1477 0.6268
1478 0.6448
1479 0.6659999999999999
1480 0.6947999999999999
1481 0.7283999999999999
1482 0.7564
1483 0.7692
1484 0.7691999999999998
1485 0.7539999999999999
1486 0.7411999999999999
1487 0.718
1488 0.6924000000000001
1489 0.6744000000000001
1490 0.6531999999999999
1491 0.6327999999999999
1492 0.6163999999999998
1493 0.6003999999999999
1494 0.5895999999999999
1495 0.5779999999999998
1496 0.5636000000000001
1497 0.5559999999999999
1498 0.5563999999999999
1499 0.5679999999999998
1500 0.588
1501 0.6115999999999999
1502 0.6315999999999999
1503 0.6579999999999998
1504 0.7008000000000001
1505 0.7343999999999998
1506 0.7544
1507 0.7644
1508 0.7596000000000004
1509 0.7552000000000002
1510 0.7335999999999997
1511 0.7155999999999999
1512 0.6951999999999999
1513 0.6683999999999999
1514 0.6447999999999999
1515 0.6232
1516 0.6079999999999999
1517 0.5943999999999999
1518 0.5836
1519 0.5720000000000001
1520 0.5632
1521 0.5544
1522 0.5584
1523 0.5711999999999999
1524 0.5971999999999998
1525 0.6164000000000001
1526 0.6372000000000001
1527 0.6515999999999998
1528 0.6916
1529 0.7283999999999999
1530 0.7588000000000001
1531 0.7628
1532 0.7552
1533 0.7415999999999999
1534 0.7223999999999999
1535 0.7016000000000001
1536 0.6772000000000001
1537 0.6584000000000003
1538 0.6356000000000003
1539 0.6183999999999998
1540 0.6007999999999998
1541 0.588
1542 0.5795999999999999
1543 0.5716
1544 0.564
1545 0.558
1546 0.5632
1547 0.5744
1548 0.592
1549 0.6192
1550 0.6416000000000001
1551 0.6628000000000002
1552 0.6996000000000001
1553 0.7383999999999997
1554 0.7652
1555 0.7700000000000001
1556 0.764
1557 0.7476
1558 0.7276
1559 0.7123999999999998
1560 0.6928
1561 0.6704000000000002
1562 0.6511999999999999
1563 0.6403999999999997
1564 0.6228
1565 0.602
1566 0.59
1567 0.5784000000000001
1568 0.5628000000000001
1569 0.5592000000000001
1570 0.5684
1571 0.5808
1572 0.5935999999999999
1573 0.616
1574 0.6376
1575 0.6603999999999999
1576 0.7003999999999999
1577 0.7384000000000001
1578 0.7604000000000002
1579 0.7724
1580 0.7704000000000001
1581 0.7519999999999999
1582 0.7347999999999999
1583 0.7208
1584 0.7004000000000002
1585 0.6776000000000001
1586 0.6548
1587 0.6336000000000002
1588 0.6144000000000001
1589 0.5968000000000001
1590 0.5860000000000002
1591 0.5711999999999999
1592 0.5599999999999997
1593 0.5567999999999997
1594 0.5595999999999999
1595 0.5735999999999999
1596 0.5892
1597 0.6103999999999998
1598 0.6287999999999999
1599 0.6484000000000001
1600 0.6864
1601 0.7299999999999999
1602 0.7487999999999998
1603 0.7587999999999999
1604 0.7575999999999997
1605 0.7440000000000001
1606 0.7247999999999998
1607 0.7111999999999999
1608 0.6864000000000001
1609 0.6636
1610 0.6448
1611 0.6275999999999999
1612 0.6052000000000001
1613 0.5927999999999999
1614 0.5811999999999998
1615 0.5711999999999998
1616 0.5635999999999999
1617 0.5568
1618 0.5628000000000002
1619 0.5816
1620 0.596
1621 0.6116000000000001
1622 0.6307999999999999
1623 0.6591999999999999
1624 0.6947999999999999
1625 0.7363999999999998
1626 0.7568
1627 0.7660000000000001
1628 0.7592000000000002
1629 0.7536000000000003
1630 0.7323999999999999
1631 0.7088000000000001
1632 0.6895999999999998
1633 0.66
1634 0.6372
1635 0.618
1636 0.6004
1637 0.5928
1638 0.5768
1639 0.5704000000000001
1640 0.5620000000000002
1641 0.5544000000000002
1642 0.554
1643 0.5743999999999999
1644 0.594
1645 0.6160000000000001
1646 0.6355999999999999
1647 0.6592
1648 0.6908000000000001
1649 0.7255999999999999
1650 0.7463999999999998
1651 0.7555999999999998
1652 0.7527999999999999
1653 0.7408
1654 0.7343999999999999
1655 0.7147999999999997
1656 0.6951999999999999
1657 0.6764
1658 0.6564
1659 0.6464000000000002
1660 0.6208000000000001
1661 0.5988
1662 0.5863999999999999
1663 0.5776
1664 0.5643999999999999
1665 0.5555999999999999
1666 0.5587999999999999
1667 0.5728
1668 0.5943999999999999
1669 0.6080000000000001
1670 0.6184000000000001
1671 0.638
1672 0.6767999999999997
1673 0.7236
1674 0.7540000000000002
1675 0.7664000000000002
1676 0.7676000000000001
1677 0.7524000000000002
1678 0.7324000000000003
1679 0.7115999999999997
1680 0.6931999999999999
1681 0.6688000000000001
1682 0.6411999999999998
1683 0.6216
1684 0.6032
1685 0.5832
1686 0.576
1687 0.5656000000000001
1688 0.5564
1689 0.5508
1690 0.556
1691 0.5683999999999999
1692 0.5900000000000001
1693 0.6096
1694 0.6288
1695 0.6536
1696 0.6888
1697 0.7256000000000001
1698 0.7600000000000002
1699 0.7756000000000002
1700 0.7723999999999998
1701 0.7612000000000001
1702 0.7467999999999998
1703 0.7184
1704 0.6963999999999999
1705 0.6755999999999999
1706 0.6583999999999998
1707 0.6367999999999998
1708 0.6215999999999997
1709 0.6059999999999998
1710 0.5947999999999998
1711 0.5783999999999999
1712 0.5648
1713 0.5568
1714 0.5603999999999999
1715 0.5628
1716 0.58
1717 0.5968000000000001
1718 0.62
1719 0.6376000000000002
1720 0.6748000000000001
1721 0.7216
1722 0.7452000000000001
1723 0.7584000000000002
1724 0.752
1725 0.7315999999999998
1726 0.7227999999999998
1727 0.7023999999999999
1728 0.682
1729 0.6591999999999999
1730 0.6379999999999998
1731 0.6191999999999998
1732 0.6023999999999998
1733 0.5883999999999999
1734 0.5791999999999999
1735 0.5692
1736 0.5652
1737 0.5604000000000001
1738 0.566
1739 0.5795999999999999
1740 0.6079999999999998
1741 0.6235999999999998
1742 0.6383999999999996
1743 0.6572
1744 0.6931999999999999
1745 0.7252
1746 0.7492000000000002
1747 0.7495999999999999
1748 0.7467999999999999
1749 0.7272000000000002
1750 0.7111999999999997
1751 0.6967999999999998
1752 0.6739999999999998
1753 0.6531999999999999
1754 0.6348
1755 0.6124
1756 0.5912
1757 0.5723999999999999
1758 0.5631999999999999
1759 0.5563999999999999
1760 0.5484
1761 0.5416000000000001
1762 0.5464
1763 0.5611999999999999
1764 0.5779999999999998
1765 0.602
1766 0.6200000000000001
1767 0.6436
1768 0.6772
1769 0.7256000000000004
1770 0.7536
1771 0.7616
1772 0.7524000000000002
1773 0.7379999999999999
1774 0.7228
1775 0.6992000000000003
1776 0.6728000000000002
1777 0.6507999999999998
1778 0.6267999999999998
1779 0.6091999999999999
1780 0.5931999999999998
1781 0.5751999999999999
1782 0.5616000000000001
1783 0.5552000000000001
1784 0.5500000000000003
1785 0.5448000000000003
1786 0.5532000000000002
1787 0.5616000000000002
1788 0.5788000000000001
1789 0.5952000000000001
1790 0.6131999999999997
1791 0.6388
1792 0.6727999999999998
1793 0.7168000000000002
1794 0.7480000000000001
1795 0.7487999999999998
1796 0.7439999999999999
1797 0.7267999999999999
1798 0.7108000000000001
1799 0.6916000000000001
1800 0.6739999999999999
1801 0.6524
1802 0.6367999999999999
1803 0.6252
1804 0.5999999999999998
1805 0.5827999999999999
1806 0.5716
1807 0.5616000000000001
1808 0.5552000000000001
1809 0.5468000000000002
1810 0.5496000000000002
1811 0.5588000000000002
1812 0.5804
1813 0.6048
1814 0.6236000000000002
1815 0.6451999999999998
1816 0.6731999999999999
1817 0.7151999999999998
1818 0.7416000000000001
1819 0.748
1820 0.7387999999999997
1821 0.7271999999999998
1822 0.7019999999999998
1823 0.6776000000000001
1824 0.6564
1825 0.6356000000000002
1826 0.6196
1827 0.6019999999999999
1828 0.5883999999999999
1829 0.5668
1830 0.5552
1831 0.5484
1832 0.5379999999999998
1833 0.5303999999999999
1834 0.5343999999999999
1835 0.5484
1836 0.5660000000000001
1837 0.5920000000000001
1838 0.6191999999999999
1839 0.6424
1840 0.6784
1841 0.7208
1842 0.7492000000000002
1843 0.7564000000000002
1844 0.7543999999999998
1845 0.7460000000000002
1846 0.7276
1847 0.7020000000000002
1848 0.6763999999999999
1849 0.6500000000000001
1850 0.6320000000000001
1851 0.6132
1852 0.5955999999999999
1853 0.5744000000000001
1854 0.5644000000000002
1855 0.5556000000000001
1856 0.548
1857 0.5419999999999999
1858 0.5448000000000001
1859 0.5604
1860 0.5828000000000001
1861 0.6056000000000001
1862 0.624
1863 0.6503999999999999
1864 0.6807999999999998
1865 0.7236
1866 0.7439999999999999
1867 0.7527999999999999
1868 0.7488000000000002
1869 0.7300000000000001
1870 0.7124000000000001
1871 0.6968000000000001
1872 0.6724
1873 0.6528
1874 0.6379999999999999
1875 0.6136
1876 0.596
1877 0.5807999999999999
1878 0.5687999999999999
1879 0.5568
1880 0.5532
1881 0.5496
1882 0.5507999999999998
1883 0.5668
1884 0.5803999999999998
1885 0.6059999999999999
1886 0.6267999999999998
1887 0.6472
1888 0.6871999999999998
1889 0.7236000000000001
1890 0.7496000000000004
1891 0.7576000000000004
1892 0.7580000000000002
1893 0.7496
1894 0.7312000000000002
1895 0.7064000000000001
1896 0.6848000000000002
1897 0.6619999999999999
1898 0.6427999999999998
1899 0.6239999999999999
1900 0.6063999999999998
1901 0.59
1902 0.5740000000000001
1903 0.5648
1904 0.5567999999999997
1905 0.5495999999999999
1906 0.552
1907 0.5676000000000001
1908 0.5848000000000001
1909 0.6047999999999998
1910 0.6159999999999999
1911 0.6387999999999999
1912 0.6731999999999999
1913 0.7172
1914 0.7379999999999999
1915 0.7404000000000001
1916 0.738
1917 0.7280000000000004
1918 0.7108000000000001
1919 0.6900000000000003
1920 0.6683999999999998
1921 0.6451999999999998
1922 0.6271999999999999
1923 0.6108
1924 0.5920000000000001
1925 0.5744
1926 0.5644000000000002
1927 0.5576000000000002
1928 0.5496000000000002
1929 0.5452000000000002
1930 0.5488000000000001
1931 0.5623999999999999
1932 0.584
1933 0.6056000000000001
1934 0.6232000000000001
1935 0.6416000000000001
1936 0.6727999999999998
1937 0.7099999999999999
1938 0.7404
1939 0.7463999999999998
1940 0.742
1941 0.722
1942 0.7056
1943 0.6836
1944 0.6572
1945 0.6416
1946 0.6204000000000001
1947 0.5983999999999999
1948 0.582
1949 0.5656
1950 0.5548000000000001
1951 0.5436
1952 0.5348
1953 0.5283999999999999
1954 0.5311999999999999
1955 0.5475999999999999
1956 0.5635999999999999
1957 0.5924
1958 0.6192
1959 0.6392000000000002
1960 0.6728000000000001
1961 0.7132000000000001
1962 0.7372000000000001
1963 0.7488000000000001
1964 0.7375999999999999
1965 0.7312000000000002
1966 0.7092000000000002
1967 0.6900000000000002
1968 0.67
1969 0.6419999999999999
1970 0.6247999999999999
1971 0.6071999999999999
1972 0.5908000000000001
1973 0.5695999999999999
1974 0.5552000000000001
1975 0.5432000000000001
1976 0.5372000000000001
1977 0.5352000000000001
1978 0.5372
1979 0.5516000000000001
1980 0.578
1981 0.6084
1982 0.6343999999999999
1983 0.6603999999999999
1984 0.696
1985 0.7376
1986 0.7587999999999999
1987 0.7688000000000003
1988 0.7579999999999998
1989 0.7411999999999999
1990 0.7203999999999998
1991 0.7051999999999999
1992 0.6848000000000001
1993 0.6656000000000002
1994 0.6448
1995 0.6212000000000002
1996 0.6036
1997 0.5868
1998 0.5740000000000001
1999 0.5656
