1 1.0
2 1.0
3 1.0
4 0.9992
5 0.9939999999999999
6 0.9891999999999997
7 0.9851999999999995
8 0.9807999999999995
9 0.9759999999999995
10 0.9727999999999996
11 0.9675999999999998
12 0.9635999999999999
13 0.9611999999999999
14 0.9583999999999999
15 0.9567999999999999
16 0.9567999999999999
17 0.9580000000000003
18 0.9592
19 0.9564000000000001
20 0.9519999999999998
21 0.9468
22 0.944
23 0.9424000000000001
24 0.9388000000000001
25 0.934
26 0.9283999999999999
27 0.9235999999999999
28 0.9196
29 0.9163999999999998
30 0.9099999999999998
31 0.9048
32 0.9044000000000001
33 0.8996000000000002
34 0.8960000000000002
35 0.8932000000000001
36 0.8976
37 0.9020000000000001
38 0.9036000000000002
39 0.9108000000000003
40 0.9184
41 0.9228000000000002
42 0.9280000000000002
43 0.9296000000000002
44 0.9264
45 0.9204000000000001
46 0.9164000000000001
47 0.9128000000000003
48 0.9080000000000003
49 0.9024000000000002
50 0.8992000000000001
51 0.8948
52 0.8912
53 0.8887999999999999
54 0.8832000000000001
55 0.8820000000000003
56 0.8792000000000003
57 0.8784000000000002
58 0.8772000000000001
59 0.8752000000000001
60 0.8796000000000003
61 0.8828000000000001
62 0.8840000000000003
63 0.89
64 0.8948
65 0.9044000000000001
66 0.9088000000000004
67 0.9068000000000004
68 0.9044000000000001
69 0.9008000000000002
70 0.8960000000000002
71 0.8888000000000004
72 0.8856
73 0.8824000000000002
74 0.8788000000000002
75 0.8748000000000004
76 0.8680000000000001
77 0.8648
78 0.8616000000000003
79 0.8572000000000004
80 0.8540000000000002
81 0.8508
82 0.8503999999999998
83 0.8567999999999998
84 0.8595999999999997
85 0.8680000000000004
86 0.8764000000000003
87 0.8848000000000004
88 0.8964000000000002
89 0.9060000000000001
90 0.9144000000000002
91 0.9152000000000002
92 0.9112000000000002
93 0.9060000000000002
94 0.9024000000000004
95 0.8948000000000002
96 0.8896000000000002
97 0.8872000000000001
98 0.8852000000000002
99 0.8832000000000002
100 0.8788000000000001
101 0.8720000000000002
102 0.8676000000000001
103 0.8640000000000001
104 0.8615999999999999
105 0.8568000000000001
106 0.8579999999999997
107 0.8648000000000002
108 0.8712000000000001
109 0.8812000000000001
110 0.8824000000000001
111 0.8908000000000001
112 0.9032000000000001
113 0.9115999999999999
114 0.9119999999999999
115 0.9136000000000002
116 0.9083999999999999
117 0.9027999999999998
118 0.8956000000000001
119 0.8931999999999999
120 0.8867999999999999
121 0.8832000000000001
122 0.88
123 0.8748000000000001
124 0.8716000000000002
125 0.8668
126 0.8644
127 0.8616000000000001
128 0.8592
129 0.8596000000000003
130 0.8604000000000004
131 0.8608000000000002
132 0.8704000000000002
133 0.8804000000000003
134 0.8812000000000001
135 0.8904
136 0.9004000000000001
137 0.9103999999999999
138 0.9131999999999999
139 0.9107999999999998
140 0.9084000000000003
141 0.9059999999999999
142 0.8987999999999999
143 0.8928
144 0.8872000000000001
145 0.8812000000000002
146 0.8768000000000004
147 0.8692000000000004
148 0.8628000000000001
149 0.8576000000000004
150 0.8544000000000002
151 0.8515999999999999
152 0.8496000000000002
153 0.8464000000000002
154 0.8440000000000001
155 0.8492000000000003
156 0.8556000000000004
157 0.8564
158 0.8608
159 0.8663999999999998
160 0.8760000000000001
161 0.8868000000000003
162 0.8944000000000004
163 0.8959999999999999
164 0.8927999999999998
165 0.8879999999999997
166 0.8863999999999999
167 0.8819999999999999
168 0.8735999999999997
169 0.8675999999999999
170 0.8615999999999998
171 0.856
172 0.8520000000000002
173 0.8452000000000001
174 0.8420000000000001
175 0.8392000000000001
176 0.8360000000000002
177 0.8336000000000001
178 0.8332000000000002
179 0.8392000000000002
180 0.8464000000000002
181 0.8552000000000003
182 0.8604
183 0.8680000000000001
184 0.8787999999999999
185 0.8924
186 0.9052000000000001
187 0.9092000000000001
188 0.9080000000000004
189 0.9044000000000001
190 0.8959999999999999
191 0.8876000000000004
192 0.8844000000000004
193 0.8780000000000004
194 0.8724000000000001
195 0.8664000000000002
196 0.8612000000000001
197 0.8576000000000001
198 0.8520000000000003
199 0.8456000000000004
200 0.8464000000000003
201 0.8452000000000003
202 0.8448000000000003
203 0.8468000000000004
204 0.8472000000000003
205 0.8532000000000002
206 0.8608000000000005
207 0.8676000000000001
208 0.8772000000000001
209 0.8872000000000004
210 0.9012
211 0.9027999999999997
212 0.8944
213 0.8883999999999997
214 0.8808000000000001
215 0.8752000000000001
216 0.8712000000000002
217 0.8668000000000002
218 0.8620000000000003
219 0.8576000000000001
220 0.8532000000000002
221 0.8496000000000002
222 0.8448000000000002
223 0.8416000000000002
224 0.8388000000000002
225 0.8356000000000005
226 0.8352000000000003
227 0.8400000000000004
228 0.8472000000000002
229 0.8580000000000002
230 0.8584000000000003
231 0.8632000000000004
232 0.8736
233 0.8872000000000001
234 0.8916000000000001
235 0.8916000000000001
236 0.8852000000000001
237 0.8812000000000002
238 0.8748000000000004
239 0.8696000000000005
240 0.8656000000000005
241 0.8612000000000006
242 0.8572000000000005
243 0.8528000000000004
244 0.8440000000000002
245 0.8404000000000004
246 0.8380000000000005
247 0.8348000000000003
248 0.8316000000000001
249 0.8280000000000003
250 0.8324000000000003
251 0.8372000000000002
252 0.8476000000000002
253 0.8524
254 0.8568000000000001
255 0.8632000000000002
256 0.8764000000000003
257 0.8940000000000002
258 0.8971999999999999
259 0.8968
260 0.8924000000000001
261 0.8836000000000002
262 0.8764000000000002
263 0.8728000000000002
264 0.8688000000000001
265 0.8628
266 0.8536000000000001
267 0.8472000000000002
268 0.8412000000000001
269 0.8368000000000001
270 0.8292000000000003
271 0.8276000000000002
272 0.8264000000000002
273 0.8216000000000001
274 0.8216000000000001
275 0.8256
276 0.8324000000000001
277 0.8416000000000001
278 0.8444000000000004
279 0.8528000000000001
280 0.8604000000000002
281 0.8752000000000002
282 0.8812000000000003
283 0.8840000000000002
284 0.8828000000000005
285 0.8804000000000003
286 0.8732000000000002
287 0.8695999999999999
288 0.8591999999999999
289 0.8532
290 0.8476
291 0.8423999999999999
292 0.8392000000000001
293 0.8323999999999999
294 0.8276
295 0.8248000000000002
296 0.8216000000000001
297 0.8196000000000001
298 0.8212
299 0.8264
300 0.8364000000000001
301 0.8488000000000002
302 0.8536
303 0.8575999999999998
304 0.8688000000000002
305 0.8792000000000003
306 0.8876
307 0.8875999999999996
308 0.8872
309 0.8791999999999999
310 0.8688000000000001
311 0.8640000000000001
312 0.8615999999999999
313 0.8572
314 0.8515999999999999
315 0.8455999999999997
316 0.84
317 0.8376
318 0.8320000000000002
319 0.8276
320 0.8264
321 0.8208000000000001
322 0.8172000000000003
323 0.8216000000000006
324 0.8308000000000001
325 0.8388000000000001
326 0.8480000000000001
327 0.8488000000000003
328 0.8608000000000002
329 0.8752000000000002
330 0.8844000000000003
331 0.8856000000000003
332 0.8804000000000002
333 0.8772000000000003
334 0.8720000000000002
335 0.8664000000000002
336 0.8576
337 0.8524
338 0.8444000000000002
339 0.8376000000000005
340 0.8320000000000003
341 0.8284000000000001
342 0.8236000000000001
343 0.8203999999999999
344 0.8188
345 0.8196000000000002
346 0.8188000000000004
347 0.8232000000000003
348 0.8292000000000002
349 0.8376000000000003
350 0.8420000000000004
351 0.8500000000000001
352 0.8568000000000002
353 0.8704000000000001
354 0.8800000000000001
355 0.8768
356 0.8723999999999998
357 0.8659999999999998
358 0.8591999999999997
359 0.8528
360 0.8468000000000002
361 0.8416000000000002
362 0.8348000000000002
363 0.8268000000000005
364 0.8208000000000004
365 0.8148000000000003
366 0.8108000000000001
367 0.8095999999999998
368 0.8063999999999997
369 0.8043999999999998
370 0.8047999999999998
371 0.8136000000000001
372 0.8196000000000001
373 0.8276000000000002
374 0.8340000000000003
375 0.8448
376 0.8560000000000003
377 0.8648000000000003
378 0.8760000000000006
379 0.8780000000000002
380 0.8780000000000004
381 0.8716000000000003
382 0.8672000000000001
383 0.8588000000000001
384 0.8536000000000001
385 0.8452000000000003
386 0.8420000000000002
387 0.8340000000000002
388 0.8304
389 0.8264
390 0.8228
391 0.8200000000000002
392 0.8148000000000002
393 0.8140000000000001
394 0.8156
395 0.82
396 0.8264000000000002
397 0.8364000000000005
398 0.8440000000000003
399 0.8572000000000003
400 0.8660000000000005
401 0.8772000000000004
402 0.8864000000000003
403 0.8932000000000002
404 0.8860000000000002
405 0.8792000000000002
406 0.8756000000000005
407 0.8668
408 0.8616000000000001
409 0.8576000000000001
410 0.8528000000000003
411 0.8452000000000001
412 0.8420000000000002
413 0.8372000000000002
414 0.8332000000000002
415 0.8288000000000002
416 0.8264
417 0.8204
418 0.8172
419 0.8224000000000001
420 0.8268000000000001
421 0.8344000000000003
422 0.8436
423 0.8556
424 0.8639999999999999
425 0.8756
426 0.8828000000000001
427 0.8860000000000001
428 0.8792000000000002
429 0.8732000000000002
430 0.8684000000000001
431 0.8640000000000002
432 0.8608000000000001
433 0.8556000000000001
434 0.8488000000000002
435 0.8440000000000002
436 0.8371999999999999
437 0.8320000000000002
438 0.8280000000000003
439 0.8256000000000001
440 0.8220000000000002
441 0.8168000000000001
442 0.8192
443 0.8304000000000002
444 0.8396000000000001
445 0.8444000000000003
446 0.8488000000000003
447 0.8576000000000004
448 0.8632000000000005
449 0.8752000000000001
450 0.8796000000000003
451 0.8811999999999999
452 0.8736
453 0.8668000000000002
454 0.8592000000000002
455 0.8560000000000001
456 0.8520000000000002
457 0.8432000000000001
458 0.8352
459 0.8316000000000001
460 0.8256
461 0.8184
462 0.8180000000000001
463 0.8144000000000002
464 0.81
465 0.8072000000000001
466 0.8080000000000003
467 0.8120000000000002
468 0.8164000000000002
469 0.8216
470 0.8319999999999999
471 0.8471999999999998
472 0.8571999999999999
473 0.8684000000000002
474 0.8768000000000002
475 0.8812000000000002
476 0.8760000000000003
477 0.8756
478 0.8660000000000001
479 0.8608000000000001
480 0.8516000000000001
481 0.8472000000000003
482 0.8420000000000002
483 0.8376000000000002
484 0.8312000000000002
485 0.8276000000000002
486 0.8240000000000001
487 0.8180000000000003
488 0.8152000000000003
489 0.8108000000000001
490 0.8096000000000001
491 0.8148000000000003
492 0.8275999999999999
493 0.8308
494 0.8380000000000001
495 0.8447999999999999
496 0.8556000000000004
497 0.8692000000000003
498 0.8784000000000003
499 0.8844000000000003
500 0.8828000000000003
501 0.8752000000000001
502 0.8616000000000003
503 0.8544000000000003
504 0.8520000000000003
505 0.8480000000000001
506 0.8404000000000004
507 0.8332000000000004
508 0.8264000000000005
509 0.8224000000000004
510 0.8188000000000004
511 0.8164000000000001
512 0.8140000000000004
513 0.8092000000000003
514 0.8144000000000001
515 0.8196000000000001
516 0.8268000000000002
517 0.8348000000000002
518 0.8404000000000003
519 0.8528000000000001
520 0.8696000000000004
521 0.8796000000000003
522 0.8856
523 0.8868000000000004
524 0.8828
525 0.8764000000000002
526 0.8692000000000003
527 0.8623999999999999
528 0.8584
529 0.8532000000000001
530 0.8484000000000002
531 0.8440000000000002
532 0.8380000000000004
533 0.8332
534 0.828
535 0.8252000000000002
536 0.8240000000000002
537 0.8208
538 0.8152000000000001
539 0.8180000000000001
540 0.8236000000000003
541 0.8276000000000003
542 0.8336000000000005
543 0.8476000000000002
544 0.8668
545 0.8804000000000001
546 0.8908
547 0.8896000000000002
548 0.8864
549 0.8856
550 0.8796
551 0.8708000000000005
552 0.8668000000000007
553 0.8628000000000003
554 0.8592000000000002
555 0.8548000000000002
556 0.8488000000000003
557 0.8412000000000003
558 0.8380000000000004
559 0.8332000000000005
560 0.8304000000000004
561 0.8296000000000003
562 0.8288000000000004
563 0.8296000000000003
564 0.8380000000000003
565 0.8468000000000003
566 0.8516000000000002
567 0.8552000000000001
568 0.8623999999999998
569 0.8732
570 0.8788000000000002
571 0.8836000000000004
572 0.8755999999999997
573 0.8712000000000002
574 0.8644000000000003
575 0.8592000000000003
576 0.8528000000000001
577 0.8464000000000002
578 0.8368000000000003
579 0.8304
580 0.8260000000000001
581 0.8204
582 0.818
583 0.8144000000000001
584 0.8096
585 0.8059999999999999
586 0.8084000000000002
587 0.8104
588 0.8140000000000001
589 0.8284000000000001
590 0.8380000000000004
591 0.8439999999999999
592 0.86
593 0.8744000000000004
594 0.8848
595 0.8840000000000002
596 0.8796
597 0.8752000000000001
598 0.8700000000000003
599 0.8616000000000001
600 0.8584000000000002
601 0.8536000000000001
602 0.8448000000000002
603 0.8396000000000002
604 0.8344
605 0.8296000000000001
606 0.8268000000000001
607 0.8216000000000002
608 0.8148000000000002
609 0.8144000000000005
610 0.8160000000000003
611 0.8188000000000001
612 0.8244000000000001
613 0.8351999999999999
614 0.8444000000000006
615 0.8516000000000006
616 0.8648000000000002
617 0.8716000000000002
618 0.8768000000000007
619 0.882
620 0.8792
621 0.8748
622 0.8672
623 0.8603999999999999
624 0.8503999999999999
625 0.8428
626 0.8384000000000001
627 0.8312
628 0.8280000000000001
629 0.8236000000000001
630 0.8212000000000004
631 0.8172000000000003
632 0.8168000000000003
633 0.8144000000000005
634 0.8156000000000003
635 0.8164000000000002
636 0.8220000000000002
637 0.8328000000000002
638 0.8392000000000003
639 0.8420000000000002
640 0.8559999999999998
641 0.8684000000000001
642 0.8747999999999999
643 0.8748000000000004
644 0.8716000000000003
645 0.8708000000000001
646 0.8616000000000003
647 0.8544000000000004
648 0.8488000000000002
649 0.8460000000000001
650 0.8384000000000001
651 0.8328
652 0.8252000000000002
653 0.818
654 0.8144
655 0.8112000000000001
656 0.8068
657 0.802
658 0.8024
659 0.8088000000000001
660 0.8208
661 0.8283999999999999
662 0.84
663 0.8507999999999999
664 0.8644000000000005
665 0.8768
666 0.8888000000000004
667 0.8912000000000003
668 0.8864000000000002
669 0.8836000000000002
670 0.8764000000000002
671 0.8704000000000004
672 0.8660000000000005
673 0.8568000000000002
674 0.8488000000000003
675 0.8412000000000002
676 0.8368000000000003
677 0.8336000000000002
678 0.8280000000000003
679 0.8228000000000003
680 0.8200000000000002
681 0.8176000000000002
682 0.8152000000000004
683 0.8188000000000004
684 0.8260000000000004
685 0.8348000000000003
686 0.8464000000000003
687 0.8536
688 0.8584
689 0.8704000000000002
690 0.8836000000000003
691 0.8868000000000003
692 0.8884000000000001
693 0.8827999999999999
694 0.8727999999999999
695 0.8676
696 0.8620000000000002
697 0.8576000000000001
698 0.8524
699 0.8456000000000005
700 0.8436000000000002
701 0.8372000000000003
702 0.8340000000000003
703 0.8308000000000004
704 0.8276000000000002
705 0.8264000000000001
706 0.8236
707 0.8304
708 0.8352
709 0.8396000000000002
710 0.8492000000000003
711 0.8512000000000002
712 0.8588000000000001
713 0.8715999999999999
714 0.8768
715 0.8776000000000002
716 0.8760000000000002
717 0.8716000000000003
718 0.8672000000000003
719 0.8624000000000004
720 0.8528000000000003
721 0.8480000000000005
722 0.8440000000000005
723 0.8408000000000005
724 0.8372000000000006
725 0.8308000000000005
726 0.8248000000000006
727 0.8164000000000001
728 0.8124000000000002
729 0.8100000000000004
730 0.8092000000000003
731 0.8156000000000002
732 0.8212000000000004
733 0.8272000000000004
734 0.8348
735 0.8416000000000001
736 0.8540000000000001
737 0.8664000000000002
738 0.8804
739 0.8800000000000001
740 0.8828000000000003
741 0.8715999999999999
742 0.8640000000000004
743 0.8620000000000003
744 0.8588000000000001
745 0.8476
746 0.8428000000000001
747 0.8376000000000002
748 0.8316000000000002
749 0.8240000000000003
750 0.8184
751 0.8156000000000003
752 0.8116000000000001
753 0.8104000000000002
754 0.8100000000000002
755 0.8143999999999998
756 0.8272000000000002
757 0.8364
758 0.8379999999999999
759 0.8440000000000002
760 0.8528000000000001
761 0.8672000000000001
762 0.8768000000000004
763 0.8756
764 0.8700000000000001
765 0.8615999999999999
766 0.8540000000000002
767 0.8472000000000003
768 0.8420000000000001
769 0.8328
770 0.8292000000000002
771 0.8248000000000002
772 0.8176000000000001
773 0.8099999999999998
774 0.8044
775 0.8004000000000003
776 0.7972000000000001
777 0.7916000000000001
778 0.7948000000000001
779 0.794
780 0.8016000000000001
781 0.8083999999999999
782 0.8188000000000001
783 0.8296000000000001
784 0.8428000000000003
785 0.8564
786 0.8660000000000001
787 0.8711999999999998
788 0.8691999999999999
789 0.8664000000000002
790 0.8588000000000002
791 0.8504000000000004
792 0.8436000000000001
793 0.8404000000000004
794 0.8360000000000002
795 0.8316000000000001
796 0.8252000000000002
797 0.8208000000000001
798 0.8180000000000004
799 0.8144000000000002
800 0.8084000000000003
801 0.8059999999999999
802 0.8076000000000002
803 0.8132
804 0.8203999999999999
805 0.8324000000000003
806 0.8424000000000003
807 0.846
808 0.8632000000000005
809 0.8780000000000007
810 0.8844000000000005
811 0.8872000000000003
812 0.884
813 0.8784000000000003
814 0.8740000000000002
815 0.8688000000000001
816 0.8604000000000002
817 0.8568000000000002
818 0.8484000000000003
819 0.8416
820 0.8315999999999998
821 0.8248000000000001
822 0.8204000000000002
823 0.8200000000000003
824 0.8172000000000004
825 0.8148000000000002
826 0.8140000000000002
827 0.816
828 0.8264000000000001
829 0.8352000000000003
830 0.8428000000000001
831 0.8532000000000002
832 0.8688000000000001
833 0.8751999999999999
834 0.8767999999999998
835 0.8764000000000002
836 0.8748000000000001
837 0.8652000000000002
838 0.8567999999999999
839 0.8476
840 0.8412000000000001
841 0.8336
842 0.8260000000000002
843 0.8188000000000002
844 0.8152000000000001
845 0.8112
846 0.8072000000000001
847 0.8084
848 0.8036
849 0.8012000000000001
850 0.8
851 0.8019999999999999
852 0.8099999999999997
853 0.8247999999999998
854 0.8340000000000001
855 0.8412000000000002
856 0.8572
857 0.8695999999999999
858 0.8787999999999997
859 0.8795999999999999
860 0.8768
861 0.8708000000000001
862 0.8612000000000003
863 0.8560000000000003
864 0.8516000000000002
865 0.8444000000000002
866 0.8368000000000002
867 0.8308000000000001
868 0.8268000000000002
869 0.8192000000000005
870 0.8160000000000003
871 0.8132000000000004
872 0.8096000000000002
873 0.8076000000000002
874 0.8064000000000001
875 0.8068000000000004
876 0.8136000000000003
877 0.8184000000000001
878 0.8303999999999999
879 0.8435999999999999
880 0.8568000000000001
881 0.8688000000000001
882 0.8776000000000002
883 0.8820000000000001
884 0.8760000000000003
885 0.8712000000000002
886 0.8644000000000004
887 0.8568000000000002
888 0.8492000000000003
889 0.8404000000000003
890 0.8332
891 0.8284000000000001
892 0.8232000000000004
893 0.8184000000000005
894 0.8156000000000004
895 0.8104000000000003
896 0.8076000000000003
897 0.8072000000000004
898 0.8072000000000004
899 0.8172000000000003
900 0.8260000000000001
901 0.8328000000000003
902 0.8376000000000005
903 0.8468000000000004
904 0.8592
905 0.8732000000000001
906 0.8763999999999998
907 0.8788000000000001
908 0.8672
909 0.8600000000000001
910 0.8555999999999999
911 0.8484
912 0.8436
913 0.8352
914 0.8284000000000001
915 0.8208000000000003
916 0.8136000000000001
917 0.8076000000000001
918 0.8043999999999998
919 0.7983999999999998
920 0.7932000000000001
921 0.7888
922 0.7900000000000001
923 0.792
924 0.7959999999999999
925 0.8115999999999999
926 0.8231999999999998
927 0.8348
928 0.8496000000000002
929 0.8616000000000001
930 0.8736
931 0.8715999999999999
932 0.8648
933 0.8607999999999998
934 0.8532000000000002
935 0.8488000000000003
936 0.8412000000000002
937 0.8367999999999999
938 0.8319999999999997
939 0.8223999999999998
940 0.8179999999999998
941 0.8123999999999999
942 0.8079999999999998
943 0.8064
944 0.8012
945 0.7996000000000001
946 0.8024
947 0.8059999999999998
948 0.8144000000000001
949 0.8251999999999999
950 0.836
951 0.8452
952 0.8519999999999999
953 0.8644000000000004
954 0.8696000000000003
955 0.8708
956 0.8680000000000001
957 0.8616000000000003
958 0.856
959 0.8476000000000002
960 0.8424000000000003
961 0.8371999999999998
962 0.8308
963 0.8236
964 0.8203999999999999
965 0.8136
966 0.8068
967 0.8044
968 0.7996000000000001
969 0.7980000000000002
970 0.7992000000000001
971 0.8028
972 0.8076000000000002
973 0.8172000000000003
974 0.8276000000000002
975 0.8408000000000001
976 0.8500000000000001
977 0.8636000000000001
978 0.8716000000000002
979 0.8732000000000001
980 0.8643999999999998
981 0.8591999999999999
982 0.8548
983 0.8467999999999999
984 0.8372000000000003
985 0.8336000000000001
986 0.8288000000000002
987 0.8240000000000002
988 0.8208000000000001
989 0.8164
990 0.8136
991 0.8128
992 0.8083999999999999
993 0.8036
994 0.8056000000000002
995 0.8104000000000002
996 0.8188000000000002
997 0.8292000000000002
998 0.8376
999 0.8484
1000 0.8596000000000004
1001 0.8748
1002 0.8792000000000003
1003 0.8796
1004 0.8768
1005 0.8684000000000001
1006 0.8591999999999999
1007 0.8503999999999999
1008 0.8412
1009 0.8363999999999998
1010 0.8308
1011 0.8264000000000001
1012 0.8188000000000001
1013 0.8128000000000002
1014 0.8068
1015 0.8011999999999999
1016 0.7988
1017 0.7979999999999999
1018 0.7951999999999999
1019 0.8004000000000001
1020 0.8092000000000003
1021 0.8164000000000002
1022 0.8216000000000002
1023 0.8276000000000002
1024 0.8348000000000002
1025 0.8552000000000003
1026 0.8652000000000004
1027 0.8708000000000001
1028 0.8648000000000002
1029 0.8568000000000002
1030 0.8500000000000001
1031 0.8416000000000001
1032 0.8328000000000004
1033 0.8260000000000005
1034 0.8220000000000006
1035 0.8164000000000005
1036 0.8096000000000003
1037 0.8080000000000004
1038 0.8036000000000003
1039 0.8020000000000002
1040 0.7968000000000005
1041 0.7976000000000003
1042 0.7992000000000001
1043 0.8032
1044 0.8104000000000002
1045 0.8172000000000001
1046 0.8251999999999999
1047 0.8388000000000002
1048 0.8540000000000006
1049 0.8648000000000002
1050 0.8696000000000003
1051 0.8760000000000001
1052 0.8716000000000002
1053 0.8672
1054 0.8572000000000002
1055 0.8500000000000001
1056 0.8416000000000001
1057 0.8360000000000001
1058 0.8260000000000002
1059 0.8200000000000002
1060 0.8152000000000001
1061 0.8108000000000004
1062 0.8048000000000003
1063 0.8020000000000005
1064 0.8
1065 0.7996000000000001
1066 0.8036
1067 0.8100000000000002
1068 0.8116000000000002
1069 0.8244
1070 0.8300000000000002
1071 0.8372000000000003
1072 0.8512000000000001
1073 0.866
1074 0.8788000000000001
1075 0.8732000000000003
1076 0.8700000000000004
1077 0.8671999999999999
1078 0.8523999999999999
1079 0.8440000000000001
1080 0.8372000000000002
1081 0.8312
1082 0.8211999999999999
1083 0.8128000000000002
1084 0.8048000000000002
1085 0.7976000000000002
1086 0.7948000000000003
1087 0.7908000000000003
1088 0.7884000000000003
1089 0.7852000000000001
1090 0.7888000000000001
1091 0.7992000000000001
1092 0.8080000000000003
1093 0.8148000000000001
1094 0.8172000000000001
1095 0.8244000000000001
1096 0.8392000000000001
1097 0.8548000000000002
1098 0.8620000000000004
1099 0.8596000000000003
1100 0.8544000000000002
1101 0.8503999999999999
1102 0.8432
1103 0.8323999999999999
1104 0.8260000000000001
1105 0.8227999999999999
1106 0.8155999999999999
1107 0.8091999999999997
1108 0.8027999999999998
1109 0.8003999999999999
1110 0.796
1111 0.7959999999999998
1112 0.7964
1113 0.7972000000000001
1114 0.7996000000000001
1115 0.8036000000000001
1116 0.8148000000000001
1117 0.8255999999999999
1118 0.8332000000000002
1119 0.8448
1120 0.8515999999999999
1121 0.8632
1122 0.868
1123 0.8688000000000001
1124 0.8628000000000001
1125 0.8588000000000001
1126 0.8491999999999998
1127 0.8399999999999999
1128 0.8323999999999999
1129 0.8256
1130 0.8180000000000001
1131 0.8112
1132 0.8052000000000001
1133 0.7992
1134 0.7951999999999999
1135 0.7927999999999998
1136 0.7915999999999999
1137 0.7824
1138 0.7799999999999998
1139 0.7803999999999999
1140 0.7888
1141 0.7968
1142 0.8084000000000003
1143 0.8168000000000001
1144 0.8220000000000001
1145 0.8395999999999997
1146 0.8539999999999998
1147 0.8604000000000004
1148 0.8628000000000003
1149 0.8560000000000002
1150 0.8480000000000001
1151 0.8384
1152 0.8283999999999999
1153 0.8211999999999999
1154 0.8119999999999998
1155 0.8059999999999998
1156 0.8003999999999999
1157 0.7964
1158 0.7868
1159 0.7816000000000001
1160 0.7768000000000002
1161 0.7747999999999999
1162 0.7768
1163 0.7807999999999999
1164 0.79
1165 0.8008
1166 0.8160000000000003
1167 0.8236000000000003
1168 0.8380000000000004
1169 0.8532000000000001
1170 0.8631999999999997
1171 0.8720000000000002
1172 0.8660000000000002
1173 0.8584000000000003
1174 0.8520000000000002
1175 0.8456000000000001
1176 0.8364000000000001
1177 0.8308000000000001
1178 0.8252000000000004
1179 0.8176000000000002
1180 0.8116000000000002
1181 0.8032
1182 0.7984000000000002
1183 0.7964
1184 0.7936
1185 0.7936
1186 0.7948000000000002
1187 0.7991999999999999
1188 0.8059999999999998
1189 0.8128000000000003
1190 0.8136000000000003
1191 0.8208000000000003
1192 0.8364000000000003
1193 0.8564
1194 0.8576000000000001
1195 0.8667999999999998
1196 0.868
1197 0.8624
1198 0.8520000000000002
1199 0.8448
1200 0.838
1201 0.8319999999999999
1202 0.8271999999999999
1203 0.8204
1204 0.8136000000000001
1205 0.8104
1206 0.8068000000000002
1207 0.8048000000000002
1208 0.8008000000000002
1209 0.7932000000000001
1210 0.796
1211 0.8028
1212 0.8111999999999998
1213 0.8216000000000004
1214 0.8340000000000001
1215 0.8424
1216 0.8520000000000003
1217 0.8608000000000002
1218 0.8656000000000005
1219 0.8664000000000001
1220 0.8596000000000003
1221 0.8532000000000002
1222 0.8480000000000003
1223 0.8416000000000002
1224 0.834
1225 0.8240000000000001
1226 0.8164000000000001
1227 0.8104000000000005
1228 0.8072000000000004
1229 0.8044000000000004
1230 0.8000000000000004
1231 0.7960000000000003
1232 0.7936000000000001
1233 0.7916000000000001
1234 0.7944000000000002
1235 0.8012000000000001
1236 0.8108000000000001
1237 0.8208
1238 0.8268000000000002
1239 0.8332
1240 0.8492000000000001
1241 0.8696
1242 0.8824000000000001
1243 0.8832
1244 0.8760000000000001
1245 0.8647999999999999
1246 0.8611999999999997
1247 0.8515999999999999
1248 0.846
1249 0.8403999999999999
1250 0.834
1251 0.8283999999999999
1252 0.8179999999999998
1253 0.8107999999999999
1254 0.8079999999999998
1255 0.8043999999999998
1256 0.8003999999999999
1257 0.7992000000000001
1258 0.7991999999999999
1259 0.8028000000000002
1260 0.8108000000000001
1261 0.8147999999999999
1262 0.8216
1263 0.8312
1264 0.8412000000000002
1265 0.8532000000000004
1266 0.8636
1267 0.8620000000000003
1268 0.8548000000000003
1269 0.8480000000000001
1270 0.8428
1271 0.8351999999999997
1272 0.8279999999999998
1273 0.8227999999999999
1274 0.8168000000000001
1275 0.8116000000000002
1276 0.8084000000000002
1277 0.8024000000000001
1278 0.7980000000000002
1279 0.7952000000000001
1280 0.7936
1281 0.79
1282 0.7920000000000001
1283 0.7948000000000001
1284 0.8052000000000001
1285 0.8132
1286 0.8172000000000001
1287 0.8292000000000002
1288 0.8472000000000003
1289 0.8632000000000002
1290 0.8736000000000002
1291 0.8760000000000001
1292 0.8739999999999999
1293 0.8668
1294 0.8615999999999998
1295 0.8552
1296 0.8496000000000001
1297 0.8432000000000001
1298 0.8372000000000003
1299 0.8308
1300 0.8264
1301 0.8212000000000002
1302 0.8148000000000002
1303 0.8104000000000002
1304 0.8088000000000001
1305 0.8048000000000002
1306 0.8044000000000001
1307 0.8083999999999999
1308 0.8127999999999999
1309 0.8216000000000002
1310 0.8312
1311 0.8376
1312 0.8443999999999999
1313 0.8608
1314 0.8716000000000003
1315 0.8715999999999999
1316 0.8648
1317 0.8576000000000001
1318 0.8500000000000003
1319 0.8424
1320 0.8347999999999999
1321 0.8259999999999998
1322 0.82
1323 0.8147999999999999
1324 0.8064
1325 0.8004000000000001
1326 0.7931999999999998
1327 0.7907999999999998
1328 0.7884
1329 0.7880000000000001
1330 0.7859999999999999
1331 0.7900000000000001
1332 0.7956000000000002
1333 0.8056
1334 0.8096
1335 0.8203999999999999
1336 0.8291999999999998
1337 0.846
1338 0.8531999999999997
1339 0.8592000000000003
1340 0.8560000000000002
1341 0.8540000000000003
1342 0.8495999999999999
1343 0.8376000000000003
1344 0.8284000000000005
1345 0.8164000000000005
1346 0.8096000000000003
1347 0.8064000000000001
1348 0.8028000000000002
1349 0.7988000000000003
1350 0.7924000000000003
1351 0.7876000000000002
1352 0.7820000000000001
1353 0.7792000000000003
1354 0.7808000000000002
1355 0.7856000000000002
1356 0.7932000000000002
1357 0.8068
1358 0.8156000000000002
1359 0.8240000000000001
1360 0.8351999999999999
1361 0.8507999999999999
1362 0.8608
1363 0.8632
1364 0.8623999999999998
1365 0.8572
1366 0.8496000000000002
1367 0.8436000000000001
1368 0.8368000000000002
1369 0.8312000000000002
1370 0.8252000000000003
1371 0.8164000000000001
1372 0.8103999999999999
1373 0.8059999999999999
1374 0.8011999999999999
1375 0.7996000000000001
1376 0.7972000000000001
1377 0.7944
1378 0.7959999999999999
1379 0.7996000000000001
1380 0.8068000000000001
1381 0.814
1382 0.8232
1383 0.8368000000000002
1384 0.8448000000000004
1385 0.8636000000000001
1386 0.8712000000000003
1387 0.8752000000000002
1388 0.8716000000000002
1389 0.8683999999999998
1390 0.8635999999999998
1391 0.8576
1392 0.8512000000000001
1393 0.8435999999999999
1394 0.8375999999999999
1395 0.8323999999999998
1396 0.8247999999999999
1397 0.8175999999999999
1398 0.8127999999999999
1399 0.8068
1400 0.8031999999999999
1401 0.7955999999999999
1402 0.7908
1403 0.7964
1404 0.8036000000000001
1405 0.8164
1406 0.8295999999999999
1407 0.8396000000000001
1408 0.8496000000000001
1409 0.8636
1410 0.8724000000000001
1411 0.8752
1412 0.8756000000000003
1413 0.8663999999999998
1414 0.8600000000000001
1415 0.8536000000000001
1416 0.8464
1417 0.8376
1418 0.8308
1419 0.8256000000000001
1420 0.8232
1421 0.8203999999999999
1422 0.8168000000000001
1423 0.8124000000000001
1424 0.8112
1425 0.8080000000000002
1426 0.8064000000000001
1427 0.8104000000000003
1428 0.8176000000000001
1429 0.8252000000000002
1430 0.8344000000000001
1431 0.8428
1432 0.8556000000000001
1433 0.8643999999999997
1434 0.8684000000000001
1435 0.8652000000000001
1436 0.8635999999999998
1437 0.858
1438 0.8499999999999999
1439 0.8412000000000001
1440 0.8340000000000002
1441 0.8271999999999999
1442 0.8232000000000003
1443 0.8156
1444 0.8104
1445 0.8059999999999999
1446 0.7988
1447 0.7936
1448 0.7867999999999998
1449 0.7819999999999999
1450 0.7827999999999997
1451 0.7883999999999999
1452 0.7944000000000001
1453 0.8024000000000001
1454 0.8100000000000002
1455 0.8160000000000003
1456 0.828
1457 0.8452000000000001
1458 0.8603999999999998
1459 0.866
1460 0.858
1461 0.8532000000000004
1462 0.8448
1463 0.8368000000000002
1464 0.8284000000000004
1465 0.8208
1466 0.816
1467 0.8124000000000001
1468 0.8059999999999999
1469 0.7992
1470 0.7948
1471 0.7919999999999999
1472 0.7887999999999998
1473 0.7844
1474 0.7876000000000001
1475 0.7948000000000003
1476 0.8044000000000002
1477 0.8140000000000004
1478 0.8252000000000002
1479 0.8332000000000005
1480 0.8468000000000003
1481 0.8608000000000005
1482 0.8692000000000002
1483 0.8768
1484 0.8760000000000006
1485 0.8720000000000004
1486 0.8596000000000005
1487 0.8532000000000005
1488 0.8476000000000005
1489 0.8436000000000006
1490 0.8368000000000003
1491 0.8296000000000002
1492 0.8248000000000003
1493 0.8188000000000001
1494 0.8144000000000005
1495 0.8108000000000005
1496 0.8092000000000005
1497 0.8052000000000004
1498 0.8072000000000003
1499 0.8092000000000003
1500 0.8196000000000002
1501 0.8280000000000004
1502 0.8320000000000006
1503 0.8367999999999999
1504 0.8408000000000002
1505 0.8528000000000003
1506 0.8584000000000003
1507 0.8644000000000004
1508 0.8536000000000001
1509 0.8448
1510 0.8396000000000001
1511 0.8340000000000001
1512 0.8284000000000001
1513 0.8228000000000002
1514 0.8184000000000001
1515 0.8132
1516 0.802
1517 0.7948000000000001
1518 0.7924
1519 0.7864
1520 0.7828
1521 0.7804000000000002
1522 0.7796
1523 0.7852
1524 0.7959999999999999
1525 0.8112
1526 0.8211999999999999
1527 0.8344000000000001
1528 0.8524000000000004
1529 0.8692000000000002
1530 0.8736000000000003
1531 0.882
1532 0.8764
1533 0.8715999999999998
1534 0.8676
1535 0.8584000000000002
1536 0.8480000000000001
1537 0.8380000000000004
1538 0.8284
1539 0.8191999999999999
1540 0.8111999999999998
1541 0.8048000000000001
1542 0.8011999999999999
1543 0.7955999999999999
1544 0.7903999999999998
1545 0.7847999999999997
1546 0.7855999999999999
1547 0.7916
1548 0.8016000000000001
1549 0.8076000000000003
1550 0.8140000000000001
1551 0.8216000000000002
1552 0.8388000000000002
1553 0.8535999999999998
1554 0.8632000000000001
1555 0.862
1556 0.862
1557 0.8596
1558 0.8500000000000003
1559 0.8428000000000001
1560 0.8340000000000002
1561 0.8276000000000002
1562 0.8216000000000002
1563 0.8168000000000002
1564 0.8116000000000004
1565 0.8060000000000004
1566 0.7968000000000002
1567 0.7928000000000002
1568 0.7924000000000001
1569 0.7868
1570 0.7900000000000003
1571 0.7968000000000002
1572 0.8072000000000003
1573 0.8208000000000005
1574 0.8292000000000002
1575 0.8336000000000001
1576 0.8480000000000005
1577 0.8548000000000004
1578 0.8644000000000005
1579 0.8708000000000006
1580 0.8624000000000006
1581 0.8556000000000006
1582 0.8472000000000003
1583 0.8400000000000004
1584 0.8316
1585 0.8295999999999999
1586 0.8219999999999998
1587 0.8163999999999999
1588 0.8099999999999997
1589 0.8043999999999997
1590 0.8011999999999996
1591 0.7979999999999997
1592 0.7948
1593 0.7932000000000001
1594 0.7932000000000001
1595 0.7988000000000001
1596 0.8060000000000003
1597 0.8136000000000003
1598 0.8244000000000002
1599 0.8331999999999999
1600 0.8435999999999999
1601 0.8556000000000004
1602 0.8636000000000004
1603 0.8648000000000002
1604 0.8603999999999999
1605 0.8560000000000001
1606 0.848
1607 0.8432000000000001
1608 0.8331999999999999
1609 0.8275999999999999
1610 0.8215999999999998
1611 0.8151999999999998
1612 0.8059999999999999
1613 0.8011999999999998
1614 0.7959999999999998
1615 0.7908
1616 0.7851999999999998
1617 0.7819999999999999
1618 0.7859999999999999
1619 0.7903999999999998
1620 0.7976000000000001
1621 0.8071999999999998
1622 0.8183999999999998
1623 0.8323999999999999
1624 0.8448000000000003
1625 0.8636000000000001
1626 0.8756000000000002
1627 0.8768000000000002
1628 0.8724000000000003
1629 0.8676000000000001
1630 0.8592
1631 0.8480000000000001
1632 0.8404000000000003
1633 0.8320000000000002
1634 0.8252000000000002
1635 0.8200000000000003
1636 0.8164000000000001
1637 0.8132000000000003
1638 0.8096000000000002
1639 0.8056000000000003
1640 0.8056000000000002
1641 0.8024000000000002
1642 0.8028
1643 0.802
1644 0.8116
1645 0.8220000000000002
1646 0.8300000000000002
1647 0.8400000000000003
1648 0.8476000000000005
1649 0.8572000000000002
1650 0.8648000000000002
1651 0.8680000000000002
1652 0.8676000000000004
1653 0.8624
1654 0.852
1655 0.846
1656 0.8387999999999998
1657 0.8323999999999999
1658 0.826
1659 0.8183999999999999
1660 0.8139999999999997
1661 0.8075999999999999
1662 0.8055999999999999
1663 0.8008
1664 0.7976000000000001
1665 0.794
1666 0.7975999999999998
1667 0.8032
1668 0.8100000000000003
1669 0.8172000000000001
1670 0.8248000000000003
1671 0.8276000000000004
1672 0.8452000000000004
1673 0.8540000000000002
1674 0.8636000000000003
1675 0.8672000000000001
1676 0.8652000000000005
1677 0.8592000000000004
1678 0.8524000000000003
1679 0.8412000000000003
1680 0.8332000000000002
1681 0.8272000000000003
1682 0.8216000000000002
1683 0.8156000000000003
1684 0.8100000000000003
1685 0.8012
1686 0.7959999999999999
1687 0.792
1688 0.7867999999999999
1689 0.7831999999999998
1690 0.7843999999999999
1691 0.7876000000000001
1692 0.7976000000000002
1693 0.8056000000000002
1694 0.8176000000000001
1695 0.8224000000000002
1696 0.8348000000000002
1697 0.8540000000000002
1698 0.8580000000000004
1699 0.8640000000000002
1700 0.8632000000000002
1701 0.8544000000000003
1702 0.8472000000000003
1703 0.8436000000000002
1704 0.8356000000000003
1705 0.8271999999999998
1706 0.8220000000000001
1707 0.8180000000000001
1708 0.8112000000000001
1709 0.8036000000000001
1710 0.8032000000000002
1711 0.8004000000000003
1712 0.7988000000000003
1713 0.7996000000000002
1714 0.8012000000000004
1715 0.8060000000000003
1716 0.8172000000000003
1717 0.8196000000000001
1718 0.8271999999999998
1719 0.8392000000000001
1720 0.8544000000000002
1721 0.8628000000000003
1722 0.8708000000000006
1723 0.8744000000000003
1724 0.8728000000000002
1725 0.8680000000000001
1726 0.8624
1727 0.8548
1728 0.8484000000000002
1729 0.8424
1730 0.8344000000000001
1731 0.8272000000000002
1732 0.8192000000000002
1733 0.8136
1734 0.8108
1735 0.8096000000000001
1736 0.8064
1737 0.8067999999999997
1738 0.8063999999999999
1739 0.8119999999999997
1740 0.8208
1741 0.83
1742 0.8352
1743 0.8424000000000003
1744 0.8464
1745 0.8612000000000003
1746 0.8660000000000001
1747 0.8660000000000001
1748 0.8600000000000001
1749 0.8532000000000001
1750 0.8460000000000002
1751 0.8380000000000001
1752 0.8288000000000002
1753 0.8228
1754 0.8168000000000001
1755 0.8103999999999999
1756 0.8024000000000001
1757 0.7996000000000002
1758 0.7968000000000002
1759 0.7916000000000001
1760 0.79
1761 0.7876000000000001
1762 0.7876000000000002
1763 0.7899999999999997
1764 0.8004000000000002
1765 0.8103999999999999
1766 0.8184
1767 0.8248000000000002
1768 0.8324000000000001
1769 0.8500000000000003
1770 0.8584
1771 0.8647999999999999
1772 0.8623999999999999
1773 0.8556000000000001
1774 0.8456000000000004
1775 0.8384000000000001
1776 0.8328000000000003
1777 0.8264000000000006
1778 0.8216000000000004
1779 0.8180000000000003
1780 0.8116000000000001
1781 0.8032000000000004
1782 0.7988000000000003
1783 0.7940000000000002
1784 0.7908000000000002
1785 0.7879999999999998
1786 0.7879999999999999
1787 0.7948000000000001
1788 0.8048000000000001
1789 0.8155999999999999
1790 0.8227999999999998
1791 0.8368000000000002
1792 0.8496000000000004
1793 0.8640000000000002
1794 0.8696
1795 0.8675999999999999
1796 0.8588000000000003
1797 0.8564000000000004
1798 0.8476000000000005
1799 0.8412000000000001
1800 0.8352
1801 0.8280000000000001
1802 0.8195999999999998
1803 0.8132
1804 0.8076000000000002
1805 0.8052000000000001
1806 0.8048000000000002
1807 0.8032000000000002
1808 0.7988
1809 0.7948000000000001
1810 0.7916
1811 0.7992000000000001
1812 0.8048000000000001
1813 0.8088000000000001
1814 0.8204
1815 0.8319999999999999
1816 0.8480000000000001
1817 0.8580000000000002
1818 0.8648000000000003
1819 0.8648000000000003
1820 0.8652000000000002
1821 0.8560000000000003
1822 0.8508000000000002
1823 0.8456000000000004
1824 0.8380000000000001
1825 0.8316000000000001
1826 0.8264
1827 0.8188000000000001
1828 0.8092000000000003
1829 0.8040000000000002
1830 0.7992000000000001
1831 0.7920000000000003
1832 0.7872000000000005
1833 0.7840000000000003
1834 0.7872000000000001
1835 0.7948000000000005
1836 0.802
1837 0.8088
1838 0.8144000000000002
1839 0.8260000000000001
1840 0.8336
1841 0.8540000000000005
1842 0.8636000000000001
1843 0.8672
1844 0.8612000000000001
1845 0.8536000000000005
1846 0.8476000000000005
1847 0.8412000000000002
1848 0.8344000000000003
1849 0.8256000000000001
1850 0.8196000000000002
1851 0.8148000000000001
1852 0.8091999999999999
1853 0.804
1854 0.7996000000000001
1855 0.7940000000000002
1856 0.7908000000000003
1857 0.7844000000000004
1858 0.7832000000000003
1859 0.7892000000000001
1860 0.7996
1861 0.8108000000000001
1862 0.8188000000000002
1863 0.8264000000000002
1864 0.8364000000000003
1865 0.8488000000000002
1866 0.8604000000000005
1867 0.8640000000000002
1868 0.8616000000000004
1869 0.8592000000000002
1870 0.8504000000000002
1871 0.8416000000000001
1872 0.8356000000000001
1873 0.8308000000000003
1874 0.8232000000000003
1875 0.8176000000000002
1876 0.8116000000000002
1877 0.8040000000000004
1878 0.8004000000000002
1879 0.7944000000000004
1880 0.7928000000000004
1881 0.7892000000000005
1882 0.7876000000000002
1883 0.7904000000000002
1884 0.802
1885 0.8108
1886 0.8180000000000003
1887 0.8272000000000002
1888 0.8416000000000001
1889 0.8552000000000001
1890 0.8672000000000001
1891 0.8684000000000002
1892 0.8676
1893 0.8636000000000004
1894 0.8548000000000002
1895 0.8468000000000001
1896 0.8408
1897 0.8328
1898 0.8204000000000002
1899 0.8136000000000001
1900 0.8079999999999999
1901 0.8028
1902 0.7983999999999999
1903 0.7947999999999997
1904 0.7907999999999997
1905 0.7863999999999999
1906 0.7888
1907 0.7932000000000001
1908 0.8024000000000002
1909 0.8091999999999999
1910 0.8212
1911 0.8328
1912 0.8448
1913 0.8544000000000002
1914 0.8628000000000003
1915 0.8648000000000002
1916 0.8564
1917 0.8516000000000001
1918 0.8424000000000004
1919 0.8344000000000003
1920 0.8276000000000002
1921 0.8212
1922 0.8111999999999999
1923 0.8028
1924 0.7955999999999999
1925 0.7912
1926 0.7852
1927 0.7816
1928 0.7807999999999999
1929 0.7808000000000002
1930 0.7836
1931 0.7867999999999999
1932 0.7908
1933 0.8023999999999998
1934 0.8152000000000003
1935 0.8240000000000003
1936 0.8392000000000002
1937 0.8572000000000002
1938 0.8680000000000001
1939 0.8680000000000002
1940 0.8628000000000001
1941 0.8616000000000003
1942 0.8500000000000001
1943 0.8436000000000001
1944 0.8351999999999999
1945 0.8291999999999998
1946 0.8207999999999999
1947 0.8155999999999998
1948 0.8111999999999998
1949 0.8059999999999996
1950 0.8019999999999999
1951 0.7967999999999997
1952 0.79
1953 0.7912
1954 0.7928000000000002
1955 0.7963999999999999
1956 0.8059999999999999
1957 0.8136
1958 0.8204000000000002
1959 0.8272000000000003
1960 0.8456
1961 0.8564000000000004
1962 0.8664000000000001
1963 0.8684000000000001
1964 0.8640000000000002
1965 0.8564000000000003
1966 0.8476000000000002
1967 0.8392000000000002
1968 0.8324000000000004
1969 0.8248000000000003
1970 0.8164
1971 0.8128
1972 0.8056
1973 0.8
1974 0.7932000000000001
1975 0.7872
1976 0.784
1977 0.7816
1978 0.7799999999999998
1979 0.7831999999999999
1980 0.7924000000000001
1981 0.7960000000000003
1982 0.7991999999999997
1983 0.8036000000000003
1984 0.8156000000000004
1985 0.8364000000000005
1986 0.8460000000000001
1987 0.8544000000000003
1988 0.8488
1989 0.8427999999999999
1990 0.8371999999999999
1991 0.8247999999999999
1992 0.8208
1993 0.8123999999999999
1994 0.8056
1995 0.7968000000000002
1996 0.7888000000000003
1997 0.7848000000000003
1998 0.7828000000000002
1999 0.7760000000000001
