1 1.0
2 1.0
3 1.0
4 1.0
5 0.9996
6 0.9987999999999999
7 0.9975999999999998
8 0.9967999999999999
9 0.9963999999999998
10 0.9947999999999999
11 0.9943999999999998
12 0.9943999999999998
13 0.9939999999999999
14 0.9927999999999999
15 0.9911999999999999
16 0.9912000000000001
17 0.9932
18 0.9932
19 0.9944000000000002
20 0.9952000000000001
21 0.9952000000000001
22 0.9956
23 0.9956
24 0.9948
25 0.9936
26 0.9932
27 0.9924
28 0.992
29 0.9915999999999999
30 0.9915999999999999
31 0.992
32 0.992
33 0.9924
34 0.9915999999999999
35 0.9927999999999999
36 0.9924
37 0.9924
38 0.9928
39 0.9936000000000001
40 0.9936
41 0.9952
42 0.9956
43 0.9956
44 0.9967999999999999
45 0.9968
46 0.9968
47 0.9968
48 0.9968
49 0.9968
50 0.9968
51 0.9968
52 0.9964
53 0.9964
54 0.9964
55 0.9964
56 0.9964
57 0.9964
58 0.9964
59 0.9964
60 0.9972
61 0.9976
62 0.9980000000000001
63 0.9984000000000001
64 0.9984000000000001
65 0.9992
66 0.9996
67 0.9996
68 0.9996
69 0.9996
70 0.9996
71 0.9996
72 0.9996
73 0.9996
74 0.9996
75 0.9996
76 0.9996
77 0.9996
78 0.9996
79 0.9992
80 0.9992
81 0.9992
82 0.9992
83 0.9987999999999999
84 0.9987999999999999
85 0.9987999999999999
86 0.9987999999999999
87 0.9987999999999999
88 0.9992
89 0.9996
90 0.9996
91 0.9996
92 1.0
93 0.9996
94 0.9996
95 0.9996
96 0.9996
97 0.9996
98 0.9996
99 0.9996
100 0.9996
101 0.9996
102 0.9996
103 0.9996
104 0.9996
105 0.9996
106 0.9996
107 0.9996
108 0.9996
109 0.9996
110 0.9996
111 0.9996
112 0.9996
113 0.9996
114 0.9996
115 1.0
116 1.0
117 0.9996
118 0.9996
119 0.9996
120 0.9996
121 0.9996
122 0.9996
123 0.9992
124 0.9992
125 0.9992
126 0.9992
127 0.9992
128 0.9992
129 0.9992
130 0.9992
131 0.9992
132 0.9992
133 0.9992
134 0.9992
135 0.9992
136 0.9996
137 0.9996
138 0.9996
139 0.9996
140 0.9992
141 0.9992
142 0.9992
143 0.9992
144 0.9992
145 0.9992
146 0.9992
147 0.9987999999999999
148 0.9987999999999999
149 0.9987999999999999
150 0.9987999999999999
151 0.9987999999999999
152 0.9987999999999999
153 0.9992
154 0.9992
155 0.9992
156 0.9992
157 0.9992
158 0.9992
159 0.9992
160 0.9992
161 0.9996
162 0.9996
163 0.9996
164 0.9996
165 0.9996
166 0.9996
167 0.9996
168 0.9996
169 0.9992
170 0.9992
171 0.9992
172 0.9992
173 0.9992
174 0.9992
175 0.9992
176 0.9992
177 0.9987999999999999
178 0.9987999999999999
179 0.9987999999999999
180 0.9992
181 0.9992
182 0.9992
183 0.9992
184 0.9992
185 0.9992
186 0.9992
187 0.9992
188 0.9992
189 0.9992
190 0.9992
191 0.9992
192 0.9992
193 0.9996
194 0.9996
195 0.9996
196 0.9996
197 0.9996
198 0.9996
199 0.9996
200 0.9996
201 0.9992
202 0.9996
203 0.9996
204 0.9996
205 0.9996
206 0.9996
207 0.9996
208 0.9996
209 0.9996
210 0.9996
211 0.9996
212 0.9996
213 0.9996
214 0.9996
215 0.9996
216 0.9996
217 0.9996
218 0.9996
219 0.9996
220 0.9996
221 0.9996
222 0.9996
223 0.9996
224 0.9996
225 0.9996
226 0.9996
227 0.9996
228 0.9996
229 1.0
230 1.0
231 0.9996
232 0.9996
233 0.9996
234 0.9996
235 0.9996
236 0.9996
237 0.9996
238 0.9996
239 0.9996
240 0.9996
241 0.9996
242 0.9996
243 0.9996
244 0.9996
245 0.9996
246 0.9996
247 0.9996
248 0.9996
249 0.9996
250 0.9996
251 0.9996
252 0.9996
253 1.0
254 1.0
255 1.0
256 1.0
257 1.0
258 1.0
259 1.0
260 1.0
261 1.0
262 1.0
263 1.0
264 1.0
265 0.9996
266 0.9987999999999999
267 0.9987999999999999
268 0.9987999999999999
269 0.9987999999999999
270 0.9987999999999999
271 0.9987999999999999
272 0.9987999999999999
273 0.9987999999999999
274 0.9984000000000001
275 0.9976
276 0.9976
277 0.9976
278 0.9976
279 0.9976
280 0.9976
281 0.9976
282 0.9987999999999999
283 0.9987999999999999
284 0.9996
285 0.9992
286 0.9992
287 0.9992
288 0.9992
289 0.9992
290 0.9992
291 0.9992
292 0.9992
293 0.9992
294 0.9992
295 0.9992
296 0.9992
297 0.9992
298 0.9992
299 0.9992
300 0.9996
301 0.9996
302 0.9996
303 0.9996
304 0.9996
305 0.9992
306 0.9995999999999999
307 0.9995999999999999
308 0.9995999999999999
309 0.9987999999999999
310 0.9987999999999999
311 0.9987999999999999
312 0.9987999999999999
313 0.9987999999999999
314 0.9987999999999999
315 0.9987999999999999
316 0.9987999999999999
317 0.9983999999999998
318 0.9983999999999998
319 0.9983999999999998
320 0.9983999999999998
321 0.9983999999999998
322 0.9983999999999998
323 0.9983999999999998
324 0.9983999999999998
325 0.9983999999999998
326 0.9983999999999998
327 0.9983999999999998
328 0.9983999999999998
329 0.9987999999999999
330 0.9987999999999999
331 0.9992
332 0.9992
333 0.9992
334 0.9992
335 0.9992
336 0.9987999999999999
337 0.9987999999999999
338 0.9987999999999999
339 0.9987999999999999
340 0.9987999999999999
341 0.9983999999999998
342 0.9979999999999998
343 0.9979999999999998
344 0.9979999999999998
345 0.9979999999999998
346 0.9979999999999998
347 0.9983999999999998
348 0.9983999999999998
349 0.998
350 0.998
351 0.998
352 0.9983999999999998
353 0.9983999999999998
354 0.9983999999999998
355 0.9992
356 0.9996
357 1.0
358 1.0
359 1.0
360 1.0
361 1.0
362 1.0
363 1.0
364 1.0
365 1.0
366 1.0
367 1.0
368 1.0
369 1.0
370 1.0
371 1.0
372 1.0
373 1.0
374 1.0
375 1.0
376 1.0
377 1.0
378 0.9995999999999999
379 0.9995999999999999
380 0.9995999999999999
381 0.9995999999999999
382 0.9995999999999999
383 0.9995999999999999
384 0.9995999999999999
385 0.9995999999999999
386 0.9995999999999999
387 0.9995999999999999
388 0.9995999999999999
389 0.9995999999999999
390 0.9992
391 0.9992
392 0.9992
393 0.9987999999999999
394 0.9987999999999999
395 0.9987999999999999
396 0.9987999999999999
397 0.9987999999999999
398 0.9983999999999998
399 0.998
400 0.9983999999999998
401 0.9983999999999998
402 0.9983999999999998
403 0.9987999999999999
404 0.9987999999999999
405 0.9987999999999999
406 0.9987999999999999
407 0.9987999999999999
408 0.9987999999999999
409 0.9987999999999999
410 0.9987999999999999
411 0.9987999999999999
412 0.9987999999999999
413 0.9987999999999999
414 0.9987999999999999
415 0.9987999999999999
416 0.9987999999999999
417 0.9987999999999999
418 0.9987999999999999
419 0.9995999999999999
420 0.9995999999999999
421 0.9995999999999999
422 0.9995999999999999
423 0.9995999999999999
424 0.9995999999999999
425 0.9995999999999999
426 0.9995999999999999
427 0.9995999999999999
428 0.9995999999999999
429 0.9995999999999999
430 0.9995999999999999
431 0.9995999999999999
432 0.9995999999999999
433 0.9995999999999999
434 0.9995999999999999
435 0.9995999999999999
436 0.9995999999999999
437 0.9992
438 0.9992
439 0.9992
440 0.9992
441 0.9992
442 0.9992
443 0.9992
444 0.9996
445 0.9996
446 0.9996
447 0.9996
448 0.9996
449 0.9996
450 1.0
451 1.0
452 1.0
453 1.0
454 1.0
455 1.0
456 1.0
457 1.0
458 1.0
459 1.0
460 1.0
461 1.0
462 1.0
463 1.0
464 1.0
465 1.0
466 1.0
467 1.0
468 1.0
469 0.9996
470 0.9996
471 0.9996
472 0.9996
473 0.9996
474 0.9996
475 0.9996
476 0.9996
477 0.9996
478 0.9996
479 0.9996
480 0.9996
481 0.9996
482 0.9996
483 0.9996
484 0.9996
485 0.9996
486 0.9996
487 0.9996
488 0.9996
489 0.9996
490 0.9996
491 0.9996
492 0.9996
493 0.9996
494 0.9996
495 0.9996
496 0.9996
497 0.9996
498 0.9996
499 0.9996
500 0.9996
501 0.9996
502 0.9996
503 0.9996
504 0.9996
505 0.9996
506 0.9996
507 0.9996
508 0.9996
509 0.9996
510 0.9996
511 0.9996
512 0.9996
513 0.9996
514 0.9996
515 0.9996
516 0.9996
517 1.0
518 1.0
519 1.0
520 1.0
521 1.0
522 1.0
523 1.0
524 1.0
525 1.0
526 1.0
527 1.0
528 1.0
529 1.0
530 1.0
531 1.0
532 1.0
533 1.0
534 1.0
535 0.9995999999999999
536 0.9995999999999999
537 0.9995999999999999
538 0.9995999999999999
539 0.9995999999999999
540 0.9995999999999999
541 0.9995999999999999
542 0.9995999999999999
543 0.9995999999999999
544 0.9995999999999999
545 1.0
546 1.0
547 1.0
548 1.0
549 1.0
550 1.0
551 1.0
552 1.0
553 1.0
554 1.0
555 0.9995999999999999
556 0.9995999999999999
557 0.9995999999999999
558 0.9995999999999999
559 0.9995999999999999
560 0.9991999999999999
561 0.9991999999999999
562 0.9991999999999999
563 0.9987999999999999
564 0.9987999999999999
565 0.9987999999999999
566 0.9987999999999999
567 0.9987999999999999
568 0.9987999999999999
569 0.9992
570 0.9992
571 0.9992
572 0.9992
573 0.9992
574 0.9992
575 0.9992
576 0.9992
577 0.9992
578 0.9992
579 0.9992
580 0.9992
581 0.9992
582 0.9992
583 0.9992
584 0.9992
585 0.9992
586 0.9992
587 0.9995999999999999
588 1.0
589 1.0
590 1.0
591 1.0
592 1.0
593 1.0
594 1.0
595 1.0
596 1.0
597 1.0
598 1.0
599 1.0
600 1.0
601 1.0
602 1.0
603 1.0
604 1.0
605 1.0
606 1.0
607 1.0
608 1.0
609 1.0
610 0.9996
611 0.9996
612 0.9996
613 0.9996
614 0.9996
615 0.9996
616 1.0
617 1.0
618 1.0
619 1.0
620 1.0
621 1.0
622 1.0
623 1.0
624 1.0
625 1.0
626 1.0
627 1.0
628 1.0
629 1.0
630 1.0
631 1.0
632 1.0
633 1.0
634 1.0
635 0.9996
636 0.9996
637 0.9996
638 0.9996
639 0.9996
640 0.9996
641 0.9996
642 1.0
643 1.0
644 1.0
645 1.0
646 1.0
647 1.0
648 1.0
649 1.0
650 1.0
651 1.0
652 1.0
653 1.0
654 1.0
655 1.0
656 1.0
657 1.0
658 1.0
659 1.0
660 1.0
661 1.0
662 1.0
663 1.0
664 1.0
665 1.0
666 1.0
667 1.0
668 1.0
669 1.0
670 1.0
671 1.0
672 1.0
673 1.0
674 1.0
675 1.0
676 1.0
677 1.0
678 0.9996
679 0.9996
680 0.9996
681 0.9996
682 0.9996
683 0.9996
684 0.9996
685 0.9996
686 0.9996
687 0.9996
688 0.9996
689 0.9996
690 0.9996
691 0.9996
692 0.9996
693 0.9996
694 0.9996
695 0.9996
696 0.9996
697 0.9996
698 0.9996
699 0.9996
700 0.9996
701 0.9996
702 0.9996
703 0.9996
704 0.9996
705 0.9996
706 0.9996
707 0.9996
708 0.9996
709 0.9996
710 1.0
711 1.0
712 1.0
713 1.0
714 1.0
715 1.0
716 1.0
717 1.0
718 0.9992
719 0.9992
720 0.9992
721 0.9992
722 0.9992
723 0.9992
724 0.9992
725 0.9992
726 0.9992
727 0.9992
728 0.9992
729 0.9992
730 0.9992
731 0.9992
732 0.9992
733 0.9992
734 0.9992
735 0.9992
736 0.9992
737 0.9992
738 0.9992
739 0.9992
740 1.0
741 1.0
742 1.0
743 1.0
744 1.0
745 1.0
746 1.0
747 1.0
748 0.9996
749 0.9996
750 0.9996
751 0.9996
752 0.9996
753 0.9996
754 0.9996
755 0.9996
756 0.9996
757 0.9996
758 0.9996
759 0.9996
760 0.9996
761 0.9996
762 0.9996
763 1.0
764 1.0
765 1.0
766 1.0
767 1.0
768 1.0
769 1.0
770 1.0
771 1.0
772 0.9996
773 0.9996
774 0.9996
775 0.9996
776 0.9996
777 0.9996
778 0.9996
779 0.9992
780 0.9992
781 0.9992
782 0.9992
783 0.9992
784 0.9995999999999999
785 1.0
786 1.0
787 1.0
788 1.0
789 1.0
790 1.0
791 1.0
792 1.0
793 1.0
794 1.0
795 1.0
796 1.0
797 1.0
798 1.0
799 1.0
800 1.0
801 1.0
802 1.0
803 1.0
804 1.0
805 1.0
806 1.0
807 1.0
808 1.0
809 1.0
810 1.0
811 1.0
812 1.0
813 1.0
814 1.0
815 1.0
816 1.0
817 1.0
818 1.0
819 1.0
820 1.0
821 1.0
822 1.0
823 1.0
824 1.0
825 1.0
826 1.0
827 1.0
828 1.0
829 1.0
830 1.0
831 1.0
832 1.0
833 1.0
834 1.0
835 1.0
836 1.0
837 1.0
838 1.0
839 1.0
840 1.0
841 1.0
842 1.0
843 1.0
844 1.0
845 1.0
846 1.0
847 1.0
848 1.0
849 1.0
850 1.0
851 1.0
852 1.0
853 1.0
854 1.0
855 1.0
856 1.0
857 1.0
858 1.0
859 1.0
860 1.0
861 1.0
862 1.0
863 1.0
864 1.0
865 0.9995999999999999
866 0.9995999999999999
867 0.9995999999999999
868 0.9995999999999999
869 0.9995999999999999
870 0.9995999999999999
871 0.9995999999999999
872 0.9995999999999999
873 0.9995999999999999
874 0.9995999999999999
875 0.9995999999999999
876 0.9995999999999999
877 0.9995999999999999
878 0.9995999999999999
879 0.9995999999999999
880 1.0
881 1.0
882 1.0
883 1.0
884 1.0
885 1.0
886 1.0
887 1.0
888 1.0
889 1.0
890 1.0
891 1.0
892 1.0
893 1.0
894 1.0
895 1.0
896 1.0
897 1.0
898 1.0
899 1.0
900 0.9996
901 0.9996
902 0.9996
903 0.9996
904 0.9992
905 0.9992
906 0.9992
907 0.9992
908 0.9992
909 0.9992
910 0.9992
911 0.9992
912 0.9992
913 0.9992
914 0.9992
915 0.9987999999999999
916 0.9987999999999999
917 0.9987999999999999
918 0.9987999999999999
919 0.9987999999999999
920 0.9987999999999999
921 0.9987999999999999
922 0.9987999999999999
923 0.9987999999999999
924 0.9987999999999999
925 0.9992
926 0.9996
927 0.9996
928 0.9996
929 0.9996
930 0.9996
931 1.0
932 1.0
933 1.0
934 1.0
935 1.0
936 1.0
937 1.0
938 1.0
939 1.0
940 1.0
941 1.0
942 1.0
943 1.0
944 1.0
945 1.0
946 1.0
947 1.0
948 1.0
949 1.0
950 1.0
951 1.0
952 0.9996
953 0.9996
954 0.9996
955 0.9996
956 0.9996
957 0.9996
958 0.9996
959 0.9996
960 0.9996
961 0.9992
962 0.9992
963 0.9992
964 0.9992
965 0.9992
966 0.9992
967 0.9992
968 0.9992
969 0.9992
970 0.9987999999999999
971 0.9987999999999999
972 0.9987999999999999
973 0.9987999999999999
974 0.9987999999999999
975 0.9987999999999999
976 0.9987999999999999
977 0.9987999999999999
978 0.9992
979 0.9996
980 0.9996
981 0.9996
982 0.9996
983 0.9996
984 0.9996
985 0.9996
986 0.9996
987 0.9996
988 0.9996
989 0.9996
990 0.9996
991 0.9996
992 0.9996
993 0.9996
994 0.9996
995 0.9996
996 0.9996
997 0.9996
998 0.9996
999 1.0
1000 1.0
1001 1.0
1002 1.0
1003 1.0
1004 1.0
1005 1.0
1006 1.0
1007 1.0
1008 1.0
1009 1.0
1010 1.0
1011 1.0
1012 1.0
1013 1.0
1014 0.9996
1015 0.9996
1016 0.9996
1017 0.9996
1018 0.9996
1019 0.9996
1020 0.9996
1021 0.9996
1022 0.9996
1023 0.9996
1024 0.9996
1025 1.0
1026 1.0
1027 1.0
1028 1.0
1029 1.0
1030 1.0
1031 1.0
1032 1.0
1033 1.0
1034 1.0
1035 1.0
1036 1.0
1037 1.0
1038 1.0
1039 1.0
1040 1.0
1041 1.0
1042 1.0
1043 1.0
1044 1.0
1045 1.0
1046 1.0
1047 1.0
1048 1.0
1049 1.0
1050 1.0
1051 1.0
1052 1.0
1053 1.0
1054 1.0
1055 1.0
1056 0.9996
1057 0.9996
1058 0.9996
1059 0.9996
1060 0.9996
1061 0.9996
1062 0.9984000000000001
1063 0.9984000000000001
1064 0.9984000000000001
1065 0.9984000000000001
1066 0.9976
1067 0.9976
1068 0.9972000000000001
1069 0.9972000000000001
1070 0.9972000000000001
1071 0.9972000000000001
1072 0.998
1073 0.9983999999999998
1074 0.9987999999999999
1075 0.9987999999999999
1076 0.9987999999999999
1077 0.9987999999999999
1078 0.9987999999999999
1079 0.9983999999999998
1080 0.998
1081 0.9975999999999999
1082 0.9975999999999999
1083 0.9975999999999999
1084 0.9975999999999999
1085 0.9975999999999999
1086 0.9975999999999999
1087 0.9975999999999999
1088 0.9975999999999999
1089 0.9975999999999999
1090 0.9975999999999999
1091 0.9979999999999998
1092 0.9975999999999998
1093 0.9971999999999999
1094 0.9975999999999998
1095 0.9979999999999998
1096 0.9979999999999998
1097 0.9987999999999999
1098 0.9996
1099 0.9996
1100 0.9996
1101 0.9996
1102 0.9996
1103 0.9996
1104 0.9996
1105 0.9996
1106 0.9996
1107 0.9996
1108 0.9996
1109 0.9996
1110 0.9996
1111 0.9996
1112 0.9996
1113 0.9996
1114 0.9996
1115 0.9996
1116 0.9996
1117 0.9996
1118 0.9996
1119 0.9996
1120 0.9996
1121 0.9992
1122 0.9996
1123 0.9996
1124 0.9996
1125 0.9996
1126 0.9996
1127 0.9996
1128 0.9996
1129 0.9996
1130 0.9996
1131 0.9996
1132 0.9996
1133 0.9996
1134 0.9996
1135 0.9996
1136 0.9996
1137 0.9996
1138 0.9996
1139 0.9996
1140 0.9996
1141 1.0
1142 1.0
1143 1.0
1144 1.0
1145 1.0
1146 1.0
1147 0.9996
1148 0.9996
1149 0.9996
1150 0.9996
1151 0.9996
1152 0.9996
1153 0.9996
1154 0.9996
1155 0.9996
1156 0.9996
1157 0.9996
1158 0.9996
1159 0.9996
1160 0.9996
1161 0.9996
1162 0.9996
1163 0.9996
1164 0.9996
1165 0.9996
1166 0.9996
1167 0.9996
1168 0.9992
1169 0.9992
1170 0.9992
1171 0.9992
1172 0.9992
1173 0.9992
1174 0.9992
1175 0.9992
1176 0.9992
1177 0.9992
1178 0.9992
1179 0.9992
1180 0.9992
1181 0.9992
1182 0.9992
1183 0.9992
1184 0.9992
1185 0.9992
1186 0.9992
1187 0.9992
1188 0.9992
1189 0.9992
1190 0.9992
1191 0.9992
1192 0.9996
1193 0.9996
1194 0.9996
1195 1.0
1196 0.9995999999999999
1197 0.9995999999999999
1198 0.9995999999999999
1199 0.9995999999999999
1200 0.9995999999999999
1201 0.9995999999999999
1202 0.9995999999999999
1203 0.9995999999999999
1204 0.9995999999999999
1205 0.9995999999999999
1206 0.9995999999999999
1207 0.9995999999999999
1208 0.9995999999999999
1209 0.9995999999999999
1210 0.9995999999999999
1211 0.9995999999999999
1212 0.9995999999999999
1213 0.9995999999999999
1214 0.9995999999999999
1215 0.9995999999999999
1216 1.0
1217 1.0
1218 1.0
1219 1.0
1220 1.0
1221 1.0
1222 1.0
1223 1.0
1224 1.0
1225 0.9995999999999999
1226 0.9995999999999999
1227 0.9995999999999999
1228 0.9995999999999999
1229 0.9995999999999999
1230 0.9995999999999999
1231 0.9995999999999999
1232 0.9995999999999999
1233 0.9995999999999999
1234 0.9995999999999999
1235 0.9995999999999999
1236 0.9995999999999999
1237 0.9995999999999999
1238 0.9995999999999999
1239 0.9995999999999999
1240 0.9995999999999999
1241 0.9995999999999999
1242 0.9995999999999999
1243 0.9995999999999999
1244 0.9995999999999999
1245 0.9995999999999999
1246 0.9995999999999999
1247 0.9995999999999999
1248 0.9995999999999999
1249 0.9995999999999999
1250 0.9992
1251 0.9992
1252 0.9992
1253 0.9992
1254 0.9992
1255 0.9992
1256 0.9992
1257 0.9992
1258 0.9992
1259 0.9992
1260 0.9996
1261 0.9996
1262 0.9996
1263 0.9996
1264 0.9996
1265 0.9996
1266 0.9996
1267 1.0
1268 1.0
1269 1.0
1270 1.0
1271 0.9995999999999999
1272 0.9995999999999999
1273 0.9995999999999999
1274 0.9995999999999999
1275 0.9995999999999999
1276 0.9995999999999999
1277 0.9995999999999999
1278 0.9995999999999999
1279 0.9995999999999999
1280 0.9995999999999999
1281 0.9995999999999999
1282 0.9995999999999999
1283 0.9995999999999999
1284 0.9995999999999999
1285 0.9995999999999999
1286 0.9995999999999999
1287 0.9995999999999999
1288 0.9995999999999999
1289 0.9995999999999999
1290 0.9995999999999999
1291 0.9995999999999999
1292 0.9995999999999999
1293 0.9995999999999999
1294 0.9995999999999999
1295 0.9995999999999999
1296 0.9995999999999999
1297 0.9995999999999999
1298 0.9995999999999999
1299 0.9995999999999999
1300 0.9995999999999999
1301 0.9995999999999999
1302 0.9995999999999999
1303 0.9995999999999999
1304 0.9995999999999999
1305 0.9995999999999999
1306 0.9995999999999999
1307 0.9987999999999999
1308 0.9987999999999999
1309 0.9987999999999999
1310 0.9992
1311 0.9992
1312 0.9992
1313 0.9992
1314 0.9984000000000001
1315 0.9988000000000001
1316 0.9988000000000001
1317 0.9988000000000001
1318 0.9988000000000001
1319 0.9988000000000001
1320 0.9988000000000001
1321 0.9988000000000001
1322 0.9988000000000001
1323 0.9984000000000001
1324 0.9984000000000001
1325 0.9984000000000001
1326 0.9984000000000001
1327 0.9984000000000001
1328 0.9984000000000001
1329 0.9984000000000001
1330 0.9975999999999999
1331 0.9975999999999999
1332 0.9975999999999999
1333 0.9975999999999999
1334 0.9975999999999999
1335 0.9975999999999999
1336 0.9983999999999998
1337 0.9983999999999998
1338 0.9987999999999999
1339 0.9987999999999999
1340 0.9987999999999999
1341 0.9987999999999999
1342 0.9987999999999999
1343 0.9987999999999999
1344 0.9987999999999999
1345 0.9987999999999999
1346 0.9987999999999999
1347 0.9987999999999999
1348 0.9987999999999999
1349 0.9987999999999999
1350 0.9987999999999999
1351 0.9987999999999999
1352 0.9992
1353 0.9992
1354 0.9992
1355 0.9992
1356 0.9992
1357 0.9995999999999999
1358 1.0
1359 1.0
1360 1.0
1361 1.0
1362 1.0
1363 1.0
1364 1.0
1365 1.0
1366 1.0
1367 1.0
1368 1.0
1369 1.0
1370 1.0
1371 1.0
1372 1.0
1373 1.0
1374 1.0
1375 1.0
1376 1.0
1377 1.0
1378 1.0
1379 0.9996
1380 0.9996
1381 0.9992
1382 0.9992
1383 0.9992
1384 0.9992
1385 0.9992
1386 0.9992
1387 0.9992
1388 0.9992
1389 0.9992
1390 0.9992
1391 0.9992
1392 0.9992
1393 0.9992
1394 0.9992
1395 0.9992
1396 0.9992
1397 0.9992
1398 0.9992
1399 0.9992
1400 0.9992
1401 0.9992
1402 0.9992
1403 0.9992
1404 0.9992
1405 0.9992
1406 0.9995999999999999
1407 0.9995999999999999
1408 0.9995999999999999
1409 0.9995999999999999
1410 0.9995999999999999
1411 0.9995999999999999
1412 0.9995999999999999
1413 0.9995999999999999
1414 0.9995999999999999
1415 0.9995999999999999
1416 0.9995999999999999
1417 0.9995999999999999
1418 0.9995999999999999
1419 0.9995999999999999
1420 0.9995999999999999
1421 0.9995999999999999
1422 1.0
1423 0.9996
1424 0.9996
1425 0.9996
1426 0.9996
1427 0.9996
1428 0.9996
1429 0.9996
1430 0.9996
1431 0.9996
1432 0.9996
1433 1.0
1434 1.0
1435 1.0
1436 0.9995999999999999
1437 0.9995999999999999
1438 0.9995999999999999
1439 0.9995999999999999
1440 0.9995999999999999
1441 0.9995999999999999
1442 0.9995999999999999
1443 0.9995999999999999
1444 0.9995999999999999
1445 0.9995999999999999
1446 0.9995999999999999
1447 0.9995999999999999
1448 0.9995999999999999
1449 0.9995999999999999
1450 0.9995999999999999
1451 0.9995999999999999
1452 0.9995999999999999
1453 0.9995999999999999
1454 0.9995999999999999
1455 0.9995999999999999
1456 0.9987999999999999
1457 0.9987999999999999
1458 0.9992
1459 0.9992
1460 0.9992
1461 0.9992
1462 0.9992
1463 0.9992
1464 0.9992
1465 0.9992
1466 0.9987999999999999
1467 0.9987999999999999
1468 0.9987999999999999
1469 0.9987999999999999
1470 0.9987999999999999
1471 0.9987999999999999
1472 0.9987999999999999
1473 0.9987999999999999
1474 0.9987999999999999
1475 0.9987999999999999
1476 0.9987999999999999
1477 0.9987999999999999
1478 0.9996
1479 0.9996
1480 1.0
1481 1.0
1482 1.0
1483 1.0
1484 1.0
1485 1.0
1486 1.0
1487 1.0
1488 0.9992
1489 0.9992
1490 0.9992
1491 0.9992
1492 0.9987999999999999
1493 0.9987999999999999
1494 0.9987999999999999
1495 0.9987999999999999
1496 0.9987999999999999
1497 0.9987999999999999
1498 0.9987999999999999
1499 0.9987999999999999
1500 0.9983999999999998
1501 0.9983999999999998
1502 0.998
1503 0.998
1504 0.9983999999999998
1505 0.9983999999999998
1506 0.9983999999999998
1507 0.9983999999999998
1508 0.9983999999999998
1509 0.9983999999999998
1510 0.9983999999999998
1511 0.9983999999999998
1512 0.9983999999999998
1513 0.9983999999999998
1514 0.9983999999999998
1515 0.9983999999999998
1516 0.9983999999999998
1517 0.9983999999999998
1518 0.9983999999999998
1519 0.9983999999999998
1520 0.9983999999999998
1521 0.9983999999999998
1522 0.9983999999999998
1523 0.998
1524 0.9987999999999999
1525 0.9987999999999999
1526 0.9987999999999999
1527 0.9987999999999999
1528 0.9987999999999999
1529 0.9992
1530 0.9992
1531 0.9992
1532 0.9987999999999999
1533 0.9987999999999999
1534 0.9987999999999999
1535 0.9987999999999999
1536 0.9987999999999999
1537 0.9987999999999999
1538 0.9987999999999999
1539 0.9987999999999999
1540 0.9987999999999999
1541 0.9987999999999999
1542 0.9987999999999999
1543 0.9987999999999999
1544 0.9987999999999999
1545 0.9992
1546 0.9992
1547 0.9992
1548 0.9992
1549 0.9992
1550 0.9992
1551 0.9992
1552 0.9996
1553 0.9996
1554 0.9996
1555 0.9996
1556 1.0
1557 1.0
1558 1.0
1559 1.0
1560 1.0
1561 1.0
1562 1.0
1563 1.0
1564 1.0
1565 1.0
1566 1.0
1567 1.0
1568 1.0
1569 1.0
1570 1.0
1571 1.0
1572 1.0
1573 0.9996
1574 0.9996
1575 0.9996
1576 0.9996
1577 0.9996
1578 0.9996
1579 0.9996
1580 0.9996
1581 0.9996
1582 0.9996
1583 0.9996
1584 0.9996
1585 0.9996
1586 0.9996
1587 0.9996
1588 0.9996
1589 0.9996
1590 0.9996
1591 0.9996
1592 0.9996
1593 0.9996
1594 0.9996
1595 0.9996
1596 0.9996
1597 0.9996
1598 0.9996
1599 1.0
1600 1.0
1601 1.0
1602 1.0
1603 1.0
1604 1.0
1605 1.0
1606 1.0
1607 1.0
1608 1.0
1609 1.0
1610 1.0
1611 1.0
1612 1.0
1613 1.0
1614 1.0
1615 1.0
1616 1.0
1617 1.0
1618 1.0
1619 1.0
1620 1.0
1621 1.0
1622 1.0
1623 1.0
1624 1.0
1625 1.0
1626 1.0
1627 1.0
1628 1.0
1629 1.0
1630 1.0
1631 1.0
1632 1.0
1633 1.0
1634 1.0
1635 1.0
1636 1.0
1637 1.0
1638 1.0
1639 1.0
1640 1.0
1641 1.0
1642 1.0
1643 1.0
1644 1.0
1645 1.0
1646 1.0
1647 1.0
1648 1.0
1649 1.0
1650 1.0
1651 1.0
1652 1.0
1653 1.0
1654 1.0
1655 1.0
1656 1.0
1657 1.0
1658 1.0
1659 1.0
1660 1.0
1661 1.0
1662 1.0
1663 1.0
1664 1.0
1665 1.0
1666 1.0
1667 1.0
1668 1.0
1669 1.0
1670 1.0
1671 1.0
1672 1.0
1673 1.0
1674 1.0
1675 1.0
1676 1.0
1677 1.0
1678 1.0
1679 1.0
1680 1.0
1681 1.0
1682 1.0
1683 1.0
1684 1.0
1685 1.0
1686 1.0
1687 1.0
1688 1.0
1689 1.0
1690 1.0
1691 1.0
1692 0.9996
1693 0.9996
1694 0.9996
1695 0.9996
1696 0.9996
1697 0.9996
1698 1.0
1699 1.0
1700 1.0
1701 1.0
1702 1.0
1703 1.0
1704 1.0
1705 1.0
1706 1.0
1707 1.0
1708 1.0
1709 1.0
1710 1.0
1711 1.0
1712 1.0
1713 1.0
1714 1.0
1715 1.0
1716 1.0
1717 1.0
1718 1.0
1719 1.0
1720 1.0
1721 0.9995999999999999
1722 0.9995999999999999
1723 0.9995999999999999
1724 0.9995999999999999
1725 0.9995999999999999
1726 0.9995999999999999
1727 0.9995999999999999
1728 0.9995999999999999
1729 0.9992
1730 0.9992
1731 0.9992
1732 0.9992
1733 0.9992
1734 0.9992
1735 0.9992
1736 0.9992
1737 0.9992
1738 0.9992
1739 0.9992
1740 0.9992
1741 0.9992
1742 0.9992
1743 0.9996
1744 0.9996
1745 1.0
1746 1.0
1747 1.0
1748 1.0
1749 1.0
1750 1.0
1751 1.0
1752 1.0
1753 1.0
1754 1.0
1755 1.0
1756 1.0
1757 1.0
1758 1.0
1759 1.0
1760 1.0
1761 1.0
1762 1.0
1763 1.0
1764 1.0
1765 1.0
1766 1.0
1767 1.0
1768 1.0
1769 1.0
1770 1.0
1771 1.0
1772 1.0
1773 1.0
1774 1.0
1775 1.0
1776 0.9996
1777 0.9996
1778 0.9996
1779 0.9996
1780 0.9996
1781 0.9996
1782 0.9984000000000001
1783 0.9984000000000001
1784 0.9984000000000001
1785 0.9984000000000001
1786 0.9984000000000001
1787 0.9984000000000001
1788 0.9984000000000001
1789 0.9984000000000001
1790 0.9984000000000001
1791 0.9987999999999999
1792 0.9987999999999999
1793 0.9987999999999999
1794 0.9992
1795 0.9992
1796 0.9987999999999999
1797 0.9987999999999999
1798 0.9987999999999999
1799 0.9987999999999999
1800 0.9987999999999999
1801 0.9987999999999999
1802 0.9987999999999999
1803 0.9987999999999999
1804 0.9984000000000001
1805 0.9984000000000001
1806 0.9984000000000001
1807 0.9984000000000001
1808 0.9984000000000001
1809 0.9984000000000001
1810 0.9987999999999999
1811 0.9987999999999999
1812 0.9992
1813 0.9992
1814 0.9992
1815 0.9992
1816 0.9992
1817 0.9992
1818 0.9992
1819 0.9996
1820 0.9996
1821 0.9996
1822 0.9996
1823 0.9996
1824 0.9996
1825 0.9996
1826 0.9996
1827 0.9996
1828 0.9996
1829 0.9996
1830 0.9996
1831 0.9996
1832 0.9992
1833 0.9987999999999999
1834 0.9987999999999999
1835 0.9987999999999999
1836 0.9987999999999999
1837 0.9987999999999999
1838 0.9987999999999999
1839 0.9984000000000001
1840 0.9987999999999999
1841 0.9987999999999999
1842 0.9987999999999999
1843 0.9987999999999999
1844 0.9987999999999999
1845 0.9987999999999999
1846 0.9987999999999999
1847 0.9987999999999999
1848 0.9987999999999999
1849 0.9987999999999999
1850 0.9987999999999999
1851 0.9987999999999999
1852 0.9987999999999999
1853 0.9987999999999999
1854 0.9987999999999999
1855 0.9987999999999999
1856 0.9987999999999999
1857 0.9987999999999999
1858 0.9987999999999999
1859 0.9992
1860 0.9992
1861 0.9992
1862 0.9996
1863 1.0
1864 1.0
1865 1.0
1866 1.0
1867 1.0
1868 1.0
1869 1.0
1870 1.0
1871 1.0
1872 1.0
1873 1.0
1874 1.0
1875 1.0
1876 1.0
1877 1.0
1878 1.0
1879 1.0
1880 1.0
1881 1.0
1882 1.0
1883 1.0
1884 1.0
1885 1.0
1886 1.0
1887 1.0
1888 1.0
1889 0.9995999999999999
1890 0.9995999999999999
1891 0.9995999999999999
1892 0.9995999999999999
1893 0.9995999999999999
1894 0.9995999999999999
1895 0.9995999999999999
1896 0.9995999999999999
1897 0.9995999999999999
1898 0.9992
1899 0.9992
1900 0.9992
1901 0.9992
1902 0.9992
1903 0.9992
1904 0.9987999999999999
1905 0.9987999999999999
1906 0.9983999999999998
1907 0.9983999999999998
1908 0.9983999999999998
1909 0.9987999999999999
1910 0.9984000000000001
1911 0.9984000000000001
1912 0.9984000000000001
1913 0.9984000000000001
1914 0.9987999999999999
1915 0.9987999999999999
1916 0.9987999999999999
1917 0.9987999999999999
1918 0.9984000000000001
1919 0.9984000000000001
1920 0.9984000000000001
1921 0.9984000000000001
1922 0.9984000000000001
1923 0.9984000000000001
1924 0.9984000000000001
1925 0.9984000000000001
1926 0.9984000000000001
1927 0.9984000000000001
1928 0.9984000000000001
1929 0.9984000000000001
1930 0.9984000000000001
1931 0.998
1932 0.9983999999999998
1933 0.9983999999999998
1934 0.9983999999999998
1935 0.9987999999999999
1936 0.9992
1937 0.9992
1938 0.9992
1939 0.9992
1940 0.9992
1941 0.9992
1942 0.9992
1943 0.9992
1944 0.9992
1945 0.9992
1946 0.9992
1947 0.9992
1948 0.9992
1949 0.9992
1950 0.9992
1951 0.9992
1952 0.9992
1953 0.9992
1954 0.9992
1955 0.9992
1956 0.9996
1957 0.9996
1958 1.0
1959 1.0
1960 1.0
1961 1.0
1962 1.0
1963 1.0
1964 1.0
1965 1.0
1966 1.0
1967 1.0
1968 1.0
1969 1.0
1970 1.0
1971 0.9996
1972 0.9996
1973 0.9996
1974 0.9996
1975 0.9996
1976 0.9996
1977 0.9996
1978 0.9996
1979 0.9996
1980 0.9996
1981 0.9996
1982 0.9996
1983 0.9996
1984 0.9996
1985 0.9996
1986 1.0
1987 1.0
1988 1.0
1989 1.0
1990 1.0
1991 1.0
1992 1.0
1993 1.0
1994 1.0
1995 1.0
1996 1.0
1997 1.0
1998 1.0
1999 1.0
