1 1.0
2 1.0
3 1.0
4 1.0
5 0.998
6 0.9940000000000001
7 0.9879999999999999
8 0.9799999999999999
9 0.9799999999999999
10 0.974
11 0.96
12 0.95
13 0.9440000000000002
14 0.9440000000000002
15 0.9400000000000002
16 0.9400000000000002
17 0.93
18 0.922
19 0.922
20 0.9179999999999999
21 0.9120000000000001
22 0.906
23 0.906
24 0.9040000000000001
25 0.9020000000000001
26 0.9
27 0.898
28 0.8940000000000001
29 0.8940000000000001
30 0.8880000000000002
31 0.884
32 0.8800000000000001
33 0.874
34 0.8700000000000001
35 0.868
36 0.866
37 0.8580000000000002
38 0.852
39 0.8480000000000001
40 0.8480000000000001
41 0.8440000000000001
42 0.8360000000000001
43 0.8300000000000003
44 0.8300000000000003
45 0.8280000000000001
46 0.8260000000000002
47 0.8220000000000003
48 0.8200000000000001
49 0.8200000000000001
50 0.8180000000000002
51 0.8160000000000001
52 0.8099999999999999
53 0.8020000000000002
54 0.8000000000000002
55 0.796
56 0.796
57 0.794
58 0.7900000000000001
59 0.786
60 0.786
61 0.784
62 0.784
63 0.784
64 0.782
65 0.7780000000000001
66 0.7740000000000001
67 0.7740000000000001
68 0.7700000000000001
69 0.7700000000000001
70 0.768
71 0.7660000000000001
72 0.764
73 0.7620000000000001
74 0.7620000000000001
75 0.76
76 0.758
77 0.756
78 0.756
79 0.756
80 0.754
81 0.754
82 0.752
83 0.748
84 0.748
85 0.746
86 0.746
87 0.746
88 0.746
89 0.744
90 0.738
91 0.736
92 0.7339999999999999
93 0.7339999999999999
94 0.7339999999999999
95 0.732
96 0.73
97 0.726
98 0.726
99 0.726
100 0.726
101 0.7220000000000001
102 0.7220000000000001
103 0.7220000000000001
104 0.7180000000000001
105 0.7180000000000001
106 0.7180000000000001
107 0.7120000000000001
108 0.7100000000000001
109 0.7080000000000001
110 0.7020000000000001
111 0.7
112 0.6980000000000001
113 0.6940000000000001
114 0.6880000000000001
115 0.6880000000000001
116 0.686
117 0.684
118 0.684
119 0.684
120 0.678
121 0.678
122 0.678
123 0.672
124 0.67
125 0.658
126 0.658
127 0.654
128 0.652
129 0.648
130 0.644
131 0.644
132 0.642
133 0.642
134 0.638
135 0.634
136 0.632
137 0.626
138 0.624
139 0.618
140 0.618
141 0.614
142 0.614
143 0.614
144 0.608
145 0.608
146 0.608
147 0.606
148 0.604
149 0.598
150 0.598
151 0.596
152 0.592
153 0.592
154 0.592
155 0.592
156 0.5900000000000001
157 0.5860000000000001
158 0.584
159 0.576
160 0.576
161 0.574
162 0.568
163 0.568
164 0.5660000000000001
165 0.5660000000000001
166 0.5660000000000001
167 0.5660000000000001
168 0.5619999999999999
169 0.5619999999999999
170 0.5599999999999999
171 0.554
172 0.554
173 0.554
174 0.554
175 0.554
176 0.554
177 0.5499999999999999
178 0.5499999999999999
179 0.546
180 0.546
181 0.546
182 0.546
183 0.546
184 0.5439999999999999
185 0.5439999999999999
186 0.5439999999999999
187 0.542
188 0.542
189 0.5399999999999999
190 0.5359999999999999
191 0.534
192 0.534
193 0.534
194 0.5319999999999999
195 0.5319999999999999
196 0.53
197 0.53
198 0.5279999999999999
199 0.5259999999999999
200 0.5239999999999999
201 0.522
202 0.5199999999999999
203 0.516
204 0.516
205 0.516
206 0.516
207 0.516
208 0.514
209 0.514
210 0.512
211 0.512
212 0.51
213 0.508
214 0.504
215 0.504
216 0.504
217 0.504
218 0.504
219 0.496
220 0.496
221 0.49399999999999994
222 0.49399999999999994
223 0.49399999999999994
224 0.49399999999999994
225 0.49399999999999994
226 0.492
227 0.488
228 0.488
229 0.488
230 0.488
231 0.488
232 0.48599999999999993
233 0.48599999999999993
234 0.48599999999999993
235 0.48599999999999993
236 0.484
237 0.48199999999999993
238 0.48
239 0.476
240 0.4739999999999999
241 0.4739999999999999
242 0.472
243 0.472
244 0.472
245 0.472
246 0.472
247 0.472
248 0.472
249 0.472
250 0.472
251 0.47000000000000003
252 0.46799999999999997
253 0.466
254 0.46399999999999997
255 0.46399999999999997
256 0.462
257 0.462
258 0.462
259 0.45999999999999996
260 0.45999999999999996
261 0.45999999999999996
262 0.458
263 0.458
264 0.458
265 0.458
266 0.45600000000000007
267 0.454
268 0.454
269 0.454
270 0.45199999999999996
271 0.45
272 0.44800000000000006
273 0.44800000000000006
274 0.44800000000000006
275 0.44800000000000006
276 0.44800000000000006
277 0.44800000000000006
278 0.44800000000000006
279 0.44800000000000006
280 0.446
281 0.44400000000000006
282 0.44400000000000006
283 0.44400000000000006
284 0.44400000000000006
285 0.44400000000000006
286 0.44400000000000006
287 0.442
288 0.43999999999999995
289 0.43999999999999995
290 0.43999999999999995
291 0.438
292 0.438
293 0.434
294 0.434
295 0.434
296 0.434
297 0.434
298 0.434
299 0.43
300 0.43
301 0.43
302 0.42800000000000005
303 0.426
304 0.426
305 0.42400000000000004
306 0.422
307 0.422
308 0.41600000000000004
309 0.414
310 0.414
311 0.414
312 0.414
313 0.41
314 0.40800000000000003
315 0.40800000000000003
316 0.40599999999999997
317 0.404
318 0.404
319 0.404
320 0.404
321 0.404
322 0.4
323 0.4
324 0.4
325 0.4
326 0.4
327 0.398
328 0.398
329 0.398
330 0.398
331 0.398
332 0.398
333 0.398
334 0.396
335 0.394
336 0.394
337 0.392
338 0.392
339 0.392
340 0.392
341 0.392
342 0.392
343 0.392
344 0.392
345 0.392
346 0.392
347 0.392
348 0.392
349 0.39
350 0.39
351 0.388
352 0.388
353 0.388
354 0.388
355 0.388
356 0.388
357 0.388
358 0.388
359 0.388
360 0.388
361 0.386
362 0.386
363 0.382
364 0.38
365 0.38
366 0.38
367 0.38
368 0.38
369 0.38
370 0.38
371 0.38
372 0.38
373 0.38
374 0.376
375 0.374
376 0.37
377 0.37
378 0.368
379 0.368
380 0.366
381 0.36
382 0.36
383 0.36
384 0.36
385 0.36
386 0.36
387 0.36
388 0.36
389 0.36
390 0.36
391 0.36
392 0.358
393 0.358
394 0.358
395 0.358
396 0.358
397 0.356
398 0.356
399 0.354
400 0.354
401 0.354
402 0.354
403 0.35
404 0.348
405 0.348
406 0.348
407 0.348
408 0.348
409 0.348
410 0.348
411 0.348
412 0.348
413 0.348
414 0.346
415 0.344
416 0.344
417 0.344
418 0.344
419 0.344
420 0.34199999999999997
421 0.34199999999999997
422 0.34199999999999997
423 0.34199999999999997
424 0.34199999999999997
425 0.34199999999999997
426 0.34199999999999997
427 0.34199999999999997
428 0.33999999999999997
429 0.33999999999999997
430 0.33999999999999997
431 0.33999999999999997
432 0.33999999999999997
433 0.33999999999999997
434 0.33999999999999997
435 0.33999999999999997
436 0.33999999999999997
437 0.33999999999999997
438 0.33799999999999997
439 0.33799999999999997
440 0.33799999999999997
441 0.33799999999999997
442 0.33799999999999997
443 0.33799999999999997
444 0.33599999999999997
445 0.33599999999999997
446 0.33599999999999997
447 0.33599999999999997
448 0.33399999999999996
449 0.33399999999999996
450 0.33399999999999996
451 0.33399999999999996
452 0.33399999999999996
453 0.33399999999999996
454 0.33399999999999996
455 0.33399999999999996
456 0.33399999999999996
457 0.33399999999999996
458 0.33399999999999996
459 0.33399999999999996
460 0.33399999999999996
461 0.33399999999999996
462 0.33199999999999996
463 0.32999999999999996
464 0.32799999999999996
465 0.32799999999999996
466 0.32799999999999996
467 0.32799999999999996
468 0.32799999999999996
469 0.32799999999999996
470 0.32599999999999996
471 0.32599999999999996
472 0.32599999999999996
473 0.32599999999999996
474 0.32599999999999996
475 0.32599999999999996
476 0.32599999999999996
477 0.32599999999999996
478 0.32599999999999996
479 0.32599999999999996
480 0.32399999999999995
481 0.32199999999999995
482 0.32199999999999995
483 0.32199999999999995
484 0.32199999999999995
485 0.32199999999999995
486 0.32199999999999995
487 0.32199999999999995
488 0.31999999999999995
489 0.31999999999999995
490 0.31999999999999995
491 0.31999999999999995
492 0.31999999999999995
493 0.31999999999999995
494 0.31999999999999995
495 0.31999999999999995
496 0.31999999999999995
497 0.31999999999999995
498 0.31999999999999995
499 0.31999999999999995
500 0.31799999999999995
501 0.31799999999999995
502 0.31799999999999995
503 0.31799999999999995
504 0.31799999999999995
505 0.31799999999999995
506 0.31799999999999995
507 0.31799999999999995
508 0.31799999999999995
509 0.31799999999999995
510 0.31599999999999995
511 0.31599999999999995
512 0.31599999999999995
513 0.31599999999999995
514 0.31599999999999995
515 0.314
516 0.314
517 0.314
518 0.312
519 0.312
520 0.312
521 0.312
522 0.312
523 0.312
524 0.312
525 0.312
526 0.31
527 0.31
528 0.31
529 0.31
530 0.31
531 0.31
532 0.31
533 0.31
534 0.31
535 0.31
536 0.31
537 0.308
538 0.308
539 0.308
540 0.308
541 0.308
542 0.308
543 0.308
544 0.308
545 0.308
546 0.308
547 0.308
548 0.308
549 0.308
550 0.308
551 0.308
552 0.308
553 0.308
554 0.308
555 0.308
556 0.308
557 0.306
558 0.306
559 0.306
560 0.306
561 0.306
562 0.306
563 0.306
564 0.306
565 0.306
566 0.306
567 0.30399999999999994
568 0.30399999999999994
569 0.30399999999999994
570 0.30399999999999994
571 0.30399999999999994
572 0.30399999999999994
573 0.30399999999999994
574 0.30399999999999994
575 0.30399999999999994
576 0.30399999999999994
577 0.30399999999999994
578 0.30399999999999994
579 0.30399999999999994
580 0.30399999999999994
581 0.30399999999999994
582 0.30399999999999994
583 0.30399999999999994
584 0.30399999999999994
585 0.30399999999999994
586 0.30399999999999994
587 0.30399999999999994
588 0.30399999999999994
589 0.30399999999999994
590 0.30399999999999994
591 0.30399999999999994
592 0.30399999999999994
593 0.30399999999999994
594 0.30399999999999994
595 0.30399999999999994
596 0.30399999999999994
597 0.30399999999999994
598 0.30399999999999994
599 0.30399999999999994
600 0.30399999999999994
601 0.30399999999999994
602 0.30399999999999994
603 0.30399999999999994
604 0.30399999999999994
605 0.30399999999999994
606 0.30399999999999994
607 0.30399999999999994
608 0.30399999999999994
609 0.302
610 0.302
611 0.302
612 0.302
613 0.302
614 0.302
615 0.302
616 0.302
617 0.302
618 0.302
619 0.302
620 0.302
621 0.302
622 0.302
623 0.302
624 0.302
625 0.302
626 0.302
627 0.302
628 0.302
629 0.302
630 0.302
631 0.302
632 0.302
633 0.302
634 0.302
635 0.302
636 0.302
637 0.302
638 0.302
639 0.302
640 0.302
641 0.3
642 0.3
643 0.3
644 0.3
645 0.3
646 0.3
647 0.29799999999999993
648 0.29799999999999993
649 0.29799999999999993
650 0.29799999999999993
651 0.29799999999999993
652 0.29799999999999993
653 0.29799999999999993
654 0.29799999999999993
655 0.29799999999999993
656 0.29799999999999993
657 0.29799999999999993
658 0.29799999999999993
659 0.29799999999999993
660 0.29799999999999993
661 0.29799999999999993
662 0.29799999999999993
663 0.29799999999999993
664 0.29799999999999993
665 0.29799999999999993
666 0.29799999999999993
667 0.29799999999999993
668 0.29799999999999993
669 0.29799999999999993
670 0.29799999999999993
671 0.29799999999999993
672 0.29799999999999993
673 0.29799999999999993
674 0.29799999999999993
675 0.29799999999999993
676 0.29799999999999993
677 0.29799999999999993
678 0.29799999999999993
679 0.29799999999999993
680 0.29799999999999993
681 0.29799999999999993
682 0.29799999999999993
683 0.29599999999999993
684 0.29599999999999993
685 0.29599999999999993
686 0.29599999999999993
687 0.29599999999999993
688 0.29599999999999993
689 0.29599999999999993
690 0.29599999999999993
691 0.29599999999999993
692 0.29599999999999993
693 0.294
694 0.294
695 0.294
696 0.294
697 0.294
698 0.294
699 0.294
700 0.294
701 0.294
702 0.294
703 0.294
704 0.294
705 0.294
706 0.294
707 0.294
708 0.294
709 0.294
710 0.294
711 0.294
712 0.294
713 0.292
714 0.292
715 0.292
716 0.292
717 0.292
718 0.292
719 0.292
720 0.29
721 0.29
722 0.29
723 0.29
724 0.29
725 0.29
726 0.29
727 0.29
728 0.29
729 0.2879999999999999
730 0.2879999999999999
731 0.2879999999999999
732 0.2879999999999999
733 0.2879999999999999
734 0.2879999999999999
735 0.286
736 0.286
737 0.286
738 0.286
739 0.286
740 0.286
741 0.286
742 0.286
743 0.286
744 0.286
745 0.286
746 0.286
747 0.2839999999999999
748 0.2839999999999999
749 0.2839999999999999
750 0.2839999999999999
751 0.2839999999999999
752 0.2839999999999999
753 0.2839999999999999
754 0.2839999999999999
755 0.2839999999999999
756 0.2839999999999999
757 0.2839999999999999
758 0.2839999999999999
759 0.2839999999999999
760 0.2819999999999999
761 0.2819999999999999
762 0.27999999999999997
763 0.27999999999999997
764 0.27999999999999997
765 0.27999999999999997
766 0.27999999999999997
767 0.27999999999999997
768 0.27999999999999997
769 0.27999999999999997
770 0.27999999999999997
771 0.27999999999999997
772 0.27999999999999997
773 0.27999999999999997
774 0.27999999999999997
775 0.27999999999999997
776 0.27999999999999997
777 0.27999999999999997
778 0.27999999999999997
779 0.27999999999999997
780 0.27999999999999997
781 0.27999999999999997
782 0.27999999999999997
783 0.27999999999999997
784 0.27999999999999997
785 0.27999999999999997
786 0.27999999999999997
787 0.27999999999999997
788 0.27999999999999997
789 0.27999999999999997
790 0.27999999999999997
791 0.27999999999999997
792 0.27999999999999997
793 0.27999999999999997
794 0.27999999999999997
795 0.27999999999999997
796 0.27999999999999997
797 0.27999999999999997
798 0.27999999999999997
799 0.2779999999999999
800 0.2779999999999999
801 0.2779999999999999
802 0.2779999999999999
803 0.27599999999999997
804 0.274
805 0.274
806 0.274
807 0.274
808 0.274
809 0.274
810 0.274
811 0.274
812 0.274
813 0.274
814 0.274
815 0.27199999999999996
816 0.26999999999999996
817 0.26999999999999996
818 0.26999999999999996
819 0.26799999999999996
820 0.26799999999999996
821 0.26799999999999996
822 0.26799999999999996
823 0.26799999999999996
824 0.26799999999999996
825 0.26799999999999996
826 0.26599999999999996
827 0.26599999999999996
828 0.26599999999999996
829 0.26599999999999996
830 0.26599999999999996
831 0.26599999999999996
832 0.26599999999999996
833 0.26599999999999996
834 0.26599999999999996
835 0.26599999999999996
836 0.26599999999999996
837 0.26599999999999996
838 0.26599999999999996
839 0.26599999999999996
840 0.26599999999999996
841 0.26599999999999996
842 0.26599999999999996
843 0.26599999999999996
844 0.26599999999999996
845 0.26599999999999996
846 0.26599999999999996
847 0.26599999999999996
848 0.26599999999999996
849 0.26599999999999996
850 0.26599999999999996
851 0.26399999999999996
852 0.262
853 0.262
854 0.262
855 0.262
856 0.262
857 0.262
858 0.262
859 0.262
860 0.262
861 0.262
862 0.262
863 0.262
864 0.262
865 0.262
866 0.262
867 0.262
868 0.262
869 0.262
870 0.262
871 0.262
872 0.262
873 0.262
874 0.262
875 0.262
876 0.262
877 0.262
878 0.262
879 0.262
880 0.262
881 0.262
882 0.262
883 0.262
884 0.262
885 0.262
886 0.262
887 0.262
888 0.262
889 0.262
890 0.262
891 0.262
892 0.262
893 0.262
894 0.262
895 0.262
896 0.262
897 0.262
898 0.262
899 0.262
900 0.262
901 0.262
902 0.262
903 0.262
904 0.262
905 0.262
906 0.262
907 0.262
908 0.262
909 0.26000000000000006
910 0.26000000000000006
911 0.26000000000000006
912 0.26000000000000006
913 0.26000000000000006
914 0.26000000000000006
915 0.26000000000000006
916 0.26000000000000006
917 0.26000000000000006
918 0.26000000000000006
919 0.26000000000000006
920 0.26000000000000006
921 0.26000000000000006
922 0.258
923 0.258
924 0.25600000000000006
925 0.25600000000000006
926 0.25600000000000006
927 0.25600000000000006
928 0.25600000000000006
929 0.25600000000000006
930 0.25600000000000006
931 0.25600000000000006
932 0.25600000000000006
933 0.25600000000000006
934 0.25600000000000006
935 0.25600000000000006
936 0.25600000000000006
937 0.25600000000000006
938 0.25600000000000006
939 0.25600000000000006
940 0.25600000000000006
941 0.25600000000000006
942 0.25600000000000006
943 0.25600000000000006
944 0.25600000000000006
945 0.25600000000000006
946 0.25600000000000006
947 0.25600000000000006
948 0.25600000000000006
949 0.25600000000000006
950 0.25600000000000006
951 0.25600000000000006
952 0.25600000000000006
953 0.25600000000000006
954 0.254
955 0.254
956 0.254
957 0.254
958 0.254
959 0.254
960 0.254
961 0.254
962 0.254
963 0.254
964 0.254
965 0.254
966 0.254
967 0.254
968 0.254
969 0.254
970 0.254
971 0.254
972 0.254
973 0.254
974 0.254
975 0.254
976 0.254
977 0.254
978 0.254
979 0.254
980 0.254
981 0.254
982 0.254
983 0.254
984 0.254
985 0.254
986 0.254
987 0.254
988 0.254
989 0.254
990 0.254
991 0.254
992 0.254
993 0.254
994 0.254
995 0.254
996 0.254
997 0.254
998 0.254
999 0.254
