1 1.0
2 1.0
3 1.0
4 0.998
5 0.998
6 0.9960000000000001
7 0.9960000000000001
8 0.9960000000000001
9 0.9960000000000001
10 0.9960000000000001
11 0.9960000000000001
12 0.9960000000000001
13 0.9960000000000001
14 0.9960000000000001
15 0.9960000000000001
16 0.9960000000000001
17 0.9960000000000001
18 0.9960000000000001
19 0.9960000000000001
20 0.9960000000000001
21 0.9960000000000001
22 0.9960000000000001
23 0.9960000000000001
24 0.9960000000000001
25 0.9960000000000001
26 0.9960000000000001
27 0.9960000000000001
28 0.9960000000000001
29 0.9940000000000001
30 0.992
31 0.992
32 0.992
33 0.992
34 0.992
35 0.992
36 0.99
37 0.99
38 0.99
39 0.99
40 0.99
41 0.99
42 0.99
43 0.99
44 0.99
45 0.99
46 0.99
47 0.99
48 0.99
49 0.99
50 0.99
51 0.99
52 0.99
53 0.99
54 0.99
55 0.99
56 0.99
57 0.99
58 0.99
59 0.99
60 0.99
61 0.99
62 0.99
63 0.99
64 0.99
65 0.99
66 0.99
67 0.99
68 0.9880000000000001
69 0.9880000000000001
70 0.9880000000000001
71 0.9880000000000001
72 0.9880000000000001
73 0.9880000000000001
74 0.9860000000000001
75 0.9860000000000001
76 0.9860000000000001
77 0.9860000000000001
78 0.9860000000000001
79 0.984
80 0.984
81 0.982
82 0.982
83 0.982
84 0.982
85 0.982
86 0.982
87 0.982
88 0.982
89 0.982
90 0.982
91 0.982
92 0.982
93 0.982
94 0.982
95 0.982
96 0.982
97 0.982
98 0.982
99 0.982
100 0.9800000000000001
101 0.9800000000000001
102 0.9800000000000001
103 0.9800000000000001
104 0.9800000000000001
105 0.9800000000000001
106 0.9800000000000001
107 0.9800000000000001
108 0.9800000000000001
109 0.9800000000000001
110 0.9800000000000001
111 0.9800000000000001
112 0.9800000000000001
113 0.9800000000000001
114 0.9800000000000001
115 0.9800000000000001
116 0.9800000000000001
117 0.9800000000000001
118 0.9800000000000001
119 0.9800000000000001
120 0.9800000000000001
121 0.9800000000000001
122 0.9800000000000001
123 0.9800000000000001
124 0.9800000000000001
125 0.9800000000000001
126 0.9800000000000001
127 0.9800000000000001
128 0.9800000000000001
129 0.9800000000000001
130 0.9800000000000001
131 0.9800000000000001
132 0.9800000000000001
133 0.9800000000000001
134 0.9800000000000001
135 0.9800000000000001
136 0.9800000000000001
137 0.9800000000000001
138 0.9800000000000001
139 0.9800000000000001
140 0.9800000000000001
141 0.9800000000000001
142 0.9800000000000001
143 0.9800000000000001
144 0.9800000000000001
145 0.9800000000000001
146 0.9800000000000001
147 0.9800000000000001
148 0.976
149 0.976
150 0.976
151 0.976
152 0.976
153 0.976
154 0.976
155 0.976
156 0.976
157 0.976
158 0.976
159 0.976
160 0.976
161 0.976
162 0.976
163 0.976
164 0.976
165 0.976
166 0.976
167 0.976
168 0.976
169 0.976
170 0.976
171 0.976
172 0.976
173 0.976
174 0.976
175 0.976
176 0.976
177 0.976
178 0.976
179 0.976
180 0.976
181 0.976
182 0.976
183 0.976
184 0.976
185 0.976
186 0.974
187 0.974
188 0.974
189 0.974
190 0.974
191 0.974
192 0.9720000000000001
193 0.9720000000000001
194 0.9720000000000001
195 0.9720000000000001
196 0.9720000000000001
197 0.9720000000000001
198 0.9720000000000001
199 0.9720000000000001
200 0.9720000000000001
201 0.9720000000000001
202 0.9720000000000001
203 0.9700000000000001
204 0.9700000000000001
205 0.9700000000000001
206 0.9700000000000001
207 0.9700000000000001
208 0.9700000000000001
209 0.9700000000000001
210 0.9700000000000001
211 0.9700000000000001
212 0.9700000000000001
213 0.9700000000000001
214 0.9700000000000001
215 0.9700000000000001
216 0.968
217 0.966
218 0.9640000000000001
219 0.9620000000000001
220 0.9620000000000001
221 0.9620000000000001
222 0.9600000000000002
223 0.9600000000000002
224 0.9600000000000002
225 0.9600000000000002
226 0.9600000000000002
227 0.9600000000000002
228 0.9600000000000002
229 0.9600000000000002
230 0.9600000000000002
231 0.9600000000000002
232 0.9600000000000002
233 0.9600000000000002
234 0.9600000000000002
235 0.9600000000000002
236 0.9600000000000002
237 0.9600000000000002
238 0.9600000000000002
239 0.9600000000000002
240 0.9560000000000001
241 0.9560000000000001
242 0.9560000000000001
243 0.9560000000000001
244 0.9540000000000001
245 0.9520000000000002
246 0.9520000000000002
247 0.9520000000000002
248 0.9520000000000002
249 0.95
250 0.9480000000000001
251 0.9480000000000001
252 0.9460000000000001
253 0.9460000000000001
254 0.9460000000000001
255 0.9460000000000001
256 0.9460000000000001
257 0.9460000000000001
258 0.9460000000000001
259 0.9460000000000001
260 0.9460000000000001
261 0.9460000000000001
262 0.9439999999999997
263 0.9439999999999997
264 0.9439999999999997
265 0.9439999999999997
266 0.9419999999999998
267 0.9399999999999998
268 0.9399999999999998
269 0.9399999999999998
270 0.938
271 0.9359999999999999
272 0.9359999999999999
273 0.9359999999999999
274 0.9359999999999999
275 0.9359999999999999
276 0.9359999999999999
277 0.9359999999999999
278 0.9359999999999999
279 0.9359999999999999
280 0.9359999999999999
281 0.9359999999999999
282 0.9359999999999999
283 0.9359999999999999
284 0.9359999999999999
285 0.9339999999999999
286 0.9339999999999999
287 0.9339999999999999
288 0.9339999999999999
289 0.9339999999999999
290 0.9339999999999999
291 0.9339999999999999
292 0.9339999999999999
293 0.9339999999999999
294 0.9339999999999999
295 0.9339999999999999
296 0.9339999999999999
297 0.9339999999999999
298 0.9339999999999999
299 0.9339999999999999
300 0.9339999999999999
301 0.932
302 0.932
303 0.932
304 0.932
305 0.9299999999999999
306 0.9299999999999999
307 0.9299999999999999
308 0.9299999999999999
309 0.9299999999999999
310 0.9299999999999999
311 0.9279999999999999
312 0.9259999999999999
313 0.924
314 0.924
315 0.924
316 0.924
317 0.924
318 0.924
319 0.924
320 0.924
321 0.924
322 0.924
323 0.924
324 0.924
325 0.922
326 0.922
327 0.922
328 0.922
329 0.922
330 0.922
331 0.922
332 0.9179999999999999
333 0.916
334 0.914
335 0.914
336 0.914
337 0.914
338 0.914
339 0.914
340 0.914
341 0.914
342 0.9119999999999999
343 0.9119999999999999
344 0.9119999999999999
345 0.9119999999999999
346 0.9119999999999999
347 0.9099999999999999
348 0.908
349 0.908
350 0.908
351 0.908
352 0.906
353 0.906
354 0.906
355 0.906
356 0.906
357 0.9040000000000001
358 0.9040000000000001
359 0.9040000000000001
360 0.9019999999999999
361 0.9019999999999999
362 0.9019999999999999
363 0.9019999999999999
364 0.9019999999999999
365 0.8999999999999998
366 0.8999999999999998
367 0.8999999999999998
368 0.8999999999999998
369 0.8999999999999998
370 0.8999999999999998
371 0.8999999999999998
372 0.8999999999999998
373 0.8999999999999998
374 0.8979999999999999
375 0.8979999999999999
376 0.8979999999999999
377 0.8979999999999999
378 0.8979999999999999
379 0.8979999999999999
380 0.8979999999999999
381 0.8979999999999999
382 0.8979999999999999
383 0.8979999999999999
384 0.8979999999999999
385 0.8959999999999999
386 0.8959999999999999
387 0.8959999999999999
388 0.8959999999999999
389 0.8959999999999999
390 0.8939999999999999
391 0.8939999999999999
392 0.8939999999999999
393 0.8939999999999999
394 0.892
395 0.892
396 0.892
397 0.8880000000000001
398 0.8880000000000001
399 0.8880000000000001
400 0.8880000000000001
401 0.8880000000000001
402 0.8880000000000001
403 0.8859999999999999
404 0.8859999999999999
405 0.8859999999999999
406 0.8859999999999999
407 0.8859999999999999
408 0.8859999999999999
409 0.8859999999999999
410 0.8859999999999999
411 0.884
412 0.884
413 0.884
414 0.884
415 0.8819999999999999
416 0.8819999999999999
417 0.8819999999999999
418 0.8799999999999999
419 0.8799999999999999
420 0.8799999999999999
421 0.8799999999999999
422 0.8799999999999999
423 0.8799999999999999
424 0.8799999999999999
425 0.8799999999999999
426 0.8799999999999999
427 0.8779999999999999
428 0.8779999999999999
429 0.8779999999999999
430 0.8759999999999998
431 0.8759999999999998
432 0.8759999999999998
433 0.8739999999999999
434 0.8739999999999999
435 0.8739999999999999
436 0.8739999999999999
437 0.8739999999999999
438 0.8739999999999999
439 0.8739999999999999
440 0.8739999999999999
441 0.8739999999999999
442 0.8739999999999999
443 0.8739999999999999
444 0.8739999999999999
445 0.8739999999999999
446 0.8739999999999999
447 0.8739999999999999
448 0.8739999999999999
449 0.8739999999999999
450 0.8739999999999999
451 0.8739999999999999
452 0.8739999999999999
453 0.8739999999999999
454 0.8739999999999999
455 0.8739999999999999
456 0.8739999999999999
457 0.8719999999999999
458 0.8719999999999999
459 0.8719999999999999
460 0.8719999999999999
461 0.8699999999999999
462 0.868
463 0.866
464 0.866
465 0.866
466 0.866
467 0.866
468 0.866
469 0.866
470 0.8619999999999999
471 0.8619999999999999
472 0.858
473 0.858
474 0.858
475 0.858
476 0.858
477 0.858
478 0.8560000000000001
479 0.8560000000000001
480 0.8560000000000001
481 0.8560000000000001
482 0.8560000000000001
483 0.8540000000000001
484 0.8540000000000001
485 0.8540000000000001
486 0.8540000000000001
487 0.8540000000000001
488 0.8540000000000001
489 0.852
490 0.852
491 0.852
492 0.852
493 0.852
494 0.852
495 0.852
496 0.85
497 0.85
498 0.8480000000000001
499 0.8480000000000001
500 0.8460000000000001
501 0.8460000000000001
502 0.8440000000000001
503 0.8440000000000001
504 0.842
505 0.842
506 0.842
507 0.842
508 0.842
509 0.842
510 0.842
511 0.842
512 0.842
513 0.842
514 0.842
515 0.842
516 0.842
517 0.842
518 0.842
519 0.842
520 0.842
521 0.8400000000000001
522 0.8400000000000001
523 0.8400000000000001
524 0.8400000000000001
525 0.8400000000000001
526 0.8400000000000001
527 0.8400000000000001
528 0.8400000000000001
529 0.8380000000000001
530 0.8380000000000001
531 0.8380000000000001
532 0.8380000000000001
533 0.8380000000000001
534 0.8380000000000001
535 0.8380000000000001
536 0.8380000000000001
537 0.8380000000000001
538 0.8380000000000001
539 0.8380000000000001
540 0.8380000000000001
541 0.8380000000000001
542 0.8380000000000001
543 0.8380000000000001
544 0.8380000000000001
545 0.8380000000000001
546 0.8380000000000001
547 0.8380000000000001
548 0.8380000000000001
549 0.8380000000000001
550 0.8380000000000001
551 0.8380000000000001
552 0.8380000000000001
553 0.8380000000000001
554 0.8380000000000001
555 0.8360000000000001
556 0.8360000000000001
557 0.8360000000000001
558 0.8340000000000002
559 0.8320000000000001
560 0.8320000000000001
561 0.8320000000000001
562 0.8320000000000001
563 0.8320000000000001
564 0.8320000000000001
565 0.8320000000000001
566 0.8320000000000001
567 0.8320000000000001
568 0.8320000000000001
569 0.8300000000000001
570 0.8280000000000001
571 0.826
572 0.8240000000000001
573 0.8200000000000001
574 0.8200000000000001
575 0.8200000000000001
576 0.8200000000000001
577 0.8200000000000001
578 0.8200000000000001
579 0.818
580 0.8160000000000001
581 0.8160000000000001
582 0.8160000000000001
583 0.8160000000000001
584 0.8160000000000001
585 0.8160000000000001
586 0.8160000000000001
587 0.8160000000000001
588 0.812
589 0.812
590 0.812
591 0.812
592 0.812
593 0.812
594 0.812
595 0.8099999999999999
596 0.8099999999999999
597 0.8099999999999999
598 0.8099999999999999
599 0.8099999999999999
600 0.8099999999999999
601 0.8099999999999999
602 0.8099999999999999
603 0.808
604 0.808
605 0.808
606 0.808
607 0.808
608 0.808
609 0.808
610 0.808
611 0.808
612 0.808
613 0.808
614 0.806
615 0.806
616 0.806
617 0.806
618 0.806
619 0.806
620 0.806
621 0.806
622 0.804
623 0.804
624 0.804
625 0.8000000000000002
626 0.8000000000000002
627 0.8000000000000002
628 0.8000000000000002
629 0.8000000000000002
630 0.8000000000000002
631 0.8000000000000002
632 0.798
633 0.798
634 0.796
635 0.794
636 0.794
637 0.794
638 0.792
639 0.792
640 0.79
641 0.79
642 0.79
643 0.79
644 0.79
645 0.79
646 0.79
647 0.79
648 0.79
649 0.79
650 0.79
651 0.788
652 0.788
653 0.786
654 0.786
655 0.786
656 0.784
657 0.784
658 0.782
659 0.782
660 0.782
661 0.782
662 0.782
663 0.782
664 0.774
665 0.774
666 0.772
667 0.772
668 0.772
669 0.772
670 0.772
671 0.77
672 0.77
673 0.77
674 0.77
675 0.768
676 0.768
677 0.768
678 0.768
679 0.7659999999999999
680 0.7659999999999999
681 0.7659999999999999
682 0.7659999999999999
683 0.7659999999999999
684 0.764
685 0.764
686 0.764
687 0.764
688 0.764
689 0.7619999999999999
690 0.7619999999999999
691 0.7619999999999999
692 0.7619999999999999
693 0.7619999999999999
694 0.7619999999999999
695 0.7619999999999999
696 0.7619999999999999
697 0.7619999999999999
698 0.7619999999999999
699 0.7619999999999999
700 0.76
701 0.76
702 0.758
703 0.758
704 0.758
705 0.756
706 0.756
707 0.756
708 0.756
709 0.756
710 0.756
711 0.756
712 0.756
713 0.754
714 0.754
715 0.754
716 0.754
717 0.754
718 0.754
719 0.754
720 0.752
721 0.752
722 0.752
723 0.752
724 0.752
725 0.752
726 0.752
727 0.752
728 0.752
729 0.752
730 0.7500000000000001
731 0.7500000000000001
732 0.7500000000000001
733 0.7500000000000001
734 0.7500000000000001
735 0.746
736 0.746
737 0.744
738 0.744
739 0.744
740 0.744
741 0.744
742 0.7420000000000001
743 0.7420000000000001
744 0.7420000000000001
745 0.74
746 0.74
747 0.74
748 0.74
749 0.7380000000000001
750 0.736
751 0.736
752 0.7340000000000001
753 0.7340000000000001
754 0.732
755 0.732
756 0.732
757 0.732
758 0.732
759 0.728
760 0.728
761 0.728
762 0.726
763 0.726
764 0.726
765 0.726
766 0.724
767 0.722
768 0.722
769 0.722
770 0.722
771 0.72
772 0.72
773 0.72
774 0.72
775 0.72
776 0.72
777 0.72
778 0.72
779 0.72
780 0.72
781 0.72
782 0.718
783 0.718
784 0.718
785 0.718
786 0.718
787 0.716
788 0.716
789 0.716
790 0.716
791 0.716
792 0.714
793 0.714
794 0.714
795 0.714
796 0.714
797 0.712
798 0.712
799 0.712
800 0.712
801 0.712
802 0.712
803 0.712
804 0.71
805 0.71
806 0.71
807 0.708
808 0.708
809 0.708
810 0.708
811 0.708
812 0.706
813 0.704
814 0.704
815 0.704
816 0.704
817 0.702
818 0.702
819 0.702
820 0.702
821 0.702
822 0.702
823 0.702
824 0.702
825 0.702
826 0.702
827 0.702
828 0.7
829 0.7
830 0.698
831 0.696
832 0.696
833 0.696
834 0.696
835 0.696
836 0.694
837 0.694
838 0.692
839 0.692
840 0.692
841 0.69
842 0.69
843 0.69
844 0.69
845 0.69
846 0.69
847 0.69
848 0.69
849 0.69
850 0.69
851 0.69
852 0.69
853 0.69
854 0.69
855 0.688
856 0.688
857 0.688
858 0.688
859 0.688
860 0.688
861 0.688
862 0.686
863 0.686
864 0.686
865 0.686
866 0.686
867 0.686
868 0.686
869 0.6839999999999999
870 0.6839999999999999
871 0.6839999999999999
872 0.6839999999999999
873 0.6839999999999999
874 0.6839999999999999
875 0.6839999999999999
876 0.6839999999999999
877 0.6839999999999999
878 0.6839999999999999
879 0.6839999999999999
880 0.6839999999999999
881 0.6839999999999999
882 0.6839999999999999
883 0.6839999999999999
884 0.682
885 0.68
886 0.68
887 0.676
888 0.676
889 0.674
890 0.674
891 0.674
892 0.674
893 0.6719999999999999
894 0.6699999999999999
895 0.6679999999999999
896 0.6679999999999999
897 0.6679999999999999
898 0.6679999999999999
899 0.6679999999999999
900 0.6679999999999999
901 0.6679999999999999
902 0.6679999999999999
903 0.6679999999999999
904 0.6679999999999999
905 0.6679999999999999
906 0.6679999999999999
907 0.6679999999999999
908 0.6679999999999999
909 0.6679999999999999
910 0.6679999999999999
911 0.6679999999999999
912 0.6679999999999999
913 0.6679999999999999
914 0.6679999999999999
915 0.6679999999999999
916 0.6679999999999999
917 0.666
918 0.666
919 0.666
920 0.666
921 0.6639999999999999
922 0.6619999999999999
923 0.6619999999999999
924 0.6599999999999999
925 0.6599999999999999
926 0.6579999999999999
927 0.6559999999999999
928 0.654
929 0.652
930 0.652
931 0.652
932 0.652
933 0.652
934 0.6479999999999999
935 0.6479999999999999
936 0.6479999999999999
937 0.6479999999999999
938 0.6479999999999999
939 0.6439999999999999
940 0.6439999999999999
941 0.6439999999999999
942 0.6439999999999999
943 0.6439999999999999
944 0.6439999999999999
945 0.6439999999999999
946 0.6439999999999999
947 0.6439999999999999
948 0.6439999999999999
949 0.6419999999999999
950 0.6399999999999999
951 0.638
952 0.638
953 0.638
954 0.638
955 0.638
956 0.638
957 0.638
958 0.638
959 0.638
960 0.638
961 0.636
962 0.636
963 0.636
964 0.636
965 0.636
966 0.636
967 0.636
968 0.636
969 0.636
970 0.636
971 0.636
972 0.636
973 0.636
974 0.634
975 0.634
976 0.634
977 0.6300000000000001
978 0.6300000000000001
979 0.6300000000000001
980 0.6300000000000001
981 0.6300000000000001
982 0.6300000000000001
983 0.6300000000000001
984 0.6300000000000001
985 0.6300000000000001
986 0.6280000000000001
987 0.6280000000000001
988 0.6280000000000001
989 0.6280000000000001
990 0.6280000000000001
991 0.6280000000000001
992 0.6280000000000001
993 0.6280000000000001
994 0.6280000000000001
995 0.6260000000000001
996 0.624
997 0.624
998 0.6220000000000001
999 0.6220000000000001
