1 1.0
2 1.0
3 1.0
4 0.9996
5 0.9987999999999999
6 0.9963999999999998
7 0.9951999999999999
8 0.9943999999999997
9 0.9919999999999995
10 0.9911999999999996
11 0.9879999999999997
12 0.9875999999999998
13 0.9859999999999997
14 0.9835999999999997
15 0.9795999999999999
16 0.9775999999999998
17 0.9743999999999998
18 0.9715999999999998
19 0.9688
20 0.9675999999999999
21 0.9671999999999998
22 0.9655999999999998
23 0.9639999999999997
24 0.9635999999999999
25 0.9615999999999998
26 0.9599999999999997
27 0.9591999999999997
28 0.9575999999999999
29 0.956
30 0.9551999999999999
31 0.9544
32 0.9507999999999999
33 0.9507999999999999
34 0.9499999999999998
35 0.9491999999999998
36 0.9463999999999999
37 0.9452000000000002
38 0.9436000000000001
39 0.9428
40 0.9408000000000003
41 0.9388000000000002
42 0.9376000000000001
43 0.9372000000000001
44 0.9344000000000001
45 0.9336000000000001
46 0.9320000000000002
47 0.9312000000000001
48 0.9284
49 0.9280000000000002
50 0.926
51 0.9244
52 0.9236
53 0.9219999999999999
54 0.9203999999999999
55 0.9196
56 0.9196
57 0.9188
58 0.9179999999999998
59 0.9175999999999999
60 0.9144000000000001
61 0.9112000000000002
62 0.9100000000000001
63 0.9088000000000003
64 0.9072000000000001
65 0.9060000000000001
66 0.9048000000000002
67 0.9007999999999999
68 0.9
69 0.8992
70 0.8988
71 0.8976000000000001
72 0.8964
73 0.8952
74 0.8939999999999999
75 0.8931999999999998
76 0.8911999999999998
77 0.8903999999999996
78 0.8895999999999996
79 0.8887999999999997
80 0.8863999999999999
81 0.8851999999999998
82 0.8827999999999997
83 0.8811999999999998
84 0.8783999999999997
85 0.8768
86 0.8743999999999998
87 0.8727999999999999
88 0.8711999999999998
89 0.8687999999999997
90 0.8671999999999997
91 0.8659999999999998
92 0.8639999999999999
93 0.8632
94 0.86
95 0.8583999999999999
96 0.8552
97 0.8539999999999999
98 0.852
99 0.8499999999999999
100 0.8483999999999999
101 0.8471999999999998
102 0.846
103 0.8452
104 0.8447999999999999
105 0.8443999999999999
106 0.8427999999999999
107 0.8416
108 0.8396000000000001
109 0.8388000000000001
110 0.8384000000000001
111 0.8360000000000001
112 0.8348000000000002
113 0.8340000000000002
114 0.8328000000000002
115 0.8308000000000001
116 0.8300000000000002
117 0.8288000000000001
118 0.8284
119 0.8272000000000002
120 0.8272000000000002
121 0.8264000000000001
122 0.8252000000000002
123 0.8240000000000001
124 0.8232
125 0.8228
126 0.8208000000000001
127 0.8200000000000002
128 0.8192000000000002
129 0.8176000000000001
130 0.8148000000000002
131 0.8128000000000002
132 0.8124000000000001
133 0.8108000000000001
134 0.8100000000000003
135 0.8092000000000003
136 0.8076000000000003
137 0.8068000000000002
138 0.8048000000000002
139 0.8032
140 0.8020000000000002
141 0.8016000000000001
142 0.8004000000000002
143 0.7984000000000002
144 0.7952000000000001
145 0.7948000000000002
146 0.7936000000000001
147 0.7924000000000001
148 0.792
149 0.7904000000000001
150 0.7884000000000002
151 0.7880000000000001
152 0.7872000000000001
153 0.7864000000000001
154 0.786
155 0.7848000000000002
156 0.7840000000000003
157 0.7808000000000004
158 0.7804000000000003
159 0.7788000000000003
160 0.7784000000000003
161 0.7780000000000004
162 0.7776000000000003
163 0.7756000000000002
164 0.774
165 0.7732000000000001
166 0.7724000000000001
167 0.7712000000000002
168 0.7700000000000001
169 0.7684000000000002
170 0.7672000000000001
171 0.7656000000000001
172 0.7644000000000001
173 0.7620000000000001
174 0.7612000000000002
175 0.7608000000000001
176 0.7596
177 0.7588000000000001
178 0.7584000000000001
179 0.7580000000000001
180 0.7556000000000003
181 0.7536000000000003
182 0.7520000000000003
183 0.7504000000000004
184 0.7496000000000004
185 0.7476000000000005
186 0.7468000000000005
187 0.7444000000000003
188 0.7424000000000003
189 0.7412000000000002
190 0.7392000000000003
191 0.7388000000000002
192 0.7380000000000002
193 0.7376000000000001
194 0.7368000000000002
195 0.7340000000000002
196 0.7324000000000003
197 0.7312000000000002
198 0.7308000000000002
199 0.7284000000000003
200 0.7272000000000003
201 0.7243999999999999
202 0.7228
203 0.7223999999999999
204 0.7216
205 0.7212
206 0.72
207 0.7195999999999999
208 0.7188
209 0.7167999999999999
210 0.7163999999999998
211 0.7143999999999998
212 0.7131999999999998
213 0.7111999999999997
214 0.7107999999999997
215 0.7103999999999998
216 0.7091999999999997
217 0.7083999999999997
218 0.7063999999999999
219 0.704
220 0.7023999999999999
221 0.7003999999999999
222 0.6995999999999999
223 0.6976
224 0.6972
225 0.6964
226 0.6956
227 0.6948000000000001
228 0.6940000000000001
229 0.6928
230 0.6916
231 0.6904
232 0.6896000000000001
233 0.6892
234 0.6868
235 0.6851999999999999
236 0.6839999999999999
237 0.6839999999999999
238 0.6827999999999999
239 0.6823999999999998
240 0.6815999999999999
241 0.6799999999999998
242 0.6779999999999998
243 0.6768
244 0.6751999999999999
245 0.6747999999999998
246 0.6735999999999999
247 0.6731999999999999
248 0.6699999999999998
249 0.6692
250 0.6684
251 0.6676000000000001
252 0.6672
253 0.6648000000000001
254 0.6636
255 0.6624
256 0.6619999999999999
257 0.6611999999999999
258 0.6603999999999999
259 0.6592
260 0.6583999999999999
261 0.6572
262 0.6559999999999999
263 0.6547999999999999
264 0.6543999999999999
265 0.6535999999999998
266 0.6524
267 0.6516
268 0.6503999999999999
269 0.6487999999999999
270 0.6476
271 0.6459999999999999
272 0.6447999999999999
273 0.6431999999999999
274 0.6415999999999998
275 0.6411999999999998
276 0.6395999999999998
277 0.6391999999999999
278 0.6383999999999999
279 0.6383999999999999
280 0.6347999999999999
281 0.6323999999999999
282 0.6307999999999999
283 0.6307999999999999
284 0.6303999999999998
285 0.6295999999999998
286 0.6283999999999998
287 0.6275999999999999
288 0.6267999999999999
289 0.6259999999999999
290 0.6244
291 0.6239999999999999
292 0.6227999999999999
293 0.6224
294 0.6224
295 0.6212
296 0.6208
297 0.6192
298 0.618
299 0.6172
300 0.6172
301 0.6164
302 0.616
303 0.6155999999999999
304 0.6147999999999999
305 0.6144
306 0.6135999999999999
307 0.6123999999999999
308 0.6108
309 0.61
310 0.6096
311 0.6088
312 0.6068000000000001
313 0.6064
314 0.6060000000000001
315 0.6036
316 0.6024
317 0.6008
318 0.6000000000000001
319 0.5996000000000001
320 0.5992000000000001
321 0.5992000000000001
322 0.5980000000000001
323 0.5972000000000001
324 0.5968
325 0.5964
326 0.5956
327 0.5956
328 0.5948
329 0.5928
330 0.5923999999999999
331 0.5903999999999999
332 0.5895999999999999
333 0.5892
334 0.5883999999999999
335 0.5876
336 0.5876
337 0.5856
338 0.5840000000000001
339 0.5823999999999999
340 0.5823999999999999
341 0.5807999999999999
342 0.58
343 0.5795999999999999
344 0.5791999999999999
345 0.5788
346 0.5771999999999999
347 0.5755999999999999
348 0.5747999999999999
349 0.5747999999999999
350 0.5731999999999998
351 0.5727999999999999
352 0.5723999999999999
353 0.5723999999999999
354 0.5719999999999998
355 0.5707999999999999
356 0.5695999999999999
357 0.5691999999999999
358 0.5683999999999999
359 0.5663999999999999
360 0.5647999999999999
361 0.5639999999999998
362 0.5639999999999998
363 0.5619999999999998
364 0.5608
365 0.5603999999999999
366 0.5595999999999998
367 0.5587999999999999
368 0.5575999999999999
369 0.5571999999999998
370 0.5567999999999999
371 0.5555999999999999
372 0.5555999999999999
373 0.5539999999999999
374 0.5523999999999999
375 0.5519999999999999
376 0.5491999999999998
377 0.5491999999999998
378 0.5483999999999998
379 0.5479999999999997
380 0.5467999999999997
381 0.5459999999999998
382 0.5447999999999997
383 0.5435999999999998
384 0.5431999999999997
385 0.5415999999999997
386 0.5403999999999997
387 0.5395999999999997
388 0.5395999999999997
389 0.5391999999999997
390 0.5391999999999997
391 0.5379999999999998
392 0.5375999999999997
393 0.5359999999999998
394 0.5359999999999998
395 0.5351999999999998
396 0.5347999999999998
397 0.5339999999999998
398 0.5331999999999998
399 0.5331999999999998
400 0.5331999999999998
401 0.5327999999999998
402 0.5319999999999998
403 0.5315999999999999
404 0.5299999999999998
405 0.5291999999999998
406 0.5275999999999998
407 0.5267999999999998
408 0.5255999999999998
409 0.5243999999999999
410 0.5223999999999999
411 0.5203999999999999
412 0.5203999999999999
413 0.5199999999999999
414 0.5187999999999999
415 0.5187999999999999
416 0.5171999999999999
417 0.5171999999999999
418 0.5164
419 0.5156
420 0.5152
421 0.5144
422 0.5144
423 0.5132
424 0.512
425 0.5116
426 0.5116
427 0.5112000000000001
428 0.5104000000000001
429 0.5100000000000001
430 0.5092
431 0.5088
432 0.5084000000000001
433 0.508
434 0.5072000000000001
435 0.5068
436 0.5064000000000001
437 0.5052000000000001
438 0.504
439 0.5036
440 0.5032000000000001
441 0.5032000000000001
442 0.5032000000000001
443 0.5020000000000001
444 0.5020000000000001
445 0.5016
446 0.5004000000000001
447 0.5004000000000001
448 0.4996000000000001
449 0.4988000000000001
450 0.4984000000000001
451 0.4980000000000001
452 0.4964000000000002
453 0.4956000000000001
454 0.49480000000000013
455 0.4932000000000001
456 0.49280000000000007
457 0.4916000000000001
458 0.4912
459 0.4912
460 0.49080000000000007
461 0.49080000000000007
462 0.49080000000000007
463 0.49080000000000007
464 0.49000000000000005
465 0.4896000000000001
466 0.4888000000000001
467 0.48800000000000004
468 0.48760000000000003
469 0.48760000000000003
470 0.48719999999999997
471 0.48719999999999997
472 0.486
473 0.48480000000000006
474 0.48400000000000004
475 0.4836000000000001
476 0.4824000000000001
477 0.48160000000000003
478 0.4800000000000001
479 0.4796000000000001
480 0.4788000000000001
481 0.4784000000000001
482 0.4780000000000001
483 0.4776
484 0.47600000000000003
485 0.47519999999999996
486 0.47479999999999994
487 0.4744
488 0.4732
489 0.472
490 0.472
491 0.4704
492 0.4699999999999999
493 0.4699999999999999
494 0.4684
495 0.4684
496 0.4668
497 0.4668
498 0.4668
499 0.4668
500 0.4668
501 0.466
502 0.466
503 0.46519999999999995
504 0.4644
505 0.46399999999999997
506 0.4636
507 0.4632
508 0.4628
509 0.46240000000000003
510 0.462
511 0.46120000000000005
512 0.46080000000000004
513 0.46
514 0.4596
515 0.4596
516 0.4592
517 0.4592
518 0.4592
519 0.4592
520 0.45880000000000004
521 0.45840000000000003
522 0.458
523 0.45720000000000005
524 0.45640000000000003
525 0.456
526 0.4556
527 0.4556
528 0.45439999999999997
529 0.4536
530 0.4536
531 0.45280000000000004
532 0.4524
533 0.45120000000000005
534 0.45080000000000003
535 0.4504000000000001
536 0.45000000000000007
537 0.4492000000000001
538 0.4492000000000001
539 0.4484
540 0.44800000000000006
541 0.44720000000000004
542 0.44720000000000004
543 0.44720000000000004
544 0.44720000000000004
545 0.44720000000000004
546 0.4468000000000001
547 0.4456
548 0.4456
549 0.4444000000000001
550 0.4428000000000001
551 0.44240000000000007
552 0.44240000000000007
553 0.4420000000000001
554 0.4416000000000001
555 0.4412000000000001
556 0.44080000000000014
557 0.44080000000000014
558 0.44080000000000014
559 0.44000000000000006
560 0.4392000000000001
561 0.4380000000000001
562 0.4380000000000001
563 0.4380000000000001
564 0.4380000000000001
565 0.43680000000000013
566 0.4360000000000001
567 0.4360000000000001
568 0.4360000000000001
569 0.4356000000000001
570 0.43520000000000003
571 0.43440000000000006
572 0.4332000000000001
573 0.4328000000000001
574 0.4328000000000001
575 0.4320000000000001
576 0.4316000000000001
577 0.4308000000000001
578 0.43040000000000006
579 0.43000000000000005
580 0.4292000000000001
581 0.42880000000000007
582 0.42880000000000007
583 0.4272000000000001
584 0.4272000000000001
585 0.4268
586 0.4264
587 0.4256
588 0.4251999999999999
589 0.4251999999999999
590 0.4243999999999999
591 0.4243999999999999
592 0.42399999999999993
593 0.4235999999999999
594 0.42319999999999985
595 0.42279999999999984
596 0.42279999999999984
597 0.4223999999999999
598 0.4219999999999999
599 0.4215999999999999
600 0.4211999999999999
601 0.4211999999999999
602 0.4207999999999999
603 0.4207999999999999
604 0.42039999999999983
605 0.41919999999999985
606 0.4187999999999999
607 0.4175999999999999
608 0.4171999999999999
609 0.4171999999999999
610 0.4171999999999999
611 0.4171999999999999
612 0.4171999999999999
613 0.4171999999999999
614 0.4171999999999999
615 0.4163999999999999
616 0.4163999999999999
617 0.4163999999999999
618 0.4155999999999998
619 0.4151999999999998
620 0.4151999999999998
621 0.4151999999999998
622 0.41479999999999984
623 0.41479999999999984
624 0.41479999999999984
625 0.41399999999999987
626 0.41319999999999985
627 0.41319999999999985
628 0.41319999999999985
629 0.4127999999999999
630 0.4123999999999999
631 0.41199999999999987
632 0.4111999999999999
633 0.4107999999999999
634 0.4107999999999999
635 0.4107999999999999
636 0.4107999999999999
637 0.4107999999999999
638 0.4099999999999999
639 0.40959999999999996
640 0.40959999999999996
641 0.40959999999999996
642 0.40879999999999994
643 0.40879999999999994
644 0.4084
645 0.4084
646 0.408
647 0.40759999999999996
648 0.4068
649 0.4068
650 0.4068
651 0.40639999999999993
652 0.40639999999999993
653 0.4059999999999999
654 0.40559999999999996
655 0.40559999999999996
656 0.4043999999999999
657 0.4043999999999999
658 0.4043999999999999
659 0.4039999999999999
660 0.4035999999999999
661 0.40279999999999994
662 0.4023999999999999
663 0.4023999999999999
664 0.40159999999999996
665 0.4012
666 0.4008
667 0.4004
668 0.4004
669 0.4004
670 0.4004
671 0.4
672 0.3996
673 0.3992
674 0.3992
675 0.3992
676 0.3992
677 0.3992
678 0.39880000000000004
679 0.39840000000000003
680 0.39799999999999996
681 0.39759999999999995
682 0.3972
683 0.3972
684 0.396
685 0.3956
686 0.39520000000000005
687 0.39480000000000004
688 0.39480000000000004
689 0.39440000000000003
690 0.3932
691 0.39280000000000004
692 0.39160000000000006
693 0.39160000000000006
694 0.39160000000000006
695 0.39160000000000006
696 0.39120000000000005
697 0.39120000000000005
698 0.39080000000000004
699 0.39080000000000004
700 0.39000000000000007
701 0.38960000000000006
702 0.38960000000000006
703 0.3888000000000001
704 0.3884000000000001
705 0.3884000000000001
706 0.3884000000000001
707 0.38800000000000007
708 0.38800000000000007
709 0.38720000000000004
710 0.3868000000000001
711 0.3868000000000001
712 0.38600000000000007
713 0.38600000000000007
714 0.3856000000000001
715 0.3856000000000001
716 0.3852000000000001
717 0.3852000000000001
718 0.3852000000000001
719 0.3848000000000001
720 0.38440000000000013
721 0.3840000000000001
722 0.3840000000000001
723 0.38320000000000015
724 0.38280000000000014
725 0.38280000000000014
726 0.38280000000000014
727 0.38280000000000014
728 0.3820000000000001
729 0.3820000000000001
730 0.38120000000000004
731 0.3808
732 0.38040000000000007
733 0.38000000000000006
734 0.3792000000000001
735 0.3788
736 0.3788
737 0.3784
738 0.37760000000000005
739 0.37760000000000005
740 0.37760000000000005
741 0.37720000000000004
742 0.3768000000000001
743 0.3760000000000001
744 0.3756000000000001
745 0.3752000000000001
746 0.3752000000000001
747 0.3752000000000001
748 0.3752000000000001
749 0.37480000000000013
750 0.37480000000000013
751 0.37480000000000013
752 0.37480000000000013
753 0.3744000000000001
754 0.3744000000000001
755 0.3744000000000001
756 0.3744000000000001
757 0.3744000000000001
758 0.3740000000000001
759 0.37360000000000015
760 0.37360000000000015
761 0.37360000000000015
762 0.37360000000000015
763 0.37360000000000015
764 0.37360000000000015
765 0.3728000000000001
766 0.3728000000000001
767 0.37200000000000005
768 0.37200000000000005
769 0.3712
770 0.3712
771 0.3712
772 0.3712
773 0.37079999999999996
774 0.37
775 0.37
776 0.37
777 0.37
778 0.3696
779 0.3696
780 0.3696
781 0.36920000000000003
782 0.3688
783 0.36800000000000005
784 0.36760000000000004
785 0.3672000000000001
786 0.36680000000000007
787 0.3660000000000001
788 0.3660000000000001
789 0.3660000000000001
790 0.3660000000000001
791 0.3660000000000001
792 0.3660000000000001
793 0.3660000000000001
794 0.3648
795 0.3648
796 0.3648
797 0.36400000000000005
798 0.3636000000000001
799 0.3636000000000001
800 0.3632000000000001
801 0.3632000000000001
802 0.3632000000000001
803 0.3632000000000001
804 0.3616000000000001
805 0.3616000000000001
806 0.3616000000000001
807 0.36120000000000013
808 0.36120000000000013
809 0.36120000000000013
810 0.3608000000000001
811 0.36040000000000005
812 0.36040000000000005
813 0.36040000000000005
814 0.36040000000000005
815 0.35960000000000003
816 0.3592
817 0.35879999999999995
818 0.35879999999999995
819 0.35879999999999995
820 0.358
821 0.3576
822 0.3576
823 0.3576
824 0.35719999999999996
825 0.35719999999999996
826 0.3568
827 0.3568
828 0.3568
829 0.3564
830 0.3564
831 0.3564
832 0.35600000000000004
833 0.3556
834 0.3552
835 0.35480000000000006
836 0.3544
837 0.3544
838 0.3544
839 0.3544
840 0.3544
841 0.3544
842 0.3544
843 0.3544
844 0.3544
845 0.354
846 0.354
847 0.354
848 0.354
849 0.354
850 0.35359999999999997
851 0.3528
852 0.3528
853 0.3528
854 0.352
855 0.35159999999999997
856 0.35159999999999997
857 0.35159999999999997
858 0.35119999999999996
859 0.35119999999999996
860 0.3504
861 0.3504
862 0.3504
863 0.35
864 0.35
865 0.3496
866 0.3496
867 0.3496
868 0.3496
869 0.3496
870 0.3492
871 0.3492
872 0.3488
873 0.3488
874 0.3488
875 0.3488
876 0.3488
877 0.34800000000000003
878 0.34800000000000003
879 0.34800000000000003
880 0.34720000000000006
881 0.3464000000000001
882 0.3464000000000001
883 0.3460000000000001
884 0.3456000000000001
885 0.3456000000000001
886 0.3456000000000001
887 0.3456000000000001
888 0.3456000000000001
889 0.3452000000000001
890 0.3452000000000001
891 0.3452000000000001
892 0.3452000000000001
893 0.3448000000000001
894 0.3448000000000001
895 0.3440000000000001
896 0.3440000000000001
897 0.3440000000000001
898 0.3440000000000001
899 0.3440000000000001
900 0.3440000000000001
901 0.3440000000000001
902 0.3440000000000001
903 0.3440000000000001
904 0.3440000000000001
905 0.34360000000000007
906 0.34360000000000007
907 0.34360000000000007
908 0.34360000000000007
909 0.34360000000000007
910 0.3428000000000001
911 0.3428000000000001
912 0.3424000000000001
913 0.3424000000000001
914 0.3424000000000001
915 0.3424000000000001
916 0.3420000000000001
917 0.3420000000000001
918 0.3420000000000001
919 0.3416000000000001
920 0.34040000000000015
921 0.34040000000000015
922 0.34040000000000015
923 0.34040000000000015
924 0.34040000000000015
925 0.34040000000000015
926 0.33960000000000007
927 0.33960000000000007
928 0.33960000000000007
929 0.33960000000000007
930 0.33960000000000007
931 0.3388000000000001
932 0.3388000000000001
933 0.3388000000000001
934 0.3388000000000001
935 0.3388000000000001
936 0.3388000000000001
937 0.3388000000000001
938 0.3388000000000001
939 0.3388000000000001
940 0.3388000000000001
941 0.3388000000000001
942 0.33800000000000013
943 0.33720000000000006
944 0.33720000000000006
945 0.33680000000000004
946 0.33680000000000004
947 0.3364000000000001
948 0.3360000000000001
949 0.3360000000000001
950 0.3360000000000001
951 0.3360000000000001
952 0.3360000000000001
953 0.3360000000000001
954 0.33520000000000005
955 0.33480000000000004
956 0.3340000000000001
957 0.3336
958 0.3336
959 0.3332
960 0.332
961 0.332
962 0.332
963 0.332
964 0.332
965 0.332
966 0.332
967 0.332
968 0.332
969 0.33120000000000005
970 0.33120000000000005
971 0.33120000000000005
972 0.33080000000000004
973 0.33080000000000004
974 0.33080000000000004
975 0.33080000000000004
976 0.33080000000000004
977 0.33080000000000004
978 0.33080000000000004
979 0.3304000000000001
980 0.3304000000000001
981 0.3304000000000001
982 0.33000000000000007
983 0.33000000000000007
984 0.33000000000000007
985 0.3292
986 0.32880000000000004
987 0.32800000000000007
988 0.32800000000000007
989 0.32800000000000007
990 0.32800000000000007
991 0.32800000000000007
992 0.32760000000000006
993 0.3272
994 0.3272
995 0.3272
996 0.3272
997 0.3272
998 0.3268
999 0.3268
1000 0.3264
1001 0.326
1002 0.3256
1003 0.32480000000000003
1004 0.32480000000000003
1005 0.32480000000000003
1006 0.32480000000000003
1007 0.32480000000000003
1008 0.3244
1009 0.32360000000000005
1010 0.32360000000000005
1011 0.3232
1012 0.3232
1013 0.3232
1014 0.32280000000000003
1015 0.32280000000000003
1016 0.3224
1017 0.322
1018 0.32160000000000005
1019 0.32160000000000005
1020 0.32160000000000005
1021 0.32120000000000004
1022 0.3204000000000001
1023 0.3204000000000001
1024 0.32000000000000006
1025 0.31960000000000005
1026 0.31960000000000005
1027 0.31920000000000004
1028 0.31920000000000004
1029 0.31920000000000004
1030 0.31840000000000007
1031 0.31800000000000006
1032 0.31800000000000006
1033 0.31800000000000006
1034 0.31800000000000006
1035 0.31800000000000006
1036 0.31800000000000006
1037 0.3176000000000001
1038 0.3168000000000001
1039 0.3168000000000001
1040 0.3168000000000001
1041 0.3168000000000001
1042 0.3168000000000001
1043 0.31640000000000007
1044 0.31640000000000007
1045 0.31640000000000007
1046 0.31640000000000007
1047 0.31640000000000007
1048 0.31640000000000007
1049 0.31600000000000006
1050 0.31600000000000006
1051 0.31600000000000006
1052 0.3156000000000001
1053 0.3156000000000001
1054 0.3156000000000001
1055 0.3156000000000001
1056 0.3156000000000001
1057 0.3152000000000001
1058 0.3152000000000001
1059 0.3152000000000001
1060 0.3152000000000001
1061 0.3148000000000001
1062 0.3148000000000001
1063 0.3148000000000001
1064 0.3148000000000001
1065 0.3148000000000001
1066 0.31440000000000007
1067 0.31400000000000006
1068 0.31400000000000006
1069 0.31400000000000006
1070 0.31400000000000006
1071 0.31400000000000006
1072 0.31400000000000006
1073 0.31400000000000006
1074 0.31400000000000006
1075 0.31400000000000006
1076 0.31400000000000006
1077 0.31400000000000006
1078 0.31400000000000006
1079 0.31360000000000005
1080 0.31360000000000005
1081 0.31360000000000005
1082 0.31360000000000005
1083 0.31360000000000005
1084 0.31360000000000005
1085 0.31320000000000003
1086 0.31320000000000003
1087 0.3128
1088 0.31240000000000007
1089 0.31240000000000007
1090 0.31240000000000007
1091 0.31200000000000006
1092 0.3116000000000001
1093 0.3108000000000001
1094 0.31040000000000006
1095 0.31000000000000005
1096 0.31000000000000005
1097 0.31000000000000005
1098 0.3092000000000001
1099 0.3092000000000001
1100 0.3092000000000001
1101 0.3092000000000001
1102 0.3092000000000001
1103 0.3092000000000001
1104 0.3092000000000001
1105 0.3092000000000001
1106 0.3092000000000001
1107 0.3092000000000001
1108 0.3088000000000001
1109 0.3084
1110 0.3084
1111 0.3084
1112 0.3084
1113 0.308
1114 0.308
1115 0.30760000000000004
1116 0.30720000000000003
1117 0.3068
1118 0.3068
1119 0.3068
1120 0.30560000000000004
1121 0.30560000000000004
1122 0.30560000000000004
1123 0.30560000000000004
1124 0.30560000000000004
1125 0.3052
1126 0.3052
1127 0.3052
1128 0.3052
1129 0.3048
1130 0.3048
1131 0.3044
1132 0.30400000000000005
1133 0.30360000000000004
1134 0.30360000000000004
1135 0.30360000000000004
1136 0.30360000000000004
1137 0.30360000000000004
1138 0.30360000000000004
1139 0.30360000000000004
1140 0.30360000000000004
1141 0.30280000000000007
1142 0.30280000000000007
1143 0.30240000000000006
1144 0.30240000000000006
1145 0.30240000000000006
1146 0.30240000000000006
1147 0.30240000000000006
1148 0.30240000000000006
1149 0.30200000000000005
1150 0.30160000000000003
1151 0.3012
1152 0.3012
1153 0.3008
1154 0.3008
1155 0.3004
1156 0.3004
1157 0.3004
1158 0.3004
1159 0.3004
1160 0.3004
1161 0.3004
1162 0.30000000000000004
1163 0.30000000000000004
1164 0.30000000000000004
1165 0.30000000000000004
1166 0.30000000000000004
1167 0.30000000000000004
1168 0.30000000000000004
1169 0.30000000000000004
1170 0.30000000000000004
1171 0.30000000000000004
1172 0.30000000000000004
1173 0.30000000000000004
1174 0.30000000000000004
1175 0.30000000000000004
1176 0.30000000000000004
1177 0.30000000000000004
1178 0.30000000000000004
1179 0.30000000000000004
1180 0.30000000000000004
1181 0.29960000000000003
1182 0.29960000000000003
1183 0.29960000000000003
1184 0.29960000000000003
1185 0.29960000000000003
1186 0.29960000000000003
1187 0.29960000000000003
1188 0.29960000000000003
1189 0.29960000000000003
1190 0.29960000000000003
1191 0.29960000000000003
1192 0.29960000000000003
1193 0.2992000000000001
1194 0.29880000000000007
1195 0.29840000000000005
1196 0.29840000000000005
1197 0.2980000000000001
1198 0.2980000000000001
1199 0.2980000000000001
1200 0.29760000000000003
1201 0.29760000000000003
1202 0.29760000000000003
1203 0.2972000000000001
1204 0.2972000000000001
1205 0.2972000000000001
1206 0.2972000000000001
1207 0.2972000000000001
1208 0.2972000000000001
1209 0.2972000000000001
1210 0.2972000000000001
1211 0.29680000000000006
1212 0.29680000000000006
1213 0.29680000000000006
1214 0.29680000000000006
1215 0.29680000000000006
1216 0.29680000000000006
1217 0.29680000000000006
1218 0.29680000000000006
1219 0.29680000000000006
1220 0.29680000000000006
1221 0.29680000000000006
1222 0.29680000000000006
1223 0.29680000000000006
1224 0.29640000000000005
1225 0.2960000000000001
1226 0.2960000000000001
1227 0.2960000000000001
1228 0.2960000000000001
1229 0.2960000000000001
1230 0.2960000000000001
1231 0.2960000000000001
1232 0.2956000000000001
1233 0.2956000000000001
1234 0.2956000000000001
1235 0.2956000000000001
1236 0.2956000000000001
1237 0.2956000000000001
1238 0.2956000000000001
1239 0.2956000000000001
1240 0.2956000000000001
1241 0.2956000000000001
1242 0.2956000000000001
1243 0.2956000000000001
1244 0.2956000000000001
1245 0.2952000000000001
1246 0.2952000000000001
1247 0.29480000000000006
1248 0.29480000000000006
1249 0.2944000000000001
1250 0.2936000000000001
1251 0.2936000000000001
1252 0.2936000000000001
1253 0.2936000000000001
1254 0.29280000000000006
1255 0.29280000000000006
1256 0.29280000000000006
1257 0.29280000000000006
1258 0.2924000000000001
1259 0.2924000000000001
1260 0.2924000000000001
1261 0.2924000000000001
1262 0.2920000000000001
1263 0.2916000000000001
1264 0.2916000000000001
1265 0.29080000000000006
1266 0.29040000000000005
1267 0.2900000000000001
1268 0.2900000000000001
1269 0.2896
1270 0.2896
1271 0.2896
1272 0.2896
1273 0.28920000000000007
1274 0.28920000000000007
1275 0.28920000000000007
1276 0.28920000000000007
1277 0.28880000000000006
1278 0.28880000000000006
1279 0.28880000000000006
1280 0.28840000000000005
1281 0.28840000000000005
1282 0.28840000000000005
1283 0.28840000000000005
1284 0.2880000000000001
1285 0.2880000000000001
1286 0.2876000000000001
1287 0.2876000000000001
1288 0.2876000000000001
1289 0.2876000000000001
1290 0.2876000000000001
1291 0.28720000000000007
1292 0.28720000000000007
1293 0.28720000000000007
1294 0.28680000000000005
1295 0.28680000000000005
1296 0.28680000000000005
1297 0.28680000000000005
1298 0.28680000000000005
1299 0.28640000000000004
1300 0.28600000000000003
1301 0.2856000000000001
1302 0.2856000000000001
1303 0.28520000000000006
1304 0.28480000000000005
1305 0.28480000000000005
1306 0.28440000000000004
1307 0.28440000000000004
1308 0.28440000000000004
1309 0.28440000000000004
1310 0.28440000000000004
1311 0.28440000000000004
1312 0.28400000000000003
1313 0.28400000000000003
1314 0.28400000000000003
1315 0.2832
1316 0.2832
1317 0.2832
1318 0.2832
1319 0.2828
1320 0.2828
1321 0.2828
1322 0.2828
1323 0.2828
1324 0.2828
1325 0.2828
1326 0.2828
1327 0.2828
1328 0.2828
1329 0.2828
1330 0.2828
1331 0.2824
1332 0.2824
1333 0.2824
1334 0.2824
1335 0.282
1336 0.2816
1337 0.2816
1338 0.28119999999999995
1339 0.28119999999999995
1340 0.28119999999999995
1341 0.2804
1342 0.2804
1343 0.2804
1344 0.2804
1345 0.28
1346 0.28
1347 0.28
1348 0.28
1349 0.2796
1350 0.2792
1351 0.2788
1352 0.2788
1353 0.2788
1354 0.2788
1355 0.2788
1356 0.2788
1357 0.2788
1358 0.2788
1359 0.2784
1360 0.2784
1361 0.2784
1362 0.27799999999999997
1363 0.27799999999999997
1364 0.27759999999999996
1365 0.27759999999999996
1366 0.27759999999999996
1367 0.27719999999999995
1368 0.27719999999999995
1369 0.27719999999999995
1370 0.27719999999999995
1371 0.27719999999999995
1372 0.27719999999999995
1373 0.27719999999999995
1374 0.27719999999999995
1375 0.27719999999999995
1376 0.27719999999999995
1377 0.27719999999999995
1378 0.27719999999999995
1379 0.27679999999999993
1380 0.27599999999999997
1381 0.27599999999999997
1382 0.27599999999999997
1383 0.27599999999999997
1384 0.2756
1385 0.2756
1386 0.2756
1387 0.2756
1388 0.2756
1389 0.27519999999999994
1390 0.2748
1391 0.2748
1392 0.2748
1393 0.2748
1394 0.2744
1395 0.2744
1396 0.2744
1397 0.2744
1398 0.2744
1399 0.2744
1400 0.2744
1401 0.2744
1402 0.2744
1403 0.27399999999999997
1404 0.27399999999999997
1405 0.27399999999999997
1406 0.27399999999999997
1407 0.27399999999999997
1408 0.27399999999999997
1409 0.27399999999999997
1410 0.27399999999999997
1411 0.27399999999999997
1412 0.27399999999999997
1413 0.27399999999999997
1414 0.27399999999999997
1415 0.27399999999999997
1416 0.27399999999999997
1417 0.27399999999999997
1418 0.27399999999999997
1419 0.27399999999999997
1420 0.27399999999999997
1421 0.27359999999999995
1422 0.27359999999999995
1423 0.27359999999999995
1424 0.27319999999999994
1425 0.27319999999999994
1426 0.27319999999999994
1427 0.27319999999999994
1428 0.27319999999999994
1429 0.27319999999999994
1430 0.27319999999999994
1431 0.27319999999999994
1432 0.27319999999999994
1433 0.27319999999999994
1434 0.27319999999999994
1435 0.27319999999999994
1436 0.27319999999999994
1437 0.2728
1438 0.2728
1439 0.2728
1440 0.2728
1441 0.2728
1442 0.2728
1443 0.2728
1444 0.2724
1445 0.272
1446 0.272
1447 0.272
1448 0.272
1449 0.27159999999999995
1450 0.27159999999999995
1451 0.27159999999999995
1452 0.27159999999999995
1453 0.27159999999999995
1454 0.2712
1455 0.2712
1456 0.2712
1457 0.2712
1458 0.2712
1459 0.2712
1460 0.2712
1461 0.2712
1462 0.2712
1463 0.2712
1464 0.2708
1465 0.2704
1466 0.2704
1467 0.26959999999999995
1468 0.26959999999999995
1469 0.2692
1470 0.2692
1471 0.2692
1472 0.2692
1473 0.2692
1474 0.2692
1475 0.2692
1476 0.2692
1477 0.2692
1478 0.2692
1479 0.2692
1480 0.2692
1481 0.2692
1482 0.2692
1483 0.2692
1484 0.2692
1485 0.2692
1486 0.2692
1487 0.2692
1488 0.2692
1489 0.2692
1490 0.2692
1491 0.26879999999999993
1492 0.26879999999999993
1493 0.26839999999999997
1494 0.26839999999999997
1495 0.26839999999999997
1496 0.26839999999999997
1497 0.26839999999999997
1498 0.26839999999999997
1499 0.26799999999999996
1500 0.26799999999999996
1501 0.26799999999999996
1502 0.26799999999999996
1503 0.26799999999999996
1504 0.26799999999999996
1505 0.26799999999999996
1506 0.2676
1507 0.2672
1508 0.2672
1509 0.2672
1510 0.2672
1511 0.2672
1512 0.2672
1513 0.2672
1514 0.2672
1515 0.2672
1516 0.2672
1517 0.2672
1518 0.2672
1519 0.2668
1520 0.2668
1521 0.2668
1522 0.2668
1523 0.2668
1524 0.2668
1525 0.2668
1526 0.2668
1527 0.2668
1528 0.2668
1529 0.26639999999999997
1530 0.26639999999999997
1531 0.26639999999999997
1532 0.26639999999999997
1533 0.26639999999999997
1534 0.26639999999999997
1535 0.26639999999999997
1536 0.26639999999999997
1537 0.26599999999999996
1538 0.26599999999999996
1539 0.26599999999999996
1540 0.26599999999999996
1541 0.26599999999999996
1542 0.26599999999999996
1543 0.2648
1544 0.2648
1545 0.2648
1546 0.2648
1547 0.2648
1548 0.2648
1549 0.2648
1550 0.2648
1551 0.2648
1552 0.2648
1553 0.2648
1554 0.2648
1555 0.2648
1556 0.2648
1557 0.2648
1558 0.2648
1559 0.264
1560 0.264
1561 0.264
1562 0.264
1563 0.264
1564 0.264
1565 0.2636
1566 0.2636
1567 0.2636
1568 0.2636
1569 0.2636
1570 0.2636
1571 0.2636
1572 0.2636
1573 0.2636
1574 0.2636
1575 0.2636
1576 0.2636
1577 0.2632
1578 0.2632
1579 0.2632
1580 0.2632
1581 0.2632
1582 0.2632
1583 0.2632
1584 0.2632
1585 0.2632
1586 0.2628
1587 0.2628
1588 0.2628
1589 0.2628
1590 0.2628
1591 0.2628
1592 0.2628
1593 0.2628
1594 0.2628
1595 0.26239999999999997
1596 0.26239999999999997
1597 0.26239999999999997
1598 0.26239999999999997
1599 0.26239999999999997
1600 0.26239999999999997
1601 0.26239999999999997
1602 0.26239999999999997
1603 0.26239999999999997
1604 0.26239999999999997
1605 0.26239999999999997
1606 0.26199999999999996
1607 0.26199999999999996
1608 0.26199999999999996
1609 0.26199999999999996
1610 0.26199999999999996
1611 0.26199999999999996
1612 0.26199999999999996
1613 0.26199999999999996
1614 0.26199999999999996
1615 0.26199999999999996
1616 0.26199999999999996
1617 0.26199999999999996
1618 0.26199999999999996
1619 0.26199999999999996
1620 0.26199999999999996
1621 0.26199999999999996
1622 0.26199999999999996
1623 0.26199999999999996
1624 0.26199999999999996
1625 0.26199999999999996
1626 0.26199999999999996
1627 0.26199999999999996
1628 0.26199999999999996
1629 0.26199999999999996
1630 0.26199999999999996
1631 0.26199999999999996
1632 0.26199999999999996
1633 0.26199999999999996
1634 0.26199999999999996
1635 0.26199999999999996
1636 0.26159999999999994
1637 0.26159999999999994
1638 0.26159999999999994
1639 0.26159999999999994
1640 0.26159999999999994
1641 0.26159999999999994
1642 0.26159999999999994
1643 0.26159999999999994
1644 0.26159999999999994
1645 0.26159999999999994
1646 0.26119999999999993
1647 0.26119999999999993
1648 0.26119999999999993
1649 0.26119999999999993
1650 0.26119999999999993
1651 0.26119999999999993
1652 0.26119999999999993
1653 0.26119999999999993
1654 0.26039999999999996
1655 0.26039999999999996
1656 0.26039999999999996
1657 0.26039999999999996
1658 0.25999999999999995
1659 0.25999999999999995
1660 0.25999999999999995
1661 0.25999999999999995
1662 0.25999999999999995
1663 0.25999999999999995
1664 0.25999999999999995
1665 0.25999999999999995
1666 0.25999999999999995
1667 0.25999999999999995
1668 0.25999999999999995
1669 0.25999999999999995
1670 0.25999999999999995
1671 0.25999999999999995
1672 0.25999999999999995
1673 0.25999999999999995
1674 0.25999999999999995
1675 0.25999999999999995
1676 0.25999999999999995
1677 0.25999999999999995
1678 0.25999999999999995
1679 0.25999999999999995
1680 0.25919999999999993
1681 0.25919999999999993
1682 0.25919999999999993
1683 0.25919999999999993
1684 0.2588
1685 0.2588
1686 0.2588
1687 0.2588
1688 0.2588
1689 0.2588
1690 0.2588
1691 0.2588
1692 0.2588
1693 0.25799999999999995
1694 0.2576
1695 0.2576
1696 0.2576
1697 0.25719999999999993
1698 0.25719999999999993
1699 0.25719999999999993
1700 0.25719999999999993
1701 0.25719999999999993
1702 0.2568
1703 0.25639999999999996
1704 0.25639999999999996
1705 0.25639999999999996
1706 0.256
1707 0.2556
1708 0.2556
1709 0.2552
1710 0.2552
1711 0.2552
1712 0.2552
1713 0.2552
1714 0.25479999999999997
1715 0.25479999999999997
1716 0.25479999999999997
1717 0.25479999999999997
1718 0.25439999999999996
1719 0.25439999999999996
1720 0.25439999999999996
1721 0.25439999999999996
1722 0.25439999999999996
1723 0.25439999999999996
1724 0.25439999999999996
1725 0.25439999999999996
1726 0.25439999999999996
1727 0.25439999999999996
1728 0.25439999999999996
1729 0.25439999999999996
1730 0.254
1731 0.254
1732 0.254
1733 0.254
1734 0.254
1735 0.254
1736 0.254
1737 0.254
1738 0.254
1739 0.254
1740 0.2536
1741 0.2536
1742 0.2536
1743 0.2536
1744 0.2536
1745 0.2536
1746 0.2532
1747 0.25279999999999997
1748 0.25279999999999997
1749 0.25239999999999996
1750 0.252
1751 0.252
1752 0.252
1753 0.252
1754 0.252
1755 0.2516
1756 0.2516
1757 0.2516
1758 0.2516
1759 0.2516
1760 0.2516
1761 0.2516
1762 0.25120000000000003
1763 0.25120000000000003
1764 0.25120000000000003
1765 0.25120000000000003
1766 0.25120000000000003
1767 0.25120000000000003
1768 0.25120000000000003
1769 0.25120000000000003
1770 0.25120000000000003
1771 0.25120000000000003
1772 0.25120000000000003
1773 0.25120000000000003
1774 0.25120000000000003
1775 0.25120000000000003
1776 0.25120000000000003
1777 0.25120000000000003
1778 0.2508
1779 0.2508
1780 0.2508
1781 0.2508
1782 0.2508
1783 0.2508
1784 0.2508
1785 0.2508
1786 0.2508
1787 0.2508
1788 0.2504
1789 0.2504
1790 0.2504
1791 0.2504
1792 0.2504
1793 0.25
1794 0.25
1795 0.25
1796 0.25
1797 0.25
1798 0.25
1799 0.24960000000000002
1800 0.24960000000000002
1801 0.24960000000000002
1802 0.24960000000000002
1803 0.24960000000000002
1804 0.24960000000000002
1805 0.24960000000000002
1806 0.24960000000000002
1807 0.24960000000000002
1808 0.24960000000000002
1809 0.24960000000000002
1810 0.24960000000000002
1811 0.2492
1812 0.2492
1813 0.2492
1814 0.2492
1815 0.2492
1816 0.2492
1817 0.2492
1818 0.2492
1819 0.24880000000000002
1820 0.24880000000000002
1821 0.2484
1822 0.2484
1823 0.2484
1824 0.2484
1825 0.2484
1826 0.248
1827 0.24760000000000001
1828 0.24760000000000001
1829 0.24760000000000001
1830 0.24760000000000001
1831 0.24760000000000001
1832 0.24720000000000003
1833 0.24720000000000003
1834 0.24720000000000003
1835 0.24720000000000003
1836 0.24720000000000003
1837 0.24720000000000003
1838 0.24720000000000003
1839 0.24720000000000003
1840 0.24720000000000003
1841 0.24720000000000003
1842 0.24720000000000003
1843 0.24720000000000003
1844 0.24720000000000003
1845 0.24720000000000003
1846 0.24720000000000003
1847 0.24720000000000003
1848 0.24720000000000003
1849 0.2468
1850 0.2468
1851 0.2468
1852 0.2468
1853 0.2468
1854 0.2464
1855 0.2464
1856 0.2464
1857 0.2464
1858 0.2464
1859 0.2464
1860 0.2464
1861 0.2464
1862 0.2464
1863 0.2464
1864 0.2464
1865 0.2464
1866 0.2464
1867 0.2464
1868 0.2456
1869 0.2456
1870 0.2456
1871 0.2456
1872 0.2456
1873 0.2456
1874 0.2456
1875 0.2456
1876 0.2456
1877 0.2456
1878 0.2456
1879 0.2456
1880 0.2456
1881 0.2456
1882 0.2456
1883 0.2456
1884 0.2456
1885 0.2456
1886 0.2456
1887 0.2456
1888 0.2456
1889 0.2456
1890 0.2456
1891 0.2456
1892 0.2456
1893 0.2456
1894 0.2456
1895 0.2456
1896 0.2456
1897 0.2456
1898 0.2456
1899 0.2452
1900 0.2452
1901 0.2452
1902 0.2452
1903 0.2452
1904 0.2452
1905 0.2452
1906 0.2452
1907 0.2452
1908 0.24480000000000002
1909 0.24480000000000002
1910 0.24480000000000002
1911 0.2444
1912 0.2444
1913 0.2444
1914 0.2444
1915 0.2444
1916 0.24400000000000002
1917 0.24400000000000002
1918 0.24400000000000002
1919 0.24359999999999998
1920 0.24359999999999998
1921 0.24359999999999998
1922 0.24359999999999998
1923 0.24359999999999998
1924 0.24359999999999998
1925 0.2432
1926 0.2432
1927 0.2432
1928 0.24280000000000002
1929 0.24280000000000002
1930 0.24280000000000002
1931 0.24280000000000002
1932 0.24280000000000002
1933 0.24280000000000002
1934 0.24280000000000002
1935 0.24280000000000002
1936 0.24280000000000002
1937 0.24280000000000002
1938 0.24280000000000002
1939 0.24280000000000002
1940 0.24280000000000002
1941 0.24280000000000002
1942 0.24280000000000002
1943 0.24280000000000002
1944 0.24239999999999998
1945 0.24239999999999998
1946 0.24239999999999998
1947 0.24239999999999998
1948 0.24239999999999998
1949 0.24239999999999998
1950 0.24239999999999998
1951 0.24239999999999998
1952 0.24239999999999998
1953 0.24239999999999998
1954 0.24239999999999998
1955 0.24239999999999998
1956 0.24239999999999998
1957 0.24239999999999998
1958 0.242
1959 0.242
1960 0.242
1961 0.242
1962 0.242
1963 0.242
1964 0.242
1965 0.242
1966 0.242
1967 0.242
1968 0.2416
1969 0.2416
1970 0.2416
1971 0.2416
1972 0.2416
1973 0.2416
1974 0.2416
1975 0.2416
1976 0.2416
1977 0.2416
1978 0.2416
1979 0.2416
1980 0.2416
1981 0.2416
1982 0.2416
1983 0.2416
1984 0.2416
1985 0.2416
1986 0.2416
1987 0.2416
1988 0.2416
1989 0.2416
1990 0.2416
1991 0.2416
1992 0.2416
1993 0.2416
1994 0.2416
1995 0.2416
1996 0.2416
1997 0.2416
1998 0.2416
1999 0.2416
