1 1.0
2 1.0
3 1.0
4 1.0
5 0.998
6 0.9963999999999998
7 0.9944000000000002
8 0.9936
9 0.9919999999999999
10 0.9911999999999999
11 0.9896
12 0.9888000000000001
13 0.9876
14 0.9872000000000001
15 0.9860000000000001
16 0.9844000000000002
17 0.9844000000000002
18 0.9840000000000002
19 0.9840000000000002
20 0.9836000000000003
21 0.9832000000000002
22 0.9820000000000002
23 0.9812000000000002
24 0.9800000000000001
25 0.9784000000000002
26 0.9768000000000002
27 0.9764000000000002
28 0.9736000000000001
29 0.9724
30 0.9716000000000001
31 0.9712000000000001
32 0.9700000000000002
33 0.9692000000000002
34 0.9688000000000001
35 0.9680000000000001
36 0.9672
37 0.9659999999999997
38 0.9644000000000001
39 0.9640000000000001
40 0.9632000000000001
41 0.9616000000000001
42 0.9616000000000001
43 0.9612000000000002
44 0.9596000000000001
45 0.9588000000000001
46 0.9576000000000002
47 0.9572000000000003
48 0.9560000000000004
49 0.9552000000000004
50 0.9540000000000003
51 0.9536000000000004
52 0.9532000000000004
53 0.9516000000000004
54 0.9504000000000005
55 0.9488000000000004
56 0.9476000000000004
57 0.9460000000000005
58 0.9448000000000004
59 0.9440000000000004
60 0.9428000000000003
61 0.9416000000000002
62 0.9412000000000004
63 0.9396000000000002
64 0.9380000000000003
65 0.9368000000000002
66 0.9368000000000002
67 0.9356000000000003
68 0.9352000000000003
69 0.9344000000000001
70 0.9328000000000002
71 0.9320000000000002
72 0.9300000000000002
73 0.9292
74 0.9284
75 0.9279999999999999
76 0.9268000000000001
77 0.9251999999999998
78 0.9247999999999998
79 0.9239999999999999
80 0.9235999999999999
81 0.9228000000000001
82 0.9224000000000001
83 0.9204000000000001
84 0.9192
85 0.9184
86 0.9192
87 0.9179999999999999
88 0.9164
89 0.9164
90 0.9156
91 0.9156
92 0.9156
93 0.9155999999999999
94 0.9155999999999999
95 0.9155999999999999
96 0.9148
97 0.9136
98 0.9112
99 0.9104000000000001
100 0.9092000000000001
101 0.9079999999999999
102 0.9076
103 0.9071999999999999
104 0.9063999999999998
105 0.9059999999999997
106 0.9051999999999998
107 0.9047999999999999
108 0.9043999999999999
109 0.9047999999999997
110 0.9059999999999997
111 0.9067999999999996
112 0.9071999999999997
113 0.9091999999999999
114 0.9096
115 0.9076000000000001
116 0.9068000000000002
117 0.9064000000000001
118 0.9048
119 0.9048
120 0.9035999999999998
121 0.9031999999999998
122 0.9031999999999998
123 0.9016
124 0.9
125 0.8996
126 0.8976
127 0.8955999999999998
128 0.8951999999999998
129 0.8924
130 0.8912
131 0.8908000000000001
132 0.8904000000000001
133 0.8908000000000001
134 0.8912
135 0.8916000000000001
136 0.8908000000000003
137 0.8908000000000003
138 0.8908000000000003
139 0.8928000000000003
140 0.8932000000000001
141 0.894
142 0.8924000000000001
143 0.8904000000000001
144 0.8896000000000002
145 0.8884000000000002
146 0.8876000000000002
147 0.8868000000000003
148 0.8860000000000001
149 0.8848000000000001
150 0.8836000000000002
151 0.8832000000000001
152 0.8828000000000001
153 0.8824000000000001
154 0.8836000000000003
155 0.8836000000000003
156 0.8856000000000005
157 0.8852000000000002
158 0.8848000000000001
159 0.8864
160 0.8880000000000001
161 0.8880000000000001
162 0.8896000000000001
163 0.8904000000000002
164 0.8904000000000002
165 0.8888000000000001
166 0.8876000000000002
167 0.8872000000000001
168 0.8868
169 0.8828000000000001
170 0.8808000000000001
171 0.8796
172 0.8772000000000001
173 0.8764000000000002
174 0.8756000000000002
175 0.8736000000000003
176 0.8732000000000002
177 0.8720000000000002
178 0.8724000000000003
179 0.8732000000000002
180 0.8752000000000004
181 0.8764000000000003
182 0.8768000000000004
183 0.8756000000000003
184 0.8776000000000002
185 0.8800000000000004
186 0.8804000000000003
187 0.8796
188 0.8780000000000001
189 0.8760000000000002
190 0.8744000000000004
191 0.8728000000000002
192 0.8724000000000003
193 0.8716000000000003
194 0.8704000000000002
195 0.8688000000000001
196 0.8676000000000001
197 0.8668000000000002
198 0.8660000000000001
199 0.8648000000000002
200 0.8652000000000001
201 0.8640000000000002
202 0.8640000000000002
203 0.8640000000000002
204 0.8656000000000001
205 0.8680000000000002
206 0.8724000000000003
207 0.8736000000000003
208 0.8756000000000002
209 0.8736
210 0.8752000000000001
211 0.8752
212 0.8736000000000002
213 0.872
214 0.8712000000000001
215 0.8704000000000001
216 0.8692
217 0.8683999999999998
218 0.8671999999999999
219 0.866
220 0.8647999999999999
221 0.8639999999999999
222 0.8619999999999998
223 0.8599999999999998
224 0.8595999999999998
225 0.8587999999999998
226 0.8599999999999999
227 0.8608
228 0.8608
229 0.8623999999999999
230 0.8624
231 0.8640000000000003
232 0.8680000000000002
233 0.8700000000000001
234 0.8708000000000002
235 0.8720000000000003
236 0.8708000000000005
237 0.8684000000000003
238 0.8672000000000003
239 0.8672000000000003
240 0.8672000000000003
241 0.8664000000000002
242 0.8648000000000002
243 0.8644000000000002
244 0.8640000000000002
245 0.8636000000000001
246 0.8620000000000002
247 0.8608000000000001
248 0.8608000000000002
249 0.8608000000000002
250 0.8604000000000004
251 0.8592000000000003
252 0.8608000000000002
253 0.8612000000000002
254 0.8640000000000001
255 0.8660000000000003
256 0.8664000000000004
257 0.8656000000000005
258 0.8660000000000002
259 0.8664000000000002
260 0.8664000000000002
261 0.8656000000000001
262 0.8644
263 0.8623999999999999
264 0.8607999999999998
265 0.8607999999999998
266 0.8595999999999998
267 0.8587999999999998
268 0.8567999999999999
269 0.8563999999999998
270 0.8547999999999999
271 0.8540000000000001
272 0.8540000000000001
273 0.8527999999999999
274 0.8531999999999997
275 0.8523999999999998
276 0.8523999999999998
277 0.8571999999999999
278 0.858
279 0.8588000000000002
280 0.8608000000000001
281 0.8627999999999999
282 0.8635999999999998
283 0.8647999999999999
284 0.8635999999999998
285 0.8632
286 0.862
287 0.8603999999999999
288 0.8571999999999999
289 0.8572
290 0.8563999999999998
291 0.8548
292 0.8528
293 0.8519999999999999
294 0.8512
295 0.8503999999999999
296 0.8503999999999999
297 0.85
298 0.8491999999999998
299 0.852
300 0.8515999999999999
301 0.8523999999999999
302 0.8532000000000001
303 0.8547999999999999
304 0.8571999999999999
305 0.8579999999999999
306 0.8568000000000001
307 0.8556
308 0.8564000000000002
309 0.8548
310 0.8540000000000001
311 0.8528
312 0.85
313 0.8492000000000001
314 0.8488
315 0.8476
316 0.8456
317 0.8448
318 0.8440000000000001
319 0.8428
320 0.8432
321 0.8436
322 0.8439999999999999
323 0.8428
324 0.8420000000000001
325 0.8428
326 0.8439999999999999
327 0.8471999999999998
328 0.8491999999999998
329 0.852
330 0.8544000000000003
331 0.8528000000000001
332 0.8540000000000001
333 0.8532000000000001
334 0.8512000000000001
335 0.8495999999999999
336 0.8491999999999998
337 0.8483999999999999
338 0.8460000000000001
339 0.8452000000000001
340 0.8444000000000002
341 0.8424
342 0.8408000000000001
343 0.8404000000000003
344 0.8384
345 0.838
346 0.838
347 0.8384
348 0.8416000000000001
349 0.8416000000000002
350 0.8432000000000002
351 0.8432000000000004
352 0.8440000000000003
353 0.8444000000000004
354 0.8456000000000004
355 0.8428000000000004
356 0.8424000000000005
357 0.8416000000000003
358 0.8404000000000004
359 0.8388000000000004
360 0.8376000000000003
361 0.8356000000000003
362 0.8340000000000002
363 0.8324000000000003
364 0.8320000000000003
365 0.8296000000000002
366 0.8276000000000003
367 0.8276000000000003
368 0.8276000000000002
369 0.8276000000000003
370 0.8272000000000003
371 0.8284000000000004
372 0.8296000000000003
373 0.8328000000000005
374 0.8352000000000003
375 0.8376000000000002
376 0.8400000000000002
377 0.8416000000000001
378 0.8420000000000002
379 0.8428000000000001
380 0.8420000000000002
381 0.8424000000000003
382 0.8424000000000003
383 0.8416000000000003
384 0.8380000000000001
385 0.8376000000000002
386 0.8372000000000002
387 0.8352
388 0.8344000000000001
389 0.8340000000000001
390 0.8336
391 0.8320000000000001
392 0.8311999999999999
393 0.8303999999999999
394 0.83
395 0.8323999999999999
396 0.8332
397 0.8336000000000002
398 0.8384000000000004
399 0.8404000000000003
400 0.8448000000000003
401 0.8480000000000001
402 0.85
403 0.8512000000000002
404 0.8488000000000001
405 0.8488
406 0.8479999999999999
407 0.8479999999999999
408 0.8483999999999999
409 0.8460000000000001
410 0.8448000000000002
411 0.8436000000000002
412 0.8436000000000002
413 0.8424000000000003
414 0.8408000000000001
415 0.8400000000000003
416 0.8376
417 0.8364
418 0.8371999999999999
419 0.8403999999999998
420 0.8420000000000001
421 0.8427999999999999
422 0.8436000000000001
423 0.8464000000000002
424 0.8464000000000002
425 0.8504
426 0.8516000000000001
427 0.852
428 0.8519999999999999
429 0.8515999999999998
430 0.8507999999999999
431 0.8511999999999997
432 0.8499999999999999
433 0.8472
434 0.8463999999999998
435 0.8443999999999998
436 0.8423999999999999
437 0.8404
438 0.8392000000000001
439 0.8384
440 0.8388
441 0.8371999999999998
442 0.8383999999999999
443 0.8364
444 0.838
445 0.8420000000000002
446 0.8428000000000001
447 0.8464000000000003
448 0.8488000000000003
449 0.8516000000000004
450 0.8520000000000003
451 0.8488000000000001
452 0.8476000000000002
453 0.8443999999999999
454 0.8432000000000001
455 0.8416000000000001
456 0.8384000000000001
457 0.8380000000000001
458 0.8368000000000002
459 0.8356000000000001
460 0.8340000000000001
461 0.8324000000000001
462 0.8308000000000001
463 0.8308000000000001
464 0.8304000000000002
465 0.8288000000000001
466 0.8288
467 0.8288
468 0.8304
469 0.8344000000000001
470 0.8372000000000002
471 0.8404000000000003
472 0.8408
473 0.8420000000000003
474 0.8432000000000002
475 0.8452000000000003
476 0.8468000000000002
477 0.8444000000000002
478 0.8432000000000002
479 0.8420000000000003
480 0.8400000000000003
481 0.8388000000000002
482 0.8384000000000001
483 0.8364000000000001
484 0.8344000000000001
485 0.8340000000000001
486 0.8328000000000002
487 0.8304
488 0.828
489 0.8255999999999999
490 0.8275999999999999
491 0.828
492 0.8272000000000002
493 0.8300000000000002
494 0.8332000000000005
495 0.8356000000000001
496 0.8372000000000002
497 0.8388
498 0.8420000000000001
499 0.8408000000000001
500 0.8392000000000001
501 0.8368000000000002
502 0.8364000000000003
503 0.8348000000000002
504 0.8332000000000002
505 0.8320000000000003
506 0.8308000000000003
507 0.8284000000000001
508 0.8268000000000001
509 0.8256000000000001
510 0.8212000000000004
511 0.8192000000000002
512 0.8176000000000002
513 0.8176000000000002
514 0.8184000000000001
515 0.8192000000000002
516 0.8224000000000002
517 0.8256000000000001
518 0.8268000000000002
519 0.8280000000000001
520 0.8300000000000002
521 0.8311999999999999
522 0.8320000000000002
523 0.8280000000000001
524 0.8260000000000001
525 0.8240000000000001
526 0.8228000000000002
527 0.8224000000000001
528 0.8208
529 0.8192
530 0.818
531 0.8164
532 0.816
533 0.8156
534 0.8152000000000001
535 0.8144000000000001
536 0.8140000000000001
537 0.8136000000000001
538 0.8116000000000002
539 0.8124000000000002
540 0.8148000000000001
541 0.8168
542 0.8184
543 0.8184
544 0.8212000000000002
545 0.8220000000000001
546 0.8236000000000001
547 0.8224000000000002
548 0.8224000000000001
549 0.8208000000000001
550 0.8200000000000002
551 0.8192
552 0.8184000000000001
553 0.8168000000000001
554 0.8156000000000002
555 0.8144000000000001
556 0.8124000000000002
557 0.8084000000000002
558 0.8064
559 0.8064
560 0.8068000000000001
561 0.8072000000000001
562 0.8059999999999999
563 0.8068
564 0.8091999999999999
565 0.8104
566 0.8156
567 0.8175999999999999
568 0.8204000000000002
569 0.8232000000000003
570 0.8224000000000004
571 0.8212000000000002
572 0.8188000000000004
573 0.8172000000000003
574 0.8172000000000003
575 0.8168000000000002
576 0.8148000000000003
577 0.8136000000000001
578 0.8120000000000002
579 0.8108000000000001
580 0.8104000000000002
581 0.8088000000000001
582 0.8076000000000002
583 0.8056000000000002
584 0.8052000000000001
585 0.8051999999999999
586 0.8047999999999998
587 0.806
588 0.806
589 0.8079999999999999
590 0.8108
591 0.8115999999999999
592 0.8160000000000003
593 0.8188000000000001
594 0.8216
595 0.8232
596 0.8227999999999999
597 0.8219999999999997
598 0.8188
599 0.8148000000000001
600 0.8131999999999998
601 0.8107999999999999
602 0.8091999999999999
603 0.8075999999999999
604 0.8055999999999999
605 0.8039999999999998
606 0.8027999999999997
607 0.8035999999999999
608 0.8007999999999994
609 0.8003999999999994
610 0.8031999999999998
611 0.8035999999999999
612 0.8059999999999998
613 0.8095999999999998
614 0.8159999999999998
615 0.8183999999999998
616 0.8203999999999998
617 0.8227999999999998
618 0.8223999999999998
619 0.8240000000000001
620 0.8240000000000001
621 0.8240000000000001
622 0.8224000000000001
623 0.8208000000000001
624 0.8192000000000002
625 0.8168000000000001
626 0.8144
627 0.8099999999999997
628 0.8083999999999998
629 0.8063999999999999
630 0.8047999999999998
631 0.8031999999999999
632 0.8011999999999998
633 0.8003999999999998
634 0.8003999999999998
635 0.8003999999999999
636 0.8032
637 0.8060000000000004
638 0.8096000000000003
639 0.8092000000000003
640 0.8120000000000003
641 0.8152000000000004
642 0.8156
643 0.8160000000000001
644 0.8168000000000001
645 0.8144
646 0.8132
647 0.8120000000000002
648 0.8108000000000001
649 0.8092000000000001
650 0.8072000000000001
651 0.8051999999999999
652 0.8036
653 0.8036
654 0.8027999999999998
655 0.8015999999999999
656 0.8015999999999999
657 0.8011999999999998
658 0.8003999999999998
659 0.8008
660 0.8039999999999999
661 0.8071999999999998
662 0.8127999999999999
663 0.8159999999999998
664 0.8188
665 0.8188000000000001
666 0.8184000000000001
667 0.8196000000000003
668 0.8200000000000002
669 0.8204000000000002
670 0.8188000000000002
671 0.8180000000000003
672 0.8168000000000002
673 0.8156000000000003
674 0.8140000000000004
675 0.8132000000000003
676 0.8132000000000003
677 0.8104
678 0.8092000000000001
679 0.8076000000000002
680 0.8080000000000002
681 0.8072000000000001
682 0.8080000000000002
683 0.8092000000000001
684 0.8108000000000001
685 0.8116000000000001
686 0.8156
687 0.8172
688 0.8192
689 0.8184000000000001
690 0.8196000000000001
691 0.8231999999999999
692 0.8235999999999999
693 0.8216000000000001
694 0.82
695 0.8180000000000001
696 0.8160000000000001
697 0.8132
698 0.8104
699 0.8100000000000002
700 0.8096000000000002
701 0.8084000000000002
702 0.8084000000000002
703 0.8088000000000002
704 0.8084000000000002
705 0.8080000000000002
706 0.8092
707 0.8104000000000002
708 0.8120000000000002
709 0.8147999999999999
710 0.8175999999999999
711 0.8216
712 0.8236
713 0.8240000000000001
714 0.8248000000000002
715 0.8260000000000001
716 0.8268000000000002
717 0.8256000000000001
718 0.8244000000000001
719 0.8228000000000002
720 0.8216000000000001
721 0.8196000000000001
722 0.8192000000000002
723 0.8164000000000001
724 0.8152000000000003
725 0.8144000000000001
726 0.812
727 0.8116000000000001
728 0.8108000000000001
729 0.8100000000000002
730 0.8108000000000003
731 0.8116000000000004
732 0.8144000000000005
733 0.8168000000000005
734 0.8196000000000003
735 0.8208000000000003
736 0.8220000000000003
737 0.8228000000000002
738 0.8248000000000003
739 0.8256000000000001
740 0.8248000000000002
741 0.8232
742 0.8200000000000002
743 0.8196000000000002
744 0.8176000000000001
745 0.8164
746 0.8151999999999999
747 0.8148000000000001
748 0.8140000000000001
749 0.8136
750 0.8108
751 0.8079999999999999
752 0.8056
753 0.804
754 0.8036
755 0.8032
756 0.8032
757 0.8060000000000003
758 0.8080000000000002
759 0.8104000000000002
760 0.8112000000000001
761 0.8128000000000002
762 0.8132
763 0.8124000000000001
764 0.8080000000000002
765 0.8056000000000002
766 0.8048000000000001
767 0.8024000000000001
768 0.8
769 0.7988
770 0.7972
771 0.7952000000000001
772 0.7944000000000001
773 0.7920000000000001
774 0.7900000000000001
775 0.7904000000000001
776 0.7880000000000003
777 0.7872000000000002
778 0.7852000000000002
779 0.7856000000000002
780 0.7892
781 0.7916000000000003
782 0.7936000000000003
783 0.7948000000000001
784 0.8000000000000002
785 0.8039999999999999
786 0.8068000000000001
787 0.8079999999999999
788 0.8072000000000001
789 0.8056
790 0.8032
791 0.8008000000000002
792 0.8000000000000002
793 0.7984000000000002
794 0.7972000000000001
795 0.7952000000000001
796 0.7940000000000002
797 0.7928000000000002
798 0.7920000000000001
799 0.7912000000000003
800 0.7912000000000003
801 0.7876000000000003
802 0.7860000000000003
803 0.7860000000000003
804 0.7864000000000001
805 0.7908
806 0.7928000000000001
807 0.7959999999999999
808 0.7979999999999999
809 0.8020000000000002
810 0.8047999999999998
811 0.8044
812 0.8012
813 0.7996
814 0.7984
815 0.796
816 0.7952000000000001
817 0.7932000000000001
818 0.7928000000000001
819 0.7908
820 0.7896
821 0.7888
822 0.7871999999999999
823 0.7855999999999999
824 0.7847999999999999
825 0.7831999999999999
826 0.7827999999999998
827 0.7835999999999999
828 0.7856000000000001
829 0.7872000000000001
830 0.7928000000000002
831 0.7956000000000002
832 0.7992
833 0.8012
834 0.8031999999999999
835 0.8055999999999999
836 0.8063999999999999
837 0.8047999999999998
838 0.8012
839 0.7992
840 0.7984
841 0.7951999999999999
842 0.7939999999999999
843 0.7936
844 0.7923999999999998
845 0.7919999999999999
846 0.7919999999999999
847 0.7903999999999999
848 0.7895999999999997
849 0.7883999999999999
850 0.7892
851 0.7903999999999999
852 0.7944
853 0.7992
854 0.8011999999999999
855 0.8024
856 0.8080000000000002
857 0.8096
858 0.8088
859 0.8083999999999999
860 0.8092
861 0.8079999999999999
862 0.806
863 0.8032
864 0.8012
865 0.7983999999999999
866 0.7975999999999999
867 0.7959999999999999
868 0.7939999999999999
869 0.7911999999999999
870 0.7879999999999999
871 0.7843999999999999
872 0.7835999999999999
873 0.7831999999999999
874 0.7839999999999999
875 0.7859999999999999
876 0.7864
877 0.7884
878 0.7912
879 0.7951999999999999
880 0.7992
881 0.8008
882 0.8036000000000001
883 0.8036000000000003
884 0.8040000000000004
885 0.8024000000000001
886 0.8000000000000002
887 0.7992000000000001
888 0.7980000000000003
889 0.7952000000000001
890 0.7936000000000001
891 0.7924000000000002
892 0.7920000000000003
893 0.7904000000000002
894 0.7900000000000003
895 0.7892000000000003
896 0.7884
897 0.7888000000000001
898 0.7892000000000001
899 0.7916000000000003
900 0.7948000000000005
901 0.7948000000000002
902 0.7988000000000001
903 0.8016000000000002
904 0.8055999999999999
905 0.8079999999999999
906 0.8080000000000003
907 0.8080000000000003
908 0.8072000000000001
909 0.8048000000000002
910 0.8012000000000001
911 0.7984
912 0.7959999999999999
913 0.794
914 0.7903999999999999
915 0.7892
916 0.7876000000000001
917 0.7864
918 0.7864
919 0.7863999999999999
920 0.7855999999999997
921 0.7843999999999999
922 0.7856000000000001
923 0.7876000000000001
924 0.7904000000000001
925 0.7964000000000001
926 0.7980000000000003
927 0.8008000000000004
928 0.7991999999999999
929 0.8028
930 0.8056
931 0.8051999999999999
932 0.8047999999999998
933 0.8035999999999999
934 0.8023999999999998
935 0.8004000000000001
936 0.7996
937 0.7983999999999999
938 0.7971999999999998
939 0.7955999999999999
940 0.7935999999999999
941 0.7924
942 0.7908
943 0.7912
944 0.7904000000000001
945 0.7896000000000001
946 0.7908
947 0.792
948 0.7944000000000001
949 0.796
950 0.7968
951 0.8
952 0.8032
953 0.8056
954 0.8076000000000002
955 0.8096
956 0.8079999999999999
957 0.8079999999999999
958 0.8079999999999999
959 0.8068
960 0.8024
961 0.7996
962 0.7988
963 0.7968000000000001
964 0.7964
965 0.7959999999999999
966 0.7935999999999999
967 0.7927999999999998
968 0.7916
969 0.7896000000000001
970 0.7883999999999999
971 0.7911999999999999
972 0.7952000000000001
973 0.7968000000000001
974 0.8020000000000002
975 0.8052000000000002
976 0.8076000000000001
977 0.8124000000000001
978 0.8120000000000002
979 0.8148000000000002
980 0.8152000000000003
981 0.8136000000000004
982 0.8124000000000003
983 0.8120000000000002
984 0.8080000000000003
985 0.8060000000000003
986 0.8048000000000002
987 0.8028000000000003
988 0.8016000000000002
989 0.8000000000000003
990 0.7984000000000002
991 0.796
992 0.794
993 0.7935999999999999
994 0.7936
995 0.7939999999999999
996 0.7968
997 0.8000000000000002
998 0.8024000000000001
999 0.8036
1000 0.8072
1001 0.8079999999999999
1002 0.8076000000000002
1003 0.8104000000000002
1004 0.8088000000000002
1005 0.8080000000000003
1006 0.8056000000000003
1007 0.8028000000000004
1008 0.8004000000000002
1009 0.7972000000000001
1010 0.7956
1011 0.7944000000000001
1012 0.7928000000000002
1013 0.7920000000000001
1014 0.7916000000000003
1015 0.7912000000000003
1016 0.7900000000000003
1017 0.7884000000000003
1018 0.7880000000000001
1019 0.7884000000000003
1020 0.7916000000000001
1021 0.7952000000000001
1022 0.7956000000000002
1023 0.7968000000000002
1024 0.7992000000000004
1025 0.7980000000000004
1026 0.8004000000000004
1027 0.8000000000000004
1028 0.7984000000000006
1029 0.7976000000000005
1030 0.7960000000000005
1031 0.7936000000000004
1032 0.7920000000000003
1033 0.7892000000000003
1034 0.7880000000000004
1035 0.7876000000000003
1036 0.7872000000000005
1037 0.7840000000000004
1038 0.7816000000000003
1039 0.7816000000000003
1040 0.7808000000000003
1041 0.7800000000000002
1042 0.7804000000000003
1043 0.7808000000000002
1044 0.7824000000000001
1045 0.7824000000000001
1046 0.7847999999999999
1047 0.7868
1048 0.7883999999999999
1049 0.7911999999999999
1050 0.7952000000000001
1051 0.7968
1052 0.7964
1053 0.7936000000000001
1054 0.7892
1055 0.7864
1056 0.7839999999999999
1057 0.7824
1058 0.7812
1059 0.7796
1060 0.7787999999999999
1061 0.7764
1062 0.7744000000000001
1063 0.7732000000000001
1064 0.7712
1065 0.7712
1066 0.772
1067 0.7767999999999999
1068 0.7803999999999998
1069 0.7843999999999999
1070 0.7844
1071 0.7868
1072 0.7896000000000002
1073 0.7920000000000001
1074 0.7932000000000002
1075 0.7944000000000002
1076 0.7916000000000003
1077 0.7896000000000002
1078 0.7896000000000002
1079 0.7872000000000005
1080 0.7856000000000003
1081 0.7836000000000004
1082 0.7792000000000006
1083 0.7776000000000005
1084 0.7756000000000004
1085 0.7740000000000004
1086 0.7732000000000002
1087 0.7728000000000003
1088 0.7728000000000003
1089 0.7724000000000004
1090 0.7728000000000003
1091 0.7744000000000004
1092 0.7776000000000002
1093 0.7824000000000001
1094 0.7884000000000002
1095 0.7904000000000001
1096 0.7936000000000001
1097 0.7952000000000004
1098 0.7968000000000002
1099 0.7984000000000002
1100 0.7988000000000001
1101 0.7964
1102 0.7956000000000002
1103 0.7936000000000001
1104 0.7912000000000002
1105 0.7908000000000002
1106 0.7896000000000001
1107 0.7896000000000001
1108 0.7872000000000001
1109 0.7844000000000001
1110 0.7844000000000001
1111 0.784
1112 0.7832000000000002
1113 0.7808000000000003
1114 0.7804000000000002
1115 0.7820000000000001
1116 0.7847999999999999
1117 0.7884
1118 0.7932000000000001
1119 0.7968
1120 0.7992
1121 0.8028
1122 0.8028
1123 0.8028000000000002
1124 0.804
1125 0.8024000000000001
1126 0.8
1127 0.7972000000000001
1128 0.7964000000000001
1129 0.7936000000000003
1130 0.7912000000000003
1131 0.7888000000000003
1132 0.7868000000000002
1133 0.7852000000000002
1134 0.7848000000000002
1135 0.784
1136 0.7828
1137 0.7828
1138 0.7807999999999999
1139 0.7799999999999997
1140 0.7815999999999999
1141 0.7879999999999999
1142 0.7879999999999998
1143 0.792
1144 0.7936
1145 0.8003999999999999
1146 0.7995999999999998
1147 0.8003999999999999
1148 0.7979999999999998
1149 0.7963999999999999
1150 0.7955999999999999
1151 0.7951999999999999
1152 0.7932000000000001
1153 0.7908000000000002
1154 0.7888000000000001
1155 0.7860000000000003
1156 0.7840000000000003
1157 0.7824000000000001
1158 0.7800000000000001
1159 0.7788000000000003
1160 0.7764000000000002
1161 0.7744000000000001
1162 0.7736000000000002
1163 0.7764000000000002
1164 0.7772000000000001
1165 0.782
1166 0.7828000000000002
1167 0.7848000000000002
1168 0.7875999999999999
1169 0.7919999999999999
1170 0.7911999999999999
1171 0.7924000000000001
1172 0.7928000000000002
1173 0.7908000000000002
1174 0.7900000000000001
1175 0.7888000000000001
1176 0.7880000000000001
1177 0.7872
1178 0.7839999999999999
1179 0.7831999999999999
1180 0.78
1181 0.7792
1182 0.7792000000000001
1183 0.7792
1184 0.7784
1185 0.7776000000000001
1186 0.778
1187 0.7799999999999998
1188 0.7836
1189 0.7848
1190 0.7864
1191 0.7912
1192 0.792
1193 0.7944000000000001
1194 0.7956000000000002
1195 0.7980000000000002
1196 0.7992000000000001
1197 0.7979999999999999
1198 0.7956
1199 0.7928000000000001
1200 0.7908000000000003
1201 0.7888000000000003
1202 0.7848000000000002
1203 0.7824000000000001
1204 0.7812
1205 0.78
1206 0.7771999999999999
1207 0.7771999999999999
1208 0.7755999999999998
1209 0.7736
1210 0.7736
1211 0.7752
1212 0.7787999999999999
1213 0.7844
1214 0.7852
1215 0.7860000000000003
1216 0.7899999999999998
1217 0.7903999999999999
1218 0.7931999999999999
1219 0.7948
1220 0.7939999999999999
1221 0.7923999999999998
1222 0.7915999999999999
1223 0.7903999999999999
1224 0.7879999999999998
1225 0.7859999999999998
1226 0.7843999999999999
1227 0.7824
1228 0.7807999999999999
1229 0.7787999999999999
1230 0.778
1231 0.7767999999999998
1232 0.7755999999999998
1233 0.7751999999999998
1234 0.7739999999999998
1235 0.7743999999999999
1236 0.7791999999999999
1237 0.7795999999999998
1238 0.7847999999999997
1239 0.7863999999999999
1240 0.7915999999999996
1241 0.7915999999999999
1242 0.7927999999999996
1243 0.7907999999999997
1244 0.7907999999999998
1245 0.7879999999999998
1246 0.7871999999999999
1247 0.7867999999999999
1248 0.7839999999999998
1249 0.7831999999999997
1250 0.7815999999999999
1251 0.7799999999999998
1252 0.7787999999999998
1253 0.7759999999999999
1254 0.7739999999999998
1255 0.7731999999999998
1256 0.7719999999999998
1257 0.7703999999999998
1258 0.7704
1259 0.7727999999999997
1260 0.7743999999999999
1261 0.7787999999999999
1262 0.7828000000000002
1263 0.7852000000000001
1264 0.7864000000000001
1265 0.7891999999999997
1266 0.7919999999999999
1267 0.7919999999999999
1268 0.7888
1269 0.7875999999999999
1270 0.7852
1271 0.7831999999999999
1272 0.7816
1273 0.7771999999999999
1274 0.7759999999999998
1275 0.7735999999999998
1276 0.7724000000000001
1277 0.7692
1278 0.7672000000000003
1279 0.7676000000000002
1280 0.7664000000000002
1281 0.7652000000000001
1282 0.7664000000000002
1283 0.7656000000000002
1284 0.7668
1285 0.77
1286 0.7731999999999999
1287 0.7759999999999998
1288 0.7796
1289 0.7807999999999999
1290 0.7807999999999999
1291 0.7816
1292 0.7816000000000001
1293 0.7816000000000001
1294 0.7812
1295 0.7808000000000002
1296 0.7788000000000003
1297 0.7776000000000002
1298 0.7752000000000002
1299 0.774
1300 0.7732000000000001
1301 0.7720000000000001
1302 0.7712000000000002
1303 0.7712000000000002
1304 0.7700000000000001
1305 0.7700000000000001
1306 0.7704000000000001
1307 0.7744
1308 0.7776
1309 0.7803999999999999
1310 0.7804000000000001
1311 0.7836
1312 0.7844
1313 0.7884
1314 0.7907999999999998
1315 0.7911999999999999
1316 0.7904000000000001
1317 0.7900000000000001
1318 0.7888000000000003
1319 0.7872000000000002
1320 0.7864000000000001
1321 0.784
1322 0.7812
1323 0.7783999999999999
1324 0.7767999999999998
1325 0.7739999999999998
1326 0.7715999999999998
1327 0.7683999999999997
1328 0.7687999999999998
1329 0.768
1330 0.7687999999999998
1331 0.7699999999999999
1332 0.7716000000000001
1333 0.7756000000000002
1334 0.7784
1335 0.7836
1336 0.7883999999999999
1337 0.7911999999999999
1338 0.7896
1339 0.7912
1340 0.7908
1341 0.79
1342 0.7888
1343 0.7864
1344 0.7847999999999999
1345 0.7836
1346 0.782
1347 0.7812
1348 0.7804000000000001
1349 0.7784
1350 0.7772
1351 0.7764000000000002
1352 0.7760000000000002
1353 0.7756000000000002
1354 0.7744000000000003
1355 0.7764000000000003
1356 0.7780000000000002
1357 0.7819999999999999
1358 0.7844000000000001
1359 0.7856000000000001
1360 0.7896000000000001
1361 0.7928000000000001
1362 0.7951999999999998
1363 0.7931999999999999
1364 0.7927999999999998
1365 0.7923999999999998
1366 0.7899999999999998
1367 0.7883999999999999
1368 0.7863999999999999
1369 0.7852
1370 0.7835999999999999
1371 0.7824
1372 0.7807999999999999
1373 0.7788
1374 0.7764
1375 0.774
1376 0.7728
1377 0.7708000000000002
1378 0.7711999999999999
1379 0.7716
1380 0.7739999999999999
1381 0.7776
1382 0.7792
1383 0.7848
1384 0.7872
1385 0.7916
1386 0.7936
1387 0.7955999999999999
1388 0.7948000000000001
1389 0.7911999999999999
1390 0.7903999999999999
1391 0.7892
1392 0.7875999999999999
1393 0.7864
1394 0.7848
1395 0.7839999999999999
1396 0.782
1397 0.7792
1398 0.7796000000000001
1399 0.7796000000000002
1400 0.7788
1401 0.7792000000000001
1402 0.7811999999999999
1403 0.7847999999999997
1404 0.7843999999999999
1405 0.7859999999999997
1406 0.7900000000000001
1407 0.7931999999999999
1408 0.7968
1409 0.7992000000000001
1410 0.8032
1411 0.8036
1412 0.8032
1413 0.8004000000000001
1414 0.7972000000000001
1415 0.7952000000000001
1416 0.7927999999999998
1417 0.7911999999999999
1418 0.7899999999999998
1419 0.7871999999999999
1420 0.7847999999999999
1421 0.7831999999999999
1422 0.7827999999999998
1423 0.7819999999999999
1424 0.7824000000000001
1425 0.7828000000000002
1426 0.7812
1427 0.7816000000000001
1428 0.7852000000000002
1429 0.7876000000000002
1430 0.7892000000000001
1431 0.7936000000000001
1432 0.7964000000000001
1433 0.8012000000000001
1434 0.8048000000000002
1435 0.8052000000000002
1436 0.8044000000000001
1437 0.802
1438 0.7996000000000001
1439 0.7964
1440 0.7956
1441 0.7939999999999999
1442 0.792
1443 0.7908
1444 0.7896
1445 0.7871999999999999
1446 0.7847999999999999
1447 0.7815999999999999
1448 0.7803999999999999
1449 0.7787999999999998
1450 0.7783999999999999
1451 0.7792
1452 0.7808000000000002
1453 0.7848
1454 0.7847999999999997
1455 0.7839999999999998
1456 0.7883999999999998
1457 0.7928000000000001
1458 0.7955999999999999
1459 0.7955999999999998
1460 0.7931999999999998
1461 0.7915999999999999
1462 0.7895999999999997
1463 0.7883999999999998
1464 0.7859999999999998
1465 0.7851999999999998
1466 0.7831999999999998
1467 0.7807999999999997
1468 0.7776
1469 0.7763999999999999
1470 0.7752
1471 0.7731999999999999
1472 0.7723999999999998
1473 0.7727999999999998
1474 0.7727999999999998
1475 0.7752
1476 0.7764
1477 0.7816000000000001
1478 0.7847999999999999
1479 0.7888
1480 0.7916000000000001
1481 0.7944000000000001
1482 0.7971999999999998
1483 0.7959999999999997
1484 0.7963999999999996
1485 0.7943999999999999
1486 0.7935999999999999
1487 0.7907999999999997
1488 0.7887999999999997
1489 0.7875999999999997
1490 0.7859999999999997
1491 0.7839999999999998
1492 0.7816
1493 0.7787999999999999
1494 0.7772
1495 0.7771999999999999
1496 0.7752
1497 0.772
1498 0.7715999999999998
1499 0.7727999999999998
1500 0.7751999999999998
1501 0.7779999999999998
1502 0.7804000000000001
1503 0.7828
1504 0.7856000000000001
1505 0.7892000000000001
1506 0.7908000000000002
1507 0.7916000000000001
1508 0.7920000000000001
1509 0.7924000000000002
1510 0.7888000000000003
1511 0.7872000000000002
1512 0.7856000000000003
1513 0.7828000000000004
1514 0.7788000000000004
1515 0.7780000000000004
1516 0.7760000000000004
1517 0.7744000000000003
1518 0.7732000000000003
1519 0.7712000000000002
1520 0.7692000000000001
1521 0.7680000000000002
1522 0.7687999999999999
1523 0.7712
1524 0.7751999999999998
1525 0.7763999999999999
1526 0.7791999999999999
1527 0.7816
1528 0.7836000000000002
1529 0.7852000000000001
1530 0.7875999999999999
1531 0.7875999999999999
1532 0.7879999999999998
1533 0.7847999999999999
1534 0.7835999999999999
1535 0.7807999999999999
1536 0.7796
1537 0.7772
1538 0.7756000000000001
1539 0.7727999999999998
1540 0.7699999999999999
1541 0.7691999999999999
1542 0.7676000000000001
1543 0.7656000000000002
1544 0.7632000000000002
1545 0.7624000000000002
1546 0.7612000000000001
1547 0.7615999999999999
1548 0.7632000000000001
1549 0.7668
1550 0.7708000000000003
1551 0.7736000000000002
1552 0.7755999999999998
1553 0.7799999999999998
1554 0.7816000000000001
1555 0.7787999999999999
1556 0.7792
1557 0.7795999999999998
1558 0.7767999999999999
1559 0.7759999999999999
1560 0.7744
1561 0.7719999999999998
1562 0.7711999999999998
1563 0.7707999999999998
1564 0.7683999999999997
1565 0.7659999999999998
1566 0.7659999999999998
1567 0.7655999999999998
1568 0.7636
1569 0.7616
1570 0.7620000000000001
1571 0.7640000000000002
1572 0.7676000000000002
1573 0.7700000000000001
1574 0.7728000000000002
1575 0.7756000000000003
1576 0.7788
1577 0.7812
1578 0.7824
1579 0.7819999999999999
1580 0.7824000000000001
1581 0.7788
1582 0.7772000000000001
1583 0.7764000000000002
1584 0.7748
1585 0.7732000000000001
1586 0.7704000000000001
1587 0.7688000000000001
1588 0.7672000000000001
1589 0.7660000000000002
1590 0.7652000000000001
1591 0.7644000000000003
1592 0.7636000000000003
1593 0.7624000000000002
1594 0.7628000000000003
1595 0.7632000000000003
1596 0.7644000000000003
1597 0.7636000000000002
1598 0.7668
1599 0.7724000000000002
1600 0.7768000000000004
1601 0.7792000000000001
1602 0.7804000000000002
1603 0.7804000000000003
1604 0.7804000000000002
1605 0.7796000000000001
1606 0.7764000000000003
1607 0.7752000000000002
1608 0.7728000000000003
1609 0.7704000000000002
1610 0.7684000000000002
1611 0.7632000000000002
1612 0.7608000000000001
1613 0.7596
1614 0.7584000000000001
1615 0.7576000000000002
1616 0.7568000000000003
1617 0.7556000000000002
1618 0.7564000000000002
1619 0.7583999999999999
1620 0.7644000000000001
1621 0.7676000000000001
1622 0.7736
1623 0.7743999999999999
1624 0.7796
1625 0.784
1626 0.7864
1627 0.7876000000000002
1628 0.7880000000000001
1629 0.7864
1630 0.7832000000000001
1631 0.7804000000000001
1632 0.7792
1633 0.7764
1634 0.7744
1635 0.7724000000000001
1636 0.7704000000000002
1637 0.7696000000000002
1638 0.7692000000000001
1639 0.7684000000000001
1640 0.7672
1641 0.7652
1642 0.7636
1643 0.7640000000000002
1644 0.7668000000000004
1645 0.7692000000000004
1646 0.7720000000000004
1647 0.7752000000000001
1648 0.7788
1649 0.7824000000000001
1650 0.786
1651 0.7876000000000003
1652 0.7868000000000002
1653 0.7844000000000002
1654 0.7828000000000003
1655 0.7812000000000002
1656 0.7796000000000002
1657 0.7768000000000004
1658 0.7760000000000005
1659 0.7748000000000006
1660 0.7724000000000005
1661 0.7700000000000005
1662 0.7676000000000003
1663 0.7660000000000003
1664 0.7652000000000002
1665 0.7640000000000003
1666 0.7636000000000003
1667 0.7652000000000002
1668 0.7668000000000003
1669 0.7688000000000003
1670 0.7752000000000001
1671 0.7759999999999999
1672 0.7780000000000001
1673 0.7828000000000002
1674 0.7864
1675 0.7868
1676 0.786
1677 0.7852
1678 0.7831999999999999
1679 0.7816
1680 0.7784
1681 0.7772000000000001
1682 0.7751999999999998
1683 0.7731999999999999
1684 0.7716
1685 0.7704
1686 0.7683999999999999
1687 0.7663999999999999
1688 0.7659999999999999
1689 0.7647999999999999
1690 0.7636
1691 0.7664000000000002
1692 0.7684000000000002
1693 0.7692000000000001
1694 0.772
1695 0.7776000000000001
1696 0.7792000000000003
1697 0.7824000000000002
1698 0.7836000000000004
1699 0.7824000000000004
1700 0.7840000000000003
1701 0.784
1702 0.7807999999999999
1703 0.7796000000000001
1704 0.7764
1705 0.7752
1706 0.7736
1707 0.7724000000000001
1708 0.7716
1709 0.7699999999999999
1710 0.7663999999999999
1711 0.7639999999999999
1712 0.7644
1713 0.7648
1714 0.7659999999999999
1715 0.7675999999999997
1716 0.7663999999999997
1717 0.7716
1718 0.7763999999999998
1719 0.7784
1720 0.786
1721 0.7900000000000001
1722 0.7920000000000001
1723 0.7888000000000001
1724 0.7888000000000001
1725 0.7868
1726 0.7852000000000001
1727 0.7832000000000002
1728 0.7832000000000002
1729 0.7816000000000004
1730 0.7796000000000002
1731 0.7784000000000002
1732 0.7760000000000001
1733 0.7719999999999999
1734 0.7712
1735 0.7707999999999998
1736 0.7696
1737 0.7696
1738 0.7684000000000001
1739 0.7696
1740 0.7756000000000001
1741 0.7776000000000003
1742 0.7796000000000001
1743 0.778
1744 0.784
1745 0.7852000000000001
1746 0.7872000000000002
1747 0.7864000000000004
1748 0.7836000000000003
1749 0.7824000000000004
1750 0.7824000000000004
1751 0.7808000000000003
1752 0.7792000000000003
1753 0.7780000000000004
1754 0.7752000000000003
1755 0.7740000000000004
1756 0.7724000000000004
1757 0.7708000000000003
1758 0.7692000000000001
1759 0.7664000000000003
1760 0.7648000000000004
1761 0.764
1762 0.7636000000000002
1763 0.7668000000000003
1764 0.7688000000000001
1765 0.7744
1766 0.774
1767 0.7764000000000003
1768 0.7812000000000003
1769 0.7788000000000004
1770 0.7804000000000001
1771 0.7816000000000001
1772 0.7796000000000002
1773 0.7796000000000004
1774 0.7772000000000004
1775 0.7740000000000004
1776 0.7716000000000003
1777 0.7688000000000003
1778 0.7672000000000001
1779 0.7652000000000002
1780 0.7620000000000001
1781 0.7608000000000001
1782 0.7608000000000001
1783 0.7596
1784 0.7572000000000001
1785 0.7576
1786 0.7584000000000001
1787 0.7587999999999998
1788 0.7608
1789 0.7644000000000003
1790 0.764
1791 0.768
1792 0.7728
1793 0.78
1794 0.7832000000000001
1795 0.7844
1796 0.7844000000000001
1797 0.7812000000000002
1798 0.7788000000000003
1799 0.7776000000000003
1800 0.7760000000000004
1801 0.7740000000000004
1802 0.7716000000000003
1803 0.7692000000000001
1804 0.7648000000000001
1805 0.7644000000000001
1806 0.7632000000000002
1807 0.7620000000000001
1808 0.7608000000000003
1809 0.7584000000000003
1810 0.7580000000000002
1811 0.7600000000000001
1812 0.7619999999999999
1813 0.7644000000000001
1814 0.7704000000000001
1815 0.7716000000000003
1816 0.778
1817 0.7812
1818 0.7828000000000002
1819 0.7864000000000001
1820 0.7856000000000001
1821 0.7831999999999999
1822 0.7811999999999999
1823 0.7807999999999999
1824 0.7783999999999998
1825 0.7779999999999998
1826 0.7755999999999998
1827 0.7736
1828 0.7711999999999999
1829 0.7696
1830 0.7668
1831 0.7648
1832 0.762
1833 0.7604000000000002
1834 0.7580000000000001
1835 0.7592000000000002
1836 0.7612000000000001
1837 0.7632000000000002
1838 0.7664
1839 0.7707999999999999
1840 0.7736000000000002
1841 0.7767999999999999
1842 0.7799999999999998
1843 0.7807999999999999
1844 0.7807999999999999
1845 0.7787999999999999
1846 0.7764
1847 0.774
1848 0.7712
1849 0.7704000000000001
1850 0.7688000000000001
1851 0.7676000000000002
1852 0.7668
1853 0.7648000000000001
1854 0.7632000000000001
1855 0.7632000000000001
1856 0.7628
1857 0.7631999999999999
1858 0.7644
1859 0.7615999999999999
1860 0.7652
1861 0.7687999999999999
1862 0.7707999999999999
1863 0.7739999999999999
1864 0.7788000000000003
1865 0.7812
1866 0.7844
1867 0.7831999999999999
1868 0.782
1869 0.7812
1870 0.7800000000000001
1871 0.7784000000000002
1872 0.7760000000000001
1873 0.7744
1874 0.7732000000000001
1875 0.7724000000000001
1876 0.7704000000000001
1877 0.7672000000000001
1878 0.7668
1879 0.7668
1880 0.7656000000000001
1881 0.764
1882 0.7624000000000001
1883 0.7640000000000002
1884 0.7660000000000002
1885 0.7708000000000004
1886 0.7736000000000003
1887 0.7780000000000001
1888 0.782
1889 0.7812
1890 0.7804000000000002
1891 0.78
1892 0.7820000000000001
1893 0.7816000000000001
1894 0.7800000000000001
1895 0.7787999999999999
1896 0.7776000000000001
1897 0.7764000000000002
1898 0.7748
1899 0.7728000000000002
1900 0.7724000000000001
1901 0.7720000000000001
1902 0.7708000000000002
1903 0.7688000000000001
1904 0.7676000000000001
1905 0.7672
1906 0.7684000000000001
1907 0.7707999999999999
1908 0.7752
1909 0.78
1910 0.784
1911 0.7872000000000001
1912 0.7864000000000001
1913 0.7896000000000002
1914 0.7928000000000002
1915 0.7920000000000001
1916 0.7916000000000001
1917 0.7888000000000001
1918 0.7868
1919 0.7856000000000002
1920 0.7844000000000001
1921 0.7828
1922 0.7808000000000002
1923 0.7780000000000001
1924 0.7759999999999999
1925 0.7728
1926 0.7732000000000001
1927 0.7708000000000002
1928 0.7696000000000002
1929 0.7684000000000001
1930 0.7680000000000002
1931 0.7716000000000003
1932 0.7780000000000002
1933 0.7828000000000002
1934 0.7844000000000001
1935 0.7872
1936 0.7924
1937 0.7968
1938 0.7976000000000001
1939 0.7992
1940 0.7992
1941 0.7984000000000002
1942 0.7928000000000002
1943 0.7904000000000001
1944 0.7892
1945 0.7875999999999999
1946 0.7831999999999999
1947 0.7811999999999999
1948 0.7799999999999998
1949 0.7776
1950 0.7767999999999999
1951 0.7744
1952 0.7748
1953 0.7744
1954 0.7736
1955 0.7728
1956 0.7744
1957 0.7767999999999998
1958 0.7804000000000001
1959 0.7831999999999999
1960 0.7839999999999999
1961 0.7859999999999999
1962 0.7855999999999999
1963 0.7847999999999999
1964 0.7823999999999998
1965 0.7819999999999999
1966 0.7787999999999998
1967 0.7779999999999998
1968 0.7767999999999998
1969 0.7739999999999999
1970 0.7727999999999998
1971 0.7715999999999998
1972 0.7707999999999998
1973 0.7691999999999999
1974 0.7676
1975 0.7639999999999999
1976 0.7631999999999999
1977 0.7628
1978 0.7631999999999998
1979 0.7615999999999998
1980 0.7643999999999999
1981 0.7691999999999999
1982 0.7731999999999999
1983 0.7767999999999999
1984 0.7787999999999998
1985 0.7799999999999998
1986 0.7811999999999998
1987 0.7807999999999998
1988 0.7775999999999997
1989 0.7759999999999997
1990 0.7747999999999997
1991 0.7727999999999998
1992 0.7707999999999998
1993 0.7679999999999998
1994 0.7627999999999999
1995 0.76
1996 0.7583999999999999
1997 0.7560000000000001
1998 0.7532000000000001
1999 0.7524000000000001
