1 1.0
2 1.0
3 1.0
4 0.9996
5 0.9992
6 0.9992
7 0.9992
8 0.9992
9 0.9987999999999999
10 0.9987999999999999
11 0.9987999999999999
12 0.9987999999999999
13 0.9987999999999999
14 0.9975999999999999
15 0.9971999999999999
16 0.9971999999999999
17 0.9971999999999999
18 0.9971999999999999
19 0.9963999999999998
20 0.9955999999999999
21 0.9935999999999997
22 0.9927999999999999
23 0.9919999999999998
24 0.9911999999999996
25 0.9903999999999996
26 0.9903999999999996
27 0.9903999999999996
28 0.9891999999999996
29 0.9875999999999996
30 0.9867999999999997
31 0.9855999999999996
32 0.9851999999999995
33 0.9839999999999997
34 0.9835999999999996
35 0.9827999999999996
36 0.9827999999999996
37 0.9823999999999997
38 0.9819999999999998
39 0.9807999999999999
40 0.9799999999999999
41 0.9787999999999998
42 0.9775999999999998
43 0.9767999999999999
44 0.9755999999999999
45 0.9739999999999998
46 0.9727999999999998
47 0.9719999999999999
48 0.9707999999999997
49 0.9691999999999998
50 0.9671999999999998
51 0.9667999999999998
52 0.9659999999999997
53 0.9639999999999997
54 0.9623999999999999
55 0.9623999999999999
56 0.9616
57 0.9603999999999998
58 0.9595999999999998
59 0.9583999999999999
60 0.9571999999999998
61 0.956
62 0.9551999999999999
63 0.9520000000000001
64 0.9504
65 0.9488
66 0.9471999999999998
67 0.9472
68 0.9472
69 0.9468000000000001
70 0.9460000000000001
71 0.9440000000000002
72 0.9432000000000003
73 0.9424000000000002
74 0.9408000000000001
75 0.9384000000000001
76 0.9368000000000001
77 0.9352000000000001
78 0.9336000000000001
79 0.9316000000000002
80 0.9308000000000003
81 0.9284000000000002
82 0.9276000000000002
83 0.9256000000000003
84 0.9248000000000005
85 0.9252000000000006
86 0.9240000000000005
87 0.9244000000000004
88 0.9220000000000003
89 0.9224000000000002
90 0.9224000000000003
91 0.9224000000000002
92 0.9224000000000002
93 0.9220000000000003
94 0.9208000000000003
95 0.9200000000000003
96 0.9184000000000003
97 0.9168000000000002
98 0.916
99 0.9128000000000003
100 0.9116000000000001
101 0.9092000000000001
102 0.9072
103 0.9056000000000002
104 0.9036
105 0.9012000000000002
106 0.9000000000000002
107 0.8980000000000006
108 0.8984000000000004
109 0.8968000000000004
110 0.8948000000000005
111 0.8944000000000004
112 0.8924000000000004
113 0.8920000000000005
114 0.8924000000000004
115 0.8936000000000002
116 0.8936000000000002
117 0.8924000000000002
118 0.8924000000000002
119 0.8916000000000003
120 0.8896000000000001
121 0.8848000000000001
122 0.8840000000000002
123 0.8828000000000001
124 0.8816000000000003
125 0.8808000000000002
126 0.8776
127 0.8772000000000001
128 0.8756
129 0.8747999999999999
130 0.8711999999999998
131 0.8699999999999999
132 0.8695999999999999
133 0.8695999999999999
134 0.8687999999999999
135 0.8691999999999999
136 0.8683999999999998
137 0.8687999999999998
138 0.8675999999999999
139 0.8652
140 0.8639999999999999
141 0.8628
142 0.862
143 0.8587999999999998
144 0.8579999999999999
145 0.8575999999999998
146 0.8571999999999997
147 0.8547999999999998
148 0.8531999999999997
149 0.8519999999999998
150 0.8507999999999999
151 0.8475999999999999
152 0.8472
153 0.8472
154 0.8472
155 0.8472
156 0.8488000000000001
157 0.85
158 0.8496000000000001
159 0.8503999999999999
160 0.852
161 0.8504
162 0.8511999999999997
163 0.8519999999999999
164 0.8515999999999999
165 0.8512000000000001
166 0.8483999999999999
167 0.8468000000000001
168 0.8448
169 0.8436000000000001
170 0.8400000000000002
171 0.8384
172 0.8372000000000002
173 0.8344000000000001
174 0.8328
175 0.8308000000000001
176 0.8292
177 0.8276
178 0.8264000000000002
179 0.8268000000000003
180 0.8280000000000003
181 0.8280000000000003
182 0.8296000000000002
183 0.8288000000000001
184 0.8308
185 0.8312000000000002
186 0.8308000000000001
187 0.8308000000000001
188 0.8288000000000001
189 0.8284000000000001
190 0.8272000000000003
191 0.8256000000000003
192 0.8244000000000004
193 0.8220000000000003
194 0.8188000000000004
195 0.8172000000000004
196 0.8160000000000004
197 0.8148000000000003
198 0.8136000000000004
199 0.8116000000000002
200 0.8112000000000004
201 0.8104000000000002
202 0.8096000000000002
203 0.81
204 0.8128
205 0.8152000000000003
206 0.818
207 0.8220000000000001
208 0.8244000000000001
209 0.8284000000000001
210 0.8292
211 0.8308
212 0.8316000000000001
213 0.8308000000000003
214 0.8288000000000002
215 0.8276000000000002
216 0.8244
217 0.8232
218 0.8216
219 0.8192
220 0.8175999999999998
221 0.8139999999999997
222 0.8127999999999999
223 0.8087999999999999
224 0.8088
225 0.8079999999999999
226 0.8084
227 0.8104
228 0.8107999999999999
229 0.8132
230 0.8156000000000003
231 0.8192000000000002
232 0.8208000000000001
233 0.8224000000000001
234 0.8220000000000002
235 0.8232
236 0.8232
237 0.8208000000000001
238 0.8200000000000002
239 0.8180000000000003
240 0.8148000000000001
241 0.8116000000000001
242 0.81
243 0.8075999999999999
244 0.8048000000000001
245 0.7992000000000001
246 0.7968000000000001
247 0.7952000000000001
248 0.7948000000000002
249 0.7928000000000002
250 0.792
251 0.7908
252 0.7904000000000002
253 0.7928000000000002
254 0.7968
255 0.7992
256 0.8024000000000001
257 0.8059999999999999
258 0.8056
259 0.806
260 0.8068000000000001
261 0.8064
262 0.8052000000000001
263 0.8048000000000002
264 0.8028
265 0.7996000000000001
266 0.7968
267 0.7943999999999999
268 0.7927999999999998
269 0.7919999999999999
270 0.79
271 0.7876000000000001
272 0.7848000000000002
273 0.7828000000000003
274 0.7796000000000002
275 0.7804000000000003
276 0.7844
277 0.7883999999999999
278 0.7899999999999998
279 0.7947999999999997
280 0.8
281 0.8028000000000002
282 0.8048000000000001
283 0.8059999999999999
284 0.8051999999999999
285 0.804
286 0.8035999999999999
287 0.8031999999999998
288 0.8015999999999996
289 0.8003999999999997
290 0.7967999999999997
291 0.7947999999999997
292 0.7915999999999999
293 0.7875999999999999
294 0.7844
295 0.7839999999999999
296 0.7811999999999999
297 0.7784
298 0.7763999999999999
299 0.7779999999999998
300 0.7796000000000001
301 0.7828000000000002
302 0.7852000000000002
303 0.7860000000000004
304 0.7872000000000005
305 0.7916000000000004
306 0.7924000000000003
307 0.796
308 0.7964
309 0.7944
310 0.7927999999999998
311 0.7896000000000001
312 0.7864
313 0.7831999999999999
314 0.7819999999999999
315 0.7803999999999999
316 0.7771999999999999
317 0.7747999999999999
318 0.7719999999999999
319 0.7699999999999999
320 0.7691999999999998
321 0.7691999999999998
322 0.7671999999999999
323 0.7663999999999999
324 0.7687999999999998
325 0.7739999999999999
326 0.7755999999999998
327 0.7808000000000002
328 0.7844
329 0.7848
330 0.7879999999999999
331 0.7863999999999999
332 0.7851999999999998
333 0.7836
334 0.7827999999999998
335 0.7811999999999998
336 0.7776000000000001
337 0.7748
338 0.7728000000000002
339 0.7708000000000002
340 0.7688000000000001
341 0.7672000000000001
342 0.7668
343 0.7652000000000001
344 0.7612000000000001
345 0.7608000000000001
346 0.7584000000000001
347 0.7595999999999999
348 0.7592
349 0.7631999999999999
350 0.7683999999999999
351 0.7707999999999999
352 0.7736
353 0.7755999999999998
354 0.7784
355 0.7784
356 0.7788
357 0.7787999999999999
358 0.7768
359 0.7732000000000001
360 0.7728
361 0.7699999999999999
362 0.7671999999999999
363 0.7659999999999998
364 0.7643999999999999
365 0.7627999999999997
366 0.7595999999999998
367 0.7583999999999999
368 0.7568
369 0.7560000000000001
370 0.7532
371 0.7519999999999999
372 0.7504000000000001
373 0.7536
374 0.7567999999999999
375 0.7591999999999999
376 0.7635999999999998
377 0.7679999999999997
378 0.7727999999999998
379 0.7743999999999999
380 0.7731999999999999
381 0.7715999999999998
382 0.7703999999999998
383 0.7687999999999998
384 0.7679999999999998
385 0.7651999999999998
386 0.7635999999999998
387 0.7604000000000001
388 0.758
389 0.7567999999999999
390 0.7552
391 0.7524
392 0.7495999999999999
393 0.7475999999999999
394 0.7471999999999999
395 0.7475999999999999
396 0.7468
397 0.7504000000000002
398 0.754
399 0.7588000000000001
400 0.7648
401 0.7716000000000001
402 0.772
403 0.7724000000000001
404 0.7728000000000002
405 0.7720000000000001
406 0.7732000000000001
407 0.7688000000000003
408 0.7652000000000001
409 0.7636000000000003
410 0.7608000000000003
411 0.7588000000000003
412 0.7560000000000001
413 0.7524000000000001
414 0.7520000000000002
415 0.7492000000000003
416 0.7464000000000003
417 0.7432000000000001
418 0.7432000000000001
419 0.7452
420 0.7491999999999999
421 0.7511999999999999
422 0.7552
423 0.76
424 0.762
425 0.764
426 0.7692
427 0.7716000000000003
428 0.7728000000000002
429 0.7732000000000001
430 0.7716000000000001
431 0.7688000000000003
432 0.7676000000000002
433 0.7640000000000002
434 0.7604000000000002
435 0.7567999999999999
436 0.7519999999999999
437 0.7503999999999997
438 0.7487999999999999
439 0.7467999999999999
440 0.7435999999999998
441 0.7415999999999996
442 0.7415999999999997
443 0.7391999999999997
444 0.7411999999999997
445 0.7475999999999998
446 0.7515999999999998
447 0.7559999999999998
448 0.7587999999999998
449 0.7616
450 0.7652000000000001
451 0.7676000000000001
452 0.7688000000000001
453 0.7680000000000001
454 0.764
455 0.7616
456 0.7595999999999999
457 0.7575999999999999
458 0.7536
459 0.7500000000000001
460 0.7472000000000001
461 0.7464
462 0.7440000000000001
463 0.7404000000000001
464 0.7388000000000001
465 0.7380000000000001
466 0.7384000000000002
467 0.7372000000000001
468 0.7419999999999999
469 0.748
470 0.7504
471 0.7564
472 0.7616
473 0.7644000000000003
474 0.7676000000000001
475 0.7659999999999999
476 0.7648000000000001
477 0.7628
478 0.7615999999999998
479 0.7599999999999999
480 0.7571999999999999
481 0.7535999999999998
482 0.7483999999999998
483 0.746
484 0.7436
485 0.742
486 0.7404
487 0.7387999999999999
488 0.7372
489 0.736
490 0.7375999999999999
491 0.7395999999999999
492 0.7428
493 0.748
494 0.7524
495 0.7543999999999998
496 0.7587999999999998
497 0.7624
498 0.7644000000000001
499 0.7643999999999999
500 0.7643999999999999
501 0.7615999999999997
502 0.7571999999999997
503 0.7555999999999998
504 0.752
505 0.7476000000000002
506 0.7440000000000001
507 0.7404000000000001
508 0.7376
509 0.7352000000000001
510 0.7328
511 0.7288000000000002
512 0.7268000000000002
513 0.7252
514 0.7248
515 0.7239999999999999
516 0.7256
517 0.726
518 0.7283999999999997
519 0.7331999999999997
520 0.7363999999999998
521 0.7440000000000001
522 0.7463999999999998
523 0.7483999999999997
524 0.7499999999999997
525 0.7495999999999996
526 0.7479999999999997
527 0.7467999999999997
528 0.7443999999999998
529 0.7411999999999997
530 0.7363999999999998
531 0.7339999999999999
532 0.7307999999999997
533 0.7283999999999997
534 0.7259999999999998
535 0.7240000000000001
536 0.7212000000000001
537 0.7204
538 0.7204
539 0.7216
540 0.7235999999999998
541 0.7259999999999998
542 0.7283999999999999
543 0.7348
544 0.738
545 0.742
546 0.7476
547 0.7487999999999998
548 0.7479999999999998
549 0.7463999999999998
550 0.7451999999999999
551 0.7419999999999999
552 0.7415999999999998
553 0.7404
554 0.7379999999999999
555 0.7347999999999999
556 0.7327999999999999
557 0.7283999999999997
558 0.7251999999999998
559 0.7227999999999999
560 0.7207999999999999
561 0.72
562 0.7188
563 0.72
564 0.7224000000000003
565 0.7256
566 0.732
567 0.736
568 0.7411999999999999
569 0.7436
570 0.7472000000000001
571 0.7472
572 0.7476000000000002
573 0.7444000000000002
574 0.7404000000000001
575 0.7396
576 0.7376
577 0.7344000000000002
578 0.73
579 0.7283999999999999
580 0.7252000000000001
581 0.7224
582 0.7208000000000001
583 0.7200000000000002
584 0.7168000000000001
585 0.7143999999999999
586 0.7156
587 0.714
588 0.7184
589 0.7252
590 0.7311999999999999
591 0.7352
592 0.7400000000000001
593 0.7456000000000002
594 0.7500000000000001
595 0.7508
596 0.7508
597 0.7508
598 0.748
599 0.746
600 0.7452000000000001
601 0.7436000000000001
602 0.7379999999999999
603 0.7363999999999998
604 0.7323999999999999
605 0.73
606 0.7276
607 0.7252000000000001
608 0.7236
609 0.7208
610 0.72
611 0.7176
612 0.7204
613 0.7239999999999999
614 0.728
615 0.7316000000000001
616 0.7348
617 0.7372000000000001
618 0.7384000000000001
619 0.74
620 0.7416000000000001
621 0.7400000000000001
622 0.7388000000000002
623 0.7364000000000002
624 0.7336000000000005
625 0.7336000000000005
626 0.7312000000000003
627 0.7280000000000004
628 0.7240000000000002
629 0.7196000000000001
630 0.7168000000000001
631 0.7132000000000002
632 0.7128000000000001
633 0.7092
634 0.7052
635 0.7064000000000001
636 0.7128
637 0.7188
638 0.7248000000000002
639 0.732
640 0.7339999999999999
641 0.7364
642 0.7368000000000001
643 0.738
644 0.7384000000000001
645 0.7368000000000001
646 0.7356000000000001
647 0.7332000000000001
648 0.7296
649 0.7260000000000001
650 0.7228
651 0.7204
652 0.7184
653 0.7140000000000001
654 0.7128
655 0.7116
656 0.7076
657 0.7051999999999999
658 0.7039999999999997
659 0.7036000000000001
660 0.7068000000000002
661 0.7108000000000001
662 0.7156
663 0.7208000000000001
664 0.7236
665 0.7292000000000002
666 0.7280000000000001
667 0.7300000000000003
668 0.7296000000000002
669 0.7272000000000003
670 0.7244000000000003
671 0.7228000000000001
672 0.7212000000000002
673 0.7180000000000001
674 0.7160000000000002
675 0.7123999999999999
676 0.7108
677 0.7072000000000002
678 0.7048000000000001
679 0.7048000000000001
680 0.7032
681 0.7012
682 0.7008
683 0.6992
684 0.7044
685 0.708
686 0.714
687 0.7148
688 0.7152
689 0.7196000000000001
690 0.7223999999999998
691 0.7272
692 0.7295999999999998
693 0.7291999999999998
694 0.7283999999999999
695 0.7255999999999997
696 0.7236
697 0.7227999999999999
698 0.7207999999999999
699 0.7167999999999998
700 0.7116
701 0.7084
702 0.706
703 0.704
704 0.7023999999999999
705 0.6983999999999998
706 0.6975999999999998
707 0.7015999999999998
708 0.7027999999999999
709 0.7043999999999998
710 0.7108000000000001
711 0.7112
712 0.7143999999999998
713 0.7192000000000001
714 0.7212000000000001
715 0.7220000000000002
716 0.7244000000000003
717 0.7208000000000001
718 0.7204
719 0.7184000000000001
720 0.7148
721 0.7120000000000002
722 0.7092
723 0.7056
724 0.7028
725 0.7003999999999999
726 0.6971999999999998
727 0.6947999999999999
728 0.6923999999999999
729 0.6919999999999998
730 0.6951999999999998
731 0.6955999999999998
732 0.6987999999999999
733 0.7023999999999999
734 0.7071999999999999
735 0.7108
736 0.7152
737 0.7228
738 0.7260000000000001
739 0.7252
740 0.7275999999999999
741 0.7275999999999999
742 0.7239999999999999
743 0.7227999999999999
744 0.7183999999999999
745 0.7159999999999997
746 0.7111999999999999
747 0.7091999999999998
748 0.7059999999999998
749 0.7012000000000002
750 0.6976
751 0.6943999999999998
752 0.6944
753 0.6936
754 0.6931999999999998
755 0.6923999999999998
756 0.6968
757 0.7035999999999999
758 0.708
759 0.7115999999999998
760 0.7167999999999998
761 0.7203999999999999
762 0.7219999999999998
763 0.7243999999999998
764 0.7239999999999999
765 0.7239999999999999
766 0.7227999999999999
767 0.7208
768 0.7168000000000001
769 0.714
770 0.7119999999999999
771 0.7095999999999999
772 0.708
773 0.7023999999999999
774 0.6999999999999998
775 0.6975999999999999
776 0.696
777 0.6951999999999999
778 0.6963999999999999
779 0.6991999999999998
780 0.7019999999999998
781 0.7067999999999998
782 0.7119999999999997
783 0.7159999999999997
784 0.7207999999999999
785 0.7240000000000001
786 0.7284
787 0.7275999999999999
788 0.7275999999999999
789 0.7255999999999999
790 0.7215999999999998
791 0.7187999999999998
792 0.7175999999999998
793 0.7151999999999998
794 0.7123999999999998
795 0.7083999999999999
796 0.7056
797 0.7016
798 0.6991999999999998
799 0.6964
800 0.6936000000000001
801 0.6904000000000002
802 0.688
803 0.6955999999999999
804 0.6976000000000002
805 0.7036000000000001
806 0.7096000000000001
807 0.7155999999999999
808 0.7224
809 0.7268000000000002
810 0.7295999999999999
811 0.732
812 0.7308
813 0.73
814 0.7284
815 0.7252
816 0.7235999999999998
817 0.7223999999999998
818 0.7212
819 0.7171999999999998
820 0.7151999999999998
821 0.7119999999999999
822 0.7083999999999999
823 0.7075999999999999
824 0.7067999999999999
825 0.7067999999999999
826 0.7080000000000001
827 0.7099999999999999
828 0.7155999999999999
829 0.7235999999999998
830 0.7267999999999999
831 0.73
832 0.7343999999999998
833 0.7400000000000001
834 0.7428000000000003
835 0.7424000000000003
836 0.7408000000000001
837 0.7392000000000002
838 0.7388000000000001
839 0.7356
840 0.732
841 0.7304
842 0.7268000000000001
843 0.7240000000000001
844 0.7212
845 0.7188
846 0.7152000000000001
847 0.7112
848 0.7084000000000001
849 0.7072000000000002
850 0.7076000000000002
851 0.7100000000000002
852 0.7124000000000001
853 0.7124000000000001
854 0.7163999999999998
855 0.7215999999999998
856 0.7247999999999999
857 0.7291999999999998
858 0.7319999999999999
859 0.7315999999999999
860 0.7324
861 0.7300000000000001
862 0.7280000000000002
863 0.7252000000000001
864 0.7232000000000001
865 0.7199999999999999
866 0.7171999999999998
867 0.7152
868 0.7127999999999999
869 0.7111999999999999
870 0.7083999999999999
871 0.7063999999999999
872 0.7051999999999999
873 0.7047999999999999
874 0.7047999999999999
875 0.7067999999999998
876 0.7067999999999999
877 0.7124000000000001
878 0.7188
879 0.7227999999999999
880 0.7271999999999998
881 0.7332
882 0.7356
883 0.7352000000000001
884 0.7340000000000001
885 0.7291999999999998
886 0.7292000000000001
887 0.7255999999999999
888 0.7239999999999999
889 0.7191999999999998
890 0.7168000000000001
891 0.714
892 0.7111999999999999
893 0.7084
894 0.7048000000000001
895 0.7032
896 0.7003999999999999
897 0.6976
898 0.6976
899 0.6992
900 0.7051999999999998
901 0.7115999999999998
902 0.7175999999999998
903 0.7207999999999999
904 0.7227999999999999
905 0.7288
906 0.7288000000000001
907 0.7296
908 0.7292000000000003
909 0.7308000000000001
910 0.7276
911 0.7252
912 0.7208
913 0.7172
914 0.7143999999999999
915 0.7103999999999999
916 0.7075999999999999
917 0.704
918 0.7019999999999998
919 0.7015999999999998
920 0.7011999999999999
921 0.7015999999999998
922 0.7031999999999999
923 0.7044
924 0.7067999999999998
925 0.7095999999999999
926 0.7176000000000003
927 0.7224000000000003
928 0.7304
929 0.7356000000000001
930 0.7368000000000001
931 0.7376000000000001
932 0.7368000000000001
933 0.7360000000000002
934 0.7328
935 0.7340000000000001
936 0.7292000000000001
937 0.7239999999999999
938 0.7216
939 0.7164000000000001
940 0.7140000000000001
941 0.7112
942 0.7092
943 0.706
944 0.7008
945 0.6964
946 0.6963999999999999
947 0.698
948 0.7003999999999999
949 0.7035999999999999
950 0.7047999999999998
951 0.7099999999999999
952 0.7143999999999998
953 0.7199999999999998
954 0.7239999999999999
955 0.7248000000000002
956 0.7240000000000001
957 0.72
958 0.7183999999999999
959 0.7155999999999999
960 0.714
961 0.7123999999999999
962 0.7108
963 0.7095999999999999
964 0.7040000000000001
965 0.6992000000000002
966 0.6952000000000003
967 0.6940000000000002
968 0.6912000000000001
969 0.6876000000000001
970 0.684
971 0.6836
972 0.6884
973 0.6952000000000002
974 0.6996000000000001
975 0.7032
976 0.7048000000000002
977 0.7060000000000001
978 0.7080000000000001
979 0.7095999999999999
980 0.7088
981 0.7071999999999999
982 0.7068000000000001
983 0.704
984 0.7003999999999999
985 0.6988
986 0.6968000000000001
987 0.6920000000000001
988 0.6880000000000002
989 0.6843999999999998
990 0.6831999999999998
991 0.6819999999999997
992 0.6827999999999997
993 0.6791999999999999
994 0.6767999999999997
995 0.6779999999999998
996 0.6835999999999999
997 0.6864
998 0.6891999999999999
999 0.6955999999999999
1000 0.7007999999999996
1001 0.7035999999999997
1002 0.7043999999999997
1003 0.7075999999999997
1004 0.7075999999999997
1005 0.7071999999999996
1006 0.7051999999999997
1007 0.7015999999999998
1008 0.6983999999999998
1009 0.6967999999999998
1010 0.6915999999999998
1011 0.6875999999999999
1012 0.6851999999999998
1013 0.6827999999999999
1014 0.6792
1015 0.6756
1016 0.6731999999999999
1017 0.672
1018 0.6724
1019 0.6736
1020 0.6755999999999999
1021 0.6799999999999997
1022 0.6843999999999998
1023 0.6916
1024 0.698
1025 0.7031999999999999
1026 0.7048000000000001
1027 0.708
1028 0.7080000000000001
1029 0.7060000000000001
1030 0.7024000000000001
1031 0.6968000000000001
1032 0.6956
1033 0.6911999999999999
1034 0.6883999999999999
1035 0.6847999999999999
1036 0.6803999999999999
1037 0.6783999999999999
1038 0.6763999999999999
1039 0.6747999999999998
1040 0.6723999999999998
1041 0.6691999999999999
1042 0.6691999999999999
1043 0.6723999999999998
1044 0.6768
1045 0.6827999999999997
1046 0.6935999999999999
1047 0.7008000000000001
1048 0.7060000000000002
1049 0.7100000000000003
1050 0.7144000000000004
1051 0.7164000000000003
1052 0.7176000000000002
1053 0.7132000000000002
1054 0.7116000000000002
1055 0.7084000000000001
1056 0.7040000000000001
1057 0.7012
1058 0.6972
1059 0.6924000000000001
1060 0.6900000000000002
1061 0.6876000000000002
1062 0.6844000000000001
1063 0.6836000000000001
1064 0.6832000000000003
1065 0.6812000000000001
1066 0.68
1067 0.6808
1068 0.6896
1069 0.6932
1070 0.6988
1071 0.7016
1072 0.7051999999999998
1073 0.7096000000000001
1074 0.7160000000000001
1075 0.7172
1076 0.7160000000000001
1077 0.7156000000000001
1078 0.7140000000000001
1079 0.7116000000000001
1080 0.7092
1081 0.7051999999999999
1082 0.7012
1083 0.6968
1084 0.6952000000000002
1085 0.6936000000000001
1086 0.6908000000000003
1087 0.6892000000000003
1088 0.6876000000000002
1089 0.6856000000000003
1090 0.6876000000000001
1091 0.6908
1092 0.6920000000000001
1093 0.6939999999999997
1094 0.7015999999999998
1095 0.7019999999999998
1096 0.7095999999999999
1097 0.7136000000000001
1098 0.7188
1099 0.7187999999999998
1100 0.7171999999999998
1101 0.7155999999999998
1102 0.7123999999999999
1103 0.7095999999999998
1104 0.7063999999999999
1105 0.7048000000000001
1106 0.6995999999999998
1107 0.6971999999999998
1108 0.694
1109 0.6915999999999998
1110 0.6895999999999997
1111 0.6875999999999998
1112 0.6851999999999999
1113 0.6835999999999999
1114 0.6839999999999999
1115 0.6840000000000002
1116 0.6892
1117 0.6916
1118 0.6992
1119 0.7031999999999999
1120 0.7103999999999999
1121 0.7156
1122 0.72
1123 0.7203999999999999
1124 0.7188000000000001
1125 0.716
1126 0.7119999999999999
1127 0.7095999999999999
1128 0.7075999999999999
1129 0.7063999999999999
1130 0.7051999999999998
1131 0.7008
1132 0.6976
1133 0.6944000000000001
1134 0.6908000000000001
1135 0.6896000000000001
1136 0.6884000000000001
1137 0.6848000000000001
1138 0.6856
1139 0.6856
1140 0.6892000000000001
1141 0.6912
1142 0.6920000000000002
1143 0.6920000000000002
1144 0.6980000000000003
1145 0.7020000000000001
1146 0.7092000000000002
1147 0.7092000000000002
1148 0.7096000000000001
1149 0.7092
1150 0.7051999999999999
1151 0.7
1152 0.6960000000000002
1153 0.6956000000000002
1154 0.6912
1155 0.6892
1156 0.6848000000000001
1157 0.6832
1158 0.6796000000000001
1159 0.6772
1160 0.6744000000000001
1161 0.6688
1162 0.6688000000000001
1163 0.6716
1164 0.6759999999999998
1165 0.6787999999999998
1166 0.6843999999999998
1167 0.6871999999999998
1168 0.694
1169 0.7003999999999999
1170 0.7044
1171 0.7075999999999999
1172 0.7088
1173 0.7051999999999998
1174 0.7043999999999998
1175 0.7027999999999999
1176 0.6972
1177 0.6936
1178 0.6916
1179 0.6896000000000001
1180 0.6844
1181 0.6808
1182 0.6783999999999999
1183 0.6756
1184 0.672
1185 0.6712
1186 0.6728000000000001
1187 0.6751999999999999
1188 0.6796
1189 0.6872
1190 0.6908
1191 0.6975999999999998
1192 0.7023999999999999
1193 0.7071999999999999
1194 0.7111999999999999
1195 0.7148
1196 0.7176
1197 0.716
1198 0.7128
1199 0.7116
1200 0.7091999999999998
1201 0.7036
1202 0.7023999999999999
1203 0.698
1204 0.6936
1205 0.6896
1206 0.6868
1207 0.6859999999999999
1208 0.6819999999999999
1209 0.6792
1210 0.6775999999999999
1211 0.6779999999999999
1212 0.6819999999999999
1213 0.6839999999999999
1214 0.6848000000000001
1215 0.6920000000000002
1216 0.6968000000000001
1217 0.7035999999999999
1218 0.7087999999999997
1219 0.7116
1220 0.7132000000000001
1221 0.7143999999999999
1222 0.7128
1223 0.71
1224 0.7076
1225 0.7044
1226 0.7020000000000001
1227 0.698
1228 0.6947999999999999
1229 0.6916
1230 0.6879999999999998
1231 0.6851999999999998
1232 0.6851999999999999
1233 0.6839999999999999
1234 0.6851999999999998
1235 0.6855999999999999
1236 0.6887999999999999
1237 0.694
1238 0.7
1239 0.7064
1240 0.7076
1241 0.7120000000000001
1242 0.7168000000000002
1243 0.7176000000000003
1244 0.7144000000000001
1245 0.7140000000000001
1246 0.7100000000000002
1247 0.7071999999999999
1248 0.7031999999999999
1249 0.7011999999999999
1250 0.698
1251 0.696
1252 0.6947999999999999
1253 0.6931999999999999
1254 0.6907999999999999
1255 0.6864
1256 0.6836
1257 0.6828
1258 0.6808000000000001
1259 0.6780000000000002
1260 0.6784
1261 0.6856
1262 0.69
1263 0.698
1264 0.7024000000000001
1265 0.7072000000000002
1266 0.7143999999999999
1267 0.714
1268 0.71
1269 0.7064
1270 0.7060000000000001
1271 0.7036
1272 0.7028
1273 0.6988000000000001
1274 0.6952000000000002
1275 0.6916000000000001
1276 0.6892
1277 0.6856000000000002
1278 0.6840000000000002
1279 0.6820000000000002
1280 0.6796000000000001
1281 0.6776000000000002
1282 0.6752000000000001
1283 0.6748000000000001
1284 0.6740000000000002
1285 0.6776000000000001
1286 0.6835999999999999
1287 0.6888
1288 0.6928
1289 0.6968
1290 0.6992
1291 0.7004
1292 0.6988
1293 0.6971999999999997
1294 0.6943999999999997
1295 0.6943999999999998
1296 0.6927999999999999
1297 0.6907999999999999
1298 0.6883999999999999
1299 0.6859999999999999
1300 0.6823999999999998
1301 0.6796
1302 0.6771999999999998
1303 0.6744
1304 0.672
1305 0.6716
1306 0.6719999999999999
1307 0.6744
1308 0.6779999999999999
1309 0.6796
1310 0.6855999999999999
1311 0.6892
1312 0.6964
1313 0.7016
1314 0.7023999999999999
1315 0.7011999999999997
1316 0.7015999999999998
1317 0.7011999999999999
1318 0.6987999999999999
1319 0.6955999999999998
1320 0.6951999999999997
1321 0.6915999999999998
1322 0.6895999999999998
1323 0.6851999999999998
1324 0.6807999999999998
1325 0.6779999999999999
1326 0.6755999999999999
1327 0.6732
1328 0.6680000000000001
1329 0.6664000000000001
1330 0.6656000000000002
1331 0.6688000000000003
1332 0.6720000000000002
1333 0.6780000000000002
1334 0.6836000000000003
1335 0.6888000000000002
1336 0.6923999999999999
1337 0.6956000000000002
1338 0.704
1339 0.7043999999999998
1340 0.7075999999999999
1341 0.7076
1342 0.7063999999999999
1343 0.7028
1344 0.6996000000000001
1345 0.6976
1346 0.6936000000000001
1347 0.6891999999999999
1348 0.6831999999999999
1349 0.68
1350 0.6779999999999999
1351 0.6756
1352 0.672
1353 0.6680000000000001
1354 0.6676000000000001
1355 0.6683999999999999
1356 0.6731999999999999
1357 0.6768
1358 0.6807999999999998
1359 0.6840000000000002
1360 0.6924000000000001
1361 0.6968000000000001
1362 0.6964
1363 0.6996000000000001
1364 0.7003999999999999
1365 0.6988
1366 0.6955999999999999
1367 0.6948000000000001
1368 0.6928
1369 0.6876000000000001
1370 0.6844000000000001
1371 0.6820000000000002
1372 0.6784000000000002
1373 0.6768000000000001
1374 0.6751999999999999
1375 0.6716000000000001
1376 0.6672
1377 0.6636
1378 0.662
1379 0.662
1380 0.6668000000000001
1381 0.67
1382 0.6751999999999999
1383 0.6816
1384 0.6851999999999999
1385 0.6888000000000001
1386 0.6924000000000001
1387 0.6944
1388 0.6979999999999998
1389 0.6944
1390 0.6936
1391 0.6931999999999999
1392 0.6920000000000001
1393 0.69
1394 0.6863999999999999
1395 0.6836
1396 0.6783999999999999
1397 0.6747999999999998
1398 0.6727999999999998
1399 0.6712
1400 0.6684
1401 0.6668000000000001
1402 0.6648000000000001
1403 0.6632000000000001
1404 0.666
1405 0.6700000000000002
1406 0.674
1407 0.6847999999999999
1408 0.6884
1409 0.694
1410 0.6988
1411 0.7003999999999999
1412 0.6995999999999999
1413 0.698
1414 0.694
1415 0.6931999999999999
1416 0.6887999999999999
1417 0.6839999999999999
1418 0.6803999999999998
1419 0.6771999999999998
1420 0.6739999999999999
1421 0.6719999999999999
1422 0.6699999999999998
1423 0.6679999999999998
1424 0.6648
1425 0.6607999999999998
1426 0.6615999999999999
1427 0.6631999999999999
1428 0.6680000000000001
1429 0.6728000000000001
1430 0.6783999999999999
1431 0.6848000000000001
1432 0.6943999999999998
1433 0.7008
1434 0.7048000000000001
1435 0.7063999999999999
1436 0.7075999999999999
1437 0.7063999999999997
1438 0.7027999999999998
1439 0.7003999999999999
1440 0.6948000000000001
1441 0.6931999999999999
1442 0.6903999999999999
1443 0.6868
1444 0.684
1445 0.6816
1446 0.6791999999999999
1447 0.6747999999999998
1448 0.67
1449 0.6672
1450 0.6671999999999998
1451 0.6679999999999998
1452 0.6671999999999998
1453 0.6724
1454 0.6791999999999999
1455 0.6831999999999999
1456 0.6924000000000001
1457 0.7024000000000001
1458 0.706
1459 0.7063999999999999
1460 0.706
1461 0.7028
1462 0.6980000000000001
1463 0.6968000000000001
1464 0.6923999999999999
1465 0.6888000000000001
1466 0.6852000000000001
1467 0.6816
1468 0.6772
1469 0.674
1470 0.6724
1471 0.6699999999999998
1472 0.6691999999999999
1473 0.6679999999999997
1474 0.6679999999999997
1475 0.6723999999999997
1476 0.6743999999999997
1477 0.6811999999999999
1478 0.6864
1479 0.6903999999999999
1480 0.6956
1481 0.7008
1482 0.7052
1483 0.7060000000000001
1484 0.7068000000000002
1485 0.7052000000000003
1486 0.7032
1487 0.7000000000000002
1488 0.6972000000000002
1489 0.6952000000000002
1490 0.6920000000000001
1491 0.6892000000000001
1492 0.686
1493 0.6816000000000001
1494 0.6756
1495 0.6731999999999999
1496 0.6703999999999999
1497 0.6684
1498 0.6684
1499 0.6688
1500 0.6716000000000001
1501 0.6772000000000002
1502 0.6828000000000002
1503 0.6856000000000002
1504 0.6892000000000001
1505 0.6960000000000001
1506 0.6972000000000002
1507 0.6968000000000002
1508 0.6972000000000003
1509 0.6948000000000001
1510 0.6920000000000001
1511 0.6896
1512 0.688
1513 0.6851999999999999
1514 0.6808
1515 0.6764000000000001
1516 0.6748000000000001
1517 0.6696000000000002
1518 0.6684000000000002
1519 0.6664000000000001
1520 0.6624000000000001
1521 0.6596000000000001
1522 0.6616
1523 0.6648000000000001
1524 0.664
1525 0.6692
1526 0.6768000000000001
1527 0.6796000000000001
1528 0.6848000000000001
1529 0.6892
1530 0.6928000000000002
1531 0.694
1532 0.6940000000000001
1533 0.694
1534 0.6908
1535 0.6875999999999999
1536 0.6848000000000001
1537 0.684
1538 0.6811999999999999
1539 0.6739999999999999
1540 0.6696
1541 0.6664
1542 0.6636
1543 0.6596
1544 0.6572
1545 0.6532000000000001
1546 0.6488
1547 0.6524
1548 0.6548
1549 0.66
1550 0.6683999999999999
1551 0.6699999999999998
1552 0.6747999999999998
1553 0.6831999999999998
1554 0.6843999999999998
1555 0.6831999999999998
1556 0.6839999999999999
1557 0.6831999999999999
1558 0.6816
1559 0.6776000000000001
1560 0.6752000000000001
1561 0.6716000000000001
1562 0.6676000000000001
1563 0.6639999999999999
1564 0.6615999999999999
1565 0.6587999999999998
1566 0.6587999999999998
1567 0.6571999999999999
1568 0.6552
1569 0.6531999999999999
1570 0.6519999999999999
1571 0.6552000000000001
1572 0.6644
1573 0.6652
1574 0.6684
1575 0.6751999999999999
1576 0.6791999999999999
1577 0.6851999999999999
1578 0.688
1579 0.6908
1580 0.6916
1581 0.6931999999999999
1582 0.6916
1583 0.6884
1584 0.6868
1585 0.6827999999999999
1586 0.6779999999999999
1587 0.6748000000000001
1588 0.6732
1589 0.67
1590 0.6672
1591 0.6644
1592 0.6628000000000001
1593 0.6616
1594 0.662
1595 0.6652
1596 0.6696
1597 0.6724
1598 0.68
1599 0.6863999999999999
1600 0.6931999999999999
1601 0.6991999999999998
1602 0.7031999999999999
1603 0.7047999999999999
1604 0.7044000000000001
1605 0.7024000000000001
1606 0.7012
1607 0.6992
1608 0.6944
1609 0.6931999999999999
1610 0.6892
1611 0.6868
1612 0.6831999999999999
1613 0.68
1614 0.6751999999999999
1615 0.6736
1616 0.6724000000000001
1617 0.6708
1618 0.6680000000000001
1619 0.6696000000000001
1620 0.6712
1621 0.6756
1622 0.6779999999999998
1623 0.6828
1624 0.6896
1625 0.6948000000000001
1626 0.6983999999999999
1627 0.6976
1628 0.6975999999999999
1629 0.6939999999999997
1630 0.6931999999999998
1631 0.6887999999999996
1632 0.6855999999999998
1633 0.6819999999999999
1634 0.6767999999999997
1635 0.6735999999999995
1636 0.6683999999999998
1637 0.6648
1638 0.6635999999999999
1639 0.6591999999999999
1640 0.6571999999999999
1641 0.6559999999999999
1642 0.6552
1643 0.6556000000000001
1644 0.6607999999999998
1645 0.6647999999999997
1646 0.6744
1647 0.6796
1648 0.6851999999999998
1649 0.69
1650 0.6928000000000002
1651 0.6951999999999999
1652 0.6951999999999999
1653 0.6920000000000001
1654 0.6916000000000001
1655 0.6892
1656 0.6864
1657 0.6836
1658 0.6796000000000001
1659 0.6776000000000002
1660 0.6748000000000002
1661 0.674
1662 0.674
1663 0.6732
1664 0.67
1665 0.67
1666 0.6711999999999999
1667 0.6712
1668 0.674
1669 0.6776000000000001
1670 0.6804000000000001
1671 0.688
1672 0.6920000000000001
1673 0.6980000000000003
1674 0.7020000000000001
1675 0.708
1676 0.7068000000000001
1677 0.7072000000000002
1678 0.7056000000000001
1679 0.7036000000000001
1680 0.7008000000000001
1681 0.6972000000000002
1682 0.6916
1683 0.6852000000000001
1684 0.682
1685 0.6772000000000001
1686 0.674
1687 0.6688000000000001
1688 0.666
1689 0.6636
1690 0.6632000000000001
1691 0.6632000000000002
1692 0.6659999999999999
1693 0.6692
1694 0.6732
1695 0.6808
1696 0.6868
1697 0.6912
1698 0.6944000000000001
1699 0.6980000000000001
1700 0.6968000000000001
1701 0.6928000000000002
1702 0.6904000000000002
1703 0.686
1704 0.6836000000000001
1705 0.6764000000000003
1706 0.6712000000000002
1707 0.6692000000000004
1708 0.6656
1709 0.6644
1710 0.6596
1711 0.6564
1712 0.6552000000000001
1713 0.6544000000000001
1714 0.652
1715 0.6536
1716 0.6584
1717 0.6632000000000001
1718 0.6692
1719 0.6764
1720 0.6816000000000001
1721 0.684
1722 0.6884
1723 0.6908
1724 0.6911999999999999
1725 0.6899999999999998
1726 0.6883999999999999
1727 0.6856
1728 0.6823999999999999
1729 0.6816
1730 0.6764
1731 0.6736
1732 0.6688
1733 0.6652
1734 0.6631999999999998
1735 0.6599999999999998
1736 0.6563999999999999
1737 0.6547999999999999
1738 0.652
1739 0.6511999999999999
1740 0.6535999999999998
1741 0.6615999999999996
1742 0.6663999999999999
1743 0.6724
1744 0.6783999999999999
1745 0.6843999999999998
1746 0.6851999999999998
1747 0.688
1748 0.6907999999999999
1749 0.6875999999999999
1750 0.6859999999999999
1751 0.6839999999999997
1752 0.6819999999999997
1753 0.6787999999999996
1754 0.6767999999999996
1755 0.6739999999999998
1756 0.6707999999999998
1757 0.6671999999999998
1758 0.6659999999999999
1759 0.6644
1760 0.662
1761 0.6591999999999999
1762 0.6587999999999998
1763 0.6628000000000001
1764 0.6684
1765 0.6728000000000001
1766 0.6771999999999998
1767 0.6819999999999999
1768 0.6864
1769 0.6931999999999999
1770 0.6992
1771 0.7028
1772 0.7032
1773 0.7036
1774 0.7044
1775 0.7020000000000001
1776 0.7016
1777 0.6995999999999999
1778 0.6948000000000001
1779 0.6928
1780 0.6884
1781 0.6832
1782 0.6788000000000001
1783 0.6764000000000001
1784 0.6736000000000001
1785 0.6716000000000001
1786 0.6696000000000001
1787 0.6728000000000001
1788 0.6804000000000001
1789 0.6871999999999998
1790 0.6931999999999999
1791 0.6963999999999997
1792 0.6999999999999997
1793 0.7076
1794 0.7104
1795 0.7124000000000001
1796 0.71
1797 0.7068000000000001
1798 0.7028000000000002
1799 0.6960000000000001
1800 0.6928
1801 0.6883999999999999
1802 0.6844
1803 0.6808
1804 0.6792
1805 0.6751999999999999
1806 0.674
1807 0.6716
1808 0.6696
1809 0.6667999999999998
1810 0.6659999999999999
1811 0.6688000000000001
1812 0.6716
1813 0.6735999999999999
1814 0.6796
1815 0.6828
1816 0.6879999999999998
1817 0.6928000000000002
1818 0.6972000000000002
1819 0.6980000000000001
1820 0.698
1821 0.6944
1822 0.6908
1823 0.688
1824 0.6868
1825 0.6808
1826 0.6788
1827 0.6764
1828 0.6723999999999998
1829 0.6691999999999999
1830 0.6643999999999999
1831 0.6611999999999999
1832 0.6567999999999999
1833 0.6555999999999998
1834 0.6552
1835 0.6559999999999999
1836 0.6583999999999999
1837 0.6648000000000001
1838 0.6728000000000001
1839 0.6783999999999998
1840 0.6827999999999997
1841 0.6875999999999997
1842 0.6919999999999998
1843 0.6935999999999999
1844 0.6943999999999998
1845 0.6931999999999998
1846 0.6908
1847 0.688
1848 0.684
1849 0.6796000000000001
1850 0.676
1851 0.6728000000000002
1852 0.6708000000000002
1853 0.6684000000000002
1854 0.6648000000000002
1855 0.6607999999999999
1856 0.6576
1857 0.6544000000000001
1858 0.654
1859 0.6556000000000001
1860 0.66
1861 0.6656
1862 0.6696
1863 0.6743999999999999
1864 0.6799999999999997
1865 0.6835999999999999
1866 0.6859999999999999
1867 0.6875999999999999
1868 0.6872000000000001
1869 0.6831999999999999
1870 0.6828
1871 0.6811999999999999
1872 0.6768
1873 0.6739999999999998
1874 0.6699999999999998
1875 0.6668000000000001
1876 0.6631999999999999
1877 0.6607999999999998
1878 0.6567999999999999
1879 0.6559999999999999
1880 0.6539999999999999
1881 0.6532000000000001
1882 0.6532000000000001
1883 0.6556000000000001
1884 0.6572
1885 0.6592
1886 0.6639999999999999
1887 0.6731999999999999
1888 0.6755999999999999
1889 0.6775999999999999
1890 0.6815999999999999
1891 0.6855999999999999
1892 0.6839999999999999
1893 0.6819999999999999
1894 0.6779999999999999
1895 0.6776000000000001
1896 0.676
1897 0.6724
1898 0.6692
1899 0.6663999999999999
1900 0.6624
1901 0.6579999999999998
1902 0.6552
1903 0.6511999999999999
1904 0.6512
1905 0.6496000000000001
1906 0.6484000000000001
1907 0.6507999999999999
1908 0.6552
1909 0.6619999999999999
1910 0.6679999999999999
1911 0.6744000000000001
1912 0.6796
1913 0.6855999999999999
1914 0.6875999999999998
1915 0.6903999999999998
1916 0.6891999999999999
1917 0.6867999999999996
1918 0.6831999999999997
1919 0.6795999999999998
1920 0.6751999999999997
1921 0.6727999999999998
1922 0.6683999999999999
1923 0.6671999999999997
1924 0.6623999999999998
1925 0.6591999999999999
1926 0.6563999999999999
1927 0.6535999999999998
1928 0.6503999999999999
1929 0.6487999999999999
1930 0.6492
1931 0.6503999999999999
1932 0.6544000000000001
1933 0.6600000000000001
1934 0.6676000000000002
1935 0.6739999999999999
1936 0.6816000000000001
1937 0.6828000000000002
1938 0.6892
1939 0.6903999999999999
1940 0.6908
1941 0.69
1942 0.6883999999999999
1943 0.6839999999999999
1944 0.6812
1945 0.6776000000000001
1946 0.6751999999999999
1947 0.6696
1948 0.6648000000000001
1949 0.6607999999999999
1950 0.6556000000000002
1951 0.6532000000000001
1952 0.6504000000000001
1953 0.6487999999999999
1954 0.6467999999999999
1955 0.6515999999999998
1956 0.6547999999999999
1957 0.6616
1958 0.6668000000000001
1959 0.6712
1960 0.6736
1961 0.6788
1962 0.6816
1963 0.6827999999999999
1964 0.6836
1965 0.682
1966 0.6768000000000001
1967 0.6724
1968 0.6692
1969 0.6652000000000001
1970 0.6612
1971 0.6568000000000002
1972 0.6556000000000002
1973 0.6532000000000001
1974 0.6508000000000002
1975 0.6448
1976 0.6455999999999998
1977 0.6411999999999999
1978 0.6411999999999999
1979 0.6419999999999999
1980 0.648
1981 0.6559999999999999
1982 0.6624
1983 0.6672000000000001
1984 0.6731999999999999
1985 0.6783999999999999
1986 0.6828
1987 0.6864
1988 0.6836000000000001
1989 0.6800000000000002
1990 0.6772000000000001
1991 0.6751999999999999
1992 0.6728000000000001
1993 0.6696
1994 0.6655999999999999
1995 0.6619999999999999
1996 0.6583999999999999
1997 0.6556000000000001
1998 0.6536000000000002
1999 0.6503999999999999
