1 1.0
2 1.0
3 1.0
4 0.9992
5 0.9992
6 0.9967999999999999
7 0.9944
8 0.9936
9 0.9915999999999999
10 0.9911999999999999
11 0.9908
12 0.9892
13 0.9887999999999999
14 0.9875999999999999
15 0.986
16 0.9852
17 0.9848
18 0.9848
19 0.9844000000000002
20 0.9836
21 0.9828
22 0.9828
23 0.9808
24 0.98
25 0.98
26 0.9795999999999999
27 0.9788000000000001
28 0.9788000000000001
29 0.9775999999999999
30 0.9775999999999999
31 0.9772
32 0.9767999999999999
33 0.9767999999999999
34 0.9763999999999998
35 0.9763999999999998
36 0.9759999999999998
37 0.9759999999999998
38 0.9755999999999999
39 0.9755999999999999
40 0.9755999999999999
41 0.9735999999999997
42 0.9735999999999997
43 0.9735999999999997
44 0.9735999999999997
45 0.9723999999999997
46 0.9719999999999996
47 0.9715999999999997
48 0.9707999999999996
49 0.9707999999999996
50 0.9703999999999996
51 0.9703999999999996
52 0.9699999999999995
53 0.9699999999999995
54 0.9695999999999997
55 0.9695999999999997
56 0.9695999999999997
57 0.9687999999999997
58 0.9683999999999996
59 0.9671999999999996
60 0.9671999999999996
61 0.9667999999999997
62 0.9663999999999996
63 0.9655999999999996
64 0.9655999999999996
65 0.9655999999999996
66 0.9651999999999997
67 0.9651999999999997
68 0.9651999999999997
69 0.9647999999999998
70 0.9647999999999998
71 0.9647999999999998
72 0.9647999999999998
73 0.9643999999999997
74 0.9643999999999997
75 0.9639999999999996
76 0.9635999999999997
77 0.9635999999999997
78 0.9631999999999996
79 0.9631999999999996
80 0.9631999999999996
81 0.9631999999999996
82 0.9627999999999998
83 0.9623999999999997
84 0.9623999999999997
85 0.9623999999999997
86 0.9623999999999997
87 0.9619999999999997
88 0.9611999999999997
89 0.9611999999999997
90 0.9603999999999998
91 0.9587999999999997
92 0.9587999999999997
93 0.9579999999999997
94 0.9579999999999997
95 0.9579999999999997
96 0.9567999999999997
97 0.9567999999999997
98 0.9567999999999997
99 0.9563999999999996
100 0.9563999999999996
101 0.9563999999999996
102 0.9551999999999995
103 0.9543999999999996
104 0.9539999999999995
105 0.9515999999999996
106 0.9515999999999996
107 0.9511999999999996
108 0.9499999999999996
109 0.9495999999999996
110 0.9487999999999995
111 0.9483999999999995
112 0.9459999999999995
113 0.9455999999999996
114 0.9455999999999996
115 0.9455999999999996
116 0.9439999999999995
117 0.9435999999999996
118 0.9435999999999996
119 0.9431999999999995
120 0.9415999999999995
121 0.9415999999999995
122 0.9415999999999995
123 0.9407999999999995
124 0.9403999999999997
125 0.9403999999999997
126 0.9395999999999997
127 0.9395999999999997
128 0.9387999999999995
129 0.9387999999999995
130 0.9379999999999994
131 0.9367999999999995
132 0.9363999999999996
133 0.9355999999999995
134 0.9355999999999995
135 0.9351999999999996
136 0.9335999999999995
137 0.9323999999999997
138 0.9303999999999997
139 0.9291999999999995
140 0.9291999999999995
141 0.9283999999999994
142 0.9271999999999996
143 0.9263999999999996
144 0.9251999999999997
145 0.9243999999999997
146 0.9243999999999997
147 0.9235999999999998
148 0.9219999999999997
149 0.9215999999999999
150 0.9215999999999999
151 0.9211999999999999
152 0.9203999999999998
153 0.9203999999999998
154 0.9203999999999998
155 0.9199999999999998
156 0.9199999999999998
157 0.9199999999999998
158 0.9195999999999998
159 0.9187999999999998
160 0.9183999999999998
161 0.9175999999999997
162 0.9159999999999997
163 0.9155999999999997
164 0.9151999999999997
165 0.9143999999999997
166 0.9127999999999997
167 0.9119999999999997
168 0.9103999999999998
169 0.9099999999999997
170 0.9095999999999997
171 0.9095999999999997
172 0.9087999999999998
173 0.9079999999999998
174 0.9067999999999998
175 0.9051999999999998
176 0.9043999999999999
177 0.9027999999999998
178 0.9023999999999998
179 0.9015999999999998
180 0.9011999999999999
181 0.8999999999999997
182 0.8995999999999998
183 0.8987999999999998
184 0.8983999999999998
185 0.8979999999999997
186 0.8979999999999997
187 0.8967999999999998
188 0.8967999999999998
189 0.8967999999999998
190 0.8963999999999999
191 0.8952
192 0.8947999999999999
193 0.8935999999999998
194 0.8927999999999998
195 0.8919999999999999
196 0.8911999999999999
197 0.8907999999999998
198 0.8891999999999999
199 0.8887999999999998
200 0.8883999999999997
201 0.8864
202 0.8856
203 0.8856
204 0.8848
205 0.8844
206 0.8835999999999999
207 0.8828
208 0.8812000000000001
209 0.88
210 0.88
211 0.88
212 0.8796
213 0.8796
214 0.8772000000000001
215 0.8760000000000001
216 0.8760000000000001
217 0.8752000000000001
218 0.8748000000000001
219 0.8736000000000003
220 0.8732000000000002
221 0.8720000000000003
222 0.8708000000000002
223 0.8704000000000002
224 0.8700000000000001
225 0.8700000000000001
226 0.8696000000000003
227 0.8692000000000002
228 0.8692000000000002
229 0.8688000000000001
230 0.8684000000000002
231 0.8676
232 0.8676
233 0.8664000000000001
234 0.8664000000000001
235 0.8664000000000001
236 0.8648
237 0.8644
238 0.8628
239 0.8616000000000001
240 0.8608000000000001
241 0.8608000000000001
242 0.8600000000000001
243 0.8592
244 0.8584
245 0.8576
246 0.8563999999999998
247 0.8555999999999999
248 0.8555999999999999
249 0.8543999999999998
250 0.852
251 0.8515999999999999
252 0.8512000000000001
253 0.8503999999999999
254 0.8495999999999999
255 0.8495999999999999
256 0.8488
257 0.8483999999999999
258 0.8475999999999999
259 0.8471999999999998
260 0.8471999999999998
261 0.8459999999999998
262 0.8451999999999998
263 0.8443999999999998
264 0.8439999999999998
265 0.8439999999999998
266 0.8427999999999999
267 0.8427999999999999
268 0.8416
269 0.8412
270 0.8408
271 0.84
272 0.8392000000000001
273 0.8388
274 0.8384
275 0.8384
276 0.8375999999999999
277 0.8367999999999999
278 0.8367999999999999
279 0.8364
280 0.8348
281 0.8348
282 0.8336
283 0.8331999999999999
284 0.8319999999999999
285 0.8312
286 0.8304
287 0.8292
288 0.8280000000000001
289 0.8272000000000002
290 0.8268000000000001
291 0.8256000000000001
292 0.8252000000000002
293 0.8248000000000002
294 0.8236000000000001
295 0.8236000000000001
296 0.8232000000000003
297 0.8220000000000002
298 0.8208000000000001
299 0.8196000000000001
300 0.8184
301 0.8180000000000001
302 0.8176000000000001
303 0.8176000000000001
304 0.8172000000000001
305 0.8164
306 0.8156
307 0.8151999999999999
308 0.8140000000000001
309 0.8136000000000001
310 0.8116000000000002
311 0.8108000000000003
312 0.8100000000000003
313 0.8100000000000003
314 0.8100000000000003
315 0.8096000000000002
316 0.8092000000000001
317 0.8088000000000002
318 0.8088000000000002
319 0.8084
320 0.806
321 0.8052000000000001
322 0.8052000000000001
323 0.8052000000000001
324 0.8036000000000001
325 0.8032
326 0.8032
327 0.8028
328 0.802
329 0.8012000000000001
330 0.8000000000000002
331 0.8000000000000002
332 0.7992000000000004
333 0.7992000000000004
334 0.7976000000000002
335 0.7968000000000002
336 0.7968000000000002
337 0.7968000000000002
338 0.7968000000000002
339 0.7964000000000003
340 0.7964000000000003
341 0.7952000000000001
342 0.7948000000000001
343 0.7948000000000001
344 0.7944000000000001
345 0.7944000000000001
346 0.794
347 0.7928000000000001
348 0.7924
349 0.7916
350 0.7911999999999999
351 0.7903999999999999
352 0.7895999999999997
353 0.7895999999999997
354 0.7888
355 0.7879999999999999
356 0.7872
357 0.7859999999999999
358 0.7859999999999999
359 0.7855999999999999
360 0.7847999999999999
361 0.7831999999999999
362 0.7819999999999999
363 0.7811999999999999
364 0.7807999999999999
365 0.7803999999999999
366 0.7803999999999999
367 0.7792
368 0.7792
369 0.7792
370 0.7792
371 0.7787999999999999
372 0.7784
373 0.7776000000000001
374 0.7772
375 0.7772
376 0.7768
377 0.7756000000000002
378 0.7748000000000002
379 0.7744000000000003
380 0.7744000000000003
381 0.7740000000000002
382 0.7728000000000003
383 0.7724000000000002
384 0.7704000000000002
385 0.7700000000000002
386 0.7684000000000003
387 0.7676000000000002
388 0.7676000000000002
389 0.7668000000000003
390 0.7648000000000001
391 0.7644000000000001
392 0.7636000000000002
393 0.7636000000000002
394 0.7632000000000002
395 0.7632000000000002
396 0.7624000000000002
397 0.7620000000000001
398 0.7600000000000001
399 0.7592000000000002
400 0.7592000000000002
401 0.7584000000000002
402 0.7568
403 0.7564000000000002
404 0.7552000000000001
405 0.7544000000000001
406 0.754
407 0.7523999999999998
408 0.7519999999999999
409 0.7511999999999999
410 0.7504
411 0.7495999999999999
412 0.7491999999999999
413 0.748
414 0.7475999999999999
415 0.7475999999999999
416 0.7468
417 0.7456
418 0.7444000000000002
419 0.7444000000000002
420 0.7440000000000002
421 0.7436000000000003
422 0.7436000000000003
423 0.7428000000000001
424 0.7424000000000003
425 0.7420000000000002
426 0.7416000000000001
427 0.7412000000000001
428 0.7408000000000001
429 0.7404000000000001
430 0.7396
431 0.7380000000000001
432 0.7380000000000001
433 0.7380000000000001
434 0.7380000000000001
435 0.7376
436 0.7376
437 0.7360000000000001
438 0.7352
439 0.7343999999999999
440 0.7323999999999999
441 0.732
442 0.7312000000000001
443 0.73
444 0.7292000000000001
445 0.7292000000000001
446 0.7292000000000001
447 0.728
448 0.728
449 0.7272000000000002
450 0.7272000000000002
451 0.7272000000000002
452 0.7268000000000001
453 0.7264
454 0.7252000000000001
455 0.7248
456 0.7240000000000001
457 0.7232000000000001
458 0.7228
459 0.7224
460 0.722
461 0.7204
462 0.7188000000000001
463 0.7172000000000002
464 0.7172000000000002
465 0.7160000000000002
466 0.7160000000000002
467 0.7156000000000001
468 0.7144000000000001
469 0.7136000000000001
470 0.7136000000000001
471 0.7128000000000001
472 0.7128000000000001
473 0.7124000000000001
474 0.7112000000000002
475 0.7096000000000002
476 0.7088000000000002
477 0.7080000000000003
478 0.7080000000000003
479 0.7072000000000002
480 0.7072000000000002
481 0.7060000000000002
482 0.7060000000000002
483 0.7056000000000001
484 0.7052000000000003
485 0.7052000000000003
486 0.7048000000000003
487 0.7040000000000002
488 0.7040000000000002
489 0.7032000000000003
490 0.7016000000000002
491 0.7016000000000002
492 0.7016000000000002
493 0.7004000000000002
494 0.7004000000000002
495 0.6996000000000001
496 0.6996000000000001
497 0.6976000000000002
498 0.6968000000000001
499 0.6968000000000001
500 0.6956
501 0.6952000000000002
502 0.6948000000000001
503 0.6944000000000001
504 0.6940000000000001
505 0.6940000000000001
506 0.6932
507 0.6928000000000002
508 0.6924000000000001
509 0.6920000000000002
510 0.6912000000000001
511 0.6912000000000001
512 0.6896000000000002
513 0.6896000000000002
514 0.6892000000000001
515 0.6884000000000001
516 0.6880000000000003
517 0.6872000000000003
518 0.6872000000000003
519 0.6868000000000002
520 0.6864000000000001
521 0.686
522 0.6852000000000001
523 0.6848000000000001
524 0.6836000000000001
525 0.6828000000000002
526 0.6824000000000001
527 0.682
528 0.6812
529 0.6808000000000001
530 0.6804000000000001
531 0.6792000000000001
532 0.6788000000000001
533 0.6784000000000002
534 0.6780000000000003
535 0.6780000000000003
536 0.6772000000000001
537 0.6756000000000002
538 0.6748000000000002
539 0.6748000000000002
540 0.6740000000000002
541 0.6740000000000002
542 0.6728000000000003
543 0.6712000000000004
544 0.6700000000000003
545 0.6692000000000004
546 0.6688000000000003
547 0.6688000000000003
548 0.6680000000000003
549 0.6676000000000002
550 0.6668000000000002
551 0.6660000000000003
552 0.6660000000000003
553 0.6656000000000002
554 0.6652000000000002
555 0.6648000000000002
556 0.6644000000000002
557 0.6640000000000001
558 0.6640000000000001
559 0.6628000000000003
560 0.6616000000000003
561 0.6612000000000003
562 0.6608000000000003
563 0.6608000000000003
564 0.6608000000000003
565 0.6608000000000003
566 0.6600000000000003
567 0.6592000000000003
568 0.6580000000000004
569 0.6560000000000004
570 0.6556000000000003
571 0.6552000000000002
572 0.6552000000000002
573 0.6552000000000002
574 0.6552000000000002
575 0.6552000000000002
576 0.6548000000000003
577 0.6548000000000003
578 0.6548000000000003
579 0.6544000000000003
580 0.6540000000000002
581 0.6536000000000003
582 0.6536000000000003
583 0.6536000000000003
584 0.6536000000000003
585 0.6528000000000003
586 0.6528000000000003
587 0.6516000000000003
588 0.6512000000000002
589 0.6512000000000002
590 0.6512000000000002
591 0.6512000000000002
592 0.6508000000000003
593 0.6500000000000001
594 0.6500000000000001
595 0.6496000000000002
596 0.6488
597 0.6488
598 0.6484000000000002
599 0.6484000000000002
600 0.6484000000000002
601 0.6484000000000002
602 0.6476000000000002
603 0.6476000000000002
604 0.6472000000000001
605 0.6464000000000003
606 0.6456000000000002
607 0.6456000000000002
608 0.6452000000000002
609 0.6452000000000002
610 0.6440000000000002
611 0.6424000000000002
612 0.6420000000000001
613 0.6412000000000002
614 0.6404000000000001
615 0.6404000000000001
616 0.6404000000000001
617 0.6400000000000001
618 0.6392000000000002
619 0.6384000000000001
620 0.6380000000000001
621 0.6380000000000001
622 0.6380000000000001
623 0.6372000000000001
624 0.6364000000000002
625 0.6356
626 0.6356
627 0.6352000000000001
628 0.6352000000000001
629 0.6352000000000001
630 0.6348000000000001
631 0.6344000000000001
632 0.6344000000000001
633 0.6336000000000002
634 0.6336000000000002
635 0.6332000000000001
636 0.6328
637 0.6324000000000001
638 0.6308000000000001
639 0.6300000000000001
640 0.6296000000000002
641 0.6284000000000002
642 0.6280000000000002
643 0.6276000000000002
644 0.6276000000000002
645 0.6268000000000002
646 0.6264000000000002
647 0.6260000000000001
648 0.6256000000000002
649 0.6256000000000002
650 0.6256000000000002
651 0.6244000000000002
652 0.6240000000000002
653 0.6240000000000002
654 0.6236000000000002
655 0.6236000000000002
656 0.6232000000000002
657 0.6232000000000002
658 0.6220000000000002
659 0.6212000000000002
660 0.6212000000000002
661 0.6204000000000002
662 0.6196000000000003
663 0.6184000000000002
664 0.6176000000000001
665 0.6176000000000001
666 0.6156000000000001
667 0.6156000000000001
668 0.6156000000000001
669 0.6132000000000002
670 0.6132000000000002
671 0.6128000000000002
672 0.6120000000000002
673 0.6112000000000001
674 0.6100000000000001
675 0.6100000000000001
676 0.6096
677 0.6088000000000001
678 0.6076000000000001
679 0.6076000000000001
680 0.6072000000000002
681 0.6072000000000002
682 0.6072000000000002
683 0.6072000000000002
684 0.6064
685 0.6056000000000001
686 0.6056000000000001
687 0.6056000000000001
688 0.6052000000000001
689 0.6052000000000001
690 0.6052000000000001
691 0.6052000000000001
692 0.6048000000000001
693 0.6032
694 0.6024
695 0.6024
696 0.602
697 0.602
698 0.6012000000000001
699 0.6004
700 0.6004
701 0.6
702 0.5996
703 0.5996
704 0.5996
705 0.5996
706 0.5988
707 0.5988
708 0.5988
709 0.5988
710 0.5972000000000001
711 0.5972000000000001
712 0.5972000000000001
713 0.5968000000000001
714 0.5964
715 0.5964
716 0.5960000000000001
717 0.5960000000000001
718 0.5956000000000001
719 0.5948000000000001
720 0.5944
721 0.5944
722 0.5940000000000001
723 0.5936
724 0.5932000000000001
725 0.5932000000000001
726 0.5932000000000001
727 0.5932000000000001
728 0.5932000000000001
729 0.5932000000000001
730 0.5932000000000001
731 0.5928000000000001
732 0.5924
733 0.5912000000000001
734 0.5908000000000001
735 0.5900000000000001
736 0.5896
737 0.5892000000000001
738 0.5892000000000001
739 0.5892000000000001
740 0.5892000000000001
741 0.5892000000000001
742 0.5876
743 0.5876
744 0.5876
745 0.5864
746 0.5864
747 0.5855999999999999
748 0.5855999999999999
749 0.5847999999999999
750 0.5843999999999999
751 0.584
752 0.5831999999999999
753 0.5831999999999999
754 0.5828
755 0.5823999999999999
756 0.5816
757 0.5811999999999999
758 0.5811999999999999
759 0.5807999999999999
760 0.58
761 0.58
762 0.58
763 0.5795999999999999
764 0.5795999999999999
765 0.5795999999999999
766 0.5795999999999999
767 0.5791999999999999
768 0.5791999999999999
769 0.5791999999999999
770 0.5783999999999999
771 0.5783999999999999
772 0.5783999999999999
773 0.5776
774 0.5768
775 0.5760000000000001
776 0.5752
777 0.5744
778 0.574
779 0.5735999999999999
780 0.5731999999999999
781 0.5728
782 0.572
783 0.572
784 0.5711999999999999
785 0.5704
786 0.5696
787 0.5696
788 0.5696
789 0.5692
790 0.5692
791 0.5688
792 0.5688
793 0.5684
794 0.5680000000000001
795 0.5680000000000001
796 0.5680000000000001
797 0.5680000000000001
798 0.5676
799 0.5676
800 0.5676
801 0.5676
802 0.5672
803 0.5668
804 0.5668
805 0.5660000000000001
806 0.5656
807 0.5656
808 0.5656
809 0.5656
810 0.5656
811 0.5656
812 0.5656
813 0.5656
814 0.5656
815 0.5652
816 0.5644
817 0.5635999999999999
818 0.5635999999999999
819 0.5631999999999999
820 0.5628
821 0.5628
822 0.5628
823 0.5628
824 0.5628
825 0.5628
826 0.5623999999999999
827 0.5611999999999999
828 0.5603999999999999
829 0.5603999999999999
830 0.5603999999999999
831 0.5603999999999999
832 0.5603999999999999
833 0.5587999999999999
834 0.5579999999999998
835 0.5571999999999998
836 0.5571999999999998
837 0.5571999999999998
838 0.5567999999999999
839 0.5567999999999999
840 0.5567999999999999
841 0.5567999999999999
842 0.5563999999999999
843 0.5555999999999999
844 0.5551999999999999
845 0.5547999999999998
846 0.5543999999999999
847 0.5543999999999999
848 0.5543999999999999
849 0.5543999999999999
850 0.5535999999999999
851 0.5523999999999999
852 0.5511999999999999
853 0.5503999999999999
854 0.5499999999999999
855 0.5491999999999999
856 0.5491999999999999
857 0.5483999999999998
858 0.5483999999999998
859 0.5479999999999998
860 0.5479999999999998
861 0.5479999999999998
862 0.5475999999999999
863 0.5475999999999999
864 0.5471999999999998
865 0.5471999999999998
866 0.5471999999999998
867 0.5463999999999999
868 0.5455999999999999
869 0.5455999999999999
870 0.5448
871 0.5448
872 0.5448
873 0.5448
874 0.5448
875 0.5443999999999999
876 0.5436
877 0.5431999999999999
878 0.5431999999999999
879 0.5431999999999999
880 0.5428
881 0.5428
882 0.5424
883 0.5424
884 0.5424
885 0.5419999999999999
886 0.5419999999999999
887 0.5416
888 0.5416
889 0.5412
890 0.5412
891 0.5412
892 0.5408
893 0.5408
894 0.5404
895 0.5404
896 0.5404
897 0.5404
898 0.5404
899 0.5399999999999999
900 0.5396
901 0.5391999999999999
902 0.5391999999999999
903 0.5387999999999998
904 0.5383999999999999
905 0.5379999999999999
906 0.5379999999999999
907 0.5375999999999999
908 0.5371999999999999
909 0.5367999999999999
910 0.5367999999999999
911 0.5367999999999999
912 0.5364
913 0.5351999999999999
914 0.5347999999999999
915 0.5343999999999999
916 0.5336
917 0.5336
918 0.5336
919 0.5324
920 0.5316
921 0.5316
922 0.5307999999999999
923 0.5304
924 0.5291999999999999
925 0.5287999999999999
926 0.5283999999999999
927 0.5283999999999999
928 0.5283999999999999
929 0.5279999999999999
930 0.5276
931 0.5271999999999999
932 0.5271999999999999
933 0.5264
934 0.5259999999999999
935 0.5259999999999999
936 0.5252
937 0.5252
938 0.5252
939 0.5247999999999999
940 0.5247999999999999
941 0.5247999999999999
942 0.5239999999999999
943 0.5231999999999999
944 0.5231999999999999
945 0.5231999999999999
946 0.5224
947 0.5224
948 0.5219999999999999
949 0.5219999999999999
950 0.5216
951 0.5212
952 0.5207999999999999
953 0.5207999999999999
954 0.5204
955 0.5204
956 0.5196000000000001
957 0.5196000000000001
958 0.5196000000000001
959 0.5192
960 0.5192
961 0.5188
962 0.5188
963 0.5184000000000001
964 0.5172000000000001
965 0.5172000000000001
966 0.5172000000000001
967 0.5168
968 0.5168
969 0.5168
970 0.5168
971 0.5168
972 0.5168
973 0.5164
974 0.5164
975 0.516
976 0.516
977 0.516
978 0.516
979 0.5152
980 0.5148
981 0.5148
982 0.5144000000000001
983 0.5144000000000001
984 0.5144000000000001
985 0.5144000000000001
986 0.5144000000000001
987 0.5144000000000001
988 0.5144000000000001
989 0.514
990 0.514
991 0.514
992 0.5136000000000001
993 0.5132000000000001
994 0.5132000000000001
995 0.5128
996 0.5128
997 0.5128
998 0.5128
999 0.5124000000000001
1000 0.5124000000000001
1001 0.5116
1002 0.5112000000000001
1003 0.5104000000000002
1004 0.5104000000000002
1005 0.5104000000000002
1006 0.5104000000000002
1007 0.5100000000000001
1008 0.5100000000000001
1009 0.5096000000000002
1010 0.5092000000000002
1011 0.5084000000000001
1012 0.5084000000000001
1013 0.5084000000000001
1014 0.5084000000000001
1015 0.5084000000000001
1016 0.5076000000000002
1017 0.5076000000000002
1018 0.5072000000000001
1019 0.5072000000000001
1020 0.5072000000000001
1021 0.5068000000000001
1022 0.5068000000000001
1023 0.5068000000000001
1024 0.5064000000000002
1025 0.5060000000000001
1026 0.5060000000000001
1027 0.5060000000000001
1028 0.5056000000000002
1029 0.5056000000000002
1030 0.5048000000000001
1031 0.5044000000000002
1032 0.5036000000000002
1033 0.5036000000000002
1034 0.5036000000000002
1035 0.5036000000000002
1036 0.5032000000000001
1037 0.5032000000000001
1038 0.5024000000000002
1039 0.5020000000000002
1040 0.5020000000000002
1041 0.5016000000000002
1042 0.5016000000000002
1043 0.5012000000000002
1044 0.5004000000000002
1045 0.5004000000000002
1046 0.5004000000000002
1047 0.5000000000000002
1048 0.49920000000000025
1049 0.4988000000000002
1050 0.4984000000000002
1051 0.4984000000000002
1052 0.4984000000000002
1053 0.4984000000000002
1054 0.4976000000000002
1055 0.4976000000000002
1056 0.4972000000000002
1057 0.4972000000000002
1058 0.4972000000000002
1059 0.4972000000000002
1060 0.4972000000000002
1061 0.4972000000000002
1062 0.4968000000000002
1063 0.4968000000000002
1064 0.4968000000000002
1065 0.4968000000000002
1066 0.4968000000000002
1067 0.4968000000000002
1068 0.4968000000000002
1069 0.4968000000000002
1070 0.49640000000000023
1071 0.49640000000000023
1072 0.49640000000000023
1073 0.4952000000000002
1074 0.4952000000000002
1075 0.4944000000000001
1076 0.4944000000000001
1077 0.49320000000000014
1078 0.49320000000000014
1079 0.49320000000000014
1080 0.49320000000000014
1081 0.49320000000000014
1082 0.4928000000000001
1083 0.4928000000000001
1084 0.4928000000000001
1085 0.49240000000000017
1086 0.49240000000000017
1087 0.49240000000000017
1088 0.4920000000000001
1089 0.4916000000000001
1090 0.4916000000000001
1091 0.4908000000000001
1092 0.4908000000000001
1093 0.4908000000000001
1094 0.4908000000000001
1095 0.4908000000000001
1096 0.4908000000000001
1097 0.4908000000000001
1098 0.4908000000000001
1099 0.4908000000000001
1100 0.4908000000000001
1101 0.4908000000000001
1102 0.4908000000000001
1103 0.4904000000000001
1104 0.4904000000000001
1105 0.4896000000000001
1106 0.4896000000000001
1107 0.4892000000000001
1108 0.4892000000000001
1109 0.4888
1110 0.48840000000000006
1111 0.48840000000000006
1112 0.488
1113 0.4876
1114 0.4871999999999999
1115 0.4871999999999999
1116 0.4867999999999999
1117 0.4867999999999999
1118 0.48639999999999994
1119 0.48599999999999993
1120 0.48519999999999996
1121 0.48519999999999996
1122 0.48479999999999995
1123 0.48479999999999995
1124 0.48479999999999995
1125 0.4843999999999999
1126 0.4843999999999999
1127 0.48399999999999993
1128 0.48399999999999993
1129 0.48399999999999993
1130 0.4835999999999999
1131 0.4831999999999999
1132 0.48279999999999995
1133 0.48279999999999995
1134 0.48239999999999994
1135 0.48239999999999994
1136 0.48239999999999994
1137 0.48239999999999994
1138 0.48239999999999994
1139 0.48239999999999994
1140 0.48239999999999994
1141 0.48239999999999994
1142 0.48239999999999994
1143 0.48239999999999994
1144 0.48239999999999994
1145 0.48239999999999994
1146 0.482
1147 0.482
1148 0.4816
1149 0.48119999999999996
1150 0.48119999999999996
1151 0.48119999999999996
1152 0.48119999999999996
1153 0.4807999999999999
1154 0.4807999999999999
1155 0.48039999999999994
1156 0.4799999999999999
1157 0.4795999999999999
1158 0.47879999999999995
1159 0.47839999999999994
1160 0.478
1161 0.478
1162 0.478
1163 0.47759999999999997
1164 0.47759999999999997
1165 0.4772
1166 0.4772
1167 0.4772
1168 0.4764
1169 0.4764
1170 0.47600000000000003
1171 0.47600000000000003
1172 0.47600000000000003
1173 0.47600000000000003
1174 0.47600000000000003
1175 0.47600000000000003
1176 0.4756
1177 0.47519999999999996
1178 0.47519999999999996
1179 0.47519999999999996
1180 0.47519999999999996
1181 0.47519999999999996
1182 0.47519999999999996
1183 0.47479999999999994
1184 0.474
1185 0.4736
1186 0.4732
1187 0.4728
1188 0.4728
1189 0.4728
1190 0.4728
1191 0.4728
1192 0.4728
1193 0.47240000000000004
1194 0.47240000000000004
1195 0.47200000000000003
1196 0.4716
1197 0.4716
1198 0.47040000000000004
1199 0.47
1200 0.4696
1201 0.4692
1202 0.4692
1203 0.4692
1204 0.4692
1205 0.46880000000000005
1206 0.46880000000000005
1207 0.46880000000000005
1208 0.4684
1209 0.4684
1210 0.4684
1211 0.4684
1212 0.4684
1213 0.4684
1214 0.4684
1215 0.4684
1216 0.4684
1217 0.4684
1218 0.4684
1219 0.46759999999999996
1220 0.46759999999999996
1221 0.4672
1222 0.4672
1223 0.4668
1224 0.4664
1225 0.466
1226 0.466
1227 0.466
1228 0.466
1229 0.466
1230 0.466
1231 0.466
1232 0.46519999999999995
1233 0.46519999999999995
1234 0.46519999999999995
1235 0.4644
1236 0.4644
1237 0.4644
1238 0.46399999999999997
1239 0.46399999999999997
1240 0.4636
1241 0.46240000000000003
1242 0.462
1243 0.462
1244 0.462
1245 0.462
1246 0.462
1247 0.4616
1248 0.46120000000000005
1249 0.46120000000000005
1250 0.46120000000000005
1251 0.4604000000000001
1252 0.4604000000000001
1253 0.4604000000000001
1254 0.4604000000000001
1255 0.4604000000000001
1256 0.4600000000000001
1257 0.4600000000000001
1258 0.4596
1259 0.4592
1260 0.4592
1261 0.45880000000000004
1262 0.45880000000000004
1263 0.458
1264 0.45760000000000006
1265 0.45720000000000005
1266 0.45720000000000005
1267 0.45720000000000005
1268 0.45720000000000005
1269 0.45720000000000005
1270 0.4568000000000001
1271 0.4568000000000001
1272 0.4564000000000001
1273 0.45600000000000007
1274 0.4552000000000001
1275 0.4552000000000001
1276 0.4552000000000001
1277 0.4548000000000001
1278 0.4548000000000001
1279 0.4548000000000001
1280 0.4548000000000001
1281 0.4536000000000001
1282 0.4536000000000001
1283 0.4536000000000001
1284 0.4536000000000001
1285 0.45320000000000016
1286 0.45320000000000016
1287 0.45320000000000016
1288 0.45280000000000015
1289 0.45280000000000015
1290 0.45240000000000014
1291 0.4520000000000002
1292 0.4520000000000002
1293 0.45160000000000017
1294 0.45160000000000017
1295 0.45160000000000017
1296 0.4512000000000002
1297 0.4512000000000002
1298 0.4512000000000002
1299 0.4508000000000002
1300 0.45040000000000013
1301 0.4500000000000001
1302 0.4500000000000001
1303 0.4500000000000001
1304 0.4500000000000001
1305 0.4500000000000001
1306 0.44920000000000015
1307 0.44920000000000015
1308 0.44880000000000014
1309 0.4484000000000002
1310 0.4484000000000002
1311 0.4484000000000002
1312 0.4480000000000002
1313 0.4480000000000002
1314 0.4480000000000002
1315 0.4480000000000002
1316 0.4480000000000002
1317 0.4480000000000002
1318 0.4480000000000002
1319 0.44720000000000015
1320 0.44720000000000015
1321 0.44720000000000015
1322 0.44640000000000013
1323 0.44640000000000013
1324 0.44640000000000013
1325 0.4460000000000002
1326 0.44560000000000016
1327 0.44560000000000016
1328 0.44520000000000015
1329 0.4448000000000002
1330 0.44440000000000013
1331 0.4440000000000001
1332 0.4440000000000001
1333 0.4440000000000001
1334 0.44360000000000016
1335 0.44360000000000016
1336 0.44320000000000015
1337 0.44240000000000007
1338 0.44240000000000007
1339 0.44200000000000017
1340 0.44200000000000017
1341 0.44200000000000017
1342 0.4412000000000002
1343 0.4412000000000002
1344 0.4412000000000002
1345 0.4408000000000002
1346 0.4404000000000002
1347 0.4404000000000002
1348 0.4404000000000002
1349 0.4400000000000002
1350 0.4400000000000002
1351 0.4400000000000002
1352 0.4400000000000002
1353 0.4396000000000002
1354 0.43920000000000026
1355 0.43920000000000026
1356 0.43920000000000026
1357 0.43920000000000026
1358 0.4388000000000002
1359 0.4388000000000002
1360 0.4388000000000002
1361 0.4388000000000002
1362 0.4388000000000002
1363 0.4384000000000002
1364 0.4376000000000001
1365 0.43720000000000014
1366 0.43720000000000014
1367 0.4368000000000001
1368 0.4368000000000001
1369 0.43640000000000007
1370 0.43640000000000007
1371 0.43640000000000007
1372 0.43640000000000007
1373 0.4360000000000001
1374 0.4356000000000001
1375 0.4356000000000001
1376 0.4356000000000001
1377 0.4356000000000001
1378 0.4356000000000001
1379 0.4356000000000001
1380 0.43480000000000013
1381 0.43480000000000013
1382 0.4344000000000001
1383 0.4344000000000001
1384 0.4340000000000001
1385 0.43360000000000015
1386 0.43360000000000015
1387 0.43360000000000015
1388 0.43320000000000014
1389 0.43320000000000014
1390 0.43280000000000013
1391 0.4324000000000001
1392 0.4324000000000001
1393 0.4324000000000001
1394 0.4324000000000001
1395 0.4320000000000001
1396 0.4312
1397 0.43080000000000007
1398 0.43000000000000005
1399 0.4296000000000001
1400 0.4296000000000001
1401 0.4296000000000001
1402 0.4296000000000001
1403 0.4296000000000001
1404 0.4296000000000001
1405 0.4296000000000001
1406 0.4296000000000001
1407 0.4292000000000001
1408 0.4292000000000001
1409 0.4288
1410 0.4288
1411 0.4288
1412 0.42840000000000006
1413 0.42840000000000006
1414 0.42840000000000006
1415 0.42800000000000005
1416 0.42800000000000005
1417 0.42800000000000005
1418 0.42800000000000005
1419 0.42800000000000005
1420 0.42800000000000005
1421 0.42760000000000004
1422 0.42760000000000004
1423 0.42760000000000004
1424 0.42760000000000004
1425 0.42760000000000004
1426 0.42760000000000004
1427 0.42760000000000004
1428 0.42760000000000004
1429 0.4272000000000001
1430 0.42680000000000007
1431 0.42680000000000007
1432 0.42640000000000006
1433 0.42640000000000006
1434 0.42640000000000006
1435 0.42640000000000006
1436 0.42640000000000006
1437 0.42640000000000006
1438 0.42640000000000006
1439 0.42640000000000006
1440 0.42640000000000006
1441 0.42640000000000006
1442 0.4260000000000001
1443 0.4260000000000001
1444 0.4256000000000001
1445 0.4252000000000001
1446 0.42440000000000005
1447 0.42440000000000005
1448 0.42440000000000005
1449 0.42440000000000005
1450 0.42440000000000005
1451 0.42440000000000005
1452 0.42440000000000005
1453 0.42440000000000005
1454 0.42440000000000005
1455 0.42440000000000005
1456 0.42440000000000005
1457 0.42440000000000005
1458 0.42440000000000005
1459 0.42440000000000005
1460 0.42400000000000004
1461 0.42400000000000004
1462 0.42400000000000004
1463 0.42400000000000004
1464 0.42400000000000004
1465 0.42400000000000004
1466 0.4236000000000001
1467 0.4232000000000001
1468 0.4232000000000001
1469 0.4232000000000001
1470 0.4224000000000001
1471 0.4224000000000001
1472 0.4224000000000001
1473 0.4224000000000001
1474 0.4224000000000001
1475 0.4224000000000001
1476 0.4224000000000001
1477 0.4224000000000001
1478 0.4220000000000001
1479 0.4220000000000001
1480 0.4220000000000001
1481 0.4216000000000001
1482 0.4216000000000001
1483 0.4216000000000001
1484 0.4216000000000001
1485 0.42120000000000013
1486 0.4208000000000001
1487 0.4208000000000001
1488 0.4208000000000001
1489 0.4208000000000001
1490 0.4208000000000001
1491 0.4208000000000001
1492 0.4208000000000001
1493 0.42040000000000005
1494 0.42040000000000005
1495 0.42040000000000005
1496 0.42040000000000005
1497 0.4200000000000001
1498 0.4200000000000001
1499 0.4188000000000001
1500 0.4188000000000001
1501 0.4188000000000001
1502 0.4188000000000001
1503 0.4188000000000001
1504 0.4184000000000001
1505 0.4180000000000001
1506 0.4180000000000001
1507 0.4180000000000001
1508 0.41760000000000014
1509 0.4172000000000001
1510 0.4172000000000001
1511 0.4172000000000001
1512 0.41640000000000016
1513 0.41640000000000016
1514 0.41640000000000016
1515 0.41640000000000016
1516 0.41640000000000016
1517 0.41600000000000015
1518 0.4156000000000001
1519 0.4156000000000001
1520 0.4156000000000001
1521 0.4156000000000001
1522 0.4156000000000001
1523 0.4156000000000001
1524 0.4156000000000001
1525 0.4152000000000001
1526 0.41480000000000006
1527 0.41400000000000003
1528 0.41400000000000003
1529 0.41400000000000003
1530 0.41400000000000003
1531 0.41400000000000003
1532 0.4136000000000001
1533 0.41320000000000007
1534 0.41320000000000007
1535 0.41320000000000007
1536 0.41320000000000007
1537 0.41280000000000006
1538 0.41280000000000006
1539 0.41280000000000006
1540 0.41280000000000006
1541 0.41280000000000006
1542 0.41280000000000006
1543 0.41280000000000006
1544 0.41280000000000006
1545 0.41280000000000006
1546 0.41280000000000006
1547 0.41280000000000006
1548 0.41280000000000006
1549 0.4124000000000001
1550 0.4120000000000001
1551 0.4120000000000001
1552 0.4120000000000001
1553 0.4112000000000001
1554 0.4112000000000001
1555 0.4108000000000001
1556 0.4108000000000001
1557 0.4108000000000001
1558 0.4108000000000001
1559 0.4108000000000001
1560 0.4108000000000001
1561 0.4108000000000001
1562 0.4108000000000001
1563 0.4108000000000001
1564 0.4108000000000001
1565 0.4108000000000001
1566 0.4108000000000001
1567 0.4108000000000001
1568 0.4108000000000001
1569 0.4108000000000001
1570 0.41040000000000015
1571 0.41040000000000015
1572 0.41040000000000015
1573 0.41040000000000015
1574 0.41040000000000015
1575 0.41040000000000015
1576 0.41000000000000014
1577 0.41000000000000014
1578 0.41000000000000014
1579 0.41000000000000014
1580 0.41000000000000014
1581 0.41000000000000014
1582 0.41000000000000014
1583 0.41000000000000014
1584 0.4096000000000001
1585 0.4096000000000001
1586 0.4096000000000001
1587 0.4096000000000001
1588 0.4096000000000001
1589 0.4096000000000001
1590 0.4096000000000001
1591 0.4096000000000001
1592 0.40920000000000006
1593 0.4088000000000001
1594 0.4088000000000001
1595 0.4088000000000001
1596 0.4088000000000001
1597 0.4088000000000001
1598 0.40840000000000004
1599 0.40840000000000004
1600 0.40840000000000004
1601 0.40840000000000004
1602 0.40800000000000003
1603 0.40800000000000003
1604 0.40800000000000003
1605 0.40720000000000006
1606 0.40720000000000006
1607 0.40720000000000006
1608 0.40720000000000006
1609 0.40720000000000006
1610 0.40720000000000006
1611 0.40720000000000006
1612 0.40680000000000005
1613 0.4064000000000001
1614 0.4064000000000001
1615 0.4064000000000001
1616 0.406
1617 0.4056
1618 0.4052
1619 0.40480000000000005
1620 0.40480000000000005
1621 0.40480000000000005
1622 0.40480000000000005
1623 0.40480000000000005
1624 0.40440000000000004
1625 0.40440000000000004
1626 0.40440000000000004
1627 0.40440000000000004
1628 0.4040000000000001
1629 0.4040000000000001
1630 0.4040000000000001
1631 0.4040000000000001
1632 0.4040000000000001
1633 0.40360000000000007
1634 0.40360000000000007
1635 0.40320000000000006
1636 0.40320000000000006
1637 0.4028000000000001
1638 0.4028000000000001
1639 0.4028000000000001
1640 0.4024000000000001
1641 0.4024000000000001
1642 0.4024000000000001
1643 0.4020000000000001
1644 0.4020000000000001
1645 0.4020000000000001
1646 0.4016000000000001
1647 0.4016000000000001
1648 0.4016000000000001
1649 0.4016000000000001
1650 0.4012000000000001
1651 0.4012000000000001
1652 0.4008000000000001
1653 0.4008000000000001
1654 0.4008000000000001
1655 0.4008000000000001
1656 0.4008000000000001
1657 0.4000000000000001
1658 0.4000000000000001
1659 0.4000000000000001
1660 0.4000000000000001
1661 0.4000000000000001
1662 0.39960000000000007
1663 0.3992000000000001
1664 0.3992000000000001
1665 0.39880000000000004
1666 0.39880000000000004
1667 0.39880000000000004
1668 0.39880000000000004
1669 0.39880000000000004
1670 0.39840000000000003
1671 0.39840000000000003
1672 0.39840000000000003
1673 0.398
1674 0.398
1675 0.3964000000000001
1676 0.3964000000000001
1677 0.3964000000000001
1678 0.3964000000000001
1679 0.396
1680 0.396
1681 0.396
1682 0.396
1683 0.396
1684 0.396
1685 0.3956
1686 0.3956
1687 0.39520000000000005
1688 0.39520000000000005
1689 0.39520000000000005
1690 0.39520000000000005
1691 0.39520000000000005
1692 0.39520000000000005
1693 0.39520000000000005
1694 0.39520000000000005
1695 0.39480000000000004
1696 0.39480000000000004
1697 0.39480000000000004
1698 0.39480000000000004
1699 0.39440000000000003
1700 0.39440000000000003
1701 0.39440000000000003
1702 0.39440000000000003
1703 0.39440000000000003
1704 0.39440000000000003
1705 0.39440000000000003
1706 0.39440000000000003
1707 0.39440000000000003
1708 0.39440000000000003
1709 0.39440000000000003
1710 0.39440000000000003
1711 0.39440000000000003
1712 0.39440000000000003
1713 0.39440000000000003
1714 0.3940000000000001
1715 0.3940000000000001
1716 0.3940000000000001
1717 0.3940000000000001
1718 0.3940000000000001
1719 0.39360000000000006
1720 0.39360000000000006
1721 0.39360000000000006
1722 0.39360000000000006
1723 0.39360000000000006
1724 0.39360000000000006
1725 0.39360000000000006
1726 0.39320000000000005
1727 0.39320000000000005
1728 0.39320000000000005
1729 0.39320000000000005
1730 0.3928000000000001
1731 0.3928000000000001
1732 0.3924000000000001
1733 0.3924000000000001
1734 0.3924000000000001
1735 0.3924000000000001
1736 0.3924000000000001
1737 0.3920000000000001
1738 0.3920000000000001
1739 0.3916000000000001
1740 0.3912000000000001
1741 0.3912000000000001
1742 0.3912000000000001
1743 0.39080000000000015
1744 0.39040000000000014
1745 0.39040000000000014
1746 0.3900000000000001
1747 0.38960000000000017
1748 0.38960000000000017
1749 0.3888000000000001
1750 0.3888000000000001
1751 0.3884000000000001
1752 0.3880000000000001
1753 0.3880000000000001
1754 0.3880000000000001
1755 0.3880000000000001
1756 0.3880000000000001
1757 0.3880000000000001
1758 0.3876000000000001
1759 0.38720000000000016
1760 0.38720000000000016
1761 0.38720000000000016
1762 0.38720000000000016
1763 0.38720000000000016
1764 0.38720000000000016
1765 0.38720000000000016
1766 0.38720000000000016
1767 0.38720000000000016
1768 0.38680000000000014
1769 0.38680000000000014
1770 0.38640000000000013
1771 0.38640000000000013
1772 0.38640000000000013
1773 0.38640000000000013
1774 0.38640000000000013
1775 0.38640000000000013
1776 0.38640000000000013
1777 0.38640000000000013
1778 0.38640000000000013
1779 0.38640000000000013
1780 0.38640000000000013
1781 0.38640000000000013
1782 0.38640000000000013
1783 0.3860000000000002
1784 0.3860000000000002
1785 0.3860000000000002
1786 0.3860000000000002
1787 0.38560000000000016
1788 0.38560000000000016
1789 0.38560000000000016
1790 0.38560000000000016
1791 0.38560000000000016
1792 0.38560000000000016
1793 0.38560000000000016
1794 0.38560000000000016
1795 0.38560000000000016
1796 0.38560000000000016
1797 0.38560000000000016
1798 0.38560000000000016
1799 0.38560000000000016
1800 0.38560000000000016
1801 0.38560000000000016
1802 0.38520000000000015
1803 0.3848000000000002
1804 0.3844000000000002
1805 0.3844000000000002
1806 0.3840000000000002
1807 0.3836000000000002
1808 0.3836000000000002
1809 0.3836000000000002
1810 0.38280000000000014
1811 0.38280000000000014
1812 0.3824000000000002
1813 0.3824000000000002
1814 0.3820000000000002
1815 0.3820000000000002
1816 0.3820000000000002
1817 0.3820000000000002
1818 0.3820000000000002
1819 0.3820000000000002
1820 0.38160000000000016
1821 0.38160000000000016
1822 0.38160000000000016
1823 0.38160000000000016
1824 0.38160000000000016
1825 0.38160000000000016
1826 0.38160000000000016
1827 0.38160000000000016
1828 0.38080000000000014
1829 0.3804000000000001
1830 0.3804000000000001
1831 0.3804000000000001
1832 0.3804000000000001
1833 0.3804000000000001
1834 0.3804000000000001
1835 0.3804000000000001
1836 0.3804000000000001
1837 0.3804000000000001
1838 0.3800000000000001
1839 0.37920000000000015
1840 0.37920000000000015
1841 0.37920000000000015
1842 0.37920000000000015
1843 0.37920000000000015
1844 0.37920000000000015
1845 0.3788000000000002
1846 0.3788000000000002
1847 0.3788000000000002
1848 0.3784000000000002
1849 0.3784000000000002
1850 0.3784000000000002
1851 0.3784000000000002
1852 0.3784000000000002
1853 0.3784000000000002
1854 0.3784000000000002
1855 0.3784000000000002
1856 0.3784000000000002
1857 0.37800000000000017
1858 0.37800000000000017
1859 0.37800000000000017
1860 0.3776000000000002
1861 0.3776000000000002
1862 0.3776000000000002
1863 0.3776000000000002
1864 0.37720000000000015
1865 0.37720000000000015
1866 0.37680000000000013
1867 0.37680000000000013
1868 0.37680000000000013
1869 0.37680000000000013
1870 0.37680000000000013
1871 0.37680000000000013
1872 0.3764000000000001
1873 0.37560000000000016
1874 0.37560000000000016
1875 0.37560000000000016
1876 0.37560000000000016
1877 0.3752000000000002
1878 0.3752000000000002
1879 0.3748000000000002
1880 0.3748000000000002
1881 0.3748000000000002
1882 0.3748000000000002
1883 0.3748000000000002
1884 0.3748000000000002
1885 0.3744000000000002
1886 0.3740000000000001
1887 0.3740000000000001
1888 0.37360000000000015
1889 0.37360000000000015
1890 0.37360000000000015
1891 0.37360000000000015
1892 0.37360000000000015
1893 0.37360000000000015
1894 0.37360000000000015
1895 0.37360000000000015
1896 0.37360000000000015
1897 0.37360000000000015
1898 0.37280000000000013
1899 0.37280000000000013
1900 0.3724000000000002
1901 0.3724000000000002
1902 0.3724000000000002
1903 0.3720000000000001
1904 0.3720000000000001
1905 0.3720000000000001
1906 0.3716000000000001
1907 0.37120000000000014
1908 0.37120000000000014
1909 0.37120000000000014
1910 0.37120000000000014
1911 0.37120000000000014
1912 0.37120000000000014
1913 0.37120000000000014
1914 0.37080000000000013
1915 0.37080000000000013
1916 0.37080000000000013
1917 0.37080000000000013
1918 0.37080000000000013
1919 0.37080000000000013
1920 0.37080000000000013
1921 0.37080000000000013
1922 0.3704000000000001
1923 0.3704000000000001
1924 0.3704000000000001
1925 0.3704000000000001
1926 0.3704000000000001
1927 0.3704000000000001
1928 0.3704000000000001
1929 0.3704000000000001
1930 0.3704000000000001
1931 0.3704000000000001
1932 0.3704000000000001
1933 0.37000000000000016
1934 0.37000000000000016
1935 0.3696000000000001
1936 0.3696000000000001
1937 0.3696000000000001
1938 0.3696000000000001
1939 0.3696000000000001
1940 0.3696000000000001
1941 0.3696000000000001
1942 0.3692000000000001
1943 0.36880000000000007
1944 0.36880000000000007
1945 0.36880000000000007
1946 0.36880000000000007
1947 0.36880000000000007
1948 0.3684000000000001
1949 0.36760000000000004
1950 0.36760000000000004
1951 0.36760000000000004
1952 0.36680000000000007
1953 0.36680000000000007
1954 0.3660000000000001
1955 0.3660000000000001
1956 0.3660000000000001
1957 0.3660000000000001
1958 0.3656000000000001
1959 0.3656000000000001
1960 0.3656000000000001
1961 0.3656000000000001
1962 0.3656000000000001
1963 0.3652000000000001
1964 0.3648000000000001
1965 0.3644000000000001
1966 0.3644000000000001
1967 0.3644000000000001
1968 0.3640000000000001
1969 0.36360000000000015
1970 0.36360000000000015
1971 0.36360000000000015
1972 0.36360000000000015
1973 0.36360000000000015
1974 0.36360000000000015
1975 0.36360000000000015
1976 0.36360000000000015
1977 0.36320000000000013
1978 0.36240000000000017
1979 0.36240000000000017
1980 0.36120000000000013
1981 0.36120000000000013
1982 0.36120000000000013
1983 0.36120000000000013
1984 0.36120000000000013
1985 0.36120000000000013
1986 0.36120000000000013
1987 0.36080000000000007
1988 0.36080000000000007
1989 0.36040000000000005
1990 0.36040000000000005
1991 0.3600000000000001
1992 0.3600000000000001
1993 0.3596000000000001
1994 0.3592
1995 0.3592
1996 0.3592
1997 0.3592
1998 0.3592
1999 0.3592
