1 1.0
2 1.0
3 1.0
4 1.0
5 1.0
6 1.0
7 1.0
8 0.9996
9 0.9992
10 0.9987999999999999
11 0.9983999999999998
12 0.9979999999999998
13 0.9979999999999998
14 0.9975999999999999
15 0.996
16 0.9956
17 0.9952
18 0.9947999999999999
19 0.9944
20 0.9932
21 0.9923999999999998
22 0.9923999999999998
23 0.9907999999999998
24 0.9907999999999998
25 0.9907999999999998
26 0.9904
27 0.9895999999999999
28 0.9891999999999999
29 0.9887999999999998
30 0.9879999999999999
31 0.9879999999999999
32 0.9871999999999999
33 0.9863999999999997
34 0.9863999999999997
35 0.9863999999999997
36 0.9859999999999997
37 0.9851999999999996
38 0.9843999999999997
39 0.9839999999999997
40 0.9819999999999997
41 0.9811999999999996
42 0.9795999999999995
43 0.9775999999999996
44 0.9763999999999996
45 0.9751999999999996
46 0.9747999999999998
47 0.9723999999999998
48 0.9708
49 0.9695999999999999
50 0.9695999999999999
51 0.9687999999999998
52 0.9675999999999999
53 0.966
54 0.9656
55 0.964
56 0.9628
57 0.9608
58 0.9596000000000001
59 0.9588
60 0.9571999999999998
61 0.9556
62 0.9547999999999999
63 0.9527999999999999
64 0.9504
65 0.9496000000000001
66 0.9476
67 0.9463999999999999
68 0.9451999999999999
69 0.9428
70 0.9408000000000001
71 0.9383999999999999
72 0.9355999999999999
73 0.9343999999999998
74 0.9332
75 0.932
76 0.9316000000000001
77 0.9292000000000002
78 0.9268000000000002
79 0.9252000000000002
80 0.924
81 0.9212
82 0.9184000000000002
83 0.9176000000000003
84 0.9160000000000003
85 0.9148000000000002
86 0.9144000000000002
87 0.9136000000000003
88 0.9104000000000002
89 0.9080000000000003
90 0.9056000000000003
91 0.9052000000000003
92 0.9044000000000003
93 0.9040000000000004
94 0.9024000000000005
95 0.9004000000000005
96 0.8984000000000004
97 0.8968000000000003
98 0.8960000000000002
99 0.8948000000000002
100 0.8944000000000003
101 0.8932000000000001
102 0.8920000000000001
103 0.8916000000000003
104 0.8904000000000002
105 0.8884000000000003
106 0.8860000000000002
107 0.8840000000000002
108 0.8812000000000002
109 0.8812000000000002
110 0.8804000000000002
111 0.8772
112 0.8744
113 0.8716000000000002
114 0.8708000000000001
115 0.8687999999999999
116 0.8679999999999999
117 0.8663999999999998
118 0.8651999999999999
119 0.8635999999999998
120 0.8595999999999999
121 0.858
122 0.8567999999999999
123 0.8547999999999998
124 0.8539999999999998
125 0.8535999999999997
126 0.8531999999999997
127 0.8507999999999997
128 0.8495999999999998
129 0.8488
130 0.8459999999999998
131 0.8432
132 0.8420000000000001
133 0.8416
134 0.8408
135 0.8404
136 0.8396000000000001
137 0.8388
138 0.8371999999999999
139 0.8344
140 0.8332
141 0.8324000000000001
142 0.8308
143 0.83
144 0.8288000000000001
145 0.8276
146 0.8271999999999999
147 0.8256
148 0.8244
149 0.8227999999999999
150 0.8199999999999998
151 0.8175999999999999
152 0.816
153 0.8143999999999998
154 0.8135999999999999
155 0.8119999999999998
156 0.8108
157 0.8096
158 0.8092
159 0.8075999999999999
160 0.8072
161 0.8051999999999999
162 0.8044
163 0.8036
164 0.8008
165 0.8
166 0.7987999999999998
167 0.7979999999999998
168 0.7968
169 0.7944
170 0.7931999999999999
171 0.7924
172 0.7912
173 0.7904000000000002
174 0.7880000000000001
175 0.7876000000000002
176 0.7856000000000002
177 0.7812
178 0.7788
179 0.7784000000000002
180 0.7780000000000001
181 0.7776000000000002
182 0.7772000000000001
183 0.7764
184 0.7756000000000001
185 0.7744000000000001
186 0.7736
187 0.7728
188 0.7724
189 0.7712
190 0.7704000000000001
191 0.7696000000000001
192 0.7687999999999999
193 0.7684000000000001
194 0.7676000000000001
195 0.7668
196 0.7652
197 0.7644
198 0.7644
199 0.7624
200 0.7619999999999999
201 0.7611999999999998
202 0.7607999999999998
203 0.7599999999999997
204 0.7583999999999997
205 0.7579999999999997
206 0.7559999999999998
207 0.7543999999999998
208 0.752
209 0.7511999999999999
210 0.7508
211 0.7487999999999998
212 0.7475999999999999
213 0.7471999999999999
214 0.7471999999999999
215 0.7463999999999998
216 0.7452
217 0.7443999999999998
218 0.7443999999999998
219 0.7435999999999998
220 0.7412000000000001
221 0.7408
222 0.7408
223 0.7391999999999999
224 0.7387999999999999
225 0.738
226 0.7375999999999999
227 0.7364
228 0.7352000000000001
229 0.7340000000000001
230 0.7332
231 0.7328
232 0.7319999999999999
233 0.7303999999999999
234 0.73
235 0.7283999999999999
236 0.726
237 0.7252
238 0.7240000000000001
239 0.7232000000000001
240 0.722
241 0.7208
242 0.7191999999999998
243 0.7183999999999999
244 0.7175999999999999
245 0.7168000000000001
246 0.7156
247 0.7148
248 0.7132000000000001
249 0.7128
250 0.7128
251 0.7124000000000001
252 0.7116000000000001
253 0.7108000000000001
254 0.7104
255 0.7096000000000001
256 0.7084000000000001
257 0.7068000000000002
258 0.7056
259 0.7048000000000001
260 0.7036
261 0.7024000000000001
262 0.7016000000000001
263 0.6995999999999999
264 0.6984
265 0.6975999999999999
266 0.6972
267 0.696
268 0.696
269 0.6947999999999999
270 0.6939999999999997
271 0.6927999999999999
272 0.6915999999999998
273 0.6911999999999999
274 0.6903999999999999
275 0.6895999999999998
276 0.6883999999999998
277 0.6867999999999996
278 0.6863999999999997
279 0.6847999999999996
280 0.6843999999999997
281 0.6835999999999995
282 0.6819999999999996
283 0.6819999999999996
284 0.6807999999999997
285 0.6799999999999997
286 0.6783999999999998
287 0.6783999999999998
288 0.6775999999999999
289 0.6775999999999999
290 0.6768
291 0.6751999999999998
292 0.6735999999999999
293 0.6735999999999999
294 0.6731999999999999
295 0.6724
296 0.6703999999999999
297 0.6699999999999998
298 0.6699999999999998
299 0.6695999999999998
300 0.6687999999999998
301 0.6679999999999998
302 0.6671999999999998
303 0.6663999999999999
304 0.6643999999999999
305 0.6639999999999999
306 0.6624
307 0.6611999999999999
308 0.6607999999999998
309 0.6599999999999998
310 0.6596
311 0.6587999999999999
312 0.6587999999999999
313 0.6572
314 0.6559999999999998
315 0.6547999999999999
316 0.6535999999999998
317 0.6527999999999998
318 0.6527999999999998
319 0.6515999999999998
320 0.6503999999999999
321 0.6503999999999999
322 0.6503999999999999
323 0.6499999999999999
324 0.6487999999999998
325 0.6483999999999998
326 0.6483999999999998
327 0.6475999999999997
328 0.6455999999999998
329 0.6451999999999998
330 0.6435999999999998
331 0.6427999999999998
332 0.6423999999999999
333 0.6411999999999999
334 0.6404
335 0.6399999999999999
336 0.6396
337 0.6391999999999999
338 0.6383999999999999
339 0.6383999999999999
340 0.6379999999999998
341 0.6379999999999998
342 0.6375999999999998
343 0.6363999999999997
344 0.6355999999999998
345 0.6347999999999998
346 0.6331999999999998
347 0.6331999999999998
348 0.6327999999999998
349 0.6323999999999999
350 0.6319999999999998
351 0.6307999999999998
352 0.6299999999999998
353 0.6295999999999998
354 0.6283999999999998
355 0.6283999999999998
356 0.6275999999999998
357 0.6263999999999998
358 0.6255999999999999
359 0.6251999999999999
360 0.6244
361 0.6235999999999999
362 0.6219999999999999
363 0.6215999999999999
364 0.6204
365 0.6204
366 0.6199999999999999
367 0.6195999999999999
368 0.6195999999999999
369 0.6192
370 0.6184
371 0.6184
372 0.618
373 0.6175999999999999
374 0.6164000000000001
375 0.6156
376 0.6152
377 0.6148
378 0.614
379 0.614
380 0.6132
381 0.6127999999999999
382 0.6127999999999999
383 0.6123999999999999
384 0.6115999999999999
385 0.6108
386 0.6108
387 0.6108
388 0.61
389 0.6092
390 0.6083999999999999
391 0.6072
392 0.6059999999999999
393 0.6051999999999998
394 0.6051999999999998
395 0.6047999999999999
396 0.6043999999999999
397 0.6039999999999999
398 0.6023999999999999
399 0.6023999999999999
400 0.6015999999999999
401 0.6007999999999999
402 0.6003999999999999
403 0.5995999999999999
404 0.5995999999999999
405 0.5992
406 0.5987999999999999
407 0.5975999999999999
408 0.5975999999999999
409 0.5963999999999999
410 0.5959999999999999
411 0.5955999999999999
412 0.5951999999999998
413 0.5947999999999999
414 0.5943999999999999
415 0.5935999999999999
416 0.5928
417 0.5916
418 0.5912
419 0.5912
420 0.5912
421 0.5907999999999999
422 0.59
423 0.5895999999999999
424 0.5892
425 0.5888
426 0.5883999999999999
427 0.5883999999999999
428 0.5876
429 0.5871999999999999
430 0.5864
431 0.5864
432 0.586
433 0.5856
434 0.5840000000000001
435 0.5832
436 0.5828
437 0.5828
438 0.5823999999999999
439 0.582
440 0.5811999999999999
441 0.5811999999999999
442 0.5804
443 0.5796
444 0.5796
445 0.5792
446 0.5788
447 0.5783999999999999
448 0.5783999999999999
449 0.578
450 0.5771999999999999
451 0.5768
452 0.5764
453 0.5760000000000001
454 0.5752
455 0.5744
456 0.5744
457 0.5744
458 0.574
459 0.5736
460 0.5728
461 0.5716
462 0.5712
463 0.5708000000000001
464 0.5704
465 0.5696
466 0.5680000000000001
467 0.5660000000000001
468 0.5660000000000001
469 0.5656
470 0.5652
471 0.5648000000000001
472 0.5640000000000001
473 0.5632
474 0.5628000000000001
475 0.562
476 0.5612
477 0.5608000000000001
478 0.5608000000000001
479 0.5608000000000001
480 0.5608000000000001
481 0.5604
482 0.56
483 0.5596
484 0.5584
485 0.5576000000000001
486 0.5568
487 0.5568
488 0.556
489 0.556
490 0.556
491 0.556
492 0.5552
493 0.5548000000000001
494 0.5544
495 0.554
496 0.5532
497 0.5524000000000001
498 0.5516000000000001
499 0.5512000000000001
500 0.5508000000000002
501 0.5500000000000002
502 0.5500000000000002
503 0.5492000000000001
504 0.5492000000000001
505 0.5476
506 0.5476
507 0.5464
508 0.5464
509 0.5459999999999999
510 0.5459999999999999
511 0.5459999999999999
512 0.5456
513 0.5456
514 0.5448
515 0.5448
516 0.5444
517 0.5444
518 0.544
519 0.544
520 0.5436
521 0.5432
522 0.5432
523 0.5432
524 0.5428000000000001
525 0.5428000000000001
526 0.5428000000000001
527 0.542
528 0.542
529 0.5408
530 0.5408
531 0.5408
532 0.5404
533 0.5404
534 0.54
535 0.54
536 0.5392
537 0.5392
538 0.5392
539 0.5392
540 0.5392
541 0.5388000000000001
542 0.5368
543 0.5364000000000001
544 0.536
545 0.536
546 0.5356000000000001
547 0.5356000000000001
548 0.5352000000000001
549 0.5348000000000002
550 0.5340000000000001
551 0.5340000000000001
552 0.5336000000000001
553 0.5328
554 0.5316000000000001
555 0.5316000000000001
556 0.5312
557 0.5304000000000001
558 0.5304000000000001
559 0.5304000000000001
560 0.5292000000000001
561 0.5292000000000001
562 0.5292000000000001
563 0.5292000000000001
564 0.5292000000000001
565 0.5288
566 0.5288
567 0.5284000000000001
568 0.5280000000000001
569 0.5280000000000001
570 0.5280000000000001
571 0.5276000000000001
572 0.5272000000000001
573 0.5272000000000001
574 0.5272000000000001
575 0.5272000000000001
576 0.5264000000000002
577 0.5260000000000001
578 0.5252000000000001
579 0.5248000000000002
580 0.5244000000000001
581 0.5240000000000001
582 0.5240000000000001
583 0.5240000000000001
584 0.5240000000000001
585 0.5240000000000001
586 0.5240000000000001
587 0.5232000000000001
588 0.5228000000000002
589 0.5224000000000001
590 0.5224000000000001
591 0.5224000000000001
592 0.5220000000000001
593 0.5212000000000001
594 0.5212000000000001
595 0.5208000000000002
596 0.5208000000000002
597 0.5204000000000001
598 0.5196000000000002
599 0.5196000000000002
600 0.5184000000000001
601 0.5184000000000001
602 0.5176000000000002
603 0.5172000000000001
604 0.5164000000000002
605 0.5164000000000002
606 0.5160000000000001
607 0.5148000000000001
608 0.5144000000000002
609 0.5144000000000002
610 0.5144000000000002
611 0.5140000000000002
612 0.5140000000000002
613 0.5140000000000002
614 0.5136000000000002
615 0.5132000000000001
616 0.5132000000000001
617 0.5124000000000002
618 0.5120000000000001
619 0.5116000000000002
620 0.5112000000000002
621 0.5108000000000001
622 0.5104000000000002
623 0.5100000000000001
624 0.5100000000000001
625 0.5096000000000002
626 0.5096000000000002
627 0.5096000000000002
628 0.5092000000000002
629 0.5088000000000001
630 0.5084000000000001
631 0.5076000000000002
632 0.5068000000000001
633 0.5064000000000002
634 0.5052000000000002
635 0.5052000000000002
636 0.5052000000000002
637 0.5048000000000001
638 0.5040000000000002
639 0.5036000000000002
640 0.5036000000000002
641 0.5032000000000001
642 0.5028000000000001
643 0.5028000000000001
644 0.5024000000000002
645 0.5016000000000002
646 0.5016000000000002
647 0.5012000000000002
648 0.5008000000000001
649 0.5004000000000002
650 0.4996000000000001
651 0.4992000000000001
652 0.4988000000000001
653 0.4988000000000001
654 0.4984000000000001
655 0.4980000000000001
656 0.4976000000000001
657 0.4976000000000001
658 0.4968000000000001
659 0.49640000000000006
660 0.49640000000000006
661 0.4952000000000001
662 0.4948
663 0.49360000000000004
664 0.4932000000000001
665 0.4924
666 0.49199999999999994
667 0.49199999999999994
668 0.49199999999999994
669 0.4916
670 0.49079999999999996
671 0.4904
672 0.48960000000000004
673 0.4892
674 0.4892
675 0.4888
676 0.4888
677 0.4888
678 0.4888
679 0.48840000000000006
680 0.48800000000000004
681 0.48800000000000004
682 0.48719999999999997
683 0.48719999999999997
684 0.48719999999999997
685 0.4864
686 0.4864
687 0.486
688 0.486
689 0.486
690 0.486
691 0.486
692 0.48560000000000003
693 0.48560000000000003
694 0.48480000000000006
695 0.4844
696 0.4844
697 0.4836
698 0.4828
699 0.4828
700 0.48200000000000004
701 0.48160000000000003
702 0.4808
703 0.4808
704 0.48
705 0.4792
706 0.47840000000000005
707 0.47840000000000005
708 0.47800000000000004
709 0.47800000000000004
710 0.4768
711 0.47600000000000003
712 0.47600000000000003
713 0.47600000000000003
714 0.4752
715 0.474
716 0.4736
717 0.47240000000000004
718 0.47240000000000004
719 0.4716
720 0.47120000000000006
721 0.47120000000000006
722 0.47080000000000005
723 0.4704
724 0.4704
725 0.4704
726 0.47
727 0.47
728 0.47
729 0.4696
730 0.4696
731 0.4696
732 0.4696
733 0.4696
734 0.46919999999999995
735 0.46919999999999995
736 0.46879999999999994
737 0.4684
738 0.46759999999999996
739 0.4672
740 0.4668
741 0.4668
742 0.4668
743 0.4668
744 0.4656
745 0.4656
746 0.46520000000000006
747 0.46520000000000006
748 0.4644
749 0.46399999999999997
750 0.46399999999999997
751 0.4632
752 0.4620000000000001
753 0.4616
754 0.46080000000000004
755 0.46080000000000004
756 0.4600000000000001
757 0.4600000000000001
758 0.4600000000000001
759 0.45960000000000006
760 0.4592000000000001
761 0.4588000000000001
762 0.4588000000000001
763 0.4584000000000001
764 0.4584000000000001
765 0.4584000000000001
766 0.4584000000000001
767 0.45800000000000013
768 0.4576000000000001
769 0.45720000000000005
770 0.4568000000000001
771 0.4564000000000001
772 0.45600000000000007
773 0.45600000000000007
774 0.45600000000000007
775 0.4556000000000001
776 0.4552000000000001
777 0.45480000000000004
778 0.45440000000000014
779 0.45400000000000007
780 0.45400000000000007
781 0.45400000000000007
782 0.45400000000000007
783 0.45360000000000006
784 0.4528000000000001
785 0.4520000000000001
786 0.45160000000000006
787 0.45120000000000005
788 0.45120000000000005
789 0.45120000000000005
790 0.45080000000000015
791 0.45080000000000015
792 0.45080000000000015
793 0.4504000000000001
794 0.44960000000000017
795 0.44960000000000017
796 0.44960000000000017
797 0.44960000000000017
798 0.44960000000000017
799 0.4492000000000001
800 0.44880000000000014
801 0.44880000000000014
802 0.4480000000000001
803 0.4480000000000001
804 0.4480000000000001
805 0.4476000000000001
806 0.44720000000000015
807 0.44680000000000014
808 0.44680000000000014
809 0.44680000000000014
810 0.44680000000000014
811 0.44680000000000014
812 0.44640000000000013
813 0.44640000000000013
814 0.44640000000000013
815 0.44640000000000013
816 0.4460000000000002
817 0.4460000000000002
818 0.4460000000000002
819 0.4460000000000002
820 0.4460000000000002
821 0.4460000000000002
822 0.44560000000000016
823 0.44560000000000016
824 0.44520000000000015
825 0.4448000000000002
826 0.4444000000000002
827 0.4444000000000002
828 0.4444000000000002
829 0.4440000000000001
830 0.4440000000000001
831 0.4440000000000001
832 0.44320000000000015
833 0.44320000000000015
834 0.44320000000000015
835 0.442
836 0.44160000000000005
837 0.44160000000000005
838 0.44120000000000004
839 0.4408000000000001
840 0.44040000000000007
841 0.44040000000000007
842 0.44040000000000007
843 0.44040000000000007
844 0.44040000000000007
845 0.44040000000000007
846 0.44040000000000007
847 0.44040000000000007
848 0.44040000000000007
849 0.44000000000000006
850 0.4396000000000001
851 0.4396000000000001
852 0.4396000000000001
853 0.4396000000000001
854 0.4396000000000001
855 0.4396000000000001
856 0.4388000000000001
857 0.4388000000000001
858 0.4384000000000001
859 0.4380000000000001
860 0.4380000000000001
861 0.4380000000000001
862 0.4376000000000001
863 0.4376000000000001
864 0.43720000000000014
865 0.43720000000000014
866 0.4368000000000001
867 0.4360000000000001
868 0.4360000000000001
869 0.4356000000000001
870 0.4356000000000001
871 0.4356000000000001
872 0.4352000000000001
873 0.43480000000000013
874 0.4340000000000001
875 0.43360000000000015
876 0.4332000000000001
877 0.4324
878 0.43160000000000004
879 0.4312
880 0.4312
881 0.4312
882 0.43040000000000006
883 0.43000000000000005
884 0.4296000000000001
885 0.4296000000000001
886 0.42880000000000007
887 0.42800000000000005
888 0.42800000000000005
889 0.4272000000000001
890 0.4272000000000001
891 0.4272000000000001
892 0.42680000000000007
893 0.42680000000000007
894 0.42680000000000007
895 0.42680000000000007
896 0.42680000000000007
897 0.42680000000000007
898 0.42640000000000006
899 0.42640000000000006
900 0.4260000000000001
901 0.4260000000000001
902 0.4260000000000001
903 0.4256000000000001
904 0.4256000000000001
905 0.4256000000000001
906 0.4256000000000001
907 0.42480000000000007
908 0.42480000000000007
909 0.42440000000000005
910 0.42400000000000004
911 0.4232000000000001
912 0.42200000000000004
913 0.42200000000000004
914 0.42200000000000004
915 0.42200000000000004
916 0.42200000000000004
917 0.42200000000000004
918 0.42200000000000004
919 0.42200000000000004
920 0.42160000000000003
921 0.42160000000000003
922 0.42160000000000003
923 0.42160000000000003
924 0.4212
925 0.4212
926 0.4204
927 0.42
928 0.41960000000000003
929 0.41960000000000003
930 0.4192
931 0.4192
932 0.4188
933 0.4188
934 0.41840000000000005
935 0.41759999999999997
936 0.41759999999999997
937 0.41759999999999997
938 0.41759999999999997
939 0.4168
940 0.4168
941 0.4156
942 0.41519999999999996
943 0.41519999999999996
944 0.41519999999999996
945 0.41519999999999996
946 0.41519999999999996
947 0.41519999999999996
948 0.41519999999999996
949 0.41519999999999996
950 0.41519999999999996
951 0.41479999999999995
952 0.41479999999999995
953 0.41479999999999995
954 0.41479999999999995
955 0.41479999999999995
956 0.41479999999999995
957 0.41479999999999995
958 0.4144
959 0.414
960 0.414
961 0.414
962 0.414
963 0.414
964 0.414
965 0.414
966 0.414
967 0.414
968 0.41359999999999997
969 0.41359999999999997
970 0.4132
971 0.4132
972 0.4128
973 0.4128
974 0.41239999999999993
975 0.41239999999999993
976 0.41239999999999993
977 0.412
978 0.41159999999999997
979 0.41119999999999995
980 0.41119999999999995
981 0.41119999999999995
982 0.41119999999999995
983 0.4108
984 0.4108
985 0.41
986 0.41
987 0.40880000000000005
988 0.4084
989 0.4084
990 0.4084
991 0.4084
992 0.4084
993 0.4084
994 0.4084
995 0.408
996 0.40759999999999996
997 0.4072
998 0.40679999999999994
999 0.40639999999999993
1000 0.4059999999999999
1001 0.4044
1002 0.40399999999999997
1003 0.4036
1004 0.4036
1005 0.4032
1006 0.4032
1007 0.4032
1008 0.40279999999999994
1009 0.4023999999999999
1010 0.4023999999999999
1011 0.4023999999999999
1012 0.40159999999999996
1013 0.40159999999999996
1014 0.40159999999999996
1015 0.4012
1016 0.4012
1017 0.4004
1018 0.3996
1019 0.3996
1020 0.3996
1021 0.3996
1022 0.39919999999999994
1023 0.39919999999999994
1024 0.39919999999999994
1025 0.39919999999999994
1026 0.39879999999999993
1027 0.3984
1028 0.39759999999999995
1029 0.3972
1030 0.3968
1031 0.3968
1032 0.39640000000000003
1033 0.39640000000000003
1034 0.39640000000000003
1035 0.39640000000000003
1036 0.396
1037 0.396
1038 0.396
1039 0.396
1040 0.396
1041 0.39559999999999995
1042 0.39519999999999994
1043 0.39519999999999994
1044 0.39519999999999994
1045 0.39519999999999994
1046 0.3948
1047 0.3944
1048 0.3944
1049 0.39399999999999996
1050 0.39399999999999996
1051 0.39399999999999996
1052 0.3936
1053 0.3936
1054 0.3936
1055 0.3936
1056 0.3932
1057 0.3932
1058 0.3932
1059 0.3932
1060 0.3932
1061 0.3932
1062 0.39199999999999996
1063 0.3912
1064 0.3912
1065 0.3912
1066 0.3908
1067 0.3908
1068 0.39039999999999997
1069 0.39
1070 0.3896
1071 0.38839999999999997
1072 0.38799999999999996
1073 0.38799999999999996
1074 0.38799999999999996
1075 0.38799999999999996
1076 0.38799999999999996
1077 0.38799999999999996
1078 0.38720000000000004
1079 0.38720000000000004
1080 0.3868000000000001
1081 0.3868000000000001
1082 0.3868000000000001
1083 0.3868000000000001
1084 0.3868000000000001
1085 0.3868000000000001
1086 0.3864000000000001
1087 0.3864000000000001
1088 0.38600000000000007
1089 0.3856000000000001
1090 0.3852000000000001
1091 0.3852000000000001
1092 0.3848000000000001
1093 0.3848000000000001
1094 0.3848000000000001
1095 0.3848000000000001
1096 0.38440000000000013
1097 0.3840000000000001
1098 0.38360000000000005
1099 0.38360000000000005
1100 0.38360000000000005
1101 0.3832000000000001
1102 0.3820000000000001
1103 0.3820000000000001
1104 0.3820000000000001
1105 0.3816000000000001
1106 0.3816000000000001
1107 0.38120000000000004
1108 0.3808
1109 0.3808
1110 0.38040000000000007
1111 0.38040000000000007
1112 0.38040000000000007
1113 0.38040000000000007
1114 0.38040000000000007
1115 0.38040000000000007
1116 0.38040000000000007
1117 0.38040000000000007
1118 0.38040000000000007
1119 0.38040000000000007
1120 0.38040000000000007
1121 0.38040000000000007
1122 0.38040000000000007
1123 0.38040000000000007
1124 0.38040000000000007
1125 0.38000000000000006
1126 0.3796000000000001
1127 0.3796000000000001
1128 0.37920000000000004
1129 0.3788
1130 0.3788
1131 0.3788
1132 0.3784
1133 0.3784
1134 0.3784
1135 0.37799999999999995
1136 0.37799999999999995
1137 0.37799999999999995
1138 0.37799999999999995
1139 0.37799999999999995
1140 0.37799999999999995
1141 0.37799999999999995
1142 0.37799999999999995
1143 0.37799999999999995
1144 0.37799999999999995
1145 0.37799999999999995
1146 0.3776
1147 0.3772
1148 0.3768
1149 0.376
1150 0.376
1151 0.376
1152 0.376
1153 0.376
1154 0.376
1155 0.376
1156 0.37560000000000004
1157 0.37560000000000004
1158 0.37560000000000004
1159 0.37560000000000004
1160 0.3748
1161 0.37440000000000007
1162 0.37440000000000007
1163 0.37440000000000007
1164 0.37400000000000005
1165 0.37400000000000005
1166 0.37400000000000005
1167 0.37400000000000005
1168 0.37360000000000004
1169 0.37360000000000004
1170 0.37360000000000004
1171 0.37360000000000004
1172 0.3732
1173 0.3732
1174 0.3732
1175 0.3728
1176 0.3728
1177 0.3728
1178 0.3728
1179 0.3724
1180 0.3724
1181 0.37200000000000005
1182 0.37200000000000005
1183 0.37160000000000004
1184 0.37160000000000004
1185 0.37160000000000004
1186 0.37160000000000004
1187 0.37120000000000003
1188 0.37120000000000003
1189 0.3708000000000001
1190 0.3708000000000001
1191 0.3708000000000001
1192 0.37040000000000006
1193 0.37000000000000005
1194 0.37000000000000005
1195 0.36920000000000003
1196 0.36920000000000003
1197 0.3688
1198 0.3688
1199 0.3688
1200 0.3688
1201 0.3688
1202 0.3688
1203 0.3688
1204 0.3688
1205 0.3688
1206 0.3688
1207 0.3688
1208 0.3688
1209 0.3688
1210 0.3688
1211 0.3688
1212 0.3688
1213 0.3688
1214 0.3688
1215 0.3688
1216 0.3688
1217 0.3688
1218 0.3688
1219 0.3688
1220 0.3688
1221 0.36840000000000006
1222 0.36840000000000006
1223 0.36840000000000006
1224 0.36840000000000006
1225 0.36800000000000005
1226 0.36800000000000005
1227 0.36760000000000004
1228 0.36760000000000004
1229 0.36760000000000004
1230 0.36760000000000004
1231 0.3672000000000001
1232 0.36640000000000006
1233 0.36640000000000006
1234 0.36640000000000006
1235 0.36640000000000006
1236 0.3660000000000001
1237 0.3660000000000001
1238 0.3652
1239 0.3652
1240 0.3648
1241 0.3648
1242 0.3648
1243 0.3648
1244 0.36400000000000005
1245 0.36400000000000005
1246 0.36400000000000005
1247 0.36400000000000005
1248 0.36400000000000005
1249 0.36400000000000005
1250 0.36400000000000005
1251 0.36400000000000005
1252 0.36400000000000005
1253 0.36400000000000005
1254 0.36400000000000005
1255 0.36400000000000005
1256 0.36400000000000005
1257 0.3632000000000001
1258 0.36280000000000007
1259 0.36280000000000007
1260 0.36280000000000007
1261 0.36280000000000007
1262 0.36280000000000007
1263 0.36280000000000007
1264 0.36280000000000007
1265 0.36280000000000007
1266 0.36280000000000007
1267 0.36280000000000007
1268 0.36280000000000007
1269 0.36280000000000007
1270 0.36280000000000007
1271 0.36280000000000007
1272 0.36280000000000007
1273 0.36280000000000007
1274 0.36280000000000007
1275 0.36280000000000007
1276 0.36280000000000007
1277 0.36280000000000007
1278 0.36280000000000007
1279 0.36280000000000007
1280 0.36280000000000007
1281 0.36280000000000007
1282 0.36280000000000007
1283 0.36280000000000007
1284 0.3624
1285 0.3624
1286 0.3624
1287 0.3624
1288 0.3624
1289 0.3624
1290 0.3624
1291 0.3624
1292 0.3624
1293 0.3624
1294 0.36200000000000004
1295 0.36200000000000004
1296 0.36160000000000003
1297 0.36160000000000003
1298 0.36160000000000003
1299 0.3612
1300 0.3612
1301 0.3612
1302 0.3612
1303 0.3612
1304 0.3612
1305 0.36080000000000007
1306 0.36040000000000005
1307 0.3600000000000001
1308 0.3592000000000001
1309 0.3592000000000001
1310 0.3592000000000001
1311 0.3584000000000001
1312 0.35760000000000003
1313 0.3572000000000001
1314 0.3572000000000001
1315 0.3572000000000001
1316 0.3572000000000001
1317 0.3572000000000001
1318 0.3572000000000001
1319 0.3572000000000001
1320 0.35680000000000006
1321 0.35680000000000006
1322 0.35600000000000004
1323 0.35600000000000004
1324 0.3556
1325 0.3552
1326 0.3552
1327 0.3552
1328 0.3552
1329 0.3552
1330 0.3552
1331 0.3552
1332 0.3552
1333 0.3552
1334 0.3552
1335 0.35480000000000006
1336 0.35480000000000006
1337 0.35480000000000006
1338 0.35480000000000006
1339 0.35480000000000006
1340 0.35480000000000006
1341 0.35480000000000006
1342 0.35480000000000006
1343 0.35480000000000006
1344 0.35480000000000006
1345 0.35480000000000006
1346 0.35440000000000005
1347 0.35440000000000005
1348 0.35440000000000005
1349 0.35440000000000005
1350 0.35440000000000005
1351 0.35440000000000005
1352 0.35440000000000005
1353 0.35440000000000005
1354 0.35440000000000005
1355 0.35440000000000005
1356 0.35440000000000005
1357 0.35440000000000005
1358 0.35440000000000005
1359 0.35440000000000005
1360 0.35440000000000005
1361 0.35400000000000004
1362 0.35400000000000004
1363 0.3536000000000001
1364 0.3536000000000001
1365 0.3536000000000001
1366 0.3536000000000001
1367 0.3536000000000001
1368 0.3536000000000001
1369 0.3536000000000001
1370 0.3532
1371 0.3532
1372 0.3532
1373 0.3532
1374 0.3532
1375 0.3532
1376 0.3532
1377 0.3532
1378 0.3532
1379 0.3532
1380 0.3532
1381 0.3532
1382 0.3532
1383 0.35240000000000005
1384 0.35240000000000005
1385 0.35240000000000005
1386 0.35240000000000005
1387 0.35200000000000004
1388 0.35200000000000004
1389 0.35200000000000004
1390 0.35200000000000004
1391 0.35200000000000004
1392 0.3516
1393 0.3516
1394 0.35120000000000007
1395 0.35120000000000007
1396 0.35080000000000006
1397 0.35040000000000004
1398 0.35040000000000004
1399 0.35040000000000004
1400 0.35040000000000004
1401 0.35040000000000004
1402 0.35040000000000004
1403 0.35040000000000004
1404 0.35040000000000004
1405 0.35040000000000004
1406 0.35040000000000004
1407 0.3500000000000001
1408 0.3496000000000001
1409 0.3496000000000001
1410 0.3488
1411 0.3488
1412 0.3488
1413 0.3488
1414 0.3488
1415 0.3488
1416 0.34840000000000004
1417 0.34840000000000004
1418 0.34840000000000004
1419 0.34800000000000003
1420 0.34800000000000003
1421 0.3476000000000001
1422 0.3476000000000001
1423 0.3476000000000001
1424 0.3476000000000001
1425 0.3464000000000001
1426 0.3464000000000001
1427 0.3464000000000001
1428 0.3452
1429 0.3452
1430 0.3452
1431 0.34440000000000004
1432 0.34440000000000004
1433 0.3440000000000001
1434 0.3440000000000001
1435 0.3440000000000001
1436 0.3440000000000001
1437 0.34360000000000007
1438 0.34360000000000007
1439 0.34360000000000007
1440 0.34360000000000007
1441 0.34360000000000007
1442 0.34360000000000007
1443 0.34360000000000007
1444 0.34360000000000007
1445 0.34360000000000007
1446 0.34360000000000007
1447 0.34320000000000006
1448 0.34320000000000006
1449 0.34320000000000006
1450 0.34320000000000006
1451 0.3428000000000001
1452 0.3428000000000001
1453 0.3428000000000001
1454 0.3424000000000001
1455 0.3424000000000001
1456 0.3424000000000001
1457 0.3424000000000001
1458 0.3424000000000001
1459 0.3424000000000001
1460 0.3424000000000001
1461 0.3420000000000001
1462 0.3420000000000001
1463 0.3420000000000001
1464 0.3420000000000001
1465 0.3420000000000001
1466 0.3420000000000001
1467 0.3416
1468 0.34120000000000006
1469 0.34080000000000005
1470 0.34080000000000005
1471 0.34080000000000005
1472 0.34080000000000005
1473 0.34080000000000005
1474 0.34080000000000005
1475 0.34080000000000005
1476 0.34080000000000005
1477 0.34080000000000005
1478 0.34040000000000004
1479 0.34040000000000004
1480 0.34040000000000004
1481 0.34040000000000004
1482 0.34040000000000004
1483 0.3400000000000001
1484 0.3400000000000001
1485 0.3400000000000001
1486 0.3400000000000001
1487 0.3396
1488 0.3396
1489 0.3396
1490 0.3396
1491 0.3396
1492 0.3392
1493 0.33880000000000005
1494 0.33880000000000005
1495 0.33880000000000005
1496 0.33880000000000005
1497 0.33880000000000005
1498 0.33880000000000005
1499 0.33880000000000005
1500 0.33880000000000005
1501 0.33880000000000005
1502 0.33880000000000005
1503 0.33880000000000005
1504 0.33880000000000005
1505 0.33840000000000003
1506 0.33840000000000003
1507 0.33840000000000003
1508 0.33840000000000003
1509 0.33840000000000003
1510 0.33840000000000003
1511 0.33840000000000003
1512 0.33840000000000003
1513 0.33840000000000003
1514 0.33840000000000003
1515 0.33799999999999997
1516 0.33679999999999993
1517 0.33679999999999993
1518 0.33679999999999993
1519 0.3363999999999999
1520 0.33599999999999997
1521 0.33599999999999997
1522 0.33599999999999997
1523 0.33559999999999995
1524 0.33559999999999995
1525 0.3351999999999999
1526 0.3351999999999999
1527 0.3351999999999999
1528 0.3347999999999999
1529 0.3347999999999999
1530 0.3347999999999999
1531 0.3343999999999999
1532 0.3339999999999999
1533 0.3339999999999999
1534 0.3339999999999999
1535 0.3335999999999999
1536 0.3335999999999999
1537 0.3335999999999999
1538 0.3335999999999999
1539 0.3335999999999999
1540 0.3335999999999999
1541 0.3335999999999999
1542 0.3335999999999999
1543 0.3335999999999999
1544 0.3335999999999999
1545 0.3335999999999999
1546 0.3335999999999999
1547 0.3335999999999999
1548 0.33319999999999994
1549 0.33239999999999986
1550 0.33239999999999986
1551 0.33239999999999986
1552 0.33239999999999986
1553 0.33239999999999986
1554 0.33239999999999986
1555 0.33239999999999986
1556 0.33239999999999986
1557 0.33239999999999986
1558 0.33239999999999986
1559 0.3319999999999999
1560 0.3315999999999999
1561 0.3315999999999999
1562 0.3315999999999999
1563 0.3315999999999999
1564 0.3315999999999999
1565 0.3311999999999999
1566 0.3311999999999999
1567 0.3311999999999999
1568 0.3311999999999999
1569 0.3311999999999999
1570 0.3311999999999999
1571 0.3311999999999999
1572 0.3311999999999999
1573 0.3307999999999999
1574 0.3307999999999999
1575 0.3299999999999999
1576 0.32959999999999995
1577 0.32959999999999995
1578 0.32919999999999994
1579 0.32919999999999994
1580 0.32919999999999994
1581 0.32919999999999994
1582 0.32919999999999994
1583 0.32919999999999994
1584 0.32919999999999994
1585 0.3288
1586 0.3288
1587 0.3288
1588 0.3288
1589 0.3288
1590 0.3288
1591 0.3288
1592 0.3288
1593 0.3288
1594 0.3288
1595 0.32839999999999997
1596 0.32839999999999997
1597 0.32839999999999997
1598 0.32799999999999996
1599 0.32799999999999996
1600 0.32799999999999996
1601 0.32799999999999996
1602 0.32799999999999996
1603 0.3276
1604 0.3276
1605 0.3276
1606 0.3276
1607 0.3276
1608 0.3276
1609 0.3276
1610 0.3276
1611 0.3276
1612 0.3276
1613 0.3276
1614 0.3276
1615 0.3276
1616 0.3276
1617 0.3276
1618 0.3276
1619 0.3272
1620 0.3268
1621 0.3268
1622 0.3268
1623 0.3268
1624 0.3268
1625 0.3264
1626 0.326
1627 0.326
1628 0.326
1629 0.326
1630 0.326
1631 0.326
1632 0.326
1633 0.326
1634 0.326
1635 0.326
1636 0.326
1637 0.326
1638 0.3256
1639 0.3256
1640 0.3256
1641 0.3256
1642 0.3256
1643 0.3256
1644 0.3256
1645 0.3256
1646 0.3256
1647 0.32520000000000004
1648 0.32520000000000004
1649 0.32520000000000004
1650 0.32520000000000004
1651 0.32520000000000004
1652 0.32520000000000004
1653 0.32520000000000004
1654 0.32520000000000004
1655 0.32520000000000004
1656 0.32480000000000003
1657 0.3244
1658 0.3244
1659 0.32400000000000007
1660 0.32400000000000007
1661 0.32400000000000007
1662 0.32400000000000007
1663 0.32400000000000007
1664 0.32400000000000007
1665 0.32400000000000007
1666 0.32400000000000007
1667 0.32400000000000007
1668 0.32400000000000007
1669 0.32360000000000005
1670 0.32360000000000005
1671 0.32360000000000005
1672 0.32280000000000003
1673 0.32280000000000003
1674 0.32280000000000003
1675 0.32280000000000003
1676 0.32280000000000003
1677 0.32280000000000003
1678 0.3224
1679 0.3224
1680 0.322
1681 0.322
1682 0.32160000000000005
1683 0.32160000000000005
1684 0.32160000000000005
1685 0.32160000000000005
1686 0.32160000000000005
1687 0.32160000000000005
1688 0.32160000000000005
1689 0.32120000000000004
1690 0.32120000000000004
1691 0.32120000000000004
1692 0.32120000000000004
1693 0.32120000000000004
1694 0.32120000000000004
1695 0.32120000000000004
1696 0.32120000000000004
1697 0.32120000000000004
1698 0.32120000000000004
1699 0.32120000000000004
1700 0.32120000000000004
1701 0.32120000000000004
1702 0.32120000000000004
1703 0.32120000000000004
1704 0.32120000000000004
1705 0.32120000000000004
1706 0.32120000000000004
1707 0.32120000000000004
1708 0.32120000000000004
1709 0.32120000000000004
1710 0.32120000000000004
1711 0.32120000000000004
1712 0.32120000000000004
1713 0.32120000000000004
1714 0.3208
1715 0.3208
1716 0.3208
1717 0.3208
1718 0.3204
1719 0.3204
1720 0.32
1721 0.32
1722 0.31920000000000004
1723 0.31880000000000003
1724 0.31880000000000003
1725 0.31880000000000003
1726 0.31880000000000003
1727 0.31880000000000003
1728 0.31880000000000003
1729 0.31880000000000003
1730 0.31880000000000003
1731 0.31880000000000003
1732 0.31880000000000003
1733 0.31880000000000003
1734 0.31880000000000003
1735 0.31880000000000003
1736 0.31880000000000003
1737 0.31880000000000003
1738 0.31880000000000003
1739 0.31880000000000003
1740 0.31880000000000003
1741 0.31880000000000003
1742 0.3184
1743 0.31760000000000005
1744 0.31760000000000005
1745 0.31760000000000005
1746 0.31760000000000005
1747 0.31760000000000005
1748 0.31760000000000005
1749 0.31760000000000005
1750 0.31760000000000005
1751 0.31760000000000005
1752 0.31760000000000005
1753 0.31760000000000005
1754 0.31760000000000005
1755 0.31720000000000004
1756 0.31720000000000004
1757 0.31720000000000004
1758 0.3168
1759 0.3168
1760 0.3168
1761 0.3168
1762 0.3168
1763 0.3168
1764 0.3168
1765 0.3164
1766 0.3164
1767 0.31600000000000006
1768 0.31600000000000006
1769 0.31600000000000006
1770 0.31600000000000006
1771 0.31560000000000005
1772 0.31560000000000005
1773 0.31520000000000004
1774 0.31520000000000004
1775 0.31520000000000004
1776 0.31520000000000004
1777 0.31520000000000004
1778 0.31520000000000004
1779 0.31520000000000004
1780 0.31520000000000004
1781 0.31520000000000004
1782 0.31520000000000004
1783 0.3148
1784 0.3148
1785 0.3148
1786 0.31440000000000007
1787 0.31440000000000007
1788 0.31440000000000007
1789 0.31440000000000007
1790 0.31440000000000007
1791 0.31440000000000007
1792 0.31400000000000006
1793 0.31400000000000006
1794 0.31400000000000006
1795 0.31400000000000006
1796 0.31400000000000006
1797 0.31400000000000006
1798 0.31360000000000005
1799 0.31360000000000005
1800 0.31360000000000005
1801 0.31360000000000005
1802 0.3128
1803 0.3128
1804 0.31240000000000007
1805 0.31240000000000007
1806 0.31240000000000007
1807 0.31240000000000007
1808 0.31240000000000007
1809 0.31240000000000007
1810 0.31240000000000007
1811 0.31240000000000007
1812 0.31240000000000007
1813 0.31240000000000007
1814 0.31240000000000007
1815 0.31240000000000007
1816 0.3116
1817 0.3116
1818 0.3116
1819 0.3116
1820 0.3108
1821 0.3108
1822 0.3108
1823 0.3108
1824 0.3108
1825 0.3108
1826 0.3108
1827 0.3108
1828 0.3108
1829 0.3108
1830 0.3108
1831 0.3108
1832 0.3108
1833 0.3104
1834 0.3104
1835 0.3104
1836 0.3104
1837 0.3104
1838 0.31
1839 0.3096
1840 0.3096
1841 0.3096
1842 0.3092
1843 0.3092
1844 0.3092
1845 0.3092
1846 0.3092
1847 0.3092
1848 0.3092
1849 0.3092
1850 0.30879999999999996
1851 0.30879999999999996
1852 0.30879999999999996
1853 0.30879999999999996
1854 0.30879999999999996
1855 0.30879999999999996
1856 0.30879999999999996
1857 0.30879999999999996
1858 0.3084
1859 0.3084
1860 0.3084
1861 0.3084
1862 0.3084
1863 0.308
1864 0.308
1865 0.308
1866 0.308
1867 0.308
1868 0.308
1869 0.308
1870 0.308
1871 0.308
1872 0.308
1873 0.308
1874 0.308
1875 0.308
1876 0.308
1877 0.308
1878 0.308
1879 0.308
1880 0.30760000000000004
1881 0.30760000000000004
1882 0.30760000000000004
1883 0.30760000000000004
1884 0.30760000000000004
1885 0.30720000000000003
1886 0.30720000000000003
1887 0.3068
1888 0.3068
1889 0.3068
1890 0.3068
1891 0.3068
1892 0.3068
1893 0.30640000000000006
1894 0.30640000000000006
1895 0.30640000000000006
1896 0.30640000000000006
1897 0.30640000000000006
1898 0.30640000000000006
1899 0.306
1900 0.306
1901 0.306
1902 0.306
1903 0.306
1904 0.306
1905 0.306
1906 0.306
1907 0.306
1908 0.306
1909 0.30560000000000004
1910 0.30560000000000004
1911 0.30560000000000004
1912 0.30560000000000004
1913 0.30560000000000004
1914 0.30560000000000004
1915 0.30560000000000004
1916 0.3052
1917 0.3048
1918 0.3048
1919 0.30440000000000006
1920 0.30440000000000006
1921 0.30440000000000006
1922 0.30440000000000006
1923 0.30440000000000006
1924 0.30440000000000006
1925 0.30440000000000006
1926 0.30440000000000006
1927 0.30400000000000005
1928 0.30400000000000005
1929 0.30360000000000004
1930 0.3032
1931 0.3024
1932 0.3024
1933 0.3024
1934 0.3024
1935 0.3024
1936 0.30200000000000005
1937 0.30200000000000005
1938 0.30200000000000005
1939 0.30200000000000005
1940 0.30200000000000005
1941 0.30200000000000005
1942 0.30200000000000005
1943 0.30200000000000005
1944 0.30160000000000003
1945 0.30160000000000003
1946 0.30160000000000003
1947 0.3012
1948 0.3012
1949 0.3012
1950 0.3012
1951 0.3012
1952 0.3012
1953 0.3012
1954 0.3012
1955 0.3012
1956 0.3012
1957 0.3012
1958 0.3012
1959 0.3012
1960 0.3012
1961 0.3012
1962 0.30080000000000007
1963 0.30000000000000004
1964 0.30000000000000004
1965 0.30000000000000004
1966 0.30000000000000004
1967 0.30000000000000004
1968 0.30000000000000004
1969 0.30000000000000004
1970 0.30000000000000004
1971 0.30000000000000004
1972 0.30000000000000004
1973 0.30000000000000004
1974 0.30000000000000004
1975 0.30000000000000004
1976 0.30000000000000004
1977 0.29960000000000003
1978 0.29960000000000003
1979 0.29919999999999997
1980 0.29919999999999997
1981 0.29919999999999997
1982 0.29919999999999997
1983 0.29879999999999995
1984 0.29879999999999995
1985 0.29879999999999995
1986 0.29879999999999995
1987 0.29879999999999995
1988 0.29839999999999994
1989 0.29839999999999994
1990 0.298
1991 0.298
1992 0.298
1993 0.298
1994 0.298
1995 0.298
1996 0.298
1997 0.298
1998 0.298
1999 0.298
