1 1.0
2 1.0
3 1.0
4 1.0
5 1.0
6 1.0
7 1.0
8 1.0
9 1.0
10 1.0
11 1.0
12 1.0
13 1.0
14 1.0
15 1.0
16 1.0
17 1.0
18 1.0
19 1.0
20 1.0
21 1.0
22 1.0
23 1.0
24 1.0
25 1.0
26 1.0
27 0.998
28 0.9960000000000001
29 0.9960000000000001
30 0.994
31 0.994
32 0.992
33 0.99
34 0.99
35 0.99
36 0.9880000000000001
37 0.9880000000000001
38 0.9880000000000001
39 0.986
40 0.986
41 0.984
42 0.984
43 0.982
44 0.982
45 0.982
46 0.982
47 0.9760000000000002
48 0.9760000000000002
49 0.9760000000000002
50 0.9760000000000002
51 0.9760000000000002
52 0.9720000000000001
53 0.9720000000000001
54 0.9720000000000001
55 0.9720000000000001
56 0.9720000000000001
57 0.97
58 0.97
59 0.97
60 0.968
61 0.968
62 0.9640000000000001
63 0.9600000000000002
64 0.9600000000000002
65 0.9600000000000002
66 0.9600000000000002
67 0.9600000000000002
68 0.9600000000000002
69 0.9600000000000002
70 0.9600000000000002
71 0.9600000000000002
72 0.9600000000000002
73 0.9559999999999998
74 0.954
75 0.952
76 0.95
77 0.9480000000000001
78 0.9480000000000001
79 0.9440000000000002
80 0.9420000000000002
81 0.9400000000000002
82 0.9400000000000002
83 0.938
84 0.9339999999999999
85 0.9339999999999999
86 0.9339999999999999
87 0.932
88 0.93
89 0.9280000000000002
90 0.9280000000000002
91 0.9280000000000002
92 0.9280000000000002
93 0.9280000000000002
94 0.924
95 0.922
96 0.922
97 0.9179999999999999
98 0.9179999999999999
99 0.9120000000000001
100 0.9120000000000001
101 0.9120000000000001
102 0.9120000000000001
103 0.9100000000000001
104 0.9100000000000001
105 0.908
106 0.9059999999999999
107 0.9019999999999999
108 0.9
109 0.898
110 0.8959999999999999
111 0.8939999999999999
112 0.8960000000000001
113 0.898
114 0.8960000000000001
115 0.8960000000000001
116 0.8960000000000001
117 0.8960000000000001
118 0.8960000000000001
119 0.898
120 0.898
121 0.898
122 0.898
123 0.898
124 0.8960000000000001
125 0.8960000000000001
126 0.8919999999999998
127 0.8919999999999998
128 0.8919999999999998
129 0.8859999999999999
130 0.8800000000000001
131 0.8800000000000001
132 0.8800000000000001
133 0.882
134 0.882
135 0.882
136 0.882
137 0.8879999999999999
138 0.8879999999999999
139 0.8859999999999999
140 0.882
141 0.882
142 0.8800000000000001
143 0.876
144 0.874
145 0.8719999999999999
146 0.866
147 0.8640000000000001
148 0.8600000000000001
149 0.8579999999999999
150 0.8579999999999999
151 0.8579999999999999
152 0.8539999999999999
153 0.852
154 0.8539999999999999
155 0.8539999999999999
156 0.8559999999999999
157 0.8580000000000002
158 0.8580000000000002
159 0.8580000000000002
160 0.8620000000000001
161 0.8620000000000001
162 0.8600000000000001
163 0.8579999999999999
164 0.8600000000000001
165 0.8600000000000001
166 0.8579999999999999
167 0.8579999999999999
168 0.8539999999999999
169 0.8539999999999999
170 0.852
171 0.852
172 0.852
173 0.852
174 0.852
175 0.85
176 0.8480000000000001
177 0.8480000000000001
178 0.85
179 0.8479999999999999
180 0.85
181 0.852
182 0.8579999999999999
183 0.8539999999999999
184 0.8539999999999999
185 0.852
186 0.8539999999999999
187 0.852
188 0.852
189 0.8539999999999999
190 0.852
191 0.8499999999999999
192 0.8499999999999999
193 0.8499999999999999
194 0.8459999999999999
195 0.8459999999999999
196 0.8459999999999999
197 0.842
198 0.844
199 0.842
200 0.8400000000000001
201 0.836
202 0.836
203 0.8320000000000001
204 0.8320000000000001
205 0.828
206 0.8300000000000001
207 0.8300000000000001
208 0.834
209 0.836
210 0.8400000000000001
211 0.8380000000000001
212 0.8300000000000001
213 0.8280000000000001
214 0.8280000000000001
215 0.826
216 0.826
217 0.8240000000000001
218 0.8180000000000002
219 0.8140000000000001
220 0.8140000000000001
221 0.8140000000000001
222 0.8160000000000002
223 0.8180000000000002
224 0.8140000000000001
225 0.8140000000000001
226 0.8140000000000001
227 0.812
228 0.8160000000000002
229 0.8200000000000001
230 0.8260000000000002
231 0.8320000000000002
232 0.8380000000000001
233 0.8360000000000001
234 0.8360000000000001
235 0.8360000000000001
236 0.8340000000000002
237 0.8320000000000001
238 0.8280000000000001
239 0.8260000000000002
240 0.8220000000000001
241 0.8140000000000001
242 0.8119999999999999
243 0.8119999999999999
244 0.8099999999999999
245 0.8099999999999999
246 0.8099999999999999
247 0.806
248 0.806
249 0.8019999999999999
250 0.8019999999999999
251 0.8019999999999999
252 0.8
253 0.8019999999999999
254 0.806
255 0.8099999999999999
256 0.8160000000000001
257 0.818
258 0.8200000000000001
259 0.8220000000000001
260 0.8220000000000001
261 0.8220000000000001
262 0.82
263 0.8160000000000001
264 0.8160000000000001
265 0.812
266 0.812
267 0.812
268 0.812
269 0.812
270 0.808
271 0.804
272 0.8019999999999999
273 0.794
274 0.792
275 0.7999999999999999
276 0.7959999999999999
277 0.8
278 0.7939999999999999
279 0.7939999999999999
280 0.7979999999999999
281 0.7999999999999999
282 0.806
283 0.808
284 0.806
285 0.806
286 0.806
287 0.806
288 0.7939999999999999
289 0.792
290 0.792
291 0.792
292 0.79
293 0.7859999999999999
294 0.7859999999999999
295 0.7859999999999999
296 0.7859999999999999
297 0.784
298 0.784
299 0.782
300 0.782
301 0.7900000000000001
302 0.794
303 0.796
304 0.8
305 0.8039999999999999
306 0.8019999999999999
307 0.8019999999999999
308 0.7979999999999999
309 0.7979999999999999
310 0.7979999999999999
311 0.7979999999999999
312 0.7979999999999999
313 0.794
314 0.7919999999999999
315 0.7919999999999999
316 0.7919999999999999
317 0.7919999999999999
318 0.7919999999999999
319 0.7919999999999999
320 0.788
321 0.784
322 0.786
323 0.79
324 0.7940000000000002
325 0.794
326 0.798
327 0.8019999999999999
328 0.8099999999999999
329 0.812
330 0.806
331 0.808
332 0.8039999999999999
333 0.8019999999999999
334 0.798
335 0.794
336 0.796
337 0.794
338 0.792
339 0.788
340 0.786
341 0.784
342 0.782
343 0.7779999999999999
344 0.776
345 0.776
346 0.776
347 0.778
348 0.78
349 0.79
350 0.794
351 0.798
352 0.798
353 0.8
354 0.798
355 0.7940000000000002
356 0.796
357 0.7940000000000002
358 0.792
359 0.788
360 0.7860000000000001
361 0.7820000000000001
362 0.78
363 0.78
364 0.78
365 0.778
366 0.772
367 0.77
368 0.77
369 0.772
370 0.774
371 0.78
372 0.7819999999999999
373 0.7839999999999999
374 0.784
375 0.7859999999999999
376 0.788
377 0.792
378 0.7940000000000002
379 0.792
380 0.792
381 0.796
382 0.796
383 0.796
384 0.796
385 0.796
386 0.796
387 0.796
388 0.796
389 0.792
390 0.792
391 0.79
392 0.786
393 0.78
394 0.778
395 0.7779999999999999
396 0.782
397 0.788
398 0.79
399 0.8020000000000002
400 0.804
401 0.8139999999999998
402 0.8099999999999999
403 0.808
404 0.8099999999999999
405 0.8119999999999999
406 0.8119999999999999
407 0.806
408 0.8039999999999999
409 0.8019999999999999
410 0.8
411 0.798
412 0.796
413 0.7899999999999999
414 0.7899999999999999
415 0.7899999999999999
416 0.784
417 0.776
418 0.774
419 0.7779999999999999
420 0.784
421 0.784
422 0.788
423 0.788
424 0.792
425 0.7939999999999999
426 0.792
427 0.794
428 0.794
429 0.788
430 0.7860000000000001
431 0.784
432 0.78
433 0.774
434 0.77
435 0.766
436 0.764
437 0.7620000000000001
438 0.764
439 0.76
440 0.76
441 0.758
442 0.754
443 0.754
444 0.756
445 0.756
446 0.754
447 0.7620000000000001
448 0.7620000000000001
449 0.764
450 0.772
451 0.772
452 0.772
453 0.772
454 0.77
455 0.768
456 0.7660000000000001
457 0.766
458 0.762
459 0.76
460 0.758
461 0.758
462 0.758
463 0.752
464 0.7500000000000001
465 0.748
466 0.75
467 0.75
468 0.75
469 0.758
470 0.7619999999999999
471 0.7619999999999999
472 0.764
473 0.774
474 0.778
475 0.778
476 0.776
477 0.776
478 0.7699999999999999
479 0.77
480 0.768
481 0.764
482 0.7619999999999999
483 0.76
484 0.756
485 0.754
486 0.744
487 0.744
488 0.742
489 0.74
490 0.7360000000000001
491 0.736
492 0.736
493 0.744
494 0.75
495 0.752
496 0.7580000000000001
497 0.76
498 0.762
499 0.7660000000000001
500 0.7660000000000001
501 0.768
502 0.768
503 0.768
504 0.764
505 0.7580000000000001
506 0.756
507 0.756
508 0.7540000000000001
509 0.7540000000000001
510 0.754
511 0.754
512 0.748
513 0.7459999999999999
514 0.7459999999999999
515 0.748
516 0.7439999999999999
517 0.746
518 0.75
519 0.752
520 0.7540000000000001
521 0.7540000000000001
522 0.756
523 0.758
524 0.76
525 0.76
526 0.7580000000000001
527 0.7580000000000001
528 0.7580000000000001
529 0.7580000000000001
530 0.7560000000000001
531 0.7540000000000001
532 0.7500000000000001
533 0.7500000000000001
534 0.744
535 0.748
536 0.746
537 0.746
538 0.744
539 0.746
540 0.752
541 0.756
542 0.766
543 0.774
544 0.776
545 0.78
546 0.78
547 0.7819999999999999
548 0.78
549 0.776
550 0.776
551 0.776
552 0.776
553 0.776
554 0.764
555 0.764
556 0.7600000000000001
557 0.758
558 0.756
559 0.752
560 0.748
561 0.746
562 0.748
563 0.746
564 0.7520000000000001
565 0.76
566 0.7660000000000001
567 0.77
568 0.7660000000000001
569 0.768
570 0.7720000000000001
571 0.7760000000000001
572 0.782
573 0.78
574 0.78
575 0.7780000000000001
576 0.776
577 0.776
578 0.776
579 0.7739999999999999
580 0.7739999999999999
581 0.77
582 0.766
583 0.764
584 0.764
585 0.7619999999999999
586 0.764
587 0.762
588 0.762
589 0.766
590 0.772
591 0.778
592 0.778
593 0.776
594 0.78
595 0.78
596 0.776
597 0.776
598 0.7740000000000001
599 0.7700000000000001
600 0.768
601 0.768
602 0.764
603 0.764
604 0.7579999999999999
605 0.754
606 0.756
607 0.754
608 0.752
609 0.752
610 0.75
611 0.752
612 0.7480000000000001
613 0.7560000000000001
614 0.762
615 0.766
616 0.766
617 0.776
618 0.778
619 0.78
620 0.778
621 0.776
622 0.776
623 0.7740000000000001
624 0.7740000000000001
625 0.77
626 0.766
627 0.7620000000000001
628 0.7579999999999999
629 0.756
630 0.752
631 0.75
632 0.746
633 0.744
634 0.744
635 0.744
636 0.744
637 0.744
638 0.7419999999999999
639 0.7419999999999999
640 0.75
641 0.756
642 0.7540000000000001
643 0.756
644 0.756
645 0.756
646 0.75
647 0.746
648 0.744
649 0.744
650 0.7420000000000001
651 0.74
652 0.74
653 0.736
654 0.7340000000000001
655 0.7320000000000001
656 0.732
657 0.728
658 0.72
659 0.7160000000000001
660 0.7160000000000001
661 0.7200000000000001
662 0.7280000000000001
663 0.732
664 0.734
665 0.74
666 0.742
667 0.748
668 0.75
669 0.75
670 0.748
671 0.746
672 0.746
673 0.744
674 0.742
675 0.742
676 0.7380000000000001
677 0.7380000000000001
678 0.734
679 0.726
680 0.722
681 0.722
682 0.72
683 0.726
684 0.732
685 0.738
686 0.74
687 0.748
688 0.748
689 0.7580000000000001
690 0.764
691 0.764
692 0.7619999999999999
693 0.758
694 0.7559999999999999
695 0.752
696 0.752
697 0.75
698 0.744
699 0.742
700 0.736
701 0.736
702 0.7300000000000001
703 0.724
704 0.718
705 0.714
706 0.714
707 0.7199999999999999
708 0.722
709 0.7259999999999999
710 0.7280000000000001
711 0.736
712 0.742
713 0.752
714 0.7579999999999999
715 0.756
716 0.756
717 0.752
718 0.744
719 0.742
720 0.7380000000000001
721 0.736
722 0.73
723 0.728
724 0.724
725 0.7180000000000001
726 0.716
727 0.714
728 0.712
729 0.7100000000000001
730 0.71
731 0.716
732 0.72
733 0.7240000000000001
734 0.724
735 0.726
736 0.734
737 0.742
738 0.7460000000000001
739 0.752
740 0.752
741 0.754
742 0.754
743 0.7499999999999999
744 0.748
745 0.746
746 0.744
747 0.738
748 0.738
749 0.738
750 0.738
751 0.736
752 0.736
753 0.736
754 0.7380000000000001
755 0.7379999999999999
756 0.7420000000000001
757 0.7420000000000001
758 0.744
759 0.7380000000000001
760 0.742
761 0.748
762 0.748
763 0.748
764 0.7500000000000001
765 0.752
766 0.752
767 0.7500000000000001
768 0.746
769 0.746
770 0.744
771 0.7420000000000001
772 0.7420000000000001
773 0.7400000000000001
774 0.7380000000000002
775 0.732
776 0.732
777 0.7300000000000001
778 0.7260000000000002
779 0.7280000000000001
780 0.7280000000000001
781 0.7380000000000001
782 0.752
783 0.756
784 0.762
785 0.768
786 0.768
787 0.764
788 0.766
789 0.766
790 0.768
791 0.768
792 0.766
793 0.758
794 0.756
795 0.7460000000000001
796 0.738
797 0.734
798 0.734
799 0.734
800 0.732
801 0.73
802 0.732
803 0.732
804 0.732
805 0.732
806 0.734
807 0.74
808 0.75
809 0.756
810 0.7620000000000001
811 0.7620000000000001
812 0.7620000000000001
813 0.76
814 0.758
815 0.754
816 0.754
817 0.754
818 0.752
819 0.752
820 0.748
821 0.746
822 0.744
823 0.736
824 0.736
825 0.736
826 0.736
827 0.74
828 0.74
829 0.7460000000000001
830 0.7539999999999999
831 0.7539999999999999
832 0.7539999999999999
833 0.752
834 0.754
835 0.756
836 0.7540000000000001
837 0.752
838 0.748
839 0.748
840 0.748
841 0.74
842 0.74
843 0.738
844 0.728
845 0.728
846 0.724
847 0.714
848 0.7100000000000001
849 0.708
850 0.706
851 0.704
852 0.706
853 0.714
854 0.716
855 0.7220000000000001
856 0.726
857 0.724
858 0.724
859 0.726
860 0.726
861 0.724
862 0.72
863 0.716
864 0.716
865 0.712
866 0.71
867 0.708
868 0.708
869 0.708
870 0.702
871 0.704
872 0.694
873 0.694
874 0.696
875 0.7
876 0.702
877 0.708
878 0.718
879 0.724
880 0.7340000000000001
881 0.7340000000000001
882 0.74
883 0.74
884 0.74
885 0.7360000000000001
886 0.728
887 0.724
888 0.724
889 0.726
890 0.726
891 0.724
892 0.7220000000000001
893 0.72
894 0.718
895 0.7140000000000001
896 0.712
897 0.71
898 0.708
899 0.7080000000000001
900 0.7100000000000001
901 0.712
902 0.7260000000000001
903 0.726
904 0.732
905 0.732
906 0.736
907 0.742
908 0.742
909 0.74
910 0.738
911 0.736
912 0.724
913 0.724
914 0.724
915 0.7220000000000001
916 0.7220000000000001
917 0.716
918 0.7100000000000001
919 0.712
920 0.7100000000000001
921 0.7080000000000001
922 0.704
923 0.7060000000000001
924 0.7120000000000001
925 0.7180000000000001
926 0.722
927 0.726
928 0.732
929 0.736
930 0.746
931 0.75
932 0.75
933 0.75
934 0.744
935 0.738
936 0.74
937 0.73
938 0.728
939 0.72
940 0.72
941 0.7180000000000001
942 0.7160000000000001
943 0.71
944 0.7060000000000001
945 0.7040000000000001
946 0.7060000000000001
947 0.7080000000000001
948 0.7060000000000001
949 0.7060000000000001
950 0.7100000000000001
951 0.71
952 0.712
953 0.718
954 0.716
955 0.722
956 0.722
957 0.72
958 0.72
959 0.72
960 0.7180000000000001
961 0.716
962 0.714
963 0.712
964 0.71
965 0.7060000000000001
966 0.704
967 0.7020000000000001
968 0.7
969 0.6980000000000001
970 0.6960000000000001
971 0.6960000000000001
972 0.7020000000000001
973 0.706
974 0.706
975 0.7100000000000001
976 0.7219999999999999
977 0.7220000000000001
978 0.7339999999999999
979 0.7359999999999999
980 0.74
981 0.74
982 0.7419999999999999
983 0.7439999999999999
984 0.7419999999999999
985 0.7419999999999999
986 0.738
987 0.7339999999999999
988 0.732
989 0.73
990 0.72
991 0.7160000000000001
992 0.712
993 0.7080000000000001
994 0.712
995 0.712
996 0.722
997 0.728
998 0.736
999 0.738
