1 1.0
2 1.0
3 1.0
4 1.0
5 1.0
6 1.0
7 1.0
8 1.0
9 1.0
10 1.0
11 1.0
12 1.0
13 1.0
14 0.998
15 0.998
16 0.998
17 0.998
18 0.998
19 0.998
20 0.9960000000000001
21 0.994
22 0.99
23 0.99
24 0.9879999999999999
25 0.9879999999999999
26 0.9879999999999999
27 0.9879999999999999
28 0.9879999999999999
29 0.9879999999999999
30 0.9879999999999999
31 0.986
32 0.986
33 0.986
34 0.984
35 0.982
36 0.982
37 0.982
38 0.982
39 0.9800000000000001
40 0.978
41 0.974
42 0.974
43 0.974
44 0.974
45 0.9720000000000001
46 0.9700000000000001
47 0.9700000000000001
48 0.9700000000000001
49 0.9700000000000001
50 0.968
51 0.968
52 0.966
53 0.966
54 0.966
55 0.966
56 0.9640000000000001
57 0.9620000000000001
58 0.9600000000000002
59 0.9600000000000002
60 0.9600000000000002
61 0.9580000000000002
62 0.9580000000000002
63 0.9580000000000002
64 0.9580000000000002
65 0.9560000000000001
66 0.9540000000000001
67 0.9540000000000001
68 0.9520000000000002
69 0.946
70 0.942
71 0.9400000000000001
72 0.9400000000000001
73 0.9360000000000002
74 0.9360000000000002
75 0.9340000000000002
76 0.9319999999999998
77 0.9319999999999998
78 0.9299999999999999
79 0.9259999999999999
80 0.9259999999999999
81 0.924
82 0.924
83 0.924
84 0.924
85 0.924
86 0.9200000000000002
87 0.9200000000000002
88 0.9200000000000002
89 0.9200000000000002
90 0.9200000000000002
91 0.9200000000000002
92 0.9160000000000001
93 0.9160000000000001
94 0.9160000000000001
95 0.9160000000000001
96 0.9160000000000001
97 0.9160000000000001
98 0.9160000000000001
99 0.9140000000000003
100 0.9140000000000003
101 0.9140000000000003
102 0.9120000000000001
103 0.9120000000000001
104 0.9099999999999999
105 0.9120000000000001
106 0.908
107 0.908
108 0.906
109 0.9040000000000001
110 0.906
111 0.906
112 0.908
113 0.9119999999999999
114 0.9119999999999999
115 0.914
116 0.914
117 0.914
118 0.914
119 0.9099999999999999
120 0.906
121 0.9039999999999999
122 0.9019999999999999
123 0.9019999999999999
124 0.9019999999999999
125 0.9019999999999999
126 0.898
127 0.898
128 0.8959999999999999
129 0.8979999999999999
130 0.8959999999999999
131 0.8919999999999998
132 0.8919999999999998
133 0.8919999999999998
134 0.8879999999999999
135 0.892
136 0.8960000000000001
137 0.8960000000000001
138 0.8960000000000001
139 0.9
140 0.8979999999999999
141 0.8959999999999999
142 0.8939999999999999
143 0.8939999999999999
144 0.8939999999999999
145 0.8880000000000001
146 0.8859999999999999
147 0.884
148 0.882
149 0.876
150 0.876
151 0.876
152 0.876
153 0.876
154 0.876
155 0.876
156 0.876
157 0.876
158 0.8779999999999999
159 0.8779999999999999
160 0.8799999999999999
161 0.8800000000000001
162 0.8800000000000001
163 0.882
164 0.882
165 0.882
166 0.882
167 0.882
168 0.882
169 0.8800000000000001
170 0.8779999999999999
171 0.8779999999999999
172 0.874
173 0.874
174 0.874
175 0.8720000000000001
176 0.8699999999999999
177 0.8699999999999999
178 0.8699999999999999
179 0.8699999999999999
180 0.8720000000000001
181 0.8700000000000001
182 0.874
183 0.876
184 0.8779999999999999
185 0.8779999999999999
186 0.876
187 0.8800000000000001
188 0.8779999999999999
189 0.876
190 0.874
191 0.874
192 0.874
193 0.874
194 0.874
195 0.874
196 0.8699999999999999
197 0.868
198 0.8619999999999999
199 0.858
200 0.8559999999999999
201 0.8559999999999999
202 0.8559999999999999
203 0.8559999999999999
204 0.86
205 0.866
206 0.868
207 0.868
208 0.866
209 0.866
210 0.8640000000000001
211 0.8620000000000001
212 0.8640000000000001
213 0.8640000000000001
214 0.8559999999999999
215 0.8499999999999999
216 0.8479999999999999
217 0.8479999999999999
218 0.8459999999999999
219 0.842
220 0.836
221 0.836
222 0.836
223 0.836
224 0.834
225 0.8300000000000001
226 0.8280000000000001
227 0.8300000000000001
228 0.8300000000000001
229 0.8320000000000001
230 0.834
231 0.836
232 0.836
233 0.8399999999999999
234 0.8420000000000002
235 0.842
236 0.844
237 0.844
238 0.8400000000000001
239 0.8400000000000001
240 0.834
241 0.8300000000000001
242 0.8240000000000001
243 0.8240000000000001
244 0.8220000000000001
245 0.8220000000000001
246 0.82
247 0.82
248 0.8220000000000001
249 0.8220000000000001
250 0.8220000000000001
251 0.826
252 0.8300000000000001
253 0.8300000000000001
254 0.834
255 0.834
256 0.834
257 0.8400000000000001
258 0.8400000000000001
259 0.8420000000000002
260 0.8440000000000001
261 0.8440000000000001
262 0.8400000000000001
263 0.8400000000000001
264 0.8340000000000002
265 0.826
266 0.8240000000000001
267 0.8240000000000001
268 0.8220000000000001
269 0.8220000000000001
270 0.818
271 0.818
272 0.8160000000000001
273 0.8160000000000001
274 0.8160000000000001
275 0.8160000000000001
276 0.8160000000000001
277 0.818
278 0.8200000000000001
279 0.8200000000000001
280 0.8200000000000001
281 0.8220000000000001
282 0.8240000000000001
283 0.8180000000000002
284 0.8180000000000002
285 0.8180000000000002
286 0.8180000000000002
287 0.8160000000000001
288 0.8140000000000001
289 0.8140000000000001
290 0.8140000000000001
291 0.8100000000000002
292 0.806
293 0.804
294 0.804
295 0.8019999999999999
296 0.8
297 0.8
298 0.804
299 0.8020000000000002
300 0.808
301 0.812
302 0.812
303 0.8140000000000001
304 0.8160000000000001
305 0.8160000000000001
306 0.8160000000000002
307 0.8140000000000001
308 0.812
309 0.8100000000000002
310 0.8100000000000002
311 0.8060000000000003
312 0.8020000000000002
313 0.8020000000000002
314 0.8000000000000002
315 0.8000000000000002
316 0.8000000000000002
317 0.8000000000000002
318 0.8000000000000002
319 0.8000000000000002
320 0.7980000000000002
321 0.804
322 0.8060000000000003
323 0.8060000000000003
324 0.8100000000000002
325 0.8180000000000002
326 0.8240000000000001
327 0.8240000000000001
328 0.826
329 0.826
330 0.8280000000000001
331 0.8280000000000001
332 0.8280000000000001
333 0.8300000000000001
334 0.8240000000000001
335 0.8220000000000001
336 0.8160000000000001
337 0.8140000000000001
338 0.8100000000000002
339 0.808
340 0.804
341 0.7999999999999999
342 0.7939999999999999
343 0.7939999999999999
344 0.7939999999999999
345 0.792
346 0.792
347 0.796
348 0.798
349 0.804
350 0.804
351 0.812
352 0.8119999999999999
353 0.8099999999999999
354 0.8140000000000001
355 0.8140000000000001
356 0.8160000000000001
357 0.8160000000000001
358 0.8160000000000001
359 0.818
360 0.818
361 0.8099999999999999
362 0.8099999999999999
363 0.808
364 0.808
365 0.808
366 0.804
367 0.8
368 0.7939999999999999
369 0.792
370 0.7859999999999999
371 0.7859999999999999
372 0.786
373 0.79
374 0.788
375 0.788
376 0.792
377 0.796
378 0.798
379 0.804
380 0.804
381 0.804
382 0.8020000000000002
383 0.8020000000000002
384 0.8
385 0.798
386 0.796
387 0.7939999999999999
388 0.788
389 0.784
390 0.78
391 0.7819999999999999
392 0.7819999999999999
393 0.78
394 0.782
395 0.782
396 0.788
397 0.792
398 0.8000000000000002
399 0.8020000000000002
400 0.806
401 0.808
402 0.8100000000000002
403 0.8160000000000001
404 0.8180000000000002
405 0.8160000000000001
406 0.812
407 0.8080000000000002
408 0.806
409 0.8039999999999999
410 0.8019999999999999
411 0.8019999999999999
412 0.8
413 0.796
414 0.796
415 0.796
416 0.796
417 0.792
418 0.79
419 0.792
420 0.7980000000000002
421 0.7980000000000002
422 0.8039999999999999
423 0.8059999999999998
424 0.8099999999999999
425 0.8119999999999999
426 0.8140000000000001
427 0.82
428 0.818
429 0.8140000000000001
430 0.8140000000000001
431 0.8140000000000001
432 0.812
433 0.8099999999999999
434 0.808
435 0.806
436 0.8039999999999999
437 0.7999999999999999
438 0.796
439 0.792
440 0.794
441 0.794
442 0.7979999999999999
443 0.7979999999999999
444 0.7979999999999999
445 0.806
446 0.806
447 0.8019999999999999
448 0.8039999999999999
449 0.808
450 0.8059999999999998
451 0.8039999999999999
452 0.8059999999999998
453 0.8039999999999999
454 0.8039999999999999
455 0.798
456 0.798
457 0.796
458 0.796
459 0.796
460 0.792
461 0.788
462 0.786
463 0.784
464 0.784
465 0.784
466 0.7820000000000001
467 0.7780000000000002
468 0.7820000000000001
469 0.7900000000000003
470 0.796
471 0.796
472 0.7979999999999999
473 0.8
474 0.798
475 0.8019999999999999
476 0.8019999999999999
477 0.8019999999999999
478 0.798
479 0.792
480 0.7860000000000001
481 0.784
482 0.782
483 0.78
484 0.772
485 0.7680000000000001
486 0.7680000000000001
487 0.7660000000000002
488 0.758
489 0.752
490 0.752
491 0.748
492 0.752
493 0.752
494 0.754
495 0.76
496 0.76
497 0.756
498 0.756
499 0.754
500 0.752
501 0.7559999999999999
502 0.7559999999999999
503 0.7559999999999999
504 0.7559999999999999
505 0.752
506 0.7459999999999999
507 0.7459999999999999
508 0.7459999999999999
509 0.736
510 0.734
511 0.734
512 0.7319999999999999
513 0.7319999999999999
514 0.732
515 0.7299999999999999
516 0.7299999999999999
517 0.73
518 0.728
519 0.732
520 0.736
521 0.742
522 0.7420000000000001
523 0.7460000000000001
524 0.7440000000000001
525 0.744
526 0.742
527 0.742
528 0.74
529 0.74
530 0.7380000000000001
531 0.7380000000000001
532 0.736
533 0.736
534 0.7380000000000001
535 0.7360000000000001
536 0.7340000000000001
537 0.732
538 0.732
539 0.7339999999999999
540 0.74
541 0.744
542 0.744
543 0.748
544 0.7600000000000001
545 0.764
546 0.768
547 0.768
548 0.7740000000000001
549 0.7740000000000001
550 0.7740000000000001
551 0.7740000000000001
552 0.772
553 0.772
554 0.7700000000000001
555 0.768
556 0.768
557 0.766
558 0.766
559 0.766
560 0.7619999999999999
561 0.7579999999999999
562 0.7579999999999999
563 0.762
564 0.7640000000000001
565 0.7620000000000001
566 0.772
567 0.7720000000000001
568 0.7740000000000002
569 0.774
570 0.782
571 0.786
572 0.78
573 0.776
574 0.774
575 0.768
576 0.7660000000000001
577 0.7660000000000001
578 0.7660000000000001
579 0.76
580 0.756
581 0.756
582 0.7540000000000001
583 0.752
584 0.7540000000000001
585 0.7540000000000001
586 0.7500000000000001
587 0.75
588 0.746
589 0.75
590 0.76
591 0.7700000000000001
592 0.768
593 0.7700000000000001
594 0.7740000000000001
595 0.776
596 0.776
597 0.78
598 0.7740000000000001
599 0.77
600 0.7660000000000001
601 0.762
602 0.7580000000000001
603 0.7540000000000001
604 0.75
605 0.748
606 0.7459999999999999
607 0.738
608 0.738
609 0.736
610 0.734
611 0.7380000000000001
612 0.7420000000000001
613 0.746
614 0.744
615 0.752
616 0.756
617 0.756
618 0.758
619 0.752
620 0.756
621 0.754
622 0.754
623 0.754
624 0.754
625 0.75
626 0.75
627 0.746
628 0.746
629 0.744
630 0.7420000000000001
631 0.74
632 0.738
633 0.7220000000000001
634 0.7220000000000001
635 0.7220000000000001
636 0.7260000000000001
637 0.7320000000000001
638 0.7340000000000001
639 0.736
640 0.74
641 0.736
642 0.736
643 0.736
644 0.742
645 0.742
646 0.742
647 0.742
648 0.742
649 0.738
650 0.738
651 0.734
652 0.732
653 0.73
654 0.728
655 0.722
656 0.718
657 0.718
658 0.718
659 0.712
660 0.712
661 0.716
662 0.724
663 0.726
664 0.7379999999999999
665 0.744
666 0.744
667 0.746
668 0.748
669 0.752
670 0.752
671 0.75
672 0.748
673 0.74
674 0.736
675 0.728
676 0.7260000000000001
677 0.7260000000000001
678 0.7260000000000001
679 0.7220000000000001
680 0.72
681 0.72
682 0.7220000000000001
683 0.726
684 0.7299999999999999
685 0.74
686 0.74
687 0.74
688 0.742
689 0.7460000000000001
690 0.7500000000000001
691 0.752
692 0.756
693 0.756
694 0.76
695 0.758
696 0.756
697 0.752
698 0.75
699 0.75
700 0.75
701 0.748
702 0.74
703 0.74
704 0.7420000000000001
705 0.74
706 0.736
707 0.7380000000000001
708 0.744
709 0.7540000000000001
710 0.7540000000000001
711 0.75
712 0.756
713 0.7620000000000001
714 0.762
715 0.764
716 0.7620000000000001
717 0.764
718 0.762
719 0.756
720 0.752
721 0.752
722 0.75
723 0.748
724 0.748
725 0.7419999999999999
726 0.74
727 0.736
728 0.732
729 0.726
730 0.7260000000000002
731 0.7260000000000002
732 0.7320000000000001
733 0.7380000000000001
734 0.7460000000000001
735 0.7460000000000001
736 0.75
737 0.75
738 0.7500000000000001
739 0.7499999999999999
740 0.7499999999999999
741 0.7519999999999999
742 0.7539999999999999
743 0.7539999999999999
744 0.752
745 0.75
746 0.748
747 0.74
748 0.736
749 0.736
750 0.736
751 0.734
752 0.734
753 0.728
754 0.728
755 0.728
756 0.732
757 0.7360000000000001
758 0.74
759 0.744
760 0.752
761 0.762
762 0.764
763 0.762
764 0.7660000000000001
765 0.764
766 0.76
767 0.7580000000000001
768 0.7560000000000001
769 0.7540000000000002
770 0.7520000000000001
771 0.75
772 0.748
773 0.748
774 0.7460000000000001
775 0.7460000000000001
776 0.744
777 0.742
778 0.738
779 0.748
780 0.756
781 0.7620000000000001
782 0.77
783 0.772
784 0.778
785 0.792
786 0.8
787 0.794
788 0.794
789 0.79
790 0.792
791 0.79
792 0.79
793 0.778
794 0.772
795 0.7620000000000001
796 0.7620000000000001
797 0.756
798 0.7540000000000001
799 0.752
800 0.7480000000000001
801 0.744
802 0.734
803 0.73
804 0.73
805 0.738
806 0.7420000000000001
807 0.7460000000000001
808 0.748
809 0.754
810 0.756
811 0.754
812 0.756
813 0.754
814 0.752
815 0.744
816 0.742
817 0.742
818 0.742
819 0.74
820 0.7340000000000002
821 0.7300000000000001
822 0.7260000000000001
823 0.7260000000000001
824 0.724
825 0.7220000000000001
826 0.7220000000000001
827 0.7259999999999999
828 0.728
829 0.734
830 0.74
831 0.74
832 0.748
833 0.748
834 0.748
835 0.7459999999999999
836 0.7459999999999999
837 0.742
838 0.742
839 0.732
840 0.732
841 0.728
842 0.724
843 0.718
844 0.716
845 0.716
846 0.716
847 0.714
848 0.71
849 0.71
850 0.708
851 0.7180000000000001
852 0.7180000000000002
853 0.7200000000000001
854 0.7180000000000001
855 0.716
856 0.72
857 0.728
858 0.73
859 0.732
860 0.734
861 0.732
862 0.732
863 0.73
864 0.73
865 0.728
866 0.724
867 0.7219999999999999
868 0.7179999999999999
869 0.7139999999999999
870 0.7099999999999999
871 0.7099999999999999
872 0.704
873 0.702
874 0.702
875 0.704
876 0.7
877 0.71
878 0.712
879 0.712
880 0.716
881 0.72
882 0.724
883 0.7220000000000001
884 0.724
885 0.722
886 0.72
887 0.714
888 0.71
889 0.708
890 0.708
891 0.708
892 0.708
893 0.706
894 0.706
895 0.706
896 0.706
897 0.704
898 0.706
899 0.706
900 0.712
901 0.7140000000000001
902 0.7260000000000001
903 0.7300000000000001
904 0.7300000000000001
905 0.736
906 0.738
907 0.74
908 0.7380000000000001
909 0.7340000000000001
910 0.7260000000000001
911 0.72
912 0.716
913 0.716
914 0.7140000000000001
915 0.7140000000000001
916 0.7140000000000001
917 0.71
918 0.71
919 0.71
920 0.702
921 0.698
922 0.696
923 0.696
924 0.698
925 0.7020000000000001
926 0.704
927 0.712
928 0.718
929 0.724
930 0.728
931 0.7300000000000001
932 0.732
933 0.7300000000000001
934 0.7300000000000001
935 0.7300000000000001
936 0.7280000000000001
937 0.7260000000000002
938 0.7260000000000002
939 0.7240000000000001
940 0.7200000000000001
941 0.7200000000000001
942 0.7180000000000002
943 0.7140000000000002
944 0.7120000000000001
945 0.7120000000000001
946 0.7100000000000001
947 0.7120000000000001
948 0.716
949 0.7180000000000001
950 0.7260000000000001
951 0.7360000000000001
952 0.7340000000000001
953 0.7340000000000001
954 0.7420000000000001
955 0.7420000000000001
956 0.7460000000000001
957 0.7460000000000001
958 0.7460000000000001
959 0.7460000000000001
960 0.7440000000000001
961 0.7420000000000001
962 0.7400000000000001
963 0.7400000000000001
964 0.7380000000000002
965 0.7340000000000001
966 0.7300000000000001
967 0.7280000000000001
968 0.7260000000000002
969 0.7260000000000002
970 0.7220000000000001
971 0.7260000000000002
972 0.732
973 0.7320000000000001
974 0.7320000000000001
975 0.742
976 0.744
977 0.754
978 0.756
979 0.76
980 0.756
981 0.756
982 0.7539999999999999
983 0.7420000000000001
984 0.74
985 0.74
986 0.74
987 0.74
988 0.7360000000000001
989 0.7340000000000001
990 0.7340000000000001
991 0.7340000000000001
992 0.7340000000000001
993 0.7300000000000001
994 0.7320000000000001
995 0.7320000000000001
996 0.7340000000000002
997 0.7360000000000001
998 0.7380000000000002
999 0.7480000000000001
