1 1.0
2 1.0
3 1.0
4 1.0
5 0.9991999999999999
6 0.9983999999999998
7 0.9979999999999998
8 0.9975999999999998
9 0.9975999999999998
10 0.9975999999999998
11 0.9971999999999998
12 0.9971999999999998
13 0.9959999999999998
14 0.9951999999999999
15 0.9943999999999998
16 0.9931999999999997
17 0.9923999999999996
18 0.9919999999999995
19 0.9903999999999996
20 0.9903999999999996
21 0.9891999999999996
22 0.9887999999999996
23 0.9887999999999996
24 0.9867999999999997
25 0.9863999999999996
26 0.9851999999999996
27 0.9839999999999997
28 0.9831999999999996
29 0.9823999999999997
30 0.9819999999999998
31 0.9811999999999999
32 0.9807999999999999
33 0.9803999999999998
34 0.9795999999999998
35 0.9791999999999998
36 0.9791999999999998
37 0.9783999999999997
38 0.9775999999999999
39 0.9767999999999998
40 0.9763999999999998
41 0.9755999999999997
42 0.9747999999999998
43 0.9747999999999998
44 0.9743999999999997
45 0.9743999999999997
46 0.9735999999999998
47 0.9732
48 0.9727999999999999
49 0.9723999999999998
50 0.9719999999999999
51 0.9703999999999999
52 0.9695999999999999
53 0.9675999999999998
54 0.9671999999999998
55 0.9667999999999998
56 0.9651999999999998
57 0.9651999999999998
58 0.9631999999999998
59 0.9615999999999998
60 0.9603999999999999
61 0.9595999999999998
62 0.9591999999999998
63 0.9571999999999997
64 0.9559999999999996
65 0.9539999999999997
66 0.9523999999999998
67 0.9515999999999997
68 0.9507999999999999
69 0.9487999999999999
70 0.9463999999999997
71 0.9463999999999997
72 0.9451999999999998
73 0.9447999999999999
74 0.9436
75 0.9420000000000001
76 0.9416
77 0.9416
78 0.9416
79 0.9416
80 0.9404
81 0.9384
82 0.9371999999999998
83 0.9344
84 0.9312000000000001
85 0.9300000000000002
86 0.9284
87 0.9272000000000001
88 0.926
89 0.9252000000000001
90 0.924
91 0.9228000000000002
92 0.9228000000000002
93 0.9224000000000001
94 0.9212000000000002
95 0.9208000000000002
96 0.9208000000000002
97 0.9192
98 0.9184
99 0.9176000000000001
100 0.9148000000000001
101 0.914
102 0.914
103 0.9128000000000001
104 0.9124
105 0.9116
106 0.9107999999999999
107 0.9107999999999999
108 0.91
109 0.9092
110 0.9092
111 0.9084000000000002
112 0.9076000000000001
113 0.9052000000000001
114 0.9048
115 0.9036
116 0.9019999999999999
117 0.9011999999999999
118 0.8999999999999999
119 0.8992
120 0.8972
121 0.8968
122 0.8952
123 0.8944
124 0.8936
125 0.8928
126 0.8916000000000001
127 0.8908
128 0.8892
129 0.8880000000000001
130 0.8864000000000002
131 0.8856000000000002
132 0.8856000000000002
133 0.8836000000000003
134 0.8832000000000002
135 0.8832000000000002
136 0.8832000000000002
137 0.8824000000000002
138 0.8816000000000003
139 0.8816000000000003
140 0.8812000000000002
141 0.8808000000000002
142 0.8800000000000003
143 0.8792000000000004
144 0.8788000000000004
145 0.8760000000000003
146 0.8756000000000003
147 0.8756000000000003
148 0.8752000000000004
149 0.8748000000000004
150 0.8740000000000003
151 0.8716000000000004
152 0.8704000000000002
153 0.8688000000000002
154 0.8680000000000002
155 0.8668000000000002
156 0.8664000000000003
157 0.8656000000000003
158 0.8644000000000002
159 0.8636000000000001
160 0.8636000000000001
161 0.8616000000000001
162 0.8616000000000001
163 0.8604000000000002
164 0.8600000000000003
165 0.8592000000000003
166 0.8580000000000002
167 0.8580000000000002
168 0.8580000000000002
169 0.8572000000000002
170 0.8560000000000001
171 0.8556
172 0.8543999999999999
173 0.8536
174 0.8527999999999999
175 0.852
176 0.8512000000000001
177 0.8508
178 0.8504
179 0.8495999999999999
180 0.8495999999999999
181 0.8475999999999999
182 0.846
183 0.8456
184 0.8448
185 0.8432
186 0.8423999999999999
187 0.8419999999999999
188 0.8416
189 0.8412
190 0.8408
191 0.8403999999999999
192 0.84
193 0.84
194 0.8395999999999999
195 0.8388
196 0.8383999999999999
197 0.8371999999999998
198 0.8364
199 0.836
200 0.836
201 0.8347999999999999
202 0.8347999999999999
203 0.8344
204 0.8327999999999999
205 0.8323999999999999
206 0.8307999999999999
207 0.8303999999999999
208 0.8303999999999999
209 0.8299999999999998
210 0.8287999999999998
211 0.8275999999999999
212 0.8271999999999998
213 0.8268
214 0.8268
215 0.8255999999999999
216 0.8255999999999999
217 0.8247999999999999
218 0.8236
219 0.8227999999999999
220 0.8219999999999997
221 0.8211999999999997
222 0.8211999999999997
223 0.8207999999999999
224 0.8203999999999998
225 0.8203999999999998
226 0.8203999999999998
227 0.8195999999999998
228 0.8191999999999997
229 0.8167999999999997
230 0.8155999999999998
231 0.8139999999999997
232 0.8127999999999999
233 0.8127999999999999
234 0.8127999999999999
235 0.8127999999999999
236 0.8111999999999999
237 0.8111999999999999
238 0.8107999999999999
239 0.81
240 0.81
241 0.81
242 0.81
243 0.8092
244 0.8079999999999999
245 0.8068
246 0.8063999999999999
247 0.8059999999999999
248 0.8051999999999999
249 0.8047999999999998
250 0.8036
251 0.8028
252 0.802
253 0.8012
254 0.8012
255 0.7996
256 0.7979999999999999
257 0.7971999999999998
258 0.7967999999999997
259 0.7963999999999999
260 0.7955999999999999
261 0.7951999999999998
262 0.7943999999999999
263 0.7911999999999999
264 0.7911999999999999
265 0.7908
266 0.7899999999999998
267 0.7891999999999999
268 0.7883999999999999
269 0.7883999999999999
270 0.7879999999999998
271 0.7875999999999999
272 0.7875999999999999
273 0.7867999999999999
274 0.7855999999999999
275 0.7852
276 0.7843999999999999
277 0.7835999999999999
278 0.7831999999999998
279 0.7827999999999998
280 0.7823999999999998
281 0.7815999999999999
282 0.7807999999999998
283 0.7799999999999998
284 0.7799999999999998
285 0.7791999999999998
286 0.7763999999999998
287 0.7763999999999998
288 0.7755999999999997
289 0.7739999999999998
290 0.7739999999999998
291 0.7731999999999998
292 0.7727999999999998
293 0.7715999999999997
294 0.7703999999999998
295 0.7703999999999998
296 0.7691999999999999
297 0.7687999999999998
298 0.7687999999999998
299 0.7683999999999999
300 0.7676
301 0.7663999999999999
302 0.7659999999999999
303 0.7656000000000001
304 0.7652
305 0.7647999999999999
306 0.7644
307 0.7644
308 0.7644
309 0.7639999999999999
310 0.7636
311 0.7628
312 0.7628
313 0.7624
314 0.762
315 0.7612000000000001
316 0.7612000000000001
317 0.7612000000000001
318 0.7604000000000001
319 0.758
320 0.7572
321 0.7564
322 0.7559999999999999
323 0.7556
324 0.7552
325 0.7547999999999999
326 0.754
327 0.7528
328 0.7528
329 0.7528
330 0.7524
331 0.7515999999999999
332 0.7504000000000001
333 0.7495999999999999
334 0.7487999999999999
335 0.7483999999999998
336 0.7476
337 0.7468
338 0.7464
339 0.7464
340 0.7456
341 0.7452
342 0.7444
343 0.7444
344 0.7444
345 0.7444
346 0.7444
347 0.7444
348 0.7444
349 0.7432
350 0.7428
351 0.7424
352 0.7415999999999999
353 0.7415999999999999
354 0.7404000000000001
355 0.7396
356 0.7384000000000001
357 0.7384000000000001
358 0.7376
359 0.7376
360 0.7376
361 0.7372000000000001
362 0.7368000000000001
363 0.7360000000000001
364 0.7360000000000001
365 0.7360000000000001
366 0.7348000000000002
367 0.7348000000000002
368 0.7344000000000003
369 0.7340000000000003
370 0.7332000000000004
371 0.7332000000000004
372 0.7324000000000004
373 0.7308000000000004
374 0.7300000000000004
375 0.7300000000000004
376 0.7300000000000004
377 0.7300000000000004
378 0.7300000000000004
379 0.7292000000000004
380 0.7288000000000003
381 0.7284000000000005
382 0.7272000000000004
383 0.7272000000000004
384 0.7272000000000004
385 0.7264000000000004
386 0.7264000000000004
387 0.7264000000000004
388 0.7256000000000004
389 0.7256000000000004
390 0.7256000000000004
391 0.7256000000000004
392 0.7248000000000003
393 0.7240000000000003
394 0.7236000000000005
395 0.7228000000000004
396 0.7228000000000004
397 0.7220000000000002
398 0.7220000000000002
399 0.7220000000000002
400 0.7216000000000002
401 0.7212000000000002
402 0.7212000000000002
403 0.7208000000000002
404 0.7208000000000002
405 0.7208000000000002
406 0.7192000000000002
407 0.7172
408 0.7168000000000001
409 0.7156
410 0.7152
411 0.7152
412 0.7152
413 0.7148
414 0.7148
415 0.7143999999999999
416 0.7143999999999999
417 0.7143999999999999
418 0.7136
419 0.7136
420 0.7136
421 0.7132
422 0.7128
423 0.7123999999999999
424 0.7120000000000001
425 0.7120000000000001
426 0.7120000000000001
427 0.71
428 0.71
429 0.71
430 0.7092
431 0.7092
432 0.7084
433 0.7076
434 0.7068000000000001
435 0.7060000000000001
436 0.7060000000000001
437 0.7056
438 0.7056
439 0.7048000000000001
440 0.7040000000000001
441 0.7036
442 0.7032
443 0.7032
444 0.7028
445 0.7016
446 0.7007999999999999
447 0.7007999999999999
448 0.7007999999999999
449 0.6995999999999998
450 0.6995999999999998
451 0.6995999999999998
452 0.6991999999999998
453 0.6987999999999999
454 0.6983999999999999
455 0.6983999999999999
456 0.6971999999999998
457 0.6971999999999998
458 0.6971999999999998
459 0.6968
460 0.6968
461 0.6964
462 0.6964
463 0.6964
464 0.6956
465 0.6951999999999999
466 0.6947999999999999
467 0.6947999999999999
468 0.6944
469 0.6931999999999999
470 0.6931999999999999
471 0.6923999999999999
472 0.6916
473 0.6916
474 0.6911999999999999
475 0.6908
476 0.6903999999999999
477 0.6903999999999999
478 0.6891999999999999
479 0.6879999999999998
480 0.6868
481 0.6859999999999999
482 0.6848000000000001
483 0.6836
484 0.6827999999999999
485 0.6823999999999998
486 0.6819999999999997
487 0.6811999999999998
488 0.6811999999999998
489 0.6807999999999997
490 0.6807999999999997
491 0.6807999999999997
492 0.6795999999999996
493 0.6795999999999996
494 0.6783999999999998
495 0.6783999999999998
496 0.6783999999999998
497 0.6783999999999998
498 0.6783999999999998
499 0.6783999999999998
500 0.6783999999999998
501 0.6767999999999997
502 0.6767999999999997
503 0.6763999999999997
504 0.6755999999999998
505 0.6755999999999998
506 0.6755999999999998
507 0.6755999999999998
508 0.6755999999999998
509 0.6747999999999997
510 0.6747999999999997
511 0.6743999999999999
512 0.6743999999999999
513 0.6735999999999998
514 0.6731999999999998
515 0.6723999999999997
516 0.6723999999999997
517 0.6723999999999997
518 0.6723999999999997
519 0.6719999999999997
520 0.6719999999999997
521 0.6719999999999997
522 0.6707999999999997
523 0.6699999999999997
524 0.6699999999999997
525 0.6683999999999998
526 0.6683999999999998
527 0.6679999999999997
528 0.6663999999999998
529 0.6663999999999998
530 0.6651999999999998
531 0.6651999999999998
532 0.6651999999999998
533 0.6651999999999998
534 0.6647999999999997
535 0.6639999999999998
536 0.6631999999999998
537 0.6623999999999998
538 0.6623999999999998
539 0.6623999999999998
540 0.6623999999999998
541 0.6615999999999996
542 0.6615999999999996
543 0.6603999999999997
544 0.6603999999999997
545 0.6599999999999997
546 0.6595999999999996
547 0.6587999999999997
548 0.6587999999999997
549 0.6587999999999997
550 0.6579999999999997
551 0.6579999999999997
552 0.6571999999999997
553 0.6571999999999997
554 0.6571999999999997
555 0.6567999999999998
556 0.6559999999999998
557 0.6559999999999998
558 0.6559999999999998
559 0.6559999999999998
560 0.6547999999999999
561 0.6547999999999999
562 0.6547999999999999
563 0.6547999999999999
564 0.6547999999999999
565 0.6539999999999999
566 0.6539999999999999
567 0.6535999999999998
568 0.6535999999999998
569 0.6527999999999998
570 0.6527999999999998
571 0.6527999999999998
572 0.6527999999999998
573 0.6519999999999999
574 0.6515999999999998
575 0.6515999999999998
576 0.6515999999999998
577 0.6511999999999999
578 0.6511999999999999
579 0.6511999999999999
580 0.6507999999999998
581 0.6503999999999998
582 0.6503999999999998
583 0.6499999999999997
584 0.6495999999999998
585 0.6495999999999998
586 0.6495999999999998
587 0.6491999999999998
588 0.6491999999999998
589 0.6491999999999998
590 0.6491999999999998
591 0.6491999999999998
592 0.6491999999999998
593 0.6479999999999998
594 0.6467999999999998
595 0.6467999999999998
596 0.6467999999999998
597 0.6467999999999998
598 0.6463999999999999
599 0.6455999999999998
600 0.6451999999999998
601 0.6447999999999999
602 0.6439999999999999
603 0.6439999999999999
604 0.6424
605 0.6416
606 0.6411999999999999
607 0.6404
608 0.6404
609 0.6404
610 0.6404
611 0.6395999999999998
612 0.6391999999999998
613 0.6391999999999998
614 0.6391999999999998
615 0.6383999999999997
616 0.6383999999999997
617 0.6375999999999997
618 0.6375999999999997
619 0.6375999999999997
620 0.6371999999999998
621 0.6367999999999998
622 0.6367999999999998
623 0.6363999999999997
624 0.6359999999999998
625 0.6359999999999998
626 0.6359999999999998
627 0.6359999999999998
628 0.6359999999999998
629 0.6359999999999998
630 0.6359999999999998
631 0.6355999999999998
632 0.6355999999999998
633 0.6355999999999998
634 0.6355999999999998
635 0.6347999999999998
636 0.6335999999999998
637 0.6331999999999999
638 0.6319999999999998
639 0.6319999999999998
640 0.6319999999999998
641 0.6315999999999998
642 0.6311999999999999
643 0.6307999999999998
644 0.6295999999999998
645 0.6295999999999998
646 0.6275999999999999
647 0.6275999999999999
648 0.6275999999999999
649 0.6259999999999999
650 0.6259999999999999
651 0.6259999999999999
652 0.6259999999999999
653 0.6259999999999999
654 0.6252
655 0.624
656 0.6228
657 0.6228
658 0.6224000000000001
659 0.6215999999999999
660 0.6215999999999999
661 0.6212
662 0.6208
663 0.6208
664 0.6208
665 0.62
666 0.6196
667 0.6196
668 0.6184000000000001
669 0.618
670 0.6176
671 0.6168
672 0.6168
673 0.6168
674 0.6160000000000001
675 0.6160000000000001
676 0.6156000000000001
677 0.6156000000000001
678 0.6152000000000001
679 0.6152000000000001
680 0.6148000000000001
681 0.6148000000000001
682 0.6148000000000001
683 0.6144000000000002
684 0.6144000000000002
685 0.6140000000000001
686 0.6136000000000001
687 0.6136000000000001
688 0.6136000000000001
689 0.6124
690 0.6124
691 0.6120000000000001
692 0.6112000000000001
693 0.6108
694 0.6108
695 0.6108
696 0.6108
697 0.6103999999999999
698 0.6103999999999999
699 0.6103999999999999
700 0.61
701 0.61
702 0.61
703 0.61
704 0.61
705 0.61
706 0.6096
707 0.6096
708 0.6088
709 0.6088
710 0.6084
711 0.6080000000000001
712 0.6080000000000001
713 0.6076
714 0.6068
715 0.6064
716 0.606
717 0.606
718 0.606
719 0.6052000000000001
720 0.6052000000000001
721 0.6048
722 0.6048
723 0.6043999999999999
724 0.6043999999999999
725 0.6043999999999999
726 0.604
727 0.6036
728 0.6032
729 0.6032
730 0.6027999999999999
731 0.6027999999999999
732 0.6024
733 0.602
734 0.602
735 0.602
736 0.6015999999999999
737 0.6015999999999999
738 0.6
739 0.6
740 0.6
741 0.5996000000000001
742 0.5992000000000001
743 0.5992000000000001
744 0.5992000000000001
745 0.5988
746 0.5984
747 0.5984
748 0.5976
749 0.5972000000000001
750 0.5972000000000001
751 0.5972000000000001
752 0.5972000000000001
753 0.5972000000000001
754 0.5972000000000001
755 0.5972000000000001
756 0.5972000000000001
757 0.5972000000000001
758 0.5972000000000001
759 0.5964
760 0.5960000000000001
761 0.5960000000000001
762 0.5960000000000001
763 0.5960000000000001
764 0.5960000000000001
765 0.5960000000000001
766 0.5960000000000001
767 0.5960000000000001
768 0.5960000000000001
769 0.5960000000000001
770 0.5944
771 0.5944
772 0.5928000000000001
773 0.5928000000000001
774 0.5920000000000001
775 0.5916
776 0.5912000000000001
777 0.5912000000000001
778 0.5908000000000001
779 0.59
780 0.5892000000000001
781 0.5888
782 0.5888
783 0.5888
784 0.5884
785 0.5884
786 0.5871999999999999
787 0.5864
788 0.586
789 0.5856
790 0.5852
791 0.5852
792 0.5852
793 0.5852
794 0.5844
795 0.5840000000000001
796 0.5832
797 0.5832
798 0.5824000000000001
799 0.5824000000000001
800 0.5824000000000001
801 0.5820000000000001
802 0.5820000000000001
803 0.5820000000000001
804 0.5820000000000001
805 0.5820000000000001
806 0.5816
807 0.5816
808 0.5812
809 0.5804
810 0.5792
811 0.5792
812 0.5784000000000001
813 0.5784000000000001
814 0.5780000000000001
815 0.5780000000000001
816 0.5780000000000001
817 0.5780000000000001
818 0.5776
819 0.5772
820 0.5764
821 0.5760000000000001
822 0.5756
823 0.5756
824 0.5756
825 0.5751999999999999
826 0.5751999999999999
827 0.5751999999999999
828 0.5751999999999999
829 0.5744
830 0.574
831 0.574
832 0.5736
833 0.5736
834 0.5732
835 0.5724
836 0.5724
837 0.5716
838 0.5716
839 0.5708
840 0.5708
841 0.57
842 0.57
843 0.5696
844 0.5696
845 0.5696
846 0.5696
847 0.5696
848 0.5696
849 0.5696
850 0.5696
851 0.5696
852 0.5696
853 0.5688
854 0.5688
855 0.5684
856 0.5684
857 0.5680000000000001
858 0.5676000000000001
859 0.5672
860 0.5672
861 0.5664
862 0.5660000000000001
863 0.5656
864 0.5651999999999999
865 0.5651999999999999
866 0.5651999999999999
867 0.5651999999999999
868 0.5651999999999999
869 0.5644
870 0.5644
871 0.5644
872 0.5644
873 0.5644
874 0.5644
875 0.5644
876 0.564
877 0.5632
878 0.5632
879 0.5632
880 0.5632
881 0.5628
882 0.5624
883 0.562
884 0.562
885 0.5616
886 0.5616
887 0.5616
888 0.5616
889 0.5616
890 0.5616
891 0.5616
892 0.5616
893 0.5612
894 0.5612
895 0.5608000000000001
896 0.5608000000000001
897 0.5604
898 0.5604
899 0.5604
900 0.5604
901 0.5604
902 0.56
903 0.5596000000000001
904 0.5596000000000001
905 0.5596000000000001
906 0.5584000000000001
907 0.5568000000000001
908 0.5564000000000001
909 0.5564000000000001
910 0.5556
911 0.5552
912 0.5552
913 0.5552
914 0.5548000000000001
915 0.5548000000000001
916 0.5548000000000001
917 0.5548000000000001
918 0.5548000000000001
919 0.5548000000000001
920 0.5548000000000001
921 0.5544
922 0.5544
923 0.5539999999999999
924 0.5528
925 0.5528
926 0.5528
927 0.5528
928 0.5524
929 0.5519999999999999
930 0.5519999999999999
931 0.5519999999999999
932 0.5512
933 0.5512
934 0.5512
935 0.5512
936 0.5512
937 0.5512
938 0.5504
939 0.5504
940 0.5504
941 0.5504
942 0.5504
943 0.5504
944 0.5504
945 0.5504
946 0.5504
947 0.5504
948 0.5504
949 0.5504
950 0.5504
951 0.55
952 0.55
953 0.55
954 0.55
955 0.55
956 0.55
957 0.55
958 0.5496
959 0.5496
960 0.5492
961 0.5492
962 0.5492
963 0.5492
964 0.548
965 0.548
966 0.548
967 0.548
968 0.548
969 0.548
970 0.548
971 0.5476000000000001
972 0.5472
973 0.5468000000000001
974 0.5464000000000001
975 0.5464000000000001
976 0.5459999999999999
977 0.5451999999999999
978 0.5451999999999999
979 0.5451999999999999
980 0.5448
981 0.5444
982 0.5444
983 0.5444
984 0.5444
985 0.5436
986 0.5432
987 0.5424
988 0.5424
989 0.5419999999999999
990 0.5416
991 0.5416
992 0.5416
993 0.5412
994 0.5408
995 0.5408
996 0.5408
997 0.5403999999999999
998 0.5403999999999999
999 0.5399999999999999
1000 0.5399999999999999
1001 0.5399999999999999
1002 0.5396
1003 0.5391999999999999
1004 0.5388
1005 0.5384
1006 0.5384
1007 0.5384
1008 0.5379999999999999
1009 0.5372
1010 0.5372
1011 0.5364
1012 0.5364
1013 0.5364
1014 0.5364
1015 0.5359999999999999
1016 0.5359999999999999
1017 0.5359999999999999
1018 0.5359999999999999
1019 0.5359999999999999
1020 0.5356
1021 0.5356
1022 0.5356
1023 0.5356
1024 0.5356
1025 0.5352
1026 0.5347999999999999
1027 0.5347999999999999
1028 0.5347999999999999
1029 0.5347999999999999
1030 0.5347999999999999
1031 0.5347999999999999
1032 0.5347999999999999
1033 0.5343999999999999
1034 0.5339999999999999
1035 0.5336
1036 0.5336
1037 0.5327999999999999
1038 0.5327999999999999
1039 0.5324
1040 0.5324
1041 0.5324
1042 0.5324
1043 0.5324
1044 0.5324
1045 0.5324
1046 0.5324
1047 0.5319999999999999
1048 0.5319999999999999
1049 0.5319999999999999
1050 0.5319999999999999
1051 0.5319999999999999
1052 0.5319999999999999
1053 0.5319999999999999
1054 0.5319999999999999
1055 0.5319999999999999
1056 0.5319999999999999
1057 0.5319999999999999
1058 0.5319999999999999
1059 0.5319999999999999
1060 0.5319999999999999
1061 0.5319999999999999
1062 0.5319999999999999
1063 0.5316
1064 0.5316
1065 0.5316
1066 0.5307999999999999
1067 0.5304
1068 0.5304
1069 0.5304
1070 0.5296
1071 0.5287999999999999
1072 0.528
1073 0.5271999999999999
1074 0.5267999999999999
1075 0.5267999999999999
1076 0.5264
1077 0.5259999999999999
1078 0.5256
1079 0.5256
1080 0.5256
1081 0.5256
1082 0.5256
1083 0.5256
1084 0.5256
1085 0.5256
1086 0.5256
1087 0.5256
1088 0.5252
1089 0.5252
1090 0.5252
1091 0.5252
1092 0.5247999999999999
1093 0.5244
1094 0.524
1095 0.524
1096 0.524
1097 0.5236
1098 0.5231999999999999
1099 0.5231999999999999
1100 0.5231999999999999
1101 0.5231999999999999
1102 0.5231999999999999
1103 0.5231999999999999
1104 0.5231999999999999
1105 0.5227999999999999
1106 0.5224
1107 0.5224
1108 0.5219999999999999
1109 0.5216
1110 0.5216
1111 0.5216
1112 0.5216
1113 0.5216
1114 0.5212
1115 0.5212
1116 0.5212
1117 0.5212
1118 0.5212
1119 0.5212
1120 0.5207999999999999
1121 0.5199999999999999
1122 0.5199999999999999
1123 0.5199999999999999
1124 0.5199999999999999
1125 0.5199999999999999
1126 0.5199999999999999
1127 0.5196
1128 0.5196
1129 0.5192
1130 0.5192
1131 0.5192
1132 0.5192
1133 0.5192
1134 0.5184
1135 0.518
1136 0.518
1137 0.5176
1138 0.5176
1139 0.5176
1140 0.5176
1141 0.5176
1142 0.5176
1143 0.5176
1144 0.5176
1145 0.5171999999999999
1146 0.5171999999999999
1147 0.5171999999999999
1148 0.5167999999999999
1149 0.5167999999999999
1150 0.5167999999999999
1151 0.5167999999999999
1152 0.5167999999999999
1153 0.5163999999999999
1154 0.5159999999999999
1155 0.5159999999999999
1156 0.5159999999999999
1157 0.5155999999999998
1158 0.5155999999999998
1159 0.5155999999999998
1160 0.5155999999999998
1161 0.5151999999999999
1162 0.5147999999999998
1163 0.5147999999999998
1164 0.5147999999999998
1165 0.5147999999999998
1166 0.5147999999999998
1167 0.5147999999999998
1168 0.5143999999999999
1169 0.5143999999999999
1170 0.5143999999999999
1171 0.5143999999999999
1172 0.5139999999999998
1173 0.5139999999999998
1174 0.5139999999999998
1175 0.5139999999999998
1176 0.5139999999999998
1177 0.5139999999999998
1178 0.5135999999999998
1179 0.5135999999999998
1180 0.5131999999999999
1181 0.5131999999999999
1182 0.5127999999999999
1183 0.5123999999999999
1184 0.5123999999999999
1185 0.5119999999999999
1186 0.5119999999999999
1187 0.5119999999999999
1188 0.5119999999999999
1189 0.5119999999999999
1190 0.5119999999999999
1191 0.5119999999999999
1192 0.5119999999999999
1193 0.5119999999999999
1194 0.5119999999999999
1195 0.5119999999999999
1196 0.5119999999999999
1197 0.5119999999999999
1198 0.5119999999999999
1199 0.5119999999999999
1200 0.5115999999999999
1201 0.5111999999999999
1202 0.5111999999999999
1203 0.5111999999999999
1204 0.5107999999999999
1205 0.5107999999999999
1206 0.5107999999999999
1207 0.5107999999999999
1208 0.5107999999999999
1209 0.5107999999999999
1210 0.5107999999999999
1211 0.5107999999999999
1212 0.5099999999999999
1213 0.5099999999999999
1214 0.5099999999999999
1215 0.5099999999999999
1216 0.5095999999999999
1217 0.5095999999999999
1218 0.5095999999999999
1219 0.5087999999999998
1220 0.5083999999999999
1221 0.5083999999999999
1222 0.5083999999999999
1223 0.5083999999999999
1224 0.5083999999999999
1225 0.5083999999999999
1226 0.5083999999999999
1227 0.5083999999999999
1228 0.5083999999999999
1229 0.5079999999999998
1230 0.5079999999999998
1231 0.5079999999999998
1232 0.5075999999999997
1233 0.5071999999999998
1234 0.5063999999999997
1235 0.5063999999999997
1236 0.5059999999999998
1237 0.5055999999999998
1238 0.5055999999999998
1239 0.5051999999999999
1240 0.5051999999999999
1241 0.5051999999999999
1242 0.5051999999999999
1243 0.5043999999999998
1244 0.5043999999999998
1245 0.5043999999999998
1246 0.5043999999999998
1247 0.5043999999999998
1248 0.5039999999999999
1249 0.5039999999999999
1250 0.5039999999999999
1251 0.5039999999999999
1252 0.5035999999999998
1253 0.5035999999999998
1254 0.5035999999999998
1255 0.5027999999999999
1256 0.5023999999999998
1257 0.5023999999999998
1258 0.5019999999999999
1259 0.5019999999999999
1260 0.5019999999999999
1261 0.5015999999999999
1262 0.5015999999999999
1263 0.5015999999999999
1264 0.5011999999999999
1265 0.5007999999999999
1266 0.5007999999999999
1267 0.5007999999999999
1268 0.5007999999999999
1269 0.5004
1270 0.5004
1271 0.49999999999999994
1272 0.49999999999999994
1273 0.49999999999999994
1274 0.4995999999999999
1275 0.4995999999999999
1276 0.4995999999999999
1277 0.4995999999999999
1278 0.4995999999999999
1279 0.4995999999999999
1280 0.4995999999999999
1281 0.4995999999999999
1282 0.49919999999999987
1283 0.49919999999999987
1284 0.49919999999999987
1285 0.49919999999999987
1286 0.4987999999999999
1287 0.4979999999999999
1288 0.49759999999999993
1289 0.4971999999999999
1290 0.4971999999999999
1291 0.4971999999999999
1292 0.4971999999999999
1293 0.4971999999999999
1294 0.4967999999999999
1295 0.4967999999999999
1296 0.4967999999999999
1297 0.4967999999999999
1298 0.4967999999999999
1299 0.4967999999999999
1300 0.4967999999999999
1301 0.4967999999999999
1302 0.4967999999999999
1303 0.4967999999999999
1304 0.4967999999999999
1305 0.4967999999999999
1306 0.49639999999999995
1307 0.49639999999999995
1308 0.49559999999999993
1309 0.49559999999999993
1310 0.49479999999999996
1311 0.49479999999999996
1312 0.49439999999999995
1313 0.49399999999999994
1314 0.49399999999999994
1315 0.49399999999999994
1316 0.49399999999999994
1317 0.49399999999999994
1318 0.49399999999999994
1319 0.4935999999999999
1320 0.4935999999999999
1321 0.4935999999999999
1322 0.4935999999999999
1323 0.4935999999999999
1324 0.4935999999999999
1325 0.4935999999999999
1326 0.4935999999999999
1327 0.4935999999999999
1328 0.4935999999999999
1329 0.49279999999999996
1330 0.49279999999999996
1331 0.49279999999999996
1332 0.49239999999999995
1333 0.49239999999999995
1334 0.49239999999999995
1335 0.49199999999999994
1336 0.49199999999999994
1337 0.4916
1338 0.4916
1339 0.4916
1340 0.49119999999999997
1341 0.4907999999999999
1342 0.4907999999999999
1343 0.4907999999999999
1344 0.49039999999999995
1345 0.49039999999999995
1346 0.49039999999999995
1347 0.49039999999999995
1348 0.49039999999999995
1349 0.49039999999999995
1350 0.4895999999999999
1351 0.4895999999999999
1352 0.48919999999999997
1353 0.48919999999999997
1354 0.48879999999999996
1355 0.48879999999999996
1356 0.48879999999999996
1357 0.48879999999999996
1358 0.48879999999999996
1359 0.48839999999999995
1360 0.48839999999999995
1361 0.48839999999999995
1362 0.488
1363 0.4875999999999999
1364 0.4875999999999999
1365 0.4875999999999999
1366 0.4875999999999999
1367 0.4875999999999999
1368 0.4875999999999999
1369 0.4871999999999999
1370 0.4867999999999999
1371 0.48639999999999994
1372 0.48599999999999993
1373 0.4856
1374 0.4856
1375 0.48519999999999996
1376 0.48519999999999996
1377 0.48479999999999995
1378 0.48479999999999995
1379 0.48479999999999995
1380 0.48479999999999995
1381 0.4844
1382 0.4844
1383 0.4844
1384 0.4844
1385 0.4844
1386 0.4836
1387 0.4832
1388 0.4832
1389 0.4832
1390 0.4828
1391 0.4828
1392 0.4828
1393 0.4828
1394 0.4828
1395 0.4824
1396 0.4824
1397 0.48200000000000004
1398 0.48200000000000004
1399 0.48200000000000004
1400 0.48200000000000004
1401 0.48200000000000004
1402 0.48200000000000004
1403 0.48200000000000004
1404 0.48160000000000003
1405 0.48120000000000007
1406 0.48120000000000007
1407 0.48120000000000007
1408 0.48120000000000007
1409 0.48120000000000007
1410 0.48120000000000007
1411 0.4808
1412 0.4808
1413 0.4804
1414 0.4804
1415 0.4804
1416 0.4804
1417 0.4804
1418 0.4804
1419 0.4804
1420 0.4804
1421 0.4796
1422 0.4792
1423 0.4788
1424 0.4788
1425 0.47840000000000005
1426 0.47840000000000005
1427 0.47840000000000005
1428 0.47840000000000005
1429 0.47800000000000004
1430 0.47800000000000004
1431 0.47800000000000004
1432 0.47800000000000004
1433 0.4776
1434 0.47720000000000007
1435 0.47720000000000007
1436 0.47720000000000007
1437 0.47720000000000007
1438 0.47680000000000006
1439 0.4764000000000001
1440 0.4760000000000001
1441 0.4756000000000001
1442 0.4756000000000001
1443 0.4752000000000001
1444 0.4748000000000001
1445 0.4744000000000001
1446 0.47320000000000007
1447 0.47320000000000007
1448 0.4728000000000001
1449 0.47240000000000004
1450 0.4716
1451 0.4716
1452 0.47120000000000006
1453 0.4708
1454 0.4704
1455 0.4696
1456 0.4696
1457 0.4696
1458 0.4696
1459 0.4696
1460 0.4696
1461 0.4696
1462 0.4696
1463 0.4696
1464 0.4696
1465 0.4696
1466 0.4696
1467 0.4696
1468 0.4696
1469 0.4696
1470 0.4696
1471 0.4692
1472 0.4692
1473 0.4692
1474 0.4692
1475 0.4692
1476 0.4692
1477 0.4692
1478 0.46880000000000005
1479 0.46880000000000005
1480 0.46880000000000005
1481 0.46840000000000004
1482 0.468
1483 0.46760000000000007
1484 0.46760000000000007
1485 0.46720000000000006
1486 0.46720000000000006
1487 0.46680000000000005
1488 0.46680000000000005
1489 0.46680000000000005
1490 0.46680000000000005
1491 0.46680000000000005
1492 0.46680000000000005
1493 0.46680000000000005
1494 0.46680000000000005
1495 0.4664000000000001
1496 0.4664000000000001
1497 0.4664000000000001
1498 0.4664000000000001
1499 0.4664000000000001
1500 0.4664000000000001
1501 0.4664000000000001
1502 0.4664000000000001
1503 0.4664000000000001
1504 0.4664000000000001
1505 0.4664000000000001
1506 0.46560000000000007
1507 0.46560000000000007
1508 0.4648000000000001
1509 0.4648000000000001
1510 0.4648000000000001
1511 0.4648000000000001
1512 0.4648000000000001
1513 0.4648000000000001
1514 0.4640000000000001
1515 0.4640000000000001
1516 0.4636
1517 0.4636
1518 0.4636
1519 0.4636
1520 0.4636
1521 0.4636
1522 0.4636
1523 0.4632
1524 0.4632
1525 0.4632
1526 0.4632
1527 0.4632
1528 0.4628
1529 0.46240000000000003
1530 0.4616
1531 0.4616
1532 0.46120000000000005
1533 0.46120000000000005
1534 0.4600000000000001
1535 0.4600000000000001
1536 0.4600000000000001
1537 0.45919999999999994
1538 0.45919999999999994
1539 0.45919999999999994
1540 0.45919999999999994
1541 0.45919999999999994
1542 0.45919999999999994
1543 0.45919999999999994
1544 0.45919999999999994
1545 0.45879999999999993
1546 0.4584
1547 0.4584
1548 0.4584
1549 0.45799999999999996
1550 0.4576
1551 0.4576
1552 0.4576
1553 0.4576
1554 0.4576
1555 0.4576
1556 0.4576
1557 0.4576
1558 0.4576
1559 0.4576
1560 0.4576
1561 0.4576
1562 0.45719999999999994
1563 0.45719999999999994
1564 0.45719999999999994
1565 0.45679999999999993
1566 0.45679999999999993
1567 0.45679999999999993
1568 0.45679999999999993
1569 0.45679999999999993
1570 0.45679999999999993
1571 0.45679999999999993
1572 0.45679999999999993
1573 0.45679999999999993
1574 0.45679999999999993
1575 0.45679999999999993
1576 0.45679999999999993
1577 0.45679999999999993
1578 0.45679999999999993
1579 0.4563999999999999
1580 0.4563999999999999
1581 0.45599999999999996
1582 0.45599999999999996
1583 0.45599999999999996
1584 0.4548
1585 0.4548
1586 0.4548
1587 0.4548
1588 0.45439999999999997
1589 0.45439999999999997
1590 0.45439999999999997
1591 0.45439999999999997
1592 0.45439999999999997
1593 0.45439999999999997
1594 0.45399999999999996
1595 0.45399999999999996
1596 0.45359999999999995
1597 0.45359999999999995
1598 0.45359999999999995
1599 0.45359999999999995
1600 0.45239999999999997
1601 0.45199999999999996
1602 0.45199999999999996
1603 0.45199999999999996
1604 0.45159999999999995
1605 0.45159999999999995
1606 0.45159999999999995
1607 0.4512
1608 0.4512
1609 0.4512
1610 0.4512
1611 0.4512
1612 0.4508
1613 0.4508
1614 0.4508
1615 0.4508
1616 0.4508
1617 0.4508
1618 0.4508
1619 0.4508
1620 0.4508
1621 0.45
1622 0.45
1623 0.45
1624 0.45
1625 0.45
1626 0.4496
1627 0.44920000000000004
1628 0.44920000000000004
1629 0.44920000000000004
1630 0.44920000000000004
1631 0.4488
1632 0.4488
1633 0.4488
1634 0.4488
1635 0.44839999999999997
1636 0.44839999999999997
1637 0.44799999999999995
1638 0.44799999999999995
1639 0.44799999999999995
1640 0.44799999999999995
1641 0.44799999999999995
1642 0.44799999999999995
1643 0.44799999999999995
1644 0.44799999999999995
1645 0.44799999999999995
1646 0.44799999999999995
1647 0.44799999999999995
1648 0.44799999999999995
1649 0.44799999999999995
1650 0.44799999999999995
1651 0.44799999999999995
1652 0.44799999999999995
1653 0.44799999999999995
1654 0.44799999999999995
1655 0.44799999999999995
1656 0.44799999999999995
1657 0.44799999999999995
1658 0.44799999999999995
1659 0.44799999999999995
1660 0.44799999999999995
1661 0.44799999999999995
1662 0.44799999999999995
1663 0.4476
1664 0.4476
1665 0.4476
1666 0.4476
1667 0.4476
1668 0.4476
1669 0.4476
1670 0.4476
1671 0.4476
1672 0.4476
1673 0.4476
1674 0.4476
1675 0.4476
1676 0.4472
1677 0.4472
1678 0.4472
1679 0.4472
1680 0.4472
1681 0.4464
1682 0.4464
1683 0.4464
1684 0.4464
1685 0.4464
1686 0.446
1687 0.446
1688 0.4456
1689 0.4456
1690 0.444
1691 0.444
1692 0.444
1693 0.4436
1694 0.4436
1695 0.4436
1696 0.4432
1697 0.4432
1698 0.4432
1699 0.4432
1700 0.4432
1701 0.4432
1702 0.4432
1703 0.4432
1704 0.4432
1705 0.4432
1706 0.4432
1707 0.4432
1708 0.4428
1709 0.4428
1710 0.4428
1711 0.4424
1712 0.4424
1713 0.4424
1714 0.4424
1715 0.4424
1716 0.4424
1717 0.4424
1718 0.4424
1719 0.4424
1720 0.4424
1721 0.442
1722 0.442
1723 0.442
1724 0.442
1725 0.442
1726 0.442
1727 0.44160000000000005
1728 0.44160000000000005
1729 0.44160000000000005
1730 0.44120000000000004
1731 0.44120000000000004
1732 0.44120000000000004
1733 0.44120000000000004
1734 0.44120000000000004
1735 0.44120000000000004
1736 0.44120000000000004
1737 0.44120000000000004
1738 0.44120000000000004
1739 0.44120000000000004
1740 0.44120000000000004
1741 0.44120000000000004
1742 0.44120000000000004
1743 0.44120000000000004
1744 0.4408000000000001
1745 0.4408000000000001
1746 0.4408000000000001
1747 0.4408000000000001
1748 0.4408000000000001
1749 0.4408000000000001
1750 0.4408000000000001
1751 0.4408000000000001
1752 0.44040000000000007
1753 0.44000000000000006
1754 0.4396
1755 0.4396
1756 0.4396
1757 0.4396
1758 0.4396
1759 0.4396
1760 0.43920000000000003
1761 0.43920000000000003
1762 0.43920000000000003
1763 0.43920000000000003
1764 0.43920000000000003
1765 0.4388
1766 0.4388
1767 0.4388
1768 0.4388
1769 0.4388
1770 0.4388
1771 0.4384
1772 0.4384
1773 0.4384
1774 0.4384
1775 0.4384
1776 0.4384
1777 0.4384
1778 0.4384
1779 0.43800000000000006
1780 0.43800000000000006
1781 0.43760000000000004
1782 0.43760000000000004
1783 0.43760000000000004
1784 0.43760000000000004
1785 0.43760000000000004
1786 0.43760000000000004
1787 0.43760000000000004
1788 0.43760000000000004
1789 0.43760000000000004
1790 0.43760000000000004
1791 0.43760000000000004
1792 0.43760000000000004
1793 0.43760000000000004
1794 0.43760000000000004
1795 0.43760000000000004
1796 0.43760000000000004
1797 0.4372
1798 0.4372
1799 0.4372
1800 0.4372
1801 0.4372
1802 0.4372
1803 0.4372
1804 0.4372
1805 0.4368
1806 0.4368
1807 0.4364
1808 0.4364
1809 0.4364
1810 0.4364
1811 0.4364
1812 0.4364
1813 0.4364
1814 0.4364
1815 0.4364
1816 0.4364
1817 0.43599999999999994
1818 0.43599999999999994
1819 0.43559999999999993
1820 0.43559999999999993
1821 0.4352
1822 0.4347999999999999
1823 0.4347999999999999
1824 0.4347999999999999
1825 0.4343999999999999
1826 0.4343999999999999
1827 0.4343999999999999
1828 0.4343999999999999
1829 0.4343999999999999
1830 0.4343999999999999
1831 0.4343999999999999
1832 0.4343999999999999
1833 0.4343999999999999
1834 0.4343999999999999
1835 0.4343999999999999
1836 0.4343999999999999
1837 0.4343999999999999
1838 0.4343999999999999
1839 0.4343999999999999
1840 0.43399999999999994
1841 0.43399999999999994
1842 0.43399999999999994
1843 0.43399999999999994
1844 0.43359999999999993
1845 0.43359999999999993
1846 0.43359999999999993
1847 0.43359999999999993
1848 0.43359999999999993
1849 0.43359999999999993
1850 0.43359999999999993
1851 0.43359999999999993
1852 0.43359999999999993
1853 0.43359999999999993
1854 0.4331999999999999
1855 0.4331999999999999
1856 0.4331999999999999
1857 0.4331999999999999
1858 0.43279999999999996
1859 0.43239999999999995
1860 0.43239999999999995
1861 0.43239999999999995
1862 0.43239999999999995
1863 0.43239999999999995
1864 0.43239999999999995
1865 0.43239999999999995
1866 0.43239999999999995
1867 0.43239999999999995
1868 0.43239999999999995
1869 0.43239999999999995
1870 0.43199999999999994
1871 0.43199999999999994
1872 0.43199999999999994
1873 0.43199999999999994
1874 0.43199999999999994
1875 0.4316
1876 0.43119999999999997
1877 0.43119999999999997
1878 0.43119999999999997
1879 0.43119999999999997
1880 0.43079999999999996
1881 0.43079999999999996
1882 0.43079999999999996
1883 0.43079999999999996
1884 0.43079999999999996
1885 0.43079999999999996
1886 0.43079999999999996
1887 0.4304
1888 0.4304
1889 0.4304
1890 0.4304
1891 0.43
1892 0.43
1893 0.43
1894 0.4295999999999999
1895 0.4295999999999999
1896 0.42919999999999997
1897 0.42919999999999997
1898 0.42919999999999997
1899 0.42919999999999997
1900 0.42919999999999997
1901 0.42919999999999997
1902 0.42919999999999997
1903 0.42919999999999997
1904 0.42919999999999997
1905 0.42919999999999997
1906 0.42879999999999996
1907 0.42879999999999996
1908 0.42879999999999996
1909 0.42839999999999995
1910 0.4276
1911 0.42719999999999997
1912 0.42719999999999997
1913 0.42719999999999997
1914 0.42719999999999997
1915 0.4268
1916 0.4268
1917 0.4268
1918 0.4268
1919 0.4268
1920 0.4264
1921 0.4264
1922 0.4264
1923 0.426
1924 0.426
1925 0.4256
1926 0.4256
1927 0.4256
1928 0.42519999999999997
1929 0.42519999999999997
1930 0.42519999999999997
1931 0.4244
1932 0.4244
1933 0.424
1934 0.424
1935 0.424
1936 0.4236
1937 0.4236
1938 0.4228
1939 0.4228
1940 0.4228
1941 0.4228
1942 0.4228
1943 0.4224
1944 0.4224
1945 0.4224
1946 0.4224
1947 0.4224
1948 0.4224
1949 0.4224
1950 0.4224
1951 0.42200000000000004
1952 0.42200000000000004
1953 0.42200000000000004
1954 0.42200000000000004
1955 0.42200000000000004
1956 0.42200000000000004
1957 0.42160000000000003
1958 0.42160000000000003
1959 0.42080000000000006
1960 0.42080000000000006
1961 0.42080000000000006
1962 0.42040000000000005
1963 0.42040000000000005
1964 0.4200000000000001
1965 0.4200000000000001
1966 0.4200000000000001
1967 0.4200000000000001
1968 0.41960000000000003
1969 0.41960000000000003
1970 0.41960000000000003
1971 0.41960000000000003
1972 0.41960000000000003
1973 0.41960000000000003
1974 0.41960000000000003
1975 0.41960000000000003
1976 0.41960000000000003
1977 0.41960000000000003
1978 0.41960000000000003
1979 0.41960000000000003
1980 0.41960000000000003
1981 0.41960000000000003
1982 0.41960000000000003
1983 0.41960000000000003
1984 0.41960000000000003
1985 0.41960000000000003
1986 0.41960000000000003
1987 0.41960000000000003
1988 0.41960000000000003
1989 0.41960000000000003
1990 0.4192000000000001
1991 0.4188
1992 0.4188
1993 0.4188
1994 0.4188
1995 0.4184000000000001
1996 0.4184000000000001
1997 0.4184000000000001
1998 0.4184000000000001
1999 0.4184000000000001
