1 1.0
2 1.0
3 1.0
4 1.0
5 0.9992
6 0.9992
7 0.9983999999999998
8 0.9983999999999998
9 0.9983999999999998
10 0.998
11 0.9964
12 0.9951999999999999
13 0.9943999999999998
14 0.9939999999999999
15 0.9935999999999998
16 0.9935999999999998
17 0.9927999999999999
18 0.9919999999999998
19 0.9919999999999998
20 0.9915999999999998
21 0.9911999999999999
22 0.9911999999999999
23 0.9911999999999999
24 0.9907999999999998
25 0.9903999999999997
26 0.9895999999999999
27 0.9892
28 0.9892
29 0.9884000000000001
30 0.9876
31 0.9867999999999999
32 0.9852
33 0.9832000000000001
34 0.9815999999999998
35 0.9815999999999998
36 0.9808
37 0.9799999999999999
38 0.9795999999999999
39 0.9792000000000001
40 0.978
41 0.9772
42 0.9760000000000001
43 0.9748000000000002
44 0.9740000000000001
45 0.9728
46 0.9723999999999999
47 0.9716000000000001
48 0.9704
49 0.9692000000000002
50 0.9664000000000001
51 0.9652000000000001
52 0.9636
53 0.9623999999999999
54 0.9616
55 0.96
56 0.9592
57 0.9584
58 0.9575999999999999
59 0.9555999999999999
60 0.9551999999999999
61 0.9540000000000001
62 0.9532
63 0.9524000000000001
64 0.95
65 0.9488000000000001
66 0.9475999999999999
67 0.9459999999999998
68 0.9435999999999999
69 0.9427999999999999
70 0.9399999999999997
71 0.9391999999999999
72 0.9367999999999997
73 0.9351999999999998
74 0.9328
75 0.9308
76 0.9288000000000001
77 0.9280000000000002
78 0.9268
79 0.9231999999999999
80 0.9224000000000001
81 0.9211999999999999
82 0.9199999999999998
83 0.9191999999999999
84 0.9163999999999999
85 0.9144
86 0.9131999999999999
87 0.9119999999999999
88 0.9111999999999999
89 0.9107999999999998
90 0.9087999999999999
91 0.9076
92 0.9059999999999999
93 0.9043999999999999
94 0.9027999999999998
95 0.9019999999999997
96 0.9007999999999998
97 0.8999999999999999
98 0.8999999999999999
99 0.8999999999999999
100 0.8995999999999998
101 0.8987999999999999
102 0.8967999999999999
103 0.8956000000000001
104 0.8948
105 0.8944
106 0.8928000000000001
107 0.8900000000000001
108 0.8888000000000003
109 0.8872000000000003
110 0.8860000000000002
111 0.8856000000000002
112 0.8844000000000003
113 0.8832000000000003
114 0.8812000000000003
115 0.8808000000000002
116 0.8800000000000003
117 0.8788000000000002
118 0.8768
119 0.8764
120 0.8748
121 0.8732
122 0.8711999999999999
123 0.8704000000000001
124 0.8684000000000002
125 0.8676000000000001
126 0.8660000000000002
127 0.8648000000000002
128 0.8632000000000002
129 0.8624000000000003
130 0.8608000000000002
131 0.8608000000000002
132 0.8596000000000004
133 0.8584000000000003
134 0.8560000000000002
135 0.8544000000000003
136 0.8536000000000005
137 0.8516000000000004
138 0.8500000000000003
139 0.8488000000000002
140 0.8472000000000004
141 0.8464000000000003
142 0.8452000000000004
143 0.8440000000000005
144 0.8420000000000004
145 0.8416000000000003
146 0.8408000000000004
147 0.8388000000000002
148 0.8380000000000001
149 0.8367999999999999
150 0.836
151 0.836
152 0.8340000000000001
153 0.8324000000000001
154 0.8304
155 0.8300000000000002
156 0.8296000000000001
157 0.8280000000000001
158 0.8268000000000002
159 0.8256000000000001
160 0.8248000000000002
161 0.8244000000000002
162 0.8236000000000003
163 0.8228000000000003
164 0.8224000000000002
165 0.8208000000000001
166 0.8188000000000001
167 0.8176000000000001
168 0.8164000000000001
169 0.8152000000000001
170 0.8144
171 0.8136
172 0.8119999999999998
173 0.8111999999999999
174 0.8083999999999999
175 0.8079999999999999
176 0.8079999999999999
177 0.8072
178 0.8059999999999999
179 0.8047999999999998
180 0.8047999999999998
181 0.8023999999999998
182 0.8011999999999999
183 0.7996
184 0.7971999999999998
185 0.7967999999999997
186 0.7947999999999997
187 0.7935999999999998
188 0.7911999999999998
189 0.7903999999999998
190 0.7887999999999997
191 0.7887999999999997
192 0.7887999999999997
193 0.7879999999999997
194 0.7855999999999999
195 0.7843999999999999
196 0.7831999999999998
197 0.7811999999999998
198 0.7799999999999997
199 0.7787999999999998
200 0.7779999999999998
201 0.7775999999999997
202 0.7747999999999999
203 0.7724
204 0.7719999999999999
205 0.77
206 0.7696
207 0.7687999999999999
208 0.7676000000000001
209 0.7664
210 0.7659999999999999
211 0.7651999999999998
212 0.7631999999999998
213 0.7619999999999998
214 0.7607999999999998
215 0.7603999999999997
216 0.7603999999999997
217 0.7591999999999998
218 0.7587999999999998
219 0.7559999999999998
220 0.7551999999999999
221 0.7539999999999999
222 0.7527999999999999
223 0.7515999999999998
224 0.7515999999999998
225 0.7511999999999999
226 0.75
227 0.7487999999999999
228 0.7467999999999999
229 0.7451999999999999
230 0.7447999999999999
231 0.7443999999999998
232 0.7427999999999999
233 0.7419999999999999
234 0.7415999999999999
235 0.7404
236 0.7395999999999998
237 0.7391999999999999
238 0.7384
239 0.7375999999999999
240 0.7363999999999998
241 0.7359999999999998
242 0.7351999999999999
243 0.7339999999999998
244 0.7323999999999998
245 0.7319999999999998
246 0.7315999999999997
247 0.7307999999999997
248 0.7307999999999997
249 0.7299999999999998
250 0.7279999999999999
251 0.7279999999999999
252 0.7271999999999998
253 0.7251999999999998
254 0.7235999999999997
255 0.7227999999999999
256 0.7211999999999997
257 0.7191999999999997
258 0.7191999999999997
259 0.7179999999999999
260 0.7171999999999998
261 0.7155999999999999
262 0.7151999999999998
263 0.7147999999999999
264 0.7123999999999999
265 0.7119999999999999
266 0.7107999999999999
267 0.7095999999999998
268 0.7091999999999998
269 0.7091999999999998
270 0.7083999999999999
271 0.7071999999999998
272 0.706
273 0.7055999999999999
274 0.7051999999999999
275 0.7047999999999999
276 0.704
277 0.7027999999999999
278 0.7015999999999998
279 0.7015999999999998
280 0.6995999999999999
281 0.6991999999999998
282 0.6979999999999998
283 0.6979999999999998
284 0.6967999999999998
285 0.6951999999999998
286 0.6951999999999998
287 0.6943999999999998
288 0.6935999999999999
289 0.6927999999999999
290 0.6915999999999998
291 0.6899999999999998
292 0.6888
293 0.6888
294 0.6875999999999999
295 0.6875999999999999
296 0.6868
297 0.6864
298 0.6859999999999999
299 0.6855999999999999
300 0.6835999999999999
301 0.6823999999999998
302 0.6811999999999999
303 0.6803999999999999
304 0.6796
305 0.6796
306 0.6788
307 0.6779999999999999
308 0.6768
309 0.6768
310 0.6764
311 0.6764
312 0.6759999999999999
313 0.6751999999999999
314 0.6736
315 0.6728000000000001
316 0.6724
317 0.6716
318 0.6711999999999999
319 0.6707999999999998
320 0.6699999999999998
321 0.6696
322 0.6688
323 0.6672
324 0.6668
325 0.6659999999999999
326 0.6659999999999999
327 0.6644
328 0.6639999999999999
329 0.6639999999999999
330 0.6631999999999999
331 0.6624
332 0.6607999999999999
333 0.6607999999999999
334 0.6592
335 0.6584
336 0.6579999999999999
337 0.6572
338 0.6564
339 0.6544
340 0.654
341 0.6528
342 0.6516
343 0.6512
344 0.6507999999999999
345 0.6504000000000001
346 0.65
347 0.6492
348 0.6484000000000001
349 0.6476
350 0.6467999999999999
351 0.6459999999999999
352 0.6455999999999998
353 0.6452
354 0.6444
355 0.6427999999999998
356 0.6427999999999998
357 0.6427999999999998
358 0.6416
359 0.6416
360 0.6408
361 0.6384
362 0.6376
363 0.6372
364 0.6368
365 0.6356
366 0.6352
367 0.6348
368 0.634
369 0.6336
370 0.6328
371 0.6324
372 0.6315999999999999
373 0.6304
374 0.6299999999999999
375 0.6292
376 0.6287999999999999
377 0.6275999999999999
378 0.6267999999999999
379 0.6259999999999999
380 0.6259999999999999
381 0.6255999999999999
382 0.6255999999999999
383 0.6251999999999999
384 0.6227999999999999
385 0.6215999999999999
386 0.6212
387 0.6195999999999999
388 0.6191999999999999
389 0.6179999999999999
390 0.6175999999999999
391 0.616
392 0.6148
393 0.6148
394 0.6144
395 0.6136
396 0.6128
397 0.6128
398 0.6128
399 0.6128
400 0.6128
401 0.6116
402 0.6108
403 0.6108
404 0.6103999999999999
405 0.6103999999999999
406 0.61
407 0.6080000000000001
408 0.6068
409 0.6068
410 0.6064
411 0.6056
412 0.6048
413 0.6048
414 0.6040000000000001
415 0.6032000000000001
416 0.6024
417 0.6020000000000001
418 0.6012000000000001
419 0.6008000000000001
420 0.6000000000000001
421 0.5988000000000001
422 0.5988000000000001
423 0.5976000000000001
424 0.5968000000000001
425 0.5968000000000001
426 0.5964
427 0.5956000000000001
428 0.5956000000000001
429 0.5952000000000001
430 0.5940000000000001
431 0.5932000000000001
432 0.5916000000000001
433 0.5908000000000001
434 0.5904000000000001
435 0.5904000000000001
436 0.5900000000000001
437 0.5900000000000001
438 0.5896000000000001
439 0.5888000000000001
440 0.5888000000000001
441 0.5884000000000001
442 0.5872
443 0.5872
444 0.5872
445 0.5864
446 0.5852
447 0.5852
448 0.5844000000000001
449 0.5844000000000001
450 0.5844000000000001
451 0.5832000000000002
452 0.5816000000000001
453 0.5812000000000002
454 0.5812000000000002
455 0.5812000000000002
456 0.5812000000000002
457 0.5812000000000002
458 0.5796000000000001
459 0.5792000000000002
460 0.5792000000000002
461 0.5792000000000002
462 0.5792000000000002
463 0.5784000000000001
464 0.5784000000000001
465 0.5776
466 0.5771999999999999
467 0.5768
468 0.5768
469 0.5764
470 0.5764
471 0.5760000000000001
472 0.5748000000000001
473 0.5744
474 0.5740000000000001
475 0.5732
476 0.5720000000000001
477 0.5712
478 0.5712
479 0.5704
480 0.5700000000000001
481 0.5696000000000001
482 0.5676000000000001
483 0.5672000000000001
484 0.5664000000000001
485 0.5656000000000002
486 0.5648000000000002
487 0.5640000000000002
488 0.5632000000000001
489 0.5628000000000002
490 0.5620000000000002
491 0.5608000000000002
492 0.5592000000000001
493 0.5588000000000001
494 0.5588000000000001
495 0.5584000000000001
496 0.5580000000000002
497 0.5580000000000002
498 0.5576000000000001
499 0.5572000000000001
500 0.5568000000000002
501 0.5564000000000001
502 0.5560000000000002
503 0.5560000000000002
504 0.5548000000000002
505 0.5548000000000002
506 0.5536000000000002
507 0.5532000000000002
508 0.5532000000000002
509 0.5528000000000002
510 0.5524000000000001
511 0.5524000000000001
512 0.5516000000000002
513 0.5512000000000001
514 0.5512000000000001
515 0.5508000000000002
516 0.5500000000000002
517 0.5500000000000002
518 0.5492000000000001
519 0.5492000000000001
520 0.5484000000000001
521 0.548
522 0.5476000000000001
523 0.5468000000000001
524 0.546
525 0.5456000000000001
526 0.5448000000000001
527 0.5448000000000001
528 0.5444000000000001
529 0.5444000000000001
530 0.5440000000000002
531 0.5432000000000001
532 0.5428000000000001
533 0.5424
534 0.5416000000000001
535 0.5416000000000001
536 0.5412
537 0.5412
538 0.5412
539 0.5412
540 0.5408000000000001
541 0.5408000000000001
542 0.5408000000000001
543 0.54
544 0.5384
545 0.5384
546 0.5384
547 0.5376000000000001
548 0.5372
549 0.5372
550 0.5372
551 0.5368
552 0.5368
553 0.5368
554 0.536
555 0.536
556 0.536
557 0.5352000000000001
558 0.5344000000000001
559 0.5344000000000001
560 0.5344000000000001
561 0.5340000000000001
562 0.5336000000000002
563 0.5328
564 0.5324000000000001
565 0.5324000000000001
566 0.5324000000000001
567 0.5316000000000001
568 0.5312
569 0.5312
570 0.5312
571 0.5308
572 0.5308
573 0.5308
574 0.53
575 0.5296000000000001
576 0.5296000000000001
577 0.5296000000000001
578 0.5288
579 0.5284
580 0.5272000000000001
581 0.5268
582 0.5268
583 0.5264
584 0.5264
585 0.526
586 0.5252
587 0.524
588 0.5232000000000001
589 0.5232000000000001
590 0.5228
591 0.5224
592 0.5212
593 0.5208
594 0.5192000000000001
595 0.5188000000000001
596 0.5188000000000001
597 0.5180000000000001
598 0.5180000000000001
599 0.5176000000000002
600 0.5176000000000002
601 0.5172000000000001
602 0.5168000000000001
603 0.5168000000000001
604 0.5168000000000001
605 0.5156000000000002
606 0.5148
607 0.5148
608 0.5148
609 0.5144000000000001
610 0.514
611 0.514
612 0.514
613 0.5132000000000001
614 0.5128
615 0.5128
616 0.5124000000000001
617 0.5120000000000001
618 0.5116
619 0.5116
620 0.5112000000000001
621 0.5108000000000001
622 0.5108000000000001
623 0.5100000000000001
624 0.5096
625 0.5096
626 0.5096
627 0.5096
628 0.5096
629 0.5088000000000001
630 0.5084000000000001
631 0.5076000000000002
632 0.5072000000000001
633 0.5068000000000001
634 0.5068000000000001
635 0.5056000000000002
636 0.5048000000000001
637 0.5044000000000001
638 0.5044000000000001
639 0.5036000000000002
640 0.5032000000000001
641 0.5028000000000001
642 0.5024000000000002
643 0.5020000000000002
644 0.5016000000000002
645 0.5016000000000002
646 0.5012000000000001
647 0.5008000000000001
648 0.5008000000000001
649 0.5008000000000001
650 0.5008000000000001
651 0.5008000000000001
652 0.5004000000000002
653 0.5004000000000002
654 0.5000000000000001
655 0.5000000000000001
656 0.4988000000000002
657 0.49800000000000016
658 0.4976000000000002
659 0.4972000000000002
660 0.4968000000000002
661 0.49640000000000023
662 0.49640000000000023
663 0.4960000000000002
664 0.49560000000000015
665 0.4952000000000001
666 0.49480000000000013
667 0.49480000000000013
668 0.49480000000000013
669 0.4944000000000001
670 0.49360000000000004
671 0.49360000000000004
672 0.49360000000000004
673 0.4932000000000001
674 0.4932000000000001
675 0.4920000000000001
676 0.4920000000000001
677 0.4916000000000001
678 0.49120000000000014
679 0.49120000000000014
680 0.49080000000000007
681 0.49040000000000006
682 0.4892
683 0.4892
684 0.48879999999999996
685 0.48839999999999995
686 0.48839999999999995
687 0.488
688 0.488
689 0.488
690 0.488
691 0.4876
692 0.4876
693 0.4867999999999999
694 0.48639999999999994
695 0.48519999999999996
696 0.48479999999999995
697 0.4844
698 0.4844
699 0.4844
700 0.4844
701 0.4844
702 0.4844
703 0.484
704 0.484
705 0.4832
706 0.4832
707 0.4828
708 0.4828
709 0.4824
710 0.48200000000000004
711 0.48120000000000007
712 0.48
713 0.4795999999999999
714 0.4795999999999999
715 0.4795999999999999
716 0.4795999999999999
717 0.4795999999999999
718 0.4795999999999999
719 0.4795999999999999
720 0.4795999999999999
721 0.4795999999999999
722 0.4795999999999999
723 0.47919999999999996
724 0.47919999999999996
725 0.47879999999999995
726 0.47839999999999994
727 0.478
728 0.47759999999999997
729 0.4768
730 0.4768
731 0.4768
732 0.47600000000000003
733 0.4752
734 0.4752
735 0.47479999999999994
736 0.4744
737 0.4736
738 0.4736
739 0.4736
740 0.4736
741 0.4736
742 0.4732
743 0.4732
744 0.4728
745 0.4728
746 0.4728
747 0.47240000000000004
748 0.47159999999999996
749 0.47159999999999996
750 0.47039999999999993
751 0.4699999999999999
752 0.46959999999999985
753 0.46959999999999985
754 0.4687999999999999
755 0.4687999999999999
756 0.46839999999999987
757 0.46839999999999987
758 0.4679999999999999
759 0.4667999999999999
760 0.46639999999999987
761 0.46639999999999987
762 0.46599999999999986
763 0.4655999999999999
764 0.46519999999999984
765 0.4643999999999998
766 0.46399999999999986
767 0.46319999999999983
768 0.4627999999999999
769 0.4627999999999999
770 0.4627999999999999
771 0.4619999999999999
772 0.4619999999999999
773 0.4619999999999999
774 0.4619999999999999
775 0.4611999999999999
776 0.46079999999999993
777 0.46079999999999993
778 0.4603999999999999
779 0.45999999999999985
780 0.45959999999999984
781 0.45879999999999993
782 0.45879999999999993
783 0.4584
784 0.45799999999999996
785 0.45799999999999996
786 0.45799999999999996
787 0.45799999999999996
788 0.45719999999999994
789 0.45679999999999993
790 0.4563999999999999
791 0.4563999999999999
792 0.4563999999999999
793 0.45599999999999996
794 0.45559999999999995
795 0.45519999999999994
796 0.4548
797 0.4548
798 0.45439999999999997
799 0.45399999999999996
800 0.4536
801 0.4536
802 0.4532
803 0.4532
804 0.4524
805 0.452
806 0.45160000000000006
807 0.45160000000000006
808 0.45120000000000005
809 0.45120000000000005
810 0.4508
811 0.4508
812 0.4508
813 0.45039999999999997
814 0.45039999999999997
815 0.45
816 0.44920000000000004
817 0.44920000000000004
818 0.44920000000000004
819 0.44880000000000003
820 0.44880000000000003
821 0.44880000000000003
822 0.44880000000000003
823 0.44880000000000003
824 0.44880000000000003
825 0.44880000000000003
826 0.44880000000000003
827 0.44840000000000013
828 0.44840000000000013
829 0.4480000000000001
830 0.4480000000000001
831 0.4480000000000001
832 0.4468000000000001
833 0.4468000000000001
834 0.4468000000000001
835 0.4464000000000001
836 0.4464000000000001
837 0.4464000000000001
838 0.4464000000000001
839 0.44600000000000006
840 0.4456000000000001
841 0.4452000000000001
842 0.4448000000000001
843 0.4448000000000001
844 0.44440000000000013
845 0.44440000000000013
846 0.4440000000000001
847 0.4432000000000001
848 0.4432000000000001
849 0.4432000000000001
850 0.4428000000000001
851 0.4428000000000001
852 0.4428000000000001
853 0.442
854 0.44160000000000005
855 0.44160000000000005
856 0.44160000000000005
857 0.44120000000000004
858 0.44120000000000004
859 0.44120000000000004
860 0.44120000000000004
861 0.44120000000000004
862 0.44040000000000007
863 0.44040000000000007
864 0.43920000000000003
865 0.43920000000000003
866 0.43920000000000003
867 0.43920000000000003
868 0.43920000000000003
869 0.4384
870 0.4384
871 0.43800000000000006
872 0.43760000000000004
873 0.4368000000000001
874 0.4368000000000001
875 0.4368000000000001
876 0.4368000000000001
877 0.4368000000000001
878 0.436
879 0.436
880 0.43560000000000004
881 0.43560000000000004
882 0.43520000000000003
883 0.43520000000000003
884 0.4348
885 0.4348
886 0.43400000000000005
887 0.43400000000000005
888 0.43360000000000004
889 0.43360000000000004
890 0.43360000000000004
891 0.43360000000000004
892 0.4332000000000001
893 0.4332000000000001
894 0.4328000000000001
895 0.4328000000000001
896 0.4324
897 0.4324
898 0.4324
899 0.43200000000000005
900 0.43160000000000004
901 0.4312
902 0.4312
903 0.4312
904 0.43080000000000007
905 0.43080000000000007
906 0.43040000000000006
907 0.43040000000000006
908 0.43000000000000005
909 0.4296000000000001
910 0.4292000000000001
911 0.4292000000000001
912 0.4292000000000001
913 0.4292000000000001
914 0.4292000000000001
915 0.42760000000000015
916 0.42760000000000015
917 0.42760000000000015
918 0.4272000000000001
919 0.4272000000000001
920 0.4272000000000001
921 0.4272000000000001
922 0.42680000000000007
923 0.42680000000000007
924 0.42680000000000007
925 0.42640000000000006
926 0.42640000000000006
927 0.42640000000000006
928 0.42640000000000006
929 0.4260000000000001
930 0.4260000000000001
931 0.4252
932 0.4252
933 0.42480000000000007
934 0.42440000000000005
935 0.42400000000000004
936 0.4236000000000001
937 0.4236000000000001
938 0.4236000000000001
939 0.42280000000000006
940 0.4224000000000001
941 0.4220000000000001
942 0.4220000000000001
943 0.4216000000000001
944 0.42120000000000013
945 0.42080000000000006
946 0.4204
947 0.4204
948 0.42
949 0.42
950 0.42
951 0.42
952 0.42
953 0.42
954 0.41960000000000003
955 0.41960000000000003
956 0.41960000000000003
957 0.4192
958 0.4192
959 0.4192
960 0.4192
961 0.4188
962 0.41840000000000005
963 0.41800000000000004
964 0.41800000000000004
965 0.41800000000000004
966 0.41800000000000004
967 0.41800000000000004
968 0.41800000000000004
969 0.4176
970 0.4176
971 0.41720000000000007
972 0.41680000000000006
973 0.4164
974 0.4164
975 0.41600000000000004
976 0.41600000000000004
977 0.41600000000000004
978 0.4156
979 0.4156
980 0.4156
981 0.4156
982 0.4156
983 0.4156
984 0.4152
985 0.4152
986 0.41480000000000006
987 0.41480000000000006
988 0.4136000000000001
989 0.4136000000000001
990 0.4136000000000001
991 0.4136000000000001
992 0.4136000000000001
993 0.4136000000000001
994 0.4132
995 0.4132
996 0.41279999999999994
997 0.41279999999999994
998 0.41239999999999993
999 0.41239999999999993
1000 0.41239999999999993
1001 0.41159999999999997
1002 0.41159999999999997
1003 0.41159999999999997
1004 0.41119999999999995
1005 0.41119999999999995
1006 0.4108
1007 0.4108
1008 0.4108
1009 0.4104
1010 0.40959999999999996
1011 0.40959999999999996
1012 0.40959999999999996
1013 0.40959999999999996
1014 0.40959999999999996
1015 0.40959999999999996
1016 0.40959999999999996
1017 0.40919999999999995
1018 0.40879999999999994
1019 0.4084
1020 0.4084
1021 0.408
1022 0.4072
1023 0.4072
1024 0.4072
1025 0.4072
1026 0.4072
1027 0.4068
1028 0.4068
1029 0.4064
1030 0.4064
1031 0.406
1032 0.4056
1033 0.4056
1034 0.4052
1035 0.4052
1036 0.40480000000000005
1037 0.40480000000000005
1038 0.40480000000000005
1039 0.40480000000000005
1040 0.40480000000000005
1041 0.4040000000000001
1042 0.4040000000000001
1043 0.4040000000000001
1044 0.4040000000000001
1045 0.4040000000000001
1046 0.4040000000000001
1047 0.4040000000000001
1048 0.4040000000000001
1049 0.4040000000000001
1050 0.4040000000000001
1051 0.40360000000000007
1052 0.40360000000000007
1053 0.40360000000000007
1054 0.40360000000000007
1055 0.40360000000000007
1056 0.40360000000000007
1057 0.40360000000000007
1058 0.4028
1059 0.40240000000000004
1060 0.402
1061 0.402
1062 0.4016
1063 0.40120000000000006
1064 0.40080000000000005
1065 0.40080000000000005
1066 0.40080000000000005
1067 0.40080000000000005
1068 0.40080000000000005
1069 0.40080000000000005
1070 0.40080000000000005
1071 0.40080000000000005
1072 0.4004000000000001
1073 0.4004000000000001
1074 0.4
1075 0.3996
1076 0.3992
1077 0.3992
1078 0.3992
1079 0.39880000000000004
1080 0.39840000000000003
1081 0.39840000000000003
1082 0.398
1083 0.398
1084 0.398
1085 0.39760000000000006
1086 0.39760000000000006
1087 0.39720000000000005
1088 0.39680000000000004
1089 0.3964000000000001
1090 0.3964000000000001
1091 0.3964000000000001
1092 0.3960000000000001
1093 0.3956000000000001
1094 0.3952000000000001
1095 0.3948000000000001
1096 0.3948000000000001
1097 0.39440000000000014
1098 0.3940000000000001
1099 0.3940000000000001
1100 0.3940000000000001
1101 0.3940000000000001
1102 0.3940000000000001
1103 0.3940000000000001
1104 0.3940000000000001
1105 0.3936
1106 0.3936
1107 0.3936
1108 0.3936
1109 0.3936
1110 0.3936
1111 0.3936
1112 0.3932
1113 0.3932
1114 0.3932
1115 0.3932
1116 0.39280000000000004
1117 0.39280000000000004
1118 0.39280000000000004
1119 0.39280000000000004
1120 0.39280000000000004
1121 0.3924
1122 0.3924
1123 0.3924
1124 0.3924
1125 0.3924
1126 0.392
1127 0.39160000000000006
1128 0.39160000000000006
1129 0.39080000000000004
1130 0.39080000000000004
1131 0.39080000000000004
1132 0.39080000000000004
1133 0.39080000000000004
1134 0.39080000000000004
1135 0.3904000000000001
1136 0.39000000000000007
1137 0.39000000000000007
1138 0.39000000000000007
1139 0.39000000000000007
1140 0.39000000000000007
1141 0.39000000000000007
1142 0.39000000000000007
1143 0.38960000000000006
1144 0.3892000000000001
1145 0.3892000000000001
1146 0.3892000000000001
1147 0.38880000000000003
1148 0.38880000000000003
1149 0.3884
1150 0.3884
1151 0.3884
1152 0.38799999999999996
1153 0.3875999999999999
1154 0.3875999999999999
1155 0.3875999999999999
1156 0.3875999999999999
1157 0.38719999999999993
1158 0.38719999999999993
1159 0.38719999999999993
1160 0.3867999999999999
1161 0.3867999999999999
1162 0.3867999999999999
1163 0.3863999999999999
1164 0.3863999999999999
1165 0.3863999999999999
1166 0.38599999999999995
1167 0.38599999999999995
1168 0.38599999999999995
1169 0.38599999999999995
1170 0.38599999999999995
1171 0.38599999999999995
1172 0.38599999999999995
1173 0.38599999999999995
1174 0.38559999999999994
1175 0.38559999999999994
1176 0.38559999999999994
1177 0.3848
1178 0.3848
1179 0.384
1180 0.3836
1181 0.3832
1182 0.3832
1183 0.3832
1184 0.38280000000000003
1185 0.38280000000000003
1186 0.38280000000000003
1187 0.38280000000000003
1188 0.38280000000000003
1189 0.3824
1190 0.38159999999999994
1191 0.38159999999999994
1192 0.3812
1193 0.38079999999999997
1194 0.3804
1195 0.3804
1196 0.3804
1197 0.3804
1198 0.38
1199 0.38
1200 0.38
1201 0.38
1202 0.38
1203 0.38
1204 0.38
1205 0.38
1206 0.3796
1207 0.3796
1208 0.37920000000000004
1209 0.37920000000000004
1210 0.37920000000000004
1211 0.37920000000000004
1212 0.37920000000000004
1213 0.37879999999999997
1214 0.37879999999999997
1215 0.37879999999999997
1216 0.37879999999999997
1217 0.37879999999999997
1218 0.37839999999999996
1219 0.37839999999999996
1220 0.37839999999999996
1221 0.37799999999999995
1222 0.3776
1223 0.3776
1224 0.3776
1225 0.3772
1226 0.3772
1227 0.3772
1228 0.37639999999999996
1229 0.37599999999999995
1230 0.37559999999999993
1231 0.37559999999999993
1232 0.37559999999999993
1233 0.37559999999999993
1234 0.37559999999999993
1235 0.37559999999999993
1236 0.37559999999999993
1237 0.37559999999999993
1238 0.37559999999999993
1239 0.37559999999999993
1240 0.37559999999999993
1241 0.37559999999999993
1242 0.3752
1243 0.37439999999999996
1244 0.37439999999999996
1245 0.37439999999999996
1246 0.37439999999999996
1247 0.37439999999999996
1248 0.374
1249 0.374
1250 0.374
1251 0.374
1252 0.374
1253 0.374
1254 0.374
1255 0.374
1256 0.3736
1257 0.3732
1258 0.3732
1259 0.3728
1260 0.3728
1261 0.3728
1262 0.3728
1263 0.37200000000000005
1264 0.3716
1265 0.3716
1266 0.3712
1267 0.37079999999999996
1268 0.37079999999999996
1269 0.37
1270 0.37
1271 0.37
1272 0.37
1273 0.37
1274 0.3696
1275 0.3696
1276 0.3696
1277 0.3696
1278 0.3696
1279 0.36920000000000003
1280 0.36920000000000003
1281 0.36920000000000003
1282 0.3688
1283 0.3688
1284 0.3688
1285 0.3688
1286 0.3688
1287 0.3688
1288 0.36840000000000006
1289 0.36800000000000005
1290 0.36800000000000005
1291 0.36760000000000004
1292 0.36760000000000004
1293 0.36760000000000004
1294 0.36760000000000004
1295 0.36760000000000004
1296 0.36760000000000004
1297 0.36680000000000007
1298 0.36680000000000007
1299 0.3664
1300 0.366
1301 0.366
1302 0.366
1303 0.366
1304 0.366
1305 0.366
1306 0.36560000000000004
1307 0.3652
1308 0.3652
1309 0.3652
1310 0.3652
1311 0.3652
1312 0.3648
1313 0.3648
1314 0.3648
1315 0.36440000000000006
1316 0.36440000000000006
1317 0.36440000000000006
1318 0.36440000000000006
1319 0.36440000000000006
1320 0.36440000000000006
1321 0.36440000000000006
1322 0.36400000000000005
1323 0.3636
1324 0.3636
1325 0.3636
1326 0.3636
1327 0.3636
1328 0.3636
1329 0.3636
1330 0.3636
1331 0.3636
1332 0.3636
1333 0.3636
1334 0.3636
1335 0.3636
1336 0.3636
1337 0.3636
1338 0.3632
1339 0.3632
1340 0.3628
1341 0.3628
1342 0.3628
1343 0.3628
1344 0.3628
1345 0.3628
1346 0.3624
1347 0.3624
1348 0.3624
1349 0.36200000000000004
1350 0.36200000000000004
1351 0.36200000000000004
1352 0.36200000000000004
1353 0.36160000000000003
1354 0.36160000000000003
1355 0.36160000000000003
1356 0.36160000000000003
1357 0.3612
1358 0.36080000000000007
1359 0.36080000000000007
1360 0.36080000000000007
1361 0.36040000000000005
1362 0.36040000000000005
1363 0.36040000000000005
1364 0.36
1365 0.36
1366 0.36
1367 0.36
1368 0.36
1369 0.36
1370 0.36
1371 0.36
1372 0.36
1373 0.36
1374 0.36
1375 0.36
1376 0.35960000000000003
1377 0.35960000000000003
1378 0.35960000000000003
1379 0.35960000000000003
1380 0.35960000000000003
1381 0.35960000000000003
1382 0.35960000000000003
1383 0.35960000000000003
1384 0.35960000000000003
1385 0.3592
1386 0.3588
1387 0.3588
1388 0.3588
1389 0.3588
1390 0.3588
1391 0.35840000000000005
1392 0.35840000000000005
1393 0.35840000000000005
1394 0.35800000000000004
1395 0.35800000000000004
1396 0.35800000000000004
1397 0.3572000000000001
1398 0.35680000000000006
1399 0.3564
1400 0.3564
1401 0.3564
1402 0.3564
1403 0.3564
1404 0.3564
1405 0.35600000000000004
1406 0.35600000000000004
1407 0.3556
1408 0.3556
1409 0.3556
1410 0.3556
1411 0.3556
1412 0.3552
1413 0.3552
1414 0.3552
1415 0.3552
1416 0.35480000000000006
1417 0.35480000000000006
1418 0.35480000000000006
1419 0.35480000000000006
1420 0.35480000000000006
1421 0.35480000000000006
1422 0.35480000000000006
1423 0.35480000000000006
1424 0.35480000000000006
1425 0.35480000000000006
1426 0.35480000000000006
1427 0.35480000000000006
1428 0.35480000000000006
1429 0.35480000000000006
1430 0.35480000000000006
1431 0.35480000000000006
1432 0.35480000000000006
1433 0.35480000000000006
1434 0.35480000000000006
1435 0.35480000000000006
1436 0.35480000000000006
1437 0.35440000000000005
1438 0.35440000000000005
1439 0.35440000000000005
1440 0.35440000000000005
1441 0.35440000000000005
1442 0.35400000000000004
1443 0.35400000000000004
1444 0.35400000000000004
1445 0.35400000000000004
1446 0.35400000000000004
1447 0.35400000000000004
1448 0.35400000000000004
1449 0.35400000000000004
1450 0.35400000000000004
1451 0.35400000000000004
1452 0.35400000000000004
1453 0.35400000000000004
1454 0.35400000000000004
1455 0.35400000000000004
1456 0.35360000000000014
1457 0.35360000000000014
1458 0.35280000000000006
1459 0.35280000000000006
1460 0.35280000000000006
1461 0.35280000000000006
1462 0.3524000000000001
1463 0.3520000000000001
1464 0.35160000000000013
1465 0.35160000000000013
1466 0.35160000000000013
1467 0.35160000000000013
1468 0.35160000000000013
1469 0.35160000000000013
1470 0.35160000000000013
1471 0.35160000000000013
1472 0.35160000000000013
1473 0.3512000000000001
1474 0.3512000000000001
1475 0.3512000000000001
1476 0.35080000000000006
1477 0.35080000000000006
1478 0.35080000000000006
1479 0.35040000000000004
1480 0.35040000000000004
1481 0.35040000000000004
1482 0.35040000000000004
1483 0.35040000000000004
1484 0.3500000000000001
1485 0.3496000000000001
1486 0.34920000000000007
1487 0.34920000000000007
1488 0.34920000000000007
1489 0.3484000000000001
1490 0.3480000000000001
1491 0.3480000000000001
1492 0.3480000000000001
1493 0.3480000000000001
1494 0.3480000000000001
1495 0.3480000000000001
1496 0.34760000000000013
1497 0.34760000000000013
1498 0.34760000000000013
1499 0.34760000000000013
1500 0.34760000000000013
1501 0.34760000000000013
1502 0.34760000000000013
1503 0.34760000000000013
1504 0.3472000000000001
1505 0.3472000000000001
1506 0.3472000000000001
1507 0.3472000000000001
1508 0.34680000000000005
1509 0.34680000000000005
1510 0.34680000000000005
1511 0.34680000000000005
1512 0.34680000000000005
1513 0.3464000000000001
1514 0.3464000000000001
1515 0.3464000000000001
1516 0.3460000000000001
1517 0.3456000000000001
1518 0.3456000000000001
1519 0.3456000000000001
1520 0.3452000000000001
1521 0.3452000000000001
1522 0.3452000000000001
1523 0.3452000000000001
1524 0.3452000000000001
1525 0.3452000000000001
1526 0.3452000000000001
1527 0.3452000000000001
1528 0.3452000000000001
1529 0.3452000000000001
1530 0.3452000000000001
1531 0.3452000000000001
1532 0.3452000000000001
1533 0.3452000000000001
1534 0.3452000000000001
1535 0.3452000000000001
1536 0.3452000000000001
1537 0.3452000000000001
1538 0.3452000000000001
1539 0.3452000000000001
1540 0.3448000000000001
1541 0.3448000000000001
1542 0.3448000000000001
1543 0.3448000000000001
1544 0.3444000000000001
1545 0.3444000000000001
1546 0.34400000000000014
1547 0.34400000000000014
1548 0.34400000000000014
1549 0.3436000000000001
1550 0.3436000000000001
1551 0.3436000000000001
1552 0.3436000000000001
1553 0.3436000000000001
1554 0.3436000000000001
1555 0.3428000000000001
1556 0.3428000000000001
1557 0.3428000000000001
1558 0.3428000000000001
1559 0.3428000000000001
1560 0.3428000000000001
1561 0.3428000000000001
1562 0.3428000000000001
1563 0.34240000000000004
1564 0.34240000000000004
1565 0.34240000000000004
1566 0.342
1567 0.342
1568 0.34159999999999996
1569 0.34159999999999996
1570 0.34159999999999996
1571 0.34159999999999996
1572 0.34159999999999996
1573 0.34159999999999996
1574 0.34159999999999996
1575 0.34159999999999996
1576 0.34159999999999996
1577 0.34159999999999996
1578 0.34159999999999996
1579 0.34159999999999996
1580 0.34159999999999996
1581 0.34159999999999996
1582 0.34159999999999996
1583 0.34159999999999996
1584 0.34159999999999996
1585 0.34159999999999996
1586 0.34159999999999996
1587 0.34159999999999996
1588 0.34159999999999996
1589 0.34159999999999996
1590 0.34159999999999996
1591 0.34159999999999996
1592 0.34119999999999995
1593 0.34119999999999995
1594 0.34119999999999995
1595 0.34119999999999995
1596 0.34119999999999995
1597 0.34119999999999995
1598 0.34119999999999995
1599 0.34119999999999995
1600 0.34119999999999995
1601 0.34119999999999995
1602 0.34119999999999995
1603 0.3408
1604 0.3408
1605 0.3403999999999999
1606 0.3403999999999999
1607 0.3403999999999999
1608 0.3399999999999999
1609 0.3399999999999999
1610 0.3399999999999999
1611 0.3399999999999999
1612 0.3399999999999999
1613 0.3399999999999999
1614 0.3399999999999999
1615 0.3399999999999999
1616 0.3399999999999999
1617 0.3399999999999999
1618 0.3399999999999999
1619 0.3399999999999999
1620 0.3399999999999999
1621 0.3399999999999999
1622 0.3399999999999999
1623 0.3399999999999999
1624 0.33959999999999996
1625 0.33959999999999996
1626 0.33919999999999995
1627 0.33919999999999995
1628 0.33919999999999995
1629 0.33919999999999995
1630 0.33919999999999995
1631 0.33919999999999995
1632 0.33919999999999995
1633 0.33919999999999995
1634 0.33919999999999995
1635 0.33919999999999995
1636 0.33879999999999993
1637 0.33879999999999993
1638 0.33879999999999993
1639 0.33879999999999993
1640 0.33879999999999993
1641 0.3384
1642 0.3384
1643 0.3384
1644 0.3384
1645 0.3384
1646 0.3384
1647 0.3384
1648 0.3384
1649 0.33799999999999997
1650 0.33799999999999997
1651 0.33799999999999997
1652 0.33799999999999997
1653 0.33799999999999997
1654 0.33799999999999997
1655 0.33799999999999997
1656 0.3375999999999999
1657 0.3375999999999999
1658 0.3375999999999999
1659 0.3375999999999999
1660 0.3375999999999999
1661 0.3375999999999999
1662 0.33719999999999994
1663 0.33719999999999994
1664 0.33719999999999994
1665 0.33719999999999994
1666 0.33679999999999993
1667 0.33679999999999993
1668 0.33679999999999993
1669 0.33679999999999993
1670 0.33679999999999993
1671 0.33679999999999993
1672 0.33679999999999993
1673 0.3363999999999999
1674 0.33599999999999997
1675 0.33599999999999997
1676 0.33559999999999995
1677 0.33559999999999995
1678 0.33519999999999994
1679 0.33519999999999994
1680 0.3348
1681 0.3348
1682 0.3348
1683 0.3348
1684 0.3348
1685 0.3343999999999999
1686 0.3343999999999999
1687 0.3343999999999999
1688 0.3339999999999999
1689 0.3339999999999999
1690 0.3339999999999999
1691 0.3339999999999999
1692 0.3335999999999999
1693 0.3335999999999999
1694 0.3335999999999999
1695 0.3335999999999999
1696 0.3335999999999999
1697 0.3335999999999999
1698 0.33319999999999994
1699 0.33319999999999994
1700 0.33319999999999994
1701 0.33319999999999994
1702 0.33319999999999994
1703 0.33279999999999993
1704 0.3324
1705 0.3324
1706 0.3324
1707 0.33199999999999996
1708 0.33159999999999995
1709 0.3312
1710 0.3312
1711 0.3312
1712 0.3312
1713 0.3308
1714 0.3308
1715 0.3308
1716 0.3308
1717 0.3308
1718 0.3308
1719 0.3308
1720 0.3308
1721 0.3308
1722 0.3308
1723 0.3308
1724 0.3308
1725 0.3308
1726 0.3308
1727 0.33039999999999997
1728 0.33039999999999997
1729 0.33039999999999997
1730 0.33039999999999997
1731 0.33039999999999997
1732 0.33039999999999997
1733 0.33
1734 0.33
1735 0.33
1736 0.33
1737 0.3292
1738 0.3292
1739 0.3292
1740 0.3292
1741 0.3292
1742 0.32880000000000004
1743 0.32880000000000004
1744 0.32880000000000004
1745 0.32880000000000004
1746 0.32800000000000007
1747 0.32800000000000007
1748 0.32760000000000006
1749 0.32760000000000006
1750 0.32760000000000006
1751 0.32760000000000006
1752 0.32760000000000006
1753 0.32760000000000006
1754 0.32760000000000006
1755 0.32760000000000006
1756 0.32760000000000006
1757 0.32760000000000006
1758 0.32760000000000006
1759 0.32760000000000006
1760 0.32760000000000006
1761 0.32760000000000006
1762 0.32720000000000005
1763 0.32720000000000005
1764 0.32720000000000005
1765 0.32720000000000005
1766 0.3268000000000001
1767 0.3268000000000001
1768 0.3264000000000001
1769 0.3264000000000001
1770 0.32600000000000007
1771 0.3256000000000001
1772 0.3256000000000001
1773 0.3256000000000001
1774 0.3256000000000001
1775 0.3256000000000001
1776 0.3256000000000001
1777 0.3256000000000001
1778 0.3252000000000001
1779 0.3252000000000001
1780 0.3252000000000001
1781 0.3252000000000001
1782 0.3252000000000001
1783 0.3252000000000001
1784 0.3252000000000001
1785 0.3252000000000001
1786 0.3252000000000001
1787 0.3252000000000001
1788 0.3252000000000001
1789 0.3252000000000001
1790 0.3252000000000001
1791 0.3252000000000001
1792 0.3252000000000001
1793 0.3248000000000001
1794 0.32440000000000013
1795 0.32440000000000013
1796 0.32440000000000013
1797 0.32440000000000013
1798 0.32440000000000013
1799 0.32440000000000013
1800 0.32440000000000013
1801 0.32440000000000013
1802 0.32440000000000013
1803 0.32440000000000013
1804 0.32440000000000013
1805 0.32440000000000013
1806 0.32400000000000007
1807 0.32400000000000007
1808 0.32400000000000007
1809 0.32400000000000007
1810 0.32400000000000007
1811 0.32360000000000005
1812 0.3232000000000001
1813 0.3232000000000001
1814 0.3232000000000001
1815 0.3232000000000001
1816 0.3232000000000001
1817 0.3228000000000001
1818 0.3228000000000001
1819 0.3228000000000001
1820 0.3228000000000001
1821 0.3228000000000001
1822 0.3228000000000001
1823 0.3228000000000001
1824 0.3228000000000001
1825 0.3228000000000001
1826 0.3228000000000001
1827 0.3228000000000001
1828 0.3228000000000001
1829 0.3228000000000001
1830 0.3228000000000001
1831 0.3228000000000001
1832 0.322
1833 0.322
1834 0.322
1835 0.322
1836 0.322
1837 0.322
1838 0.322
1839 0.322
1840 0.322
1841 0.322
1842 0.322
1843 0.32160000000000005
1844 0.32160000000000005
1845 0.32160000000000005
1846 0.32160000000000005
1847 0.32160000000000005
1848 0.32160000000000005
1849 0.32160000000000005
1850 0.32160000000000005
1851 0.32160000000000005
1852 0.32120000000000004
1853 0.32120000000000004
1854 0.32120000000000004
1855 0.32120000000000004
1856 0.32080000000000003
1857 0.32080000000000003
1858 0.3204000000000001
1859 0.3204000000000001
1860 0.3204000000000001
1861 0.3204000000000001
1862 0.3204000000000001
1863 0.3204000000000001
1864 0.3204000000000001
1865 0.3204000000000001
1866 0.3204000000000001
1867 0.3204000000000001
1868 0.3204000000000001
1869 0.3204000000000001
1870 0.3204000000000001
1871 0.32000000000000006
1872 0.32000000000000006
1873 0.32000000000000006
1874 0.32000000000000006
1875 0.3196000000000001
1876 0.3196000000000001
1877 0.3196000000000001
1878 0.3196000000000001
1879 0.3196000000000001
1880 0.3196000000000001
1881 0.3196000000000001
1882 0.31920000000000004
1883 0.31920000000000004
1884 0.31920000000000004
1885 0.3184
1886 0.3176
1887 0.3176
1888 0.3176
1889 0.3172
1890 0.3172
1891 0.31679999999999997
1892 0.31679999999999997
1893 0.31679999999999997
1894 0.31679999999999997
1895 0.31679999999999997
1896 0.31679999999999997
1897 0.31639999999999996
1898 0.31639999999999996
1899 0.316
1900 0.316
1901 0.316
1902 0.3156
1903 0.3156
1904 0.3152
1905 0.3152
1906 0.3152
1907 0.3152
1908 0.3148
1909 0.3148
1910 0.3148
1911 0.3148
1912 0.3148
1913 0.3148
1914 0.3148
1915 0.3148
1916 0.3148
1917 0.3148
1918 0.3148
1919 0.31439999999999996
1920 0.31439999999999996
1921 0.314
1922 0.314
1923 0.314
1924 0.3136
1925 0.3136
1926 0.3136
1927 0.3136
1928 0.3136
1929 0.3136
1930 0.3136
1931 0.3136
1932 0.3136
1933 0.3136
1934 0.3136
1935 0.3136
1936 0.3136
1937 0.3136
1938 0.3132
1939 0.3132
1940 0.3132
1941 0.3132
1942 0.3132
1943 0.3132
1944 0.3132
1945 0.3132
1946 0.3132
1947 0.3132
1948 0.3132
1949 0.3132
1950 0.3132
1951 0.31279999999999997
1952 0.31279999999999997
1953 0.31279999999999997
1954 0.31279999999999997
1955 0.31239999999999996
1956 0.31239999999999996
1957 0.31239999999999996
1958 0.31199999999999994
1959 0.31199999999999994
1960 0.31199999999999994
1961 0.31199999999999994
1962 0.31199999999999994
1963 0.31199999999999994
1964 0.3116
1965 0.3116
1966 0.3112
1967 0.3112
1968 0.3112
1969 0.3112
1970 0.3112
1971 0.3112
1972 0.3112
1973 0.3112
1974 0.3112
1975 0.3112
1976 0.3112
1977 0.3112
1978 0.3112
1979 0.3112
1980 0.3112
1981 0.3112
1982 0.3112
1983 0.3112
1984 0.31079999999999997
1985 0.31079999999999997
1986 0.31079999999999997
1987 0.31079999999999997
1988 0.3104
1989 0.3104
1990 0.3104
1991 0.3104
1992 0.3104
1993 0.3104
1994 0.3104
1995 0.3096
1996 0.30920000000000003
1997 0.30920000000000003
1998 0.30920000000000003
1999 0.30920000000000003
