1 1.0
2 1.0
3 1.0
4 0.9979999999999998
5 0.9963999999999997
6 0.9911999999999997
7 0.9875999999999998
8 0.9815999999999998
9 0.9775999999999999
10 0.9703999999999998
11 0.9655999999999999
12 0.9619999999999999
13 0.9583999999999999
14 0.9543999999999998
15 0.9520000000000001
16 0.9496000000000001
17 0.9492000000000002
18 0.9524000000000002
19 0.9532000000000003
20 0.9548000000000001
21 0.9528
22 0.9512
23 0.9464
24 0.9424000000000001
25 0.9380000000000002
26 0.9308000000000001
27 0.9279999999999999
28 0.9228000000000002
29 0.9184000000000002
30 0.9184000000000003
31 0.9168000000000001
32 0.9152000000000001
33 0.9124000000000001
34 0.9104000000000002
35 0.9100000000000001
36 0.9092
37 0.9096000000000002
38 0.9164
39 0.9180000000000001
40 0.9227999999999998
41 0.9303999999999999
42 0.9259999999999999
43 0.9276000000000001
44 0.9263999999999999
45 0.926
46 0.9228000000000002
47 0.9204000000000001
48 0.9176000000000002
49 0.9116000000000001
50 0.9067999999999999
51 0.8992000000000003
52 0.8936000000000002
53 0.8900000000000001
54 0.8859999999999999
55 0.8835999999999997
56 0.8823999999999996
57 0.8792
58 0.8756
59 0.8755999999999999
60 0.8764
61 0.8824000000000001
62 0.8879999999999998
63 0.8944000000000001
64 0.9051999999999998
65 0.9135999999999999
66 0.9180000000000001
67 0.9195999999999998
68 0.9135999999999999
69 0.9067999999999998
70 0.9027999999999998
71 0.8983999999999999
72 0.8952
73 0.8896000000000001
74 0.8820000000000001
75 0.8764000000000003
76 0.8744000000000003
77 0.8712000000000002
78 0.8676000000000004
79 0.8668
80 0.8656
81 0.8632000000000001
82 0.8624000000000003
83 0.8660000000000001
84 0.8732
85 0.88
86 0.8827999999999999
87 0.8896000000000002
88 0.9016000000000003
89 0.9104000000000003
90 0.9168000000000001
91 0.9160000000000003
92 0.9120000000000004
93 0.9060000000000004
94 0.8996000000000005
95 0.8948000000000004
96 0.8900000000000002
97 0.8856000000000003
98 0.8820000000000001
99 0.8764
100 0.8712000000000001
101 0.8636
102 0.8600000000000001
103 0.8568000000000001
104 0.8548000000000002
105 0.8524
106 0.8516000000000001
107 0.8544000000000003
108 0.8623999999999999
109 0.8647999999999998
110 0.8692000000000002
111 0.8748000000000004
112 0.8888000000000001
113 0.8984000000000003
114 0.9055999999999998
115 0.9024000000000001
116 0.8976000000000001
117 0.888
118 0.8832
119 0.8783999999999998
120 0.8755999999999999
121 0.8692
122 0.8635999999999997
123 0.8599999999999999
124 0.8563999999999998
125 0.8543999999999999
126 0.8519999999999999
127 0.8512000000000001
128 0.8512000000000001
129 0.8472000000000003
130 0.8456
131 0.8496000000000001
132 0.8532000000000001
133 0.8600000000000003
134 0.8680000000000002
135 0.8736000000000004
136 0.8804
137 0.8888000000000001
138 0.8944000000000003
139 0.8972000000000002
140 0.8896
141 0.8888000000000001
142 0.8828
143 0.8739999999999999
144 0.8648
145 0.8568000000000001
146 0.8512000000000002
147 0.8492000000000003
148 0.8448000000000002
149 0.8428000000000001
150 0.8371999999999999
151 0.8328000000000002
152 0.8316000000000001
153 0.8288
154 0.8336000000000001
155 0.8363999999999998
156 0.8448000000000002
157 0.8520000000000002
158 0.8536
159 0.8548
160 0.8652
161 0.8764000000000004
162 0.8851999999999998
163 0.8852000000000002
164 0.884
165 0.8780000000000001
166 0.8732000000000002
167 0.8680000000000002
168 0.8616000000000001
169 0.8560000000000001
170 0.8528000000000003
171 0.8452000000000003
172 0.8424
173 0.8388000000000001
174 0.8356
175 0.8352000000000003
176 0.8303999999999999
177 0.8283999999999999
178 0.8304000000000002
179 0.8351999999999999
180 0.8424000000000003
181 0.8492000000000004
182 0.8567999999999998
183 0.8632000000000001
184 0.8712000000000002
185 0.8896000000000002
186 0.8952000000000004
187 0.8956000000000001
188 0.8904
189 0.8872
190 0.8784000000000003
191 0.8716000000000003
192 0.8680000000000002
193 0.8612000000000005
194 0.8580000000000004
195 0.8532000000000004
196 0.8512000000000002
197 0.8448
198 0.8420000000000001
199 0.8371999999999999
200 0.8352
201 0.8316000000000002
202 0.8332000000000002
203 0.8368000000000001
204 0.8399999999999999
205 0.8447999999999999
206 0.8512000000000001
207 0.8543999999999999
208 0.8712000000000001
209 0.8828000000000001
210 0.8956000000000001
211 0.8959999999999999
212 0.8915999999999998
213 0.8867999999999998
214 0.8815999999999998
215 0.8739999999999999
216 0.8660000000000001
217 0.8612000000000002
218 0.8548000000000002
219 0.8480000000000001
220 0.8412000000000001
221 0.8368000000000002
222 0.8340000000000003
223 0.8316000000000001
224 0.8296000000000002
225 0.8308000000000001
226 0.8332000000000004
227 0.8368000000000003
228 0.8440000000000005
229 0.8512000000000001
230 0.8556
231 0.8607999999999998
232 0.8740000000000001
233 0.8848000000000004
234 0.8924000000000004
235 0.8952000000000004
236 0.8936000000000002
237 0.8844000000000003
238 0.8804000000000003
239 0.8768000000000004
240 0.8700000000000004
241 0.8648000000000002
242 0.8588000000000002
243 0.8548000000000003
244 0.8476000000000002
245 0.8416000000000003
246 0.8388000000000002
247 0.8364000000000003
248 0.8336000000000005
249 0.8324000000000003
250 0.8372000000000002
251 0.8416000000000001
252 0.8443999999999999
253 0.8540000000000002
254 0.8587999999999998
255 0.8687999999999999
256 0.8804000000000001
257 0.8900000000000002
258 0.8952000000000001
259 0.8939999999999999
260 0.8896000000000002
261 0.8840000000000003
262 0.8752000000000002
263 0.8704000000000002
264 0.8636
265 0.8544000000000002
266 0.8504000000000002
267 0.8436000000000002
268 0.8412000000000003
269 0.8344000000000003
270 0.8312000000000002
271 0.8296000000000002
272 0.8284000000000001
273 0.8248000000000002
274 0.8232
275 0.8291999999999997
276 0.8348000000000002
277 0.8427999999999999
278 0.8483999999999999
279 0.8572
280 0.8716000000000002
281 0.8816000000000003
282 0.8964
283 0.8991999999999999
284 0.8936000000000003
285 0.8872000000000001
286 0.8815999999999999
287 0.8723999999999998
288 0.8660000000000002
289 0.8608000000000001
290 0.8588000000000001
291 0.8508000000000001
292 0.8476000000000002
293 0.8432000000000001
294 0.8364
295 0.8304
296 0.8275999999999999
297 0.8256
298 0.83
299 0.8312
300 0.8396000000000001
301 0.8476
302 0.856
303 0.8619999999999999
304 0.872
305 0.8899999999999999
306 0.8972000000000001
307 0.9004000000000002
308 0.8988000000000003
309 0.8972000000000001
310 0.8900000000000001
311 0.8859999999999999
312 0.8780000000000001
313 0.8708000000000005
314 0.8640000000000003
315 0.8584000000000003
316 0.8536000000000005
317 0.8492000000000004
318 0.8484000000000005
319 0.8452000000000004
320 0.8416000000000001
321 0.8396000000000001
322 0.8404
323 0.8415999999999998
324 0.846
325 0.8564
326 0.8615999999999999
327 0.8672000000000003
328 0.8760000000000001
329 0.8924000000000002
330 0.8944000000000001
331 0.892
332 0.8848000000000001
333 0.8804
334 0.8704000000000001
335 0.8672000000000001
336 0.8628000000000003
337 0.8588000000000001
338 0.8519999999999999
339 0.8464
340 0.8424
341 0.84
342 0.8380000000000001
343 0.8360000000000002
344 0.8352000000000003
345 0.8304000000000002
346 0.8308000000000004
347 0.8336000000000002
348 0.8396000000000001
349 0.8464000000000003
350 0.8540000000000002
351 0.8631999999999997
352 0.8740000000000002
353 0.8848
354 0.8863999999999999
355 0.8876
356 0.8839999999999999
357 0.8800000000000001
358 0.8740000000000001
359 0.8664000000000003
360 0.8628
361 0.8607999999999998
362 0.8543999999999998
363 0.8467999999999998
364 0.8416
365 0.8384
366 0.836
367 0.8291999999999998
368 0.8263999999999999
369 0.8227999999999999
370 0.8243999999999997
371 0.8295999999999999
372 0.8356
373 0.8440000000000001
374 0.8528
375 0.8576000000000001
376 0.8708000000000002
377 0.8804
378 0.8872000000000003
379 0.8867999999999999
380 0.8796
381 0.8756000000000002
382 0.8664000000000002
383 0.8616000000000003
384 0.8548000000000003
385 0.8512000000000003
386 0.8440000000000003
387 0.8384000000000001
388 0.8340000000000002
389 0.8304
390 0.8292000000000002
391 0.8292000000000003
392 0.8272000000000002
393 0.8232000000000003
394 0.8256000000000001
395 0.8279999999999998
396 0.8359999999999996
397 0.8467999999999999
398 0.8500000000000003
399 0.8568000000000002
400 0.8715999999999999
401 0.8800000000000004
402 0.8892000000000004
403 0.8948
404 0.8892000000000003
405 0.8811999999999999
406 0.8747999999999999
407 0.8672000000000001
408 0.86
409 0.8531999999999997
410 0.8460000000000001
411 0.8395999999999999
412 0.836
413 0.8304
414 0.8260000000000004
415 0.8252000000000004
416 0.8260000000000002
417 0.8260000000000002
418 0.8228
419 0.8268
420 0.8315999999999997
421 0.8395999999999998
422 0.8508000000000002
423 0.8536000000000005
424 0.8664000000000004
425 0.8816000000000002
426 0.8932000000000001
427 0.8952000000000002
428 0.8904000000000006
429 0.8860000000000007
430 0.8800000000000003
431 0.8740000000000001
432 0.8699999999999999
433 0.8639999999999999
434 0.8555999999999999
435 0.8500000000000001
436 0.8452000000000001
437 0.8404000000000003
438 0.8348
439 0.8323999999999999
440 0.8303999999999999
441 0.8243999999999998
442 0.8284000000000001
443 0.8328000000000003
444 0.8396000000000002
445 0.8463999999999998
446 0.8532000000000001
447 0.86
448 0.8736
449 0.8760000000000001
450 0.8852000000000001
451 0.8872000000000004
452 0.8876
453 0.8819999999999999
454 0.8772
455 0.8708
456 0.8672
457 0.8628000000000001
458 0.8600000000000001
459 0.8508000000000002
460 0.8424
461 0.8371999999999999
462 0.8348
463 0.8312
464 0.8308000000000001
465 0.8296000000000001
466 0.8296000000000002
467 0.8316
468 0.8388
469 0.8448000000000002
470 0.8484000000000002
471 0.8551999999999996
472 0.8672
473 0.8812000000000001
474 0.8896000000000001
475 0.8883999999999999
476 0.8867999999999999
477 0.8819999999999999
478 0.8759999999999999
479 0.8724000000000001
480 0.8672
481 0.8628
482 0.8580000000000001
483 0.852
484 0.8460000000000001
485 0.8420000000000001
486 0.8399999999999999
487 0.8372000000000002
488 0.8300000000000002
489 0.8268000000000001
490 0.8295999999999998
491 0.8372000000000002
492 0.8416000000000001
493 0.8500000000000003
494 0.8548000000000003
495 0.8620000000000005
496 0.8728000000000005
497 0.8804000000000002
498 0.8904000000000001
499 0.8936
500 0.8896000000000001
501 0.8824000000000004
502 0.8776000000000002
503 0.8704
504 0.8648000000000002
505 0.8604
506 0.8540000000000003
507 0.8460000000000002
508 0.8404000000000003
509 0.8380000000000001
510 0.8340000000000001
511 0.8272000000000002
512 0.8244000000000002
513 0.8251999999999999
514 0.828
515 0.8336
516 0.8364
517 0.8416000000000001
518 0.8483999999999999
519 0.8532
520 0.8663999999999998
521 0.8824
522 0.8939999999999999
523 0.8932000000000001
524 0.8883999999999997
525 0.8787999999999999
526 0.872
527 0.866
528 0.8612000000000001
529 0.8564000000000002
530 0.8512000000000002
531 0.8440000000000002
532 0.8360000000000001
533 0.8303999999999999
534 0.8271999999999997
535 0.8227999999999999
536 0.8199999999999997
537 0.816
538 0.814
539 0.8171999999999998
540 0.8235999999999999
541 0.8336
542 0.8375999999999999
543 0.8512000000000001
544 0.8612000000000001
545 0.8744000000000001
546 0.8827999999999999
547 0.8844000000000001
548 0.8824
549 0.878
550 0.8732000000000001
551 0.8652000000000001
552 0.8584
553 0.856
554 0.8495999999999999
555 0.8456
556 0.8423999999999999
557 0.8376
558 0.8307999999999999
559 0.8263999999999997
560 0.8211999999999996
561 0.8155999999999998
562 0.8139999999999996
563 0.8231999999999999
564 0.8328
565 0.8419999999999999
566 0.848
567 0.8575999999999996
568 0.8663999999999997
569 0.8767999999999999
570 0.8859999999999998
571 0.8812000000000001
572 0.8804
573 0.8712000000000001
574 0.8664000000000001
575 0.8596
576 0.852
577 0.8447999999999999
578 0.8371999999999999
579 0.8331999999999999
580 0.8295999999999998
581 0.8247999999999998
582 0.8199999999999997
583 0.8179999999999995
584 0.8131999999999998
585 0.8083999999999998
586 0.8096
587 0.8144000000000002
588 0.8212000000000002
589 0.8307999999999995
590 0.8439999999999996
591 0.8536000000000001
592 0.8644000000000002
593 0.8767999999999999
594 0.884
595 0.8856000000000002
596 0.8856
597 0.8788000000000002
598 0.8728
599 0.8667999999999999
600 0.8584
601 0.8512000000000001
602 0.8448000000000003
603 0.8400000000000002
604 0.8331999999999999
605 0.8284
606 0.824
607 0.8212
608 0.8188
609 0.8168000000000001
610 0.8171999999999998
611 0.8251999999999999
612 0.8316
613 0.8392000000000002
614 0.8492000000000002
615 0.8608000000000001
616 0.8739999999999999
617 0.8783999999999997
618 0.8871999999999997
619 0.8847999999999999
620 0.8827999999999999
621 0.8752000000000002
622 0.8732000000000002
623 0.8620000000000003
624 0.8528000000000003
625 0.8452000000000001
626 0.8420000000000001
627 0.838
628 0.8308000000000001
629 0.8288000000000001
630 0.8244000000000001
631 0.8196000000000001
632 0.8176000000000001
633 0.8147999999999999
634 0.8140000000000001
635 0.818
636 0.8244
637 0.8308
638 0.8416000000000001
639 0.8536
640 0.866
641 0.8811999999999999
642 0.8887999999999999
643 0.8924000000000001
644 0.8844000000000001
645 0.8771999999999998
646 0.8744000000000001
647 0.8668
648 0.8612000000000001
649 0.8536000000000001
650 0.8472000000000002
651 0.8423999999999998
652 0.8364
653 0.834
654 0.8323999999999999
655 0.8320000000000001
656 0.8300000000000002
657 0.8272000000000002
658 0.8268000000000001
659 0.8316000000000001
660 0.8392000000000001
661 0.8468000000000003
662 0.8488000000000002
663 0.8532
664 0.8651999999999999
665 0.8736000000000002
666 0.8839999999999999
667 0.8864
668 0.8808
669 0.8760000000000001
670 0.8648
671 0.8600000000000001
672 0.8540000000000002
673 0.8456
674 0.8380000000000001
675 0.8320000000000002
676 0.828
677 0.8248000000000001
678 0.8204
679 0.8188000000000001
680 0.8172
681 0.8156
682 0.8136000000000001
683 0.8180000000000001
684 0.82
685 0.8244000000000001
686 0.8371999999999999
687 0.8427999999999995
688 0.8556
689 0.8656
690 0.8808000000000001
691 0.8820000000000003
692 0.8764000000000002
693 0.8756
694 0.8667999999999999
695 0.8588000000000001
696 0.8504
697 0.8480000000000001
698 0.8448
699 0.8408000000000001
700 0.8356000000000001
701 0.8292000000000002
702 0.8240000000000001
703 0.8211999999999997
704 0.8175999999999999
705 0.816
706 0.8164
707 0.8227999999999999
708 0.8331999999999998
709 0.8404
710 0.8452
711 0.8596
712 0.8708000000000002
713 0.8812000000000003
714 0.8892000000000002
715 0.8896000000000002
716 0.8856000000000003
717 0.8792000000000002
718 0.8740000000000002
719 0.8680000000000004
720 0.8636000000000001
721 0.8572000000000003
722 0.8460000000000001
723 0.8416000000000001
724 0.8320000000000001
725 0.8272000000000002
726 0.8248000000000001
727 0.8208
728 0.8191999999999999
729 0.8184
730 0.8191999999999999
731 0.8224000000000001
732 0.8296000000000001
733 0.8356000000000001
734 0.8412
735 0.8507999999999999
736 0.8648
737 0.8747999999999999
738 0.8799999999999999
739 0.8847999999999998
740 0.8827999999999997
741 0.8719999999999999
742 0.8664000000000003
743 0.8588
744 0.8496000000000001
745 0.8468000000000002
746 0.8376
747 0.8351999999999999
748 0.8316
749 0.8255999999999999
750 0.8211999999999999
751 0.8191999999999999
752 0.8139999999999997
753 0.8111999999999998
754 0.8119999999999997
755 0.8175999999999999
756 0.8260000000000001
757 0.8392000000000002
758 0.8496000000000001
759 0.8544000000000004
760 0.8664000000000002
761 0.88
762 0.8900000000000001
763 0.8876000000000001
764 0.8864000000000002
765 0.8812000000000001
766 0.8779999999999998
767 0.8708
768 0.8635999999999998
769 0.8579999999999999
770 0.8527999999999999
771 0.8491999999999998
772 0.8432000000000002
773 0.8364
774 0.8300000000000002
775 0.8264000000000005
776 0.8240000000000005
777 0.8212000000000002
778 0.8208000000000001
779 0.8288000000000001
780 0.8348
781 0.8428000000000003
782 0.8556000000000004
783 0.8648
784 0.8759999999999999
785 0.8839999999999999
786 0.8912
787 0.8908000000000001
788 0.8856
789 0.8812000000000001
790 0.8732000000000002
791 0.8671999999999999
792 0.8615999999999999
793 0.8544000000000003
794 0.8512000000000001
795 0.8440000000000001
796 0.8376
797 0.8320000000000001
798 0.8284000000000001
799 0.8220000000000001
800 0.8192000000000002
801 0.8176000000000003
802 0.8204000000000002
803 0.8232000000000003
804 0.828
805 0.8316000000000001
806 0.8400000000000002
807 0.8460000000000002
808 0.8588000000000002
809 0.8692000000000003
810 0.8760000000000001
811 0.8844
812 0.8776
813 0.8723999999999998
814 0.8676
815 0.8592000000000002
816 0.8504000000000004
817 0.8484000000000003
818 0.8448000000000003
819 0.8396000000000001
820 0.8348
821 0.8275999999999999
822 0.8231999999999999
823 0.8227999999999998
824 0.8203999999999998
825 0.8155999999999999
826 0.8159999999999998
827 0.8195999999999999
828 0.8268000000000002
829 0.8323999999999999
830 0.8408
831 0.8488000000000003
832 0.8624
833 0.8739999999999999
834 0.878
835 0.88
836 0.8780000000000001
837 0.8732000000000001
838 0.8640000000000001
839 0.8552000000000001
840 0.8512
841 0.8443999999999999
842 0.8364000000000001
843 0.8303999999999999
844 0.8219999999999998
845 0.8115999999999999
846 0.8088
847 0.8043999999999997
848 0.8031999999999998
849 0.7999999999999998
850 0.8015999999999999
851 0.8059999999999998
852 0.8087999999999999
853 0.8168
854 0.8331999999999999
855 0.8395999999999999
856 0.8496000000000004
857 0.8628000000000005
858 0.8676000000000004
859 0.8656000000000001
860 0.8639999999999999
861 0.86
862 0.8535999999999998
863 0.846
864 0.8384
865 0.8336
866 0.8232
867 0.8160000000000001
868 0.8128000000000002
869 0.8104000000000002
870 0.804
871 0.8024000000000001
872 0.8016
873 0.7968
874 0.7999999999999998
875 0.8052000000000001
876 0.8180000000000003
877 0.8276000000000002
878 0.8388000000000002
879 0.8452000000000001
880 0.8572
881 0.8711999999999998
882 0.8808000000000002
883 0.88
884 0.8752000000000002
885 0.8672000000000003
886 0.8619999999999999
887 0.8532000000000002
888 0.8488000000000002
889 0.8460000000000001
890 0.8408000000000001
891 0.8327999999999999
892 0.8260000000000001
893 0.8231999999999999
894 0.8211999999999999
895 0.8187999999999999
896 0.8180000000000001
897 0.8172000000000003
898 0.8172000000000001
899 0.8199999999999998
900 0.8279999999999997
901 0.8419999999999997
902 0.8480000000000001
903 0.8552000000000003
904 0.8656000000000005
905 0.8732000000000002
906 0.8812000000000001
907 0.8852
908 0.8844000000000003
909 0.8792
910 0.8760000000000001
911 0.8716000000000002
912 0.8636000000000003
913 0.8572000000000003
914 0.8504000000000002
915 0.8440000000000002
916 0.8388000000000001
917 0.8324000000000004
918 0.8280000000000001
919 0.8272000000000002
920 0.8240000000000001
921 0.8216000000000002
922 0.8212
923 0.8248000000000001
924 0.8248000000000002
925 0.8312
926 0.8368000000000001
927 0.8432000000000001
928 0.8623999999999999
929 0.8700000000000001
930 0.8832000000000003
931 0.8839999999999999
932 0.8772
933 0.8752
934 0.8652000000000001
935 0.8564000000000002
936 0.8488
937 0.8408000000000002
938 0.8368000000000002
939 0.8312000000000002
940 0.8247999999999999
941 0.8207999999999999
942 0.8171999999999998
943 0.814
944 0.8099999999999997
945 0.8083999999999998
946 0.8108
947 0.8151999999999999
948 0.8236000000000001
949 0.8324000000000004
950 0.8388000000000004
951 0.8440000000000001
952 0.8568000000000003
953 0.8764
954 0.8812000000000001
955 0.8832000000000002
956 0.8804000000000003
957 0.8772000000000003
958 0.8684000000000002
959 0.8620000000000003
960 0.8536000000000002
961 0.8492000000000002
962 0.8436000000000001
963 0.8392000000000001
964 0.8347999999999999
965 0.8323999999999999
966 0.8283999999999999
967 0.8244
968 0.824
969 0.8191999999999997
970 0.826
971 0.8284000000000001
972 0.8348
973 0.8436
974 0.8472
975 0.8588000000000001
976 0.8723999999999998
977 0.8816000000000002
978 0.8820000000000001
979 0.8836000000000002
980 0.8796
981 0.8695999999999999
982 0.8640000000000001
983 0.8583999999999999
984 0.8523999999999998
985 0.8480000000000001
986 0.8424000000000003
987 0.8384000000000001
988 0.8340000000000003
989 0.8308000000000003
990 0.8284
991 0.8271999999999999
992 0.8212000000000002
993 0.8128000000000002
994 0.8136000000000001
995 0.8204000000000002
996 0.8288000000000001
997 0.8332
998 0.8420000000000002
999 0.8492000000000001
1000 0.8648
1001 0.8792000000000002
1002 0.8884000000000002
1003 0.8876000000000004
1004 0.8876000000000002
1005 0.88
1006 0.8792000000000002
1007 0.8696
1008 0.8620000000000003
1009 0.8580000000000002
1010 0.8488000000000001
1011 0.8404
1012 0.8360000000000001
1013 0.8312
1014 0.8272000000000003
1015 0.8260000000000001
1016 0.8207999999999999
1017 0.8191999999999997
1018 0.8151999999999998
1019 0.8191999999999999
1020 0.8267999999999998
1021 0.8320000000000002
1022 0.8419999999999999
1023 0.8475999999999999
1024 0.8616000000000004
1025 0.8804000000000003
1026 0.8868000000000004
1027 0.8892000000000003
1028 0.8872000000000004
1029 0.8800000000000006
1030 0.8716000000000004
1031 0.8644000000000002
1032 0.8588000000000002
1033 0.8532000000000001
1034 0.8480000000000001
1035 0.8432000000000002
1036 0.8404
1037 0.8352
1038 0.8295999999999999
1039 0.8264
1040 0.8228
1041 0.8196000000000001
1042 0.8224000000000001
1043 0.8287999999999998
1044 0.8347999999999998
1045 0.8416
1046 0.8528000000000001
1047 0.8568000000000001
1048 0.8652000000000001
1049 0.8788000000000001
1050 0.8832000000000001
1051 0.8840000000000002
1052 0.8811999999999999
1053 0.8756000000000002
1054 0.87
1055 0.8655999999999999
1056 0.8559999999999998
1057 0.8511999999999997
1058 0.8439999999999998
1059 0.8347999999999998
1060 0.8291999999999998
1061 0.8247999999999999
1062 0.8224000000000001
1063 0.8195999999999999
1064 0.8175999999999999
1065 0.812
1066 0.8131999999999999
1067 0.8151999999999999
1068 0.8235999999999997
1069 0.8279999999999997
1070 0.8339999999999996
1071 0.8440000000000001
1072 0.8572000000000002
1073 0.8667999999999999
1074 0.8808000000000001
1075 0.8840000000000003
1076 0.8768000000000002
1077 0.8688000000000002
1078 0.8640000000000001
1079 0.8567999999999999
1080 0.852
1081 0.8484
1082 0.8435999999999999
1083 0.8395999999999999
1084 0.8335999999999999
1085 0.8275999999999998
1086 0.8196000000000001
1087 0.8183999999999999
1088 0.8136000000000001
1089 0.8079999999999999
1090 0.8095999999999998
1091 0.8131999999999999
1092 0.8216000000000001
1093 0.8256000000000001
1094 0.8352
1095 0.8456
1096 0.8563999999999998
1097 0.8676000000000005
1098 0.8728000000000001
1099 0.8724000000000001
1100 0.8727999999999999
1101 0.8672000000000003
1102 0.8608000000000002
1103 0.8552000000000003
1104 0.8492000000000003
1105 0.8444000000000004
1106 0.8400000000000003
1107 0.8348000000000002
1108 0.8268000000000001
1109 0.8235999999999999
1110 0.8208
1111 0.8148000000000001
1112 0.8140000000000001
1113 0.8108000000000001
1114 0.8136
1115 0.8216000000000001
1116 0.8252000000000002
1117 0.8280000000000003
1118 0.8404000000000004
1119 0.8528
1120 0.8615999999999998
1121 0.8744000000000001
1122 0.8828000000000003
1123 0.8824000000000002
1124 0.8768000000000004
1125 0.8724000000000001
1126 0.8648000000000002
1127 0.8584
1128 0.8484000000000005
1129 0.8452000000000003
1130 0.8408000000000004
1131 0.8348000000000003
1132 0.8304000000000004
1133 0.8220000000000002
1134 0.816
1135 0.8123999999999999
1136 0.8079999999999999
1137 0.8028
1138 0.8051999999999997
1139 0.8079999999999997
1140 0.8143999999999997
1141 0.8236
1142 0.8276
1143 0.8372000000000003
1144 0.8476000000000002
1145 0.8628000000000001
1146 0.8736000000000003
1147 0.8728000000000001
1148 0.8672000000000003
1149 0.8616000000000001
1150 0.8560000000000002
1151 0.8496000000000004
1152 0.8444000000000003
1153 0.8376000000000003
1154 0.8328
1155 0.8232
1156 0.8188000000000001
1157 0.8131999999999999
1158 0.8103999999999998
1159 0.8092
1160 0.8071999999999998
1161 0.8035999999999999
1162 0.8015999999999996
1163 0.8116
1164 0.8219999999999998
1165 0.8348
1166 0.8420000000000001
1167 0.8463999999999998
1168 0.8572000000000002
1169 0.8704000000000001
1170 0.8804000000000001
1171 0.8804000000000002
1172 0.8792000000000002
1173 0.8748000000000001
1174 0.8668000000000003
1175 0.8620000000000002
1176 0.8524000000000004
1177 0.8480000000000005
1178 0.8440000000000005
1179 0.8424000000000005
1180 0.8336000000000002
1181 0.8288000000000002
1182 0.8208000000000004
1183 0.8156000000000002
1184 0.8116000000000004
1185 0.8064000000000001
1186 0.8072
1187 0.8136
1188 0.8195999999999999
1189 0.8251999999999999
1190 0.8332
1191 0.8388000000000001
1192 0.8520000000000002
1193 0.8644
1194 0.8707999999999998
1195 0.8683999999999997
1196 0.8627999999999997
1197 0.8536
1198 0.8455999999999999
1199 0.8384
1200 0.8323999999999999
1201 0.8264
1202 0.8224000000000001
1203 0.8140000000000002
1204 0.8048000000000003
1205 0.8028000000000003
1206 0.8000000000000004
1207 0.7968000000000004
1208 0.7952000000000002
1209 0.792
1210 0.7944000000000001
1211 0.7996000000000001
1212 0.8052000000000002
1213 0.812
1214 0.8228000000000002
1215 0.8368000000000002
1216 0.8456
1217 0.8591999999999999
1218 0.8672
1219 0.8752000000000001
1220 0.8732000000000001
1221 0.8652000000000001
1222 0.8564000000000002
1223 0.8471999999999998
1224 0.8423999999999999
1225 0.8363999999999998
1226 0.8276000000000002
1227 0.8232
1228 0.8156000000000003
1229 0.8112000000000001
1230 0.8072000000000003
1231 0.8032000000000002
1232 0.7984
1233 0.7948000000000001
1234 0.7956000000000002
1235 0.8016
1236 0.8108
1237 0.8255999999999999
1238 0.8332000000000002
1239 0.8408000000000001
1240 0.8496000000000001
1241 0.8667999999999999
1242 0.8812000000000001
1243 0.8832000000000002
1244 0.8771999999999999
1245 0.8704
1246 0.8616000000000001
1247 0.8520000000000002
1248 0.8468000000000001
1249 0.8408000000000001
1250 0.8328
1251 0.8252000000000002
1252 0.8200000000000002
1253 0.8152000000000001
1254 0.8096000000000001
1255 0.8076000000000001
1256 0.804
1257 0.8028
1258 0.8044000000000001
1259 0.8088000000000001
1260 0.8180000000000003
1261 0.8292000000000003
1262 0.8368000000000003
1263 0.8464000000000003
1264 0.8588000000000003
1265 0.8719999999999999
1266 0.8847999999999999
1267 0.8856000000000003
1268 0.8792000000000002
1269 0.8740000000000002
1270 0.8675999999999999
1271 0.8607999999999997
1272 0.8547999999999998
1273 0.8483999999999999
1274 0.8416
1275 0.8392000000000001
1276 0.8340000000000002
1277 0.8288000000000001
1278 0.8215999999999998
1279 0.8191999999999997
1280 0.8191999999999999
1281 0.8175999999999998
1282 0.8163999999999999
1283 0.8224000000000001
1284 0.8276
1285 0.8372000000000002
1286 0.8408000000000002
1287 0.8532
1288 0.8656000000000001
1289 0.8756
1290 0.8891999999999999
1291 0.8904
1292 0.888
1293 0.8811999999999999
1294 0.8735999999999998
1295 0.8664000000000001
1296 0.8604000000000002
1297 0.8520000000000003
1298 0.8436000000000002
1299 0.8392000000000003
1300 0.8336000000000002
1301 0.8272000000000002
1302 0.8220000000000002
1303 0.8176000000000003
1304 0.8148000000000003
1305 0.8120000000000002
1306 0.8088000000000002
1307 0.8136000000000003
1308 0.8160000000000004
1309 0.8268000000000002
1310 0.8328000000000002
1311 0.8412000000000002
1312 0.8528
1313 0.8687999999999998
1314 0.8795999999999996
1315 0.8795999999999998
1316 0.8747999999999999
1317 0.8691999999999999
1318 0.868
1319 0.8572
1320 0.8468000000000002
1321 0.8400000000000002
1322 0.83
1323 0.8240000000000001
1324 0.8172000000000001
1325 0.812
1326 0.8072
1327 0.8048000000000001
1328 0.8044
1329 0.7963999999999999
1330 0.7964
1331 0.804
1332 0.812
1333 0.8140000000000001
1334 0.8244
1335 0.8291999999999998
1336 0.8464000000000002
1337 0.8643999999999998
1338 0.8715999999999998
1339 0.8704
1340 0.8684000000000003
1341 0.8604000000000002
1342 0.8512000000000002
1343 0.8468000000000003
1344 0.8424
1345 0.8364
1346 0.8268000000000001
1347 0.8199999999999998
1348 0.8156
1349 0.8103999999999999
1350 0.8083999999999999
1351 0.8039999999999998
1352 0.7983999999999999
1353 0.7939999999999999
1354 0.7944
1355 0.7988
1356 0.8051999999999999
1357 0.8159999999999998
1358 0.8247999999999999
1359 0.8323999999999999
1360 0.85
1361 0.862
1362 0.8744000000000001
1363 0.8759999999999999
1364 0.8752000000000001
1365 0.8707999999999998
1366 0.8612000000000002
1367 0.8532000000000001
1368 0.8447999999999999
1369 0.8387999999999997
1370 0.8311999999999996
1371 0.8263999999999997
1372 0.8191999999999999
1373 0.8131999999999999
1374 0.8099999999999998
1375 0.8095999999999998
1376 0.806
1377 0.8020000000000002
1378 0.8016000000000001
1379 0.8064000000000001
1380 0.8136000000000003
1381 0.8244000000000002
1382 0.8296000000000003
1383 0.8396000000000002
1384 0.8544000000000003
1385 0.8692000000000002
1386 0.8736000000000002
1387 0.8752000000000001
1388 0.8708000000000001
1389 0.8656
1390 0.8584
1391 0.8508000000000001
1392 0.8447999999999999
1393 0.8367999999999999
1394 0.8284000000000001
1395 0.8232000000000004
1396 0.8184000000000001
1397 0.8123999999999999
1398 0.8100000000000002
1399 0.8056000000000002
1400 0.8036000000000003
1401 0.8060000000000003
1402 0.8080000000000004
1403 0.8140000000000002
1404 0.8276
1405 0.8356
1406 0.8360000000000001
1407 0.8448
1408 0.8595999999999999
1409 0.8732000000000001
1410 0.8795999999999999
1411 0.8804000000000001
1412 0.8740000000000003
1413 0.8672000000000004
1414 0.8620000000000002
1415 0.8568000000000002
1416 0.8508
1417 0.8456000000000001
1418 0.8404
1419 0.8351999999999999
1420 0.8292000000000002
1421 0.8200000000000003
1422 0.8136000000000001
1423 0.8112
1424 0.8079999999999999
1425 0.8059999999999999
1426 0.8051999999999999
1427 0.8079999999999998
1428 0.8139999999999997
1429 0.824
1430 0.8316
1431 0.8376000000000002
1432 0.8468000000000001
1433 0.8591999999999997
1434 0.8675999999999999
1435 0.8672000000000001
1436 0.8563999999999998
1437 0.8480000000000001
1438 0.8396000000000002
1439 0.8356000000000001
1440 0.8284000000000001
1441 0.8236000000000003
1442 0.8204000000000002
1443 0.8160000000000004
1444 0.8092000000000001
1445 0.8052000000000001
1446 0.8016000000000002
1447 0.7968000000000001
1448 0.796
1449 0.7944
1450 0.7979999999999999
1451 0.8003999999999999
1452 0.8084
1453 0.8195999999999999
1454 0.8288000000000005
1455 0.8432000000000001
1456 0.8596000000000004
1457 0.8752000000000002
1458 0.8828
1459 0.8843999999999999
1460 0.8835999999999998
1461 0.8752
1462 0.8696
1463 0.8644000000000003
1464 0.858
1465 0.8512
1466 0.8412000000000001
1467 0.8384000000000001
1468 0.8312
1469 0.8260000000000001
1470 0.8188000000000001
1471 0.8148000000000002
1472 0.8103999999999999
1473 0.8079999999999999
1474 0.8075999999999998
1475 0.812
1476 0.8179999999999997
1477 0.8216
1478 0.8303999999999999
1479 0.8392000000000002
1480 0.8472000000000003
1481 0.8564000000000003
1482 0.8604
1483 0.8664000000000002
1484 0.8592000000000002
1485 0.8560000000000002
1486 0.8500000000000001
1487 0.8428
1488 0.8339999999999997
1489 0.8264
1490 0.8196000000000002
1491 0.8148000000000001
1492 0.8084000000000002
1493 0.8012000000000001
1494 0.7948000000000002
1495 0.792
1496 0.7912
1497 0.7872
1498 0.7884
1499 0.7956
1500 0.8035999999999999
1501 0.8111999999999998
1502 0.8228000000000002
1503 0.8336
1504 0.8452000000000003
1505 0.8532000000000002
1506 0.8632000000000004
1507 0.8696000000000003
1508 0.8640000000000001
1509 0.8515999999999999
1510 0.846
1511 0.8391999999999997
1512 0.8323999999999999
1513 0.8247999999999996
1514 0.8195999999999996
1515 0.8139999999999997
1516 0.8083999999999998
1517 0.8028
1518 0.8008
1519 0.7956
1520 0.7931999999999998
1521 0.7883999999999999
1522 0.7879999999999998
1523 0.7951999999999998
1524 0.8103999999999999
1525 0.8176000000000001
1526 0.8207999999999999
1527 0.8244
1528 0.8396000000000001
1529 0.8592000000000003
1530 0.8692000000000004
1531 0.8684000000000002
1532 0.8660000000000002
1533 0.8612000000000003
1534 0.8512000000000003
1535 0.8476
1536 0.8416
1537 0.8332
1538 0.8264000000000001
1539 0.8208000000000003
1540 0.8180000000000001
1541 0.8124000000000001
1542 0.8052000000000001
1543 0.8028
1544 0.8040000000000002
1545 0.7996000000000003
1546 0.8012000000000001
1547 0.8092
1548 0.8172000000000001
1549 0.8288000000000002
1550 0.8388000000000002
1551 0.8500000000000001
1552 0.8619999999999999
1553 0.8767999999999998
1554 0.8832
1555 0.8796
1556 0.8792
1557 0.8676
1558 0.8588000000000002
1559 0.8476
1560 0.8416000000000001
1561 0.8376
1562 0.8316000000000001
1563 0.8252000000000002
1564 0.8200000000000002
1565 0.8140000000000002
1566 0.8076000000000002
1567 0.8072000000000003
1568 0.8056000000000002
1569 0.8016000000000002
1570 0.8052000000000002
1571 0.8080000000000003
1572 0.8160000000000001
1573 0.8260000000000001
1574 0.8324000000000001
1575 0.8384000000000005
1576 0.8508000000000001
1577 0.8592
1578 0.8672000000000001
1579 0.8683999999999998
1580 0.8656000000000001
1581 0.8596000000000003
1582 0.8552000000000001
1583 0.8488
1584 0.8420000000000001
1585 0.8383999999999999
1586 0.8288
1587 0.8227999999999999
1588 0.8188
1589 0.8135999999999999
1590 0.8116
1591 0.8104
1592 0.8052000000000001
1593 0.8024
1594 0.802
1595 0.8064
1596 0.8132
1597 0.8276000000000003
1598 0.8388
1599 0.8471999999999998
1600 0.8580000000000001
1601 0.8708000000000002
1602 0.8772
1603 0.8748
1604 0.8688000000000001
1605 0.8612000000000001
1606 0.8527999999999999
1607 0.8431999999999996
1608 0.8388
1609 0.8355999999999999
1610 0.8288
1611 0.8240000000000001
1612 0.8183999999999999
1613 0.8132
1614 0.8107999999999999
1615 0.8079999999999999
1616 0.8047999999999998
1617 0.8004000000000002
1618 0.8019999999999999
1619 0.8067999999999996
1620 0.8184
1621 0.8264000000000001
1622 0.8336
1623 0.8432000000000002
1624 0.8544000000000002
1625 0.8680000000000004
1626 0.8712000000000002
1627 0.8728000000000001
1628 0.8700000000000001
1629 0.8591999999999999
1630 0.8547999999999996
1631 0.8459999999999996
1632 0.8403999999999996
1633 0.8303999999999998
1634 0.8247999999999998
1635 0.8195999999999998
1636 0.8123999999999998
1637 0.8059999999999999
1638 0.8035999999999998
1639 0.8023999999999998
1640 0.8008000000000002
1641 0.7975999999999999
1642 0.7991999999999999
1643 0.8007999999999998
1644 0.8111999999999998
1645 0.8215999999999998
1646 0.8264
1647 0.8392000000000002
1648 0.8552000000000001
1649 0.8704000000000004
1650 0.8796
1651 0.8832000000000001
1652 0.8816000000000005
1653 0.8724000000000005
1654 0.8636000000000004
1655 0.8556000000000004
1656 0.8492000000000002
1657 0.8424
1658 0.8352
1659 0.8295999999999999
1660 0.8264
1661 0.8212
1662 0.8200000000000003
1663 0.8192000000000002
1664 0.8152000000000001
1665 0.812
1666 0.8079999999999998
1667 0.8131999999999999
1668 0.8172000000000003
1669 0.8264000000000001
1670 0.8332000000000004
1671 0.8404000000000004
1672 0.8512000000000002
1673 0.8615999999999998
1674 0.872
1675 0.8756000000000002
1676 0.8720000000000003
1677 0.8660000000000003
1678 0.8592000000000003
1679 0.8520000000000002
1680 0.8464000000000003
1681 0.8412000000000002
1682 0.8332
1683 0.8275999999999999
1684 0.8195999999999999
1685 0.8168
1686 0.8152000000000001
1687 0.8108000000000001
1688 0.8076000000000002
1689 0.8064000000000001
1690 0.8060000000000004
1691 0.8068000000000002
1692 0.8172000000000001
1693 0.8228000000000002
1694 0.834
1695 0.8448
1696 0.8576
1697 0.8672000000000003
1698 0.8760000000000002
1699 0.884
1700 0.8812000000000002
1701 0.8732000000000001
1702 0.8644000000000002
1703 0.8588000000000002
1704 0.8544000000000002
1705 0.8468000000000001
1706 0.8388000000000002
1707 0.8336000000000002
1708 0.8300000000000003
1709 0.8244000000000002
1710 0.8183999999999999
1711 0.8156
1712 0.8111999999999998
1713 0.8072
1714 0.8056000000000002
1715 0.81
1716 0.818
1717 0.8244000000000001
1718 0.8300000000000003
1719 0.8348
1720 0.8452000000000004
1721 0.8580000000000001
1722 0.8692000000000002
1723 0.8744
1724 0.8720000000000002
1725 0.8688000000000001
1726 0.8620000000000004
1727 0.8580000000000002
1728 0.8528000000000003
1729 0.8496000000000001
1730 0.8423999999999999
1731 0.8351999999999999
1732 0.8283999999999999
1733 0.8228000000000002
1734 0.8187999999999999
1735 0.8128000000000002
1736 0.8092
1737 0.8076000000000002
1738 0.8087999999999996
1739 0.8127999999999999
1740 0.8183999999999999
1741 0.8299999999999998
1742 0.8363999999999998
1743 0.8436000000000002
1744 0.8496000000000001
1745 0.8660000000000002
1746 0.8748000000000004
1747 0.8740000000000002
1748 0.8744
1749 0.8700000000000001
1750 0.8608
1751 0.8540000000000001
1752 0.8443999999999999
1753 0.8408000000000001
1754 0.8364000000000001
1755 0.8308000000000001
1756 0.8276000000000002
1757 0.82
1758 0.8152000000000001
1759 0.8072
1760 0.8059999999999999
1761 0.8059999999999999
1762 0.804
1763 0.8064
1764 0.8212
1765 0.8287999999999996
1766 0.8392000000000001
1767 0.8504000000000004
1768 0.8612000000000002
1769 0.8724000000000005
1770 0.8812000000000001
1771 0.8804000000000002
1772 0.8756000000000002
1773 0.8704000000000001
1774 0.8620000000000003
1775 0.8540000000000005
1776 0.8476000000000004
1777 0.8444000000000003
1778 0.8392000000000003
1779 0.8348000000000002
1780 0.8296000000000001
1781 0.8236000000000001
1782 0.8200000000000002
1783 0.8144
1784 0.8088
1785 0.8059999999999998
1786 0.8107999999999997
1787 0.8155999999999998
1788 0.8199999999999998
1789 0.8231999999999999
1790 0.8260000000000004
1791 0.8288000000000001
1792 0.8363999999999998
1793 0.8460000000000004
1794 0.8536000000000001
1795 0.8532
1796 0.8467999999999999
1797 0.8387999999999998
1798 0.8340000000000001
1799 0.8292
1800 0.8256
1801 0.8188
1802 0.8156000000000002
1803 0.8092000000000003
1804 0.8052000000000001
1805 0.8007999999999998
1806 0.7984
1807 0.7959999999999999
1808 0.7927999999999998
1809 0.7896
1810 0.7908000000000002
1811 0.7960000000000003
1812 0.8047999999999997
1813 0.8187999999999999
1814 0.8300000000000003
1815 0.8439999999999996
1816 0.8588000000000001
1817 0.8672
1818 0.8732000000000002
1819 0.8668000000000003
1820 0.8600000000000001
1821 0.8488000000000001
1822 0.8412000000000001
1823 0.8364
1824 0.8275999999999999
1825 0.8195999999999999
1826 0.8132000000000003
1827 0.8072000000000003
1828 0.8024000000000002
1829 0.7980000000000003
1830 0.7944
1831 0.7931999999999998
1832 0.7871999999999997
1833 0.7867999999999995
1834 0.7915999999999999
1835 0.7975999999999999
1836 0.8088
1837 0.8156
1838 0.8203999999999999
1839 0.828
1840 0.8411999999999996
1841 0.8543999999999999
1842 0.8668
1843 0.8700000000000003
1844 0.8688000000000001
1845 0.8628
1846 0.8571999999999999
1847 0.8487999999999998
1848 0.8400000000000003
1849 0.8316
1850 0.8251999999999999
1851 0.8195999999999999
1852 0.8108000000000001
1853 0.8064
1854 0.8028
1855 0.8004000000000003
1856 0.7948000000000003
1857 0.7928000000000003
1858 0.7939999999999999
1859 0.7975999999999998
1860 0.802
1861 0.8131999999999999
1862 0.8251999999999999
1863 0.8344000000000003
1864 0.8435999999999999
1865 0.8627999999999999
1866 0.8671999999999999
1867 0.8752000000000001
1868 0.8704000000000001
1869 0.8676000000000006
1870 0.8624000000000004
1871 0.8516000000000001
1872 0.8439999999999999
1873 0.8399999999999999
1874 0.8307999999999999
1875 0.8252000000000002
1876 0.8188
1877 0.8132
1878 0.8064000000000001
1879 0.8011999999999999
1880 0.7964
1881 0.7936
1882 0.7912
1883 0.7919999999999999
1884 0.8012
1885 0.8116000000000001
1886 0.8212
1887 0.8312
1888 0.8367999999999999
1889 0.8500000000000003
1890 0.856
1891 0.8571999999999997
1892 0.8580000000000001
1893 0.8515999999999997
1894 0.8467999999999998
1895 0.84
1896 0.8347999999999998
1897 0.8255999999999998
1898 0.8203999999999998
1899 0.8143999999999998
1900 0.8092000000000001
1901 0.8051999999999999
1902 0.7996000000000001
1903 0.7964
1904 0.7964000000000001
1905 0.7952000000000001
1906 0.7932000000000002
1907 0.8008
1908 0.8128
1909 0.8163999999999999
1910 0.8228000000000003
1911 0.8348
1912 0.8467999999999999
1913 0.8620000000000003
1914 0.8656000000000001
1915 0.8620000000000003
1916 0.8604
1917 0.8528
1918 0.8475999999999999
1919 0.8399999999999999
1920 0.8328
1921 0.8251999999999998
1922 0.8179999999999998
1923 0.8147999999999999
1924 0.8072000000000003
1925 0.8004000000000001
1926 0.7956000000000002
1927 0.7884
1928 0.7856000000000003
1929 0.7812000000000003
1930 0.7832000000000003
1931 0.7876000000000002
1932 0.7928000000000001
1933 0.8012000000000004
1934 0.8136000000000003
1935 0.8251999999999998
1936 0.8439999999999999
1937 0.8524
1938 0.8652000000000002
1939 0.8708000000000005
1940 0.8680000000000002
1941 0.8604000000000002
1942 0.8540000000000005
1943 0.8496000000000004
1944 0.8448000000000003
1945 0.8376
1946 0.8312000000000002
1947 0.8284000000000001
1948 0.8247999999999999
1949 0.8195999999999999
1950 0.8152000000000001
1951 0.8140000000000002
1952 0.8144000000000001
1953 0.8140000000000002
1954 0.8148000000000002
1955 0.8216000000000001
1956 0.8275999999999999
1957 0.8372000000000003
1958 0.8384000000000001
1959 0.8447999999999999
1960 0.8572000000000002
1961 0.8664000000000006
1962 0.8772000000000003
1963 0.8776000000000002
1964 0.8792000000000002
1965 0.8752000000000005
1966 0.8644000000000003
1967 0.8532000000000001
1968 0.8460000000000001
1969 0.8404000000000004
1970 0.8388000000000004
1971 0.8312000000000005
1972 0.8240000000000003
1973 0.8212000000000002
1974 0.8188
1975 0.8136000000000001
1976 0.8116000000000002
1977 0.8088
1978 0.8072
1979 0.8144000000000002
1980 0.8200000000000003
1981 0.8280000000000001
1982 0.8308000000000001
1983 0.8364
1984 0.8496000000000001
1985 0.8635999999999998
1986 0.8712000000000003
1987 0.8696
1988 0.8671999999999997
1989 0.8603999999999996
1990 0.8495999999999999
1991 0.8431999999999996
1992 0.8363999999999997
1993 0.8295999999999999
1994 0.8255999999999999
1995 0.8188000000000001
1996 0.8140000000000001
1997 0.8079999999999999
1998 0.8039999999999999
1999 0.7992
