1 1.0
2 1.0
3 1.0
4 1.0
5 0.998
6 0.9940000000000001
7 0.9879999999999999
8 0.986
9 0.982
10 0.974
11 0.9720000000000001
12 0.9700000000000001
13 0.9660000000000002
14 0.9599999999999997
15 0.954
16 0.9460000000000001
17 0.942
18 0.9339999999999999
19 0.9339999999999999
20 0.93
21 0.9259999999999999
22 0.924
23 0.9219999999999999
24 0.9199999999999999
25 0.9179999999999999
26 0.9179999999999999
27 0.914
28 0.9099999999999999
29 0.908
30 0.9
31 0.8940000000000001
32 0.8940000000000001
33 0.892
34 0.8880000000000001
35 0.882
36 0.8780000000000001
37 0.8760000000000001
38 0.8720000000000001
39 0.8720000000000001
40 0.8700000000000001
41 0.8700000000000001
42 0.868
43 0.8620000000000001
44 0.8539999999999999
45 0.8539999999999999
46 0.8539999999999999
47 0.852
48 0.85
49 0.8479999999999999
50 0.8459999999999999
51 0.8400000000000001
52 0.8400000000000001
53 0.8400000000000001
54 0.8400000000000001
55 0.8400000000000001
56 0.8380000000000001
57 0.8380000000000001
58 0.836
59 0.8299999999999998
60 0.826
61 0.8220000000000001
62 0.8200000000000001
63 0.8160000000000001
64 0.812
65 0.8100000000000002
66 0.8019999999999999
67 0.8019999999999999
68 0.8019999999999999
69 0.7979999999999999
70 0.7959999999999999
71 0.7939999999999999
72 0.7939999999999999
73 0.7899999999999999
74 0.7899999999999999
75 0.7899999999999999
76 0.788
77 0.7819999999999999
78 0.7739999999999999
79 0.772
80 0.7659999999999999
81 0.764
82 0.7579999999999999
83 0.7579999999999999
84 0.7579999999999999
85 0.7539999999999999
86 0.7539999999999999
87 0.748
88 0.746
89 0.744
90 0.744
91 0.742
92 0.738
93 0.732
94 0.732
95 0.732
96 0.724
97 0.72
98 0.718
99 0.712
100 0.708
101 0.7059999999999998
102 0.7039999999999998
103 0.7
104 0.698
105 0.69
106 0.6839999999999999
107 0.6819999999999999
108 0.6779999999999999
109 0.6739999999999999
110 0.6699999999999999
111 0.6619999999999999
112 0.6599999999999999
113 0.6559999999999999
114 0.6559999999999999
115 0.6559999999999999
116 0.6559999999999999
117 0.6519999999999999
118 0.6519999999999999
119 0.6519999999999999
120 0.6519999999999999
121 0.6499999999999999
122 0.6499999999999999
123 0.6499999999999999
124 0.6479999999999999
125 0.6479999999999999
126 0.6479999999999999
127 0.6479999999999999
128 0.6479999999999999
129 0.646
130 0.646
131 0.646
132 0.6419999999999999
133 0.6419999999999999
134 0.6419999999999999
135 0.6419999999999999
136 0.6419999999999999
137 0.6419999999999999
138 0.6359999999999999
139 0.6359999999999999
140 0.6359999999999999
141 0.6359999999999999
142 0.6359999999999999
143 0.6359999999999999
144 0.634
145 0.634
146 0.634
147 0.63
148 0.63
149 0.626
150 0.622
151 0.622
152 0.62
153 0.62
154 0.618
155 0.618
156 0.618
157 0.616
158 0.616
159 0.616
160 0.614
161 0.614
162 0.614
163 0.614
164 0.614
165 0.614
166 0.6119999999999999
167 0.6079999999999999
168 0.606
169 0.606
170 0.606
171 0.602
172 0.6
173 0.6
174 0.5940000000000001
175 0.592
176 0.5900000000000001
177 0.5900000000000001
178 0.5900000000000001
179 0.5900000000000001
180 0.5900000000000001
181 0.5900000000000001
182 0.5900000000000001
183 0.5900000000000001
184 0.5900000000000001
185 0.588
186 0.586
187 0.586
188 0.584
189 0.582
190 0.58
191 0.5720000000000001
192 0.5720000000000001
193 0.5720000000000001
194 0.568
195 0.568
196 0.5660000000000001
197 0.5640000000000001
198 0.5619999999999999
199 0.5619999999999999
200 0.558
201 0.558
202 0.556
203 0.556
204 0.5539999999999999
205 0.5539999999999999
206 0.55
207 0.55
208 0.55
209 0.548
210 0.548
211 0.548
212 0.548
213 0.548
214 0.5459999999999999
215 0.5459999999999999
216 0.5459999999999999
217 0.5439999999999999
218 0.5439999999999999
219 0.542
220 0.538
221 0.538
222 0.538
223 0.538
224 0.5359999999999999
225 0.5359999999999999
226 0.5359999999999999
227 0.5359999999999999
228 0.5359999999999999
229 0.5359999999999999
230 0.534
231 0.534
232 0.5319999999999999
233 0.5319999999999999
234 0.5319999999999999
235 0.53
236 0.526
237 0.526
238 0.526
239 0.526
240 0.526
241 0.522
242 0.522
243 0.522
244 0.5199999999999999
245 0.5199999999999999
246 0.5199999999999999
247 0.5199999999999999
248 0.518
249 0.518
250 0.518
251 0.518
252 0.5159999999999999
253 0.5159999999999999
254 0.5159999999999999
255 0.5159999999999999
256 0.5119999999999999
257 0.5119999999999999
258 0.5119999999999999
259 0.51
260 0.5039999999999999
261 0.5039999999999999
262 0.5039999999999999
263 0.5039999999999999
264 0.5
265 0.5
266 0.5
267 0.5
268 0.5
269 0.49800000000000005
270 0.49399999999999994
271 0.49399999999999994
272 0.49399999999999994
273 0.492
274 0.49000000000000005
275 0.49000000000000005
276 0.49000000000000005
277 0.49000000000000005
278 0.48600000000000004
279 0.48
280 0.47800000000000004
281 0.47800000000000004
282 0.47800000000000004
283 0.47800000000000004
284 0.47800000000000004
285 0.47800000000000004
286 0.47800000000000004
287 0.47800000000000004
288 0.47800000000000004
289 0.47800000000000004
290 0.47800000000000004
291 0.47800000000000004
292 0.47800000000000004
293 0.47800000000000004
294 0.47800000000000004
295 0.47800000000000004
296 0.47800000000000004
297 0.47800000000000004
298 0.47800000000000004
299 0.47800000000000004
300 0.47800000000000004
301 0.47800000000000004
302 0.47800000000000004
303 0.47800000000000004
304 0.4760000000000001
305 0.4760000000000001
306 0.4760000000000001
307 0.4760000000000001
308 0.4760000000000001
309 0.47400000000000003
310 0.47400000000000003
311 0.47400000000000003
312 0.472
313 0.472
314 0.47000000000000003
315 0.47000000000000003
316 0.4680000000000001
317 0.4640000000000001
318 0.4640000000000001
319 0.4640000000000001
320 0.462
321 0.462
322 0.462
323 0.462
324 0.4600000000000001
325 0.4600000000000001
326 0.4600000000000001
327 0.45400000000000007
328 0.45199999999999996
329 0.45
330 0.45
331 0.45
332 0.45
333 0.45
334 0.44800000000000006
335 0.44800000000000006
336 0.44800000000000006
337 0.44800000000000006
338 0.44800000000000006
339 0.44800000000000006
340 0.44800000000000006
341 0.44800000000000006
342 0.44800000000000006
343 0.44800000000000006
344 0.44600000000000006
345 0.44600000000000006
346 0.44600000000000006
347 0.44399999999999995
348 0.44399999999999995
349 0.442
350 0.442
351 0.442
352 0.44000000000000006
353 0.44000000000000006
354 0.44000000000000006
355 0.44000000000000006
356 0.44000000000000006
357 0.44000000000000006
358 0.44000000000000006
359 0.44000000000000006
360 0.44000000000000006
361 0.44000000000000006
362 0.44000000000000006
363 0.44000000000000006
364 0.44000000000000006
365 0.44000000000000006
366 0.44000000000000006
367 0.44000000000000006
368 0.44000000000000006
369 0.43800000000000006
370 0.43600000000000005
371 0.43200000000000005
372 0.43200000000000005
373 0.43200000000000005
374 0.43000000000000005
375 0.42800000000000005
376 0.42800000000000005
377 0.42800000000000005
378 0.42800000000000005
379 0.42800000000000005
380 0.426
381 0.42400000000000004
382 0.42200000000000004
383 0.42200000000000004
384 0.42200000000000004
385 0.42200000000000004
386 0.42200000000000004
387 0.42200000000000004
388 0.418
389 0.41400000000000003
390 0.41200000000000003
391 0.41
392 0.40800000000000003
393 0.404
394 0.404
395 0.404
396 0.404
397 0.40199999999999997
398 0.40199999999999997
399 0.4
400 0.4
401 0.4
402 0.398
403 0.398
404 0.398
405 0.398
406 0.398
407 0.398
408 0.398
409 0.398
410 0.394
411 0.394
412 0.392
413 0.388
414 0.388
415 0.382
416 0.382
417 0.382
418 0.382
419 0.38
420 0.38
421 0.38
422 0.38
423 0.38
424 0.38
425 0.38
426 0.38
427 0.38
428 0.38
429 0.38
430 0.38
431 0.38
432 0.38
433 0.38
434 0.378
435 0.378
436 0.374
437 0.374
438 0.37
439 0.37
440 0.368
441 0.368
442 0.368
443 0.368
444 0.366
445 0.366
446 0.364
447 0.364
448 0.364
449 0.364
450 0.364
451 0.364
452 0.364
453 0.364
454 0.362
455 0.362
456 0.362
457 0.362
458 0.362
459 0.362
460 0.362
461 0.36
462 0.36
463 0.36
464 0.36
465 0.36
466 0.36
467 0.356
468 0.354
469 0.352
470 0.352
471 0.35000000000000003
472 0.35000000000000003
473 0.348
474 0.348
475 0.348
476 0.348
477 0.348
478 0.348
479 0.348
480 0.348
481 0.34199999999999997
482 0.33999999999999997
483 0.33999999999999997
484 0.33999999999999997
485 0.33799999999999997
486 0.33799999999999997
487 0.334
488 0.334
489 0.33199999999999996
490 0.32999999999999996
491 0.32999999999999996
492 0.32799999999999996
493 0.32799999999999996
494 0.32799999999999996
495 0.32599999999999996
496 0.32599999999999996
497 0.32399999999999995
498 0.32399999999999995
499 0.32399999999999995
500 0.32399999999999995
501 0.322
502 0.322
503 0.322
504 0.322
505 0.322
506 0.322
507 0.322
508 0.31799999999999995
509 0.31799999999999995
510 0.31799999999999995
511 0.31799999999999995
512 0.31799999999999995
513 0.31799999999999995
514 0.31799999999999995
515 0.31799999999999995
516 0.31799999999999995
517 0.31799999999999995
518 0.31799999999999995
519 0.31799999999999995
520 0.31799999999999995
521 0.31799999999999995
522 0.31799999999999995
523 0.31799999999999995
524 0.31799999999999995
525 0.31799999999999995
526 0.31599999999999995
527 0.31599999999999995
528 0.31599999999999995
529 0.31599999999999995
530 0.31399999999999995
531 0.31399999999999995
532 0.31399999999999995
533 0.31399999999999995
534 0.31399999999999995
535 0.31399999999999995
536 0.31399999999999995
537 0.312
538 0.312
539 0.312
540 0.312
541 0.308
542 0.308
543 0.308
544 0.308
545 0.308
546 0.308
547 0.308
548 0.308
549 0.308
550 0.308
551 0.308
552 0.308
553 0.308
554 0.308
555 0.308
556 0.306
557 0.304
558 0.304
559 0.304
560 0.304
561 0.304
562 0.304
563 0.304
564 0.304
565 0.304
566 0.304
567 0.304
568 0.30200000000000005
569 0.3
570 0.3
571 0.3
572 0.3
573 0.3
574 0.3
575 0.3
576 0.3
577 0.3
578 0.3
579 0.3
580 0.3
581 0.29799999999999993
582 0.29799999999999993
583 0.29799999999999993
584 0.29799999999999993
585 0.29799999999999993
586 0.29799999999999993
587 0.29799999999999993
588 0.29799999999999993
589 0.29799999999999993
590 0.29799999999999993
591 0.29799999999999993
592 0.29799999999999993
593 0.29799999999999993
594 0.29799999999999993
595 0.29799999999999993
596 0.29799999999999993
597 0.29799999999999993
598 0.29799999999999993
599 0.29799999999999993
600 0.29799999999999993
601 0.29799999999999993
602 0.29799999999999993
603 0.29799999999999993
604 0.29799999999999993
605 0.29799999999999993
606 0.29799999999999993
607 0.29799999999999993
608 0.29799999999999993
609 0.29799999999999993
610 0.29799999999999993
611 0.29799999999999993
612 0.29799999999999993
613 0.29799999999999993
614 0.29799999999999993
615 0.29799999999999993
616 0.29799999999999993
617 0.29799999999999993
618 0.29799999999999993
619 0.29799999999999993
620 0.29799999999999993
621 0.29799999999999993
622 0.29799999999999993
623 0.29799999999999993
624 0.29799999999999993
625 0.29799999999999993
626 0.29799999999999993
627 0.29799999999999993
628 0.29799999999999993
629 0.29799999999999993
630 0.29799999999999993
631 0.29799999999999993
632 0.29799999999999993
633 0.29799999999999993
634 0.29799999999999993
635 0.29799999999999993
636 0.29799999999999993
637 0.29799999999999993
638 0.29799999999999993
639 0.29799999999999993
640 0.296
641 0.296
642 0.296
643 0.296
644 0.296
645 0.296
646 0.296
647 0.296
648 0.296
649 0.296
650 0.296
651 0.29399999999999993
652 0.29399999999999993
653 0.29399999999999993
654 0.29399999999999993
655 0.29399999999999993
656 0.29399999999999993
657 0.29399999999999993
658 0.29399999999999993
659 0.29399999999999993
660 0.29399999999999993
661 0.29399999999999993
662 0.29399999999999993
663 0.29399999999999993
664 0.29399999999999993
665 0.29399999999999993
666 0.29399999999999993
667 0.29399999999999993
668 0.29399999999999993
669 0.29399999999999993
670 0.29399999999999993
671 0.29399999999999993
672 0.29399999999999993
673 0.29399999999999993
674 0.29399999999999993
675 0.29399999999999993
676 0.29399999999999993
677 0.29399999999999993
678 0.29399999999999993
679 0.29399999999999993
680 0.29399999999999993
681 0.29399999999999993
682 0.29399999999999993
683 0.29399999999999993
684 0.29399999999999993
685 0.29399999999999993
686 0.29399999999999993
687 0.29399999999999993
688 0.29399999999999993
689 0.29399999999999993
690 0.29399999999999993
691 0.29399999999999993
692 0.292
693 0.292
694 0.292
695 0.292
696 0.292
697 0.292
698 0.292
699 0.292
700 0.292
701 0.292
702 0.292
703 0.292
704 0.292
705 0.292
706 0.292
707 0.292
708 0.292
709 0.292
710 0.292
711 0.292
712 0.292
713 0.292
714 0.292
715 0.292
716 0.292
717 0.292
718 0.292
719 0.292
720 0.292
721 0.292
722 0.292
723 0.292
724 0.292
725 0.292
726 0.292
727 0.292
728 0.292
729 0.292
730 0.292
731 0.292
732 0.292
733 0.292
734 0.292
735 0.292
736 0.292
737 0.292
738 0.2899999999999999
739 0.2899999999999999
740 0.2899999999999999
741 0.2899999999999999
742 0.2899999999999999
743 0.2899999999999999
744 0.2899999999999999
745 0.2899999999999999
746 0.2899999999999999
747 0.2899999999999999
748 0.2899999999999999
749 0.2899999999999999
750 0.2899999999999999
751 0.2899999999999999
752 0.2899999999999999
753 0.2899999999999999
754 0.2899999999999999
755 0.2899999999999999
756 0.2899999999999999
757 0.2899999999999999
758 0.2899999999999999
759 0.2899999999999999
760 0.2899999999999999
761 0.2899999999999999
762 0.2899999999999999
763 0.2899999999999999
764 0.2899999999999999
765 0.2899999999999999
766 0.2899999999999999
767 0.2899999999999999
768 0.2899999999999999
769 0.2899999999999999
770 0.2899999999999999
771 0.2899999999999999
772 0.2899999999999999
773 0.2899999999999999
774 0.2899999999999999
775 0.2899999999999999
776 0.2899999999999999
777 0.2899999999999999
778 0.2899999999999999
779 0.2899999999999999
780 0.2899999999999999
781 0.2899999999999999
782 0.2899999999999999
783 0.2899999999999999
784 0.2899999999999999
785 0.2899999999999999
786 0.2899999999999999
787 0.2899999999999999
788 0.2899999999999999
789 0.2899999999999999
790 0.2899999999999999
791 0.2899999999999999
792 0.2899999999999999
793 0.2899999999999999
794 0.2899999999999999
795 0.2899999999999999
796 0.2899999999999999
797 0.2899999999999999
798 0.2899999999999999
799 0.2899999999999999
800 0.2899999999999999
801 0.2899999999999999
802 0.2899999999999999
803 0.2899999999999999
804 0.2899999999999999
805 0.2899999999999999
806 0.2899999999999999
807 0.2899999999999999
808 0.2899999999999999
809 0.288
810 0.288
811 0.288
812 0.288
813 0.288
814 0.288
815 0.288
816 0.288
817 0.288
818 0.2859999999999999
819 0.2859999999999999
820 0.2859999999999999
821 0.2859999999999999
822 0.2859999999999999
823 0.2859999999999999
824 0.2859999999999999
825 0.2859999999999999
826 0.284
827 0.284
828 0.284
829 0.284
830 0.284
831 0.284
832 0.284
833 0.284
834 0.284
835 0.284
836 0.284
837 0.284
838 0.284
839 0.284
840 0.284
841 0.284
842 0.284
843 0.284
844 0.284
845 0.284
846 0.284
847 0.284
848 0.284
849 0.284
850 0.284
851 0.284
852 0.284
853 0.284
854 0.284
855 0.284
856 0.284
857 0.284
858 0.284
859 0.284
860 0.284
861 0.284
862 0.284
863 0.284
864 0.284
865 0.284
866 0.284
867 0.284
868 0.284
869 0.284
870 0.284
871 0.284
872 0.284
873 0.284
874 0.284
875 0.284
876 0.2819999999999999
877 0.2819999999999999
878 0.2819999999999999
879 0.2819999999999999
880 0.2819999999999999
881 0.2819999999999999
882 0.2819999999999999
883 0.2819999999999999
884 0.2819999999999999
885 0.2819999999999999
886 0.2819999999999999
887 0.2819999999999999
888 0.2819999999999999
889 0.2819999999999999
890 0.27999999999999997
891 0.27999999999999997
892 0.27999999999999997
893 0.27999999999999997
894 0.27999999999999997
895 0.27999999999999997
896 0.27999999999999997
897 0.27999999999999997
898 0.27999999999999997
899 0.2779999999999999
900 0.2779999999999999
901 0.2779999999999999
902 0.2779999999999999
903 0.2779999999999999
904 0.2779999999999999
905 0.2779999999999999
906 0.2779999999999999
907 0.2779999999999999
908 0.2779999999999999
909 0.2779999999999999
910 0.2779999999999999
911 0.2779999999999999
912 0.2779999999999999
913 0.2779999999999999
914 0.2779999999999999
915 0.2779999999999999
916 0.2779999999999999
917 0.2779999999999999
918 0.2779999999999999
919 0.2779999999999999
920 0.2779999999999999
921 0.2779999999999999
922 0.2779999999999999
923 0.2779999999999999
924 0.2779999999999999
925 0.2779999999999999
926 0.2779999999999999
927 0.2779999999999999
928 0.2779999999999999
929 0.2779999999999999
930 0.2779999999999999
931 0.2779999999999999
932 0.2779999999999999
933 0.2779999999999999
934 0.2779999999999999
935 0.2779999999999999
936 0.2779999999999999
937 0.2779999999999999
938 0.2779999999999999
939 0.2779999999999999
940 0.2779999999999999
941 0.2779999999999999
942 0.2779999999999999
943 0.274
944 0.274
945 0.274
946 0.274
947 0.274
948 0.274
949 0.274
950 0.274
951 0.274
952 0.274
953 0.274
954 0.274
955 0.274
956 0.274
957 0.27199999999999996
958 0.27199999999999996
959 0.27199999999999996
960 0.27199999999999996
961 0.27199999999999996
962 0.27199999999999996
963 0.27199999999999996
964 0.27199999999999996
965 0.27199999999999996
966 0.27199999999999996
967 0.27199999999999996
968 0.27199999999999996
969 0.27199999999999996
970 0.27199999999999996
971 0.27199999999999996
972 0.27199999999999996
973 0.27
974 0.26799999999999996
975 0.26799999999999996
976 0.26799999999999996
977 0.26799999999999996
978 0.26799999999999996
979 0.26799999999999996
980 0.266
981 0.266
982 0.266
983 0.266
984 0.266
985 0.266
986 0.266
987 0.266
988 0.266
989 0.266
990 0.266
991 0.266
992 0.266
993 0.266
994 0.266
995 0.266
996 0.266
997 0.266
998 0.266
999 0.266
