1 1.0
2 1.0
3 1.0
4 1.0
5 0.992
6 0.9879999999999999
7 0.9879999999999999
8 0.9879999999999999
9 0.986
10 0.982
11 0.978
12 0.974
13 0.97
14 0.966
15 0.958
16 0.9560000000000001
17 0.95
18 0.9380000000000001
19 0.9339999999999999
20 0.93
21 0.93
22 0.9240000000000002
23 0.9180000000000001
24 0.9019999999999999
25 0.8860000000000001
26 0.8760000000000001
27 0.8700000000000001
28 0.8640000000000001
29 0.852
30 0.8399999999999999
31 0.8379999999999999
32 0.834
33 0.8319999999999999
34 0.8220000000000001
35 0.818
36 0.8119999999999999
37 0.8099999999999999
38 0.806
39 0.8019999999999999
40 0.8
41 0.7959999999999999
42 0.7959999999999999
43 0.788
44 0.78
45 0.772
46 0.768
47 0.764
48 0.76
49 0.756
50 0.754
51 0.752
52 0.744
53 0.74
54 0.734
55 0.7259999999999999
56 0.7259999999999999
57 0.7259999999999999
58 0.7219999999999999
59 0.718
60 0.7120000000000001
61 0.708
62 0.7060000000000001
63 0.7060000000000001
64 0.704
65 0.702
66 0.6940000000000001
67 0.692
68 0.688
69 0.678
70 0.6719999999999999
71 0.6699999999999998
72 0.6659999999999999
73 0.6619999999999999
74 0.6579999999999999
75 0.6519999999999999
76 0.6479999999999999
77 0.646
78 0.6439999999999999
79 0.642
80 0.6379999999999999
81 0.6300000000000001
82 0.6279999999999999
83 0.626
84 0.626
85 0.6220000000000001
86 0.6159999999999999
87 0.614
88 0.614
89 0.6119999999999999
90 0.6119999999999999
91 0.61
92 0.606
93 0.602
94 0.602
95 0.5960000000000001
96 0.592
97 0.588
98 0.5820000000000001
99 0.5800000000000001
100 0.5800000000000001
101 0.578
102 0.576
103 0.5720000000000001
104 0.5680000000000001
105 0.5680000000000001
106 0.566
107 0.566
108 0.566
109 0.56
110 0.56
111 0.5579999999999999
112 0.5559999999999999
113 0.5559999999999999
114 0.5559999999999999
115 0.5559999999999999
116 0.5559999999999999
117 0.5559999999999999
118 0.554
119 0.5519999999999999
120 0.546
121 0.544
122 0.544
123 0.542
124 0.54
125 0.54
126 0.536
127 0.53
128 0.5280000000000001
129 0.5280000000000001
130 0.5280000000000001
131 0.5280000000000001
132 0.524
133 0.5199999999999999
134 0.5199999999999999
135 0.518
136 0.516
137 0.516
138 0.516
139 0.516
140 0.516
141 0.514
142 0.51
143 0.5040000000000001
144 0.502
145 0.5
146 0.49800000000000005
147 0.49800000000000005
148 0.4960000000000001
149 0.4960000000000001
150 0.49399999999999994
151 0.492
152 0.49000000000000005
153 0.49000000000000005
154 0.49000000000000005
155 0.49000000000000005
156 0.4879999999999999
157 0.484
158 0.484
159 0.484
160 0.4800000000000001
161 0.4779999999999999
162 0.476
163 0.4699999999999999
164 0.4699999999999999
165 0.4699999999999999
166 0.4699999999999999
167 0.4699999999999999
168 0.4699999999999999
169 0.466
170 0.466
171 0.466
172 0.4640000000000001
173 0.4619999999999999
174 0.4539999999999999
175 0.45199999999999996
176 0.45199999999999996
177 0.45
178 0.44800000000000006
179 0.446
180 0.446
181 0.442
182 0.442
183 0.442
184 0.442
185 0.44000000000000006
186 0.44000000000000006
187 0.44000000000000006
188 0.44000000000000006
189 0.44000000000000006
190 0.438
191 0.43599999999999994
192 0.434
193 0.43200000000000005
194 0.43
195 0.42799999999999994
196 0.42799999999999994
197 0.426
198 0.42400000000000004
199 0.42400000000000004
200 0.418
201 0.418
202 0.418
203 0.4119999999999999
204 0.41
205 0.4039999999999999
206 0.4039999999999999
207 0.4039999999999999
208 0.4039999999999999
209 0.4039999999999999
210 0.4039999999999999
211 0.40199999999999997
212 0.40199999999999997
213 0.40199999999999997
214 0.40199999999999997
215 0.40199999999999997
216 0.40199999999999997
217 0.39799999999999996
218 0.39799999999999996
219 0.39599999999999996
220 0.39599999999999996
221 0.39599999999999996
222 0.39399999999999996
223 0.39399999999999996
224 0.39399999999999996
225 0.39399999999999996
226 0.39199999999999996
227 0.39199999999999996
228 0.39199999999999996
229 0.38999999999999996
230 0.38999999999999996
231 0.38999999999999996
232 0.384
233 0.384
234 0.384
235 0.384
236 0.384
237 0.382
238 0.38
239 0.378
240 0.378
241 0.378
242 0.378
243 0.378
244 0.378
245 0.378
246 0.378
247 0.378
248 0.378
249 0.378
250 0.378
251 0.378
252 0.376
253 0.376
254 0.372
255 0.372
256 0.372
257 0.372
258 0.372
259 0.372
260 0.372
261 0.372
262 0.372
263 0.372
264 0.372
265 0.372
266 0.372
267 0.37
268 0.37
269 0.37
270 0.37
271 0.37
272 0.368
273 0.366
274 0.366
275 0.366
276 0.366
277 0.366
278 0.366
279 0.366
280 0.364
281 0.364
282 0.364
283 0.364
284 0.364
285 0.364
286 0.364
287 0.364
288 0.364
289 0.364
290 0.364
291 0.364
292 0.364
293 0.364
294 0.364
295 0.364
296 0.364
297 0.362
298 0.362
299 0.362
300 0.362
301 0.36
302 0.36
303 0.36
304 0.36
305 0.36
306 0.36
307 0.36
308 0.36
309 0.358
310 0.358
311 0.358
312 0.358
313 0.356
314 0.356
315 0.356
316 0.356
317 0.356
318 0.356
319 0.352
320 0.352
321 0.352
322 0.352
323 0.35
324 0.35
325 0.35
326 0.35
327 0.35
328 0.35
329 0.35
330 0.35
331 0.35
332 0.35
333 0.35
334 0.35
335 0.35
336 0.35
337 0.35
338 0.35
339 0.35
340 0.35
341 0.35
342 0.35
343 0.348
344 0.348
345 0.348
346 0.348
347 0.348
348 0.348
349 0.348
350 0.348
351 0.348
352 0.348
353 0.348
354 0.348
355 0.348
356 0.348
357 0.348
358 0.348
359 0.348
360 0.348
361 0.348
362 0.348
363 0.348
364 0.348
365 0.348
366 0.348
367 0.348
368 0.348
369 0.348
370 0.346
371 0.346
372 0.344
373 0.34199999999999997
374 0.34199999999999997
375 0.34199999999999997
376 0.34199999999999997
377 0.33999999999999997
378 0.33999999999999997
379 0.33999999999999997
380 0.33999999999999997
381 0.33999999999999997
382 0.33799999999999997
383 0.33799999999999997
384 0.33799999999999997
385 0.33799999999999997
386 0.33799999999999997
387 0.33799999999999997
388 0.33799999999999997
389 0.33799999999999997
390 0.33799999999999997
391 0.33799999999999997
392 0.33599999999999997
393 0.33599999999999997
394 0.33599999999999997
395 0.33599999999999997
396 0.33599999999999997
397 0.33599999999999997
398 0.33399999999999996
399 0.33199999999999996
400 0.33199999999999996
401 0.33199999999999996
402 0.33199999999999996
403 0.33199999999999996
404 0.33199999999999996
405 0.33199999999999996
406 0.33199999999999996
407 0.32799999999999996
408 0.32799999999999996
409 0.32799999999999996
410 0.32799999999999996
411 0.32799999999999996
412 0.32799999999999996
413 0.32799999999999996
414 0.32599999999999996
415 0.32599999999999996
416 0.32599999999999996
417 0.32599999999999996
418 0.32599999999999996
419 0.32599999999999996
420 0.32599999999999996
421 0.32599999999999996
422 0.32599999999999996
423 0.32599999999999996
424 0.32599999999999996
425 0.32599999999999996
426 0.32599999999999996
427 0.32599999999999996
428 0.32599999999999996
429 0.32599999999999996
430 0.32599999999999996
431 0.32599999999999996
432 0.32599999999999996
433 0.32599999999999996
434 0.32599999999999996
435 0.32599999999999996
436 0.32599999999999996
437 0.32599999999999996
438 0.32599999999999996
439 0.32599999999999996
440 0.32599999999999996
441 0.32399999999999995
442 0.32399999999999995
443 0.32399999999999995
444 0.32199999999999995
445 0.32199999999999995
446 0.32199999999999995
447 0.32199999999999995
448 0.32199999999999995
449 0.32199999999999995
450 0.32199999999999995
451 0.32199999999999995
452 0.32199999999999995
453 0.32199999999999995
454 0.32199999999999995
455 0.32199999999999995
456 0.32199999999999995
457 0.31999999999999995
458 0.31999999999999995
459 0.31999999999999995
460 0.31999999999999995
461 0.31999999999999995
462 0.31999999999999995
463 0.31799999999999995
464 0.31799999999999995
465 0.31799999999999995
466 0.31799999999999995
467 0.31799999999999995
468 0.31799999999999995
469 0.31799999999999995
470 0.31799999999999995
471 0.31799999999999995
472 0.31799999999999995
473 0.31799999999999995
474 0.31799999999999995
475 0.31799999999999995
476 0.31599999999999995
477 0.31599999999999995
478 0.31599999999999995
479 0.31599999999999995
480 0.31399999999999995
481 0.31399999999999995
482 0.31399999999999995
483 0.31399999999999995
484 0.31399999999999995
485 0.31399999999999995
486 0.31399999999999995
487 0.31399999999999995
488 0.31399999999999995
489 0.31399999999999995
490 0.31399999999999995
491 0.31199999999999994
492 0.31199999999999994
493 0.31199999999999994
494 0.31199999999999994
495 0.30999999999999994
496 0.30999999999999994
497 0.30999999999999994
498 0.30999999999999994
499 0.30999999999999994
500 0.30799999999999994
501 0.30799999999999994
502 0.30799999999999994
503 0.30799999999999994
504 0.30799999999999994
505 0.30799999999999994
506 0.30599999999999994
507 0.30599999999999994
508 0.30599999999999994
509 0.30599999999999994
510 0.30599999999999994
511 0.30599999999999994
512 0.30399999999999994
513 0.30399999999999994
514 0.30399999999999994
515 0.30199999999999994
516 0.29999999999999993
517 0.29999999999999993
518 0.29999999999999993
519 0.29999999999999993
520 0.29999999999999993
521 0.29999999999999993
522 0.29999999999999993
523 0.29999999999999993
524 0.29999999999999993
525 0.29999999999999993
526 0.29999999999999993
527 0.29999999999999993
528 0.29999999999999993
529 0.29999999999999993
530 0.29999999999999993
531 0.29999999999999993
532 0.29799999999999993
533 0.29799999999999993
534 0.29799999999999993
535 0.29799999999999993
536 0.29799999999999993
537 0.29799999999999993
538 0.29799999999999993
539 0.29799999999999993
540 0.29799999999999993
541 0.29799999999999993
542 0.29799999999999993
543 0.29799999999999993
544 0.29799999999999993
545 0.29799999999999993
546 0.296
547 0.296
548 0.29399999999999993
549 0.29399999999999993
550 0.29399999999999993
551 0.29399999999999993
552 0.29399999999999993
553 0.29399999999999993
554 0.29399999999999993
555 0.29399999999999993
556 0.29399999999999993
557 0.29399999999999993
558 0.29399999999999993
559 0.29399999999999993
560 0.29399999999999993
561 0.292
562 0.292
563 0.292
564 0.29
565 0.29
566 0.29
567 0.2879999999999999
568 0.2879999999999999
569 0.2879999999999999
570 0.2879999999999999
571 0.2879999999999999
572 0.2879999999999999
573 0.2879999999999999
574 0.2879999999999999
575 0.2879999999999999
576 0.2879999999999999
577 0.2879999999999999
578 0.2879999999999999
579 0.2879999999999999
580 0.2879999999999999
581 0.2879999999999999
582 0.2879999999999999
583 0.2879999999999999
584 0.2879999999999999
585 0.2879999999999999
586 0.2879999999999999
587 0.2879999999999999
588 0.2879999999999999
589 0.2879999999999999
590 0.2879999999999999
591 0.2879999999999999
592 0.2879999999999999
593 0.2879999999999999
594 0.2879999999999999
595 0.2879999999999999
596 0.2879999999999999
597 0.2879999999999999
598 0.2879999999999999
599 0.2879999999999999
600 0.2879999999999999
601 0.2879999999999999
602 0.2879999999999999
603 0.2879999999999999
604 0.2879999999999999
605 0.2879999999999999
606 0.2879999999999999
607 0.2879999999999999
608 0.2879999999999999
609 0.2879999999999999
610 0.2879999999999999
611 0.2879999999999999
612 0.2879999999999999
613 0.2879999999999999
614 0.2879999999999999
615 0.2879999999999999
616 0.286
617 0.286
618 0.286
619 0.286
620 0.286
621 0.286
622 0.286
623 0.286
624 0.286
625 0.286
626 0.284
627 0.284
628 0.2819999999999999
629 0.27999999999999997
630 0.27999999999999997
631 0.27999999999999997
632 0.278
633 0.278
634 0.278
635 0.278
636 0.278
637 0.278
638 0.278
639 0.278
640 0.278
641 0.278
642 0.278
643 0.278
644 0.278
645 0.278
646 0.278
647 0.278
648 0.278
649 0.278
650 0.278
651 0.278
652 0.278
653 0.278
654 0.278
655 0.278
656 0.278
657 0.278
658 0.278
659 0.278
660 0.278
661 0.278
662 0.278
663 0.278
664 0.278
665 0.278
666 0.278
667 0.278
668 0.278
669 0.27599999999999997
670 0.27599999999999997
671 0.27599999999999997
672 0.27599999999999997
673 0.27599999999999997
674 0.27599999999999997
675 0.27599999999999997
676 0.27599999999999997
677 0.27599999999999997
678 0.27599999999999997
679 0.27599999999999997
680 0.27599999999999997
681 0.27599999999999997
682 0.27599999999999997
683 0.27599999999999997
684 0.27599999999999997
685 0.27599999999999997
686 0.27599999999999997
687 0.274
688 0.274
689 0.274
690 0.272
691 0.26999999999999996
692 0.26999999999999996
693 0.26999999999999996
694 0.26999999999999996
695 0.26999999999999996
696 0.26999999999999996
697 0.26999999999999996
698 0.26999999999999996
699 0.26999999999999996
700 0.26999999999999996
701 0.26999999999999996
702 0.26999999999999996
703 0.26999999999999996
704 0.26999999999999996
705 0.26999999999999996
706 0.26999999999999996
707 0.26999999999999996
708 0.26999999999999996
709 0.26999999999999996
710 0.26999999999999996
711 0.26999999999999996
712 0.26999999999999996
713 0.26999999999999996
714 0.26999999999999996
715 0.26999999999999996
716 0.26999999999999996
717 0.26999999999999996
718 0.26999999999999996
719 0.26999999999999996
720 0.26999999999999996
721 0.26999999999999996
722 0.26999999999999996
723 0.26999999999999996
724 0.26999999999999996
725 0.268
726 0.268
727 0.268
728 0.26599999999999996
729 0.26599999999999996
730 0.26599999999999996
731 0.26599999999999996
732 0.26599999999999996
733 0.26599999999999996
734 0.26599999999999996
735 0.26599999999999996
736 0.26599999999999996
737 0.26599999999999996
738 0.26599999999999996
739 0.26599999999999996
740 0.26599999999999996
741 0.26599999999999996
742 0.26599999999999996
743 0.26599999999999996
744 0.26599999999999996
745 0.26599999999999996
746 0.26599999999999996
747 0.26599999999999996
748 0.26599999999999996
749 0.26599999999999996
750 0.26599999999999996
751 0.26599999999999996
752 0.26599999999999996
753 0.26399999999999996
754 0.26399999999999996
755 0.26399999999999996
756 0.26399999999999996
757 0.26399999999999996
758 0.26399999999999996
759 0.26399999999999996
760 0.262
761 0.262
762 0.262
763 0.262
764 0.262
765 0.262
766 0.262
767 0.262
768 0.262
769 0.262
770 0.25999999999999995
771 0.25999999999999995
772 0.25999999999999995
773 0.25999999999999995
774 0.25999999999999995
775 0.25999999999999995
776 0.25999999999999995
777 0.25999999999999995
778 0.25999999999999995
779 0.25999999999999995
780 0.25999999999999995
781 0.25999999999999995
782 0.25999999999999995
783 0.25999999999999995
784 0.25999999999999995
785 0.25999999999999995
786 0.25999999999999995
787 0.25999999999999995
788 0.25999999999999995
789 0.258
790 0.258
791 0.258
792 0.258
793 0.258
794 0.258
795 0.258
796 0.258
797 0.258
798 0.258
799 0.258
800 0.258
801 0.258
802 0.258
803 0.258
804 0.258
805 0.258
806 0.258
807 0.258
808 0.258
809 0.258
810 0.258
811 0.258
812 0.258
813 0.258
814 0.258
815 0.258
816 0.258
817 0.258
818 0.258
819 0.258
820 0.258
821 0.258
822 0.258
823 0.258
824 0.258
825 0.258
826 0.258
827 0.258
828 0.258
829 0.258
830 0.258
831 0.258
832 0.258
833 0.258
834 0.258
835 0.258
836 0.258
837 0.258
838 0.25599999999999995
839 0.25599999999999995
840 0.25599999999999995
841 0.25599999999999995
842 0.25599999999999995
843 0.25599999999999995
844 0.25599999999999995
845 0.25599999999999995
846 0.25599999999999995
847 0.25599999999999995
848 0.25599999999999995
849 0.25599999999999995
850 0.254
851 0.254
852 0.254
853 0.254
854 0.254
855 0.254
856 0.254
857 0.254
858 0.254
859 0.254
860 0.254
861 0.254
862 0.254
863 0.254
864 0.254
865 0.254
866 0.254
867 0.254
868 0.254
869 0.254
870 0.254
871 0.254
872 0.254
873 0.254
874 0.254
875 0.254
876 0.254
877 0.254
878 0.254
879 0.254
880 0.254
881 0.254
882 0.254
883 0.254
884 0.254
885 0.254
886 0.254
887 0.254
888 0.254
889 0.254
890 0.254
891 0.254
892 0.254
893 0.254
894 0.254
895 0.254
896 0.254
897 0.254
898 0.254
899 0.254
900 0.254
901 0.254
902 0.254
903 0.254
904 0.254
905 0.254
906 0.254
907 0.254
908 0.254
909 0.254
910 0.254
911 0.254
912 0.252
913 0.252
914 0.252
915 0.252
916 0.252
917 0.252
918 0.252
919 0.252
920 0.252
921 0.252
922 0.252
923 0.252
924 0.252
925 0.252
926 0.252
927 0.252
928 0.252
929 0.252
930 0.252
931 0.252
932 0.252
933 0.252
934 0.252
935 0.252
936 0.252
937 0.252
938 0.252
939 0.252
940 0.25
941 0.25
942 0.25
943 0.25
944 0.25
945 0.25
946 0.25
947 0.25
948 0.25
949 0.25
950 0.25
951 0.25
952 0.25
953 0.25
954 0.25
955 0.25
956 0.25
957 0.25
958 0.25
959 0.25
960 0.25
961 0.25
962 0.25
963 0.25
964 0.25
965 0.25
966 0.25
967 0.25
968 0.25
969 0.25
970 0.25
971 0.25
972 0.25
973 0.25
974 0.25
975 0.25
976 0.25
977 0.25
978 0.25
979 0.25
980 0.25
981 0.25
982 0.25
983 0.25
984 0.25
985 0.25
986 0.248
987 0.246
988 0.246
989 0.246
990 0.246
991 0.246
992 0.246
993 0.246
994 0.246
995 0.246
996 0.246
997 0.246
998 0.246
999 0.246
