1 1.0
2 1.0
3 1.0
4 0.9960000000000001
5 0.9940000000000001
6 0.9880000000000001
7 0.9880000000000001
8 0.9880000000000001
9 0.9800000000000001
10 0.9780000000000001
11 0.9780000000000001
12 0.9720000000000001
13 0.9700000000000001
14 0.9680000000000002
15 0.9600000000000002
16 0.9480000000000001
17 0.9460000000000001
18 0.9440000000000002
19 0.9380000000000001
20 0.9280000000000002
21 0.9259999999999999
22 0.9199999999999999
23 0.9199999999999999
24 0.9159999999999998
25 0.908
26 0.9019999999999998
27 0.8939999999999998
28 0.89
29 0.89
30 0.8879999999999999
31 0.882
32 0.8800000000000001
33 0.874
34 0.8699999999999999
35 0.8659999999999999
36 0.8619999999999999
37 0.8579999999999999
38 0.8559999999999999
39 0.852
40 0.852
41 0.8480000000000001
42 0.8380000000000001
43 0.836
44 0.828
45 0.826
46 0.8240000000000001
47 0.8220000000000001
48 0.8160000000000001
49 0.8140000000000001
50 0.8100000000000002
51 0.806
52 0.8
53 0.794
54 0.794
55 0.7879999999999999
56 0.7879999999999999
57 0.7779999999999999
58 0.7699999999999999
59 0.766
60 0.764
61 0.756
62 0.752
63 0.748
64 0.7460000000000001
65 0.74
66 0.738
67 0.734
68 0.73
69 0.73
70 0.73
71 0.73
72 0.728
73 0.7260000000000001
74 0.7240000000000001
75 0.7240000000000001
76 0.7220000000000001
77 0.7180000000000001
78 0.7140000000000001
79 0.7120000000000001
80 0.7100000000000001
81 0.7
82 0.6940000000000001
83 0.688
84 0.6839999999999999
85 0.682
86 0.682
87 0.682
88 0.6799999999999999
89 0.6799999999999999
90 0.6799999999999999
91 0.678
92 0.674
93 0.67
94 0.666
95 0.666
96 0.6639999999999999
97 0.662
98 0.66
99 0.6580000000000001
100 0.6560000000000001
101 0.6560000000000001
102 0.652
103 0.6500000000000001
104 0.646
105 0.6420000000000001
106 0.64
107 0.64
108 0.6340000000000001
109 0.6300000000000001
110 0.6279999999999999
111 0.624
112 0.624
113 0.6220000000000001
114 0.6199999999999999
115 0.6199999999999999
116 0.6199999999999999
117 0.618
118 0.618
119 0.616
120 0.6140000000000001
121 0.6140000000000001
122 0.612
123 0.608
124 0.604
125 0.5980000000000001
126 0.596
127 0.594
128 0.594
129 0.592
130 0.5860000000000001
131 0.58
132 0.58
133 0.576
134 0.574
135 0.574
136 0.5700000000000001
137 0.568
138 0.5660000000000001
139 0.558
140 0.556
141 0.556
142 0.554
143 0.552
144 0.552
145 0.5479999999999999
146 0.5479999999999999
147 0.5479999999999999
148 0.5479999999999999
149 0.5479999999999999
150 0.5479999999999999
151 0.5479999999999999
152 0.5439999999999999
153 0.5439999999999999
154 0.542
155 0.54
156 0.54
157 0.54
158 0.54
159 0.538
160 0.538
161 0.538
162 0.538
163 0.534
164 0.532
165 0.53
166 0.53
167 0.526
168 0.522
169 0.5199999999999999
170 0.518
171 0.518
172 0.516
173 0.516
174 0.516
175 0.516
176 0.514
177 0.512
178 0.51
179 0.508
180 0.506
181 0.502
182 0.5
183 0.5
184 0.5
185 0.5
186 0.492
187 0.492
188 0.492
189 0.492
190 0.492
191 0.492
192 0.492
193 0.492
194 0.492
195 0.492
196 0.492
197 0.48600000000000004
198 0.48600000000000004
199 0.4840000000000001
200 0.48200000000000004
201 0.4780000000000001
202 0.4760000000000001
203 0.4740000000000001
204 0.4720000000000001
205 0.4720000000000001
206 0.4720000000000001
207 0.4720000000000001
208 0.4720000000000001
209 0.4720000000000001
210 0.4680000000000001
211 0.4660000000000001
212 0.4640000000000001
213 0.4640000000000001
214 0.4640000000000001
215 0.4640000000000001
216 0.4620000000000001
217 0.4600000000000001
218 0.4600000000000001
219 0.4600000000000001
220 0.4600000000000001
221 0.4600000000000001
222 0.4600000000000001
223 0.4580000000000001
224 0.45400000000000007
225 0.45400000000000007
226 0.45200000000000007
227 0.45200000000000007
228 0.45200000000000007
229 0.44800000000000006
230 0.44800000000000006
231 0.44600000000000006
232 0.44400000000000006
233 0.44400000000000006
234 0.442
235 0.44000000000000006
236 0.438
237 0.438
238 0.438
239 0.438
240 0.438
241 0.438
242 0.43600000000000005
243 0.434
244 0.43200000000000005
245 0.43200000000000005
246 0.43200000000000005
247 0.43200000000000005
248 0.43200000000000005
249 0.43
250 0.426
251 0.426
252 0.426
253 0.426
254 0.426
255 0.426
256 0.426
257 0.426
258 0.426
259 0.426
260 0.426
261 0.426
262 0.426
263 0.426
264 0.426
265 0.426
266 0.42400000000000004
267 0.42000000000000004
268 0.42000000000000004
269 0.418
270 0.41600000000000004
271 0.41600000000000004
272 0.41600000000000004
273 0.41600000000000004
274 0.414
275 0.414
276 0.414
277 0.414
278 0.414
279 0.41200000000000003
280 0.41200000000000003
281 0.41200000000000003
282 0.41
283 0.41
284 0.40800000000000003
285 0.40800000000000003
286 0.40800000000000003
287 0.40800000000000003
288 0.40800000000000003
289 0.40800000000000003
290 0.40800000000000003
291 0.40599999999999997
292 0.40599999999999997
293 0.40599999999999997
294 0.404
295 0.39999999999999997
296 0.39999999999999997
297 0.39599999999999996
298 0.39599999999999996
299 0.39599999999999996
300 0.39599999999999996
301 0.39599999999999996
302 0.39599999999999996
303 0.39599999999999996
304 0.39399999999999996
305 0.39399999999999996
306 0.39399999999999996
307 0.39399999999999996
308 0.39399999999999996
309 0.39199999999999996
310 0.38999999999999996
311 0.38999999999999996
312 0.38999999999999996
313 0.38999999999999996
314 0.38599999999999995
315 0.38599999999999995
316 0.38599999999999995
317 0.38599999999999995
318 0.38599999999999995
319 0.38399999999999995
320 0.38399999999999995
321 0.38399999999999995
322 0.38399999999999995
323 0.38399999999999995
324 0.38399999999999995
325 0.38199999999999995
326 0.38199999999999995
327 0.38199999999999995
328 0.38199999999999995
329 0.37999999999999995
330 0.37999999999999995
331 0.37999999999999995
332 0.37599999999999995
333 0.37399999999999994
334 0.37399999999999994
335 0.37399999999999994
336 0.37199999999999994
337 0.37199999999999994
338 0.36999999999999994
339 0.36999999999999994
340 0.36999999999999994
341 0.36999999999999994
342 0.36999999999999994
343 0.36999999999999994
344 0.36999999999999994
345 0.36999999999999994
346 0.36799999999999994
347 0.36799999999999994
348 0.36799999999999994
349 0.36599999999999994
350 0.36599999999999994
351 0.36399999999999993
352 0.36399999999999993
353 0.36399999999999993
354 0.36399999999999993
355 0.36199999999999993
356 0.35999999999999993
357 0.35799999999999993
358 0.35799999999999993
359 0.3559999999999999
360 0.3559999999999999
361 0.3539999999999999
362 0.3539999999999999
363 0.3539999999999999
364 0.3539999999999999
365 0.3539999999999999
366 0.3539999999999999
367 0.3539999999999999
368 0.3539999999999999
369 0.3539999999999999
370 0.3519999999999999
371 0.3519999999999999
372 0.3499999999999999
373 0.3499999999999999
374 0.3499999999999999
375 0.3499999999999999
376 0.3479999999999999
377 0.3479999999999999
378 0.3479999999999999
379 0.3479999999999999
380 0.3479999999999999
381 0.3479999999999999
382 0.3479999999999999
383 0.3479999999999999
384 0.3459999999999999
385 0.3459999999999999
386 0.3459999999999999
387 0.3459999999999999
388 0.3459999999999999
389 0.3459999999999999
390 0.3459999999999999
391 0.3459999999999999
392 0.3459999999999999
393 0.3459999999999999
394 0.3459999999999999
395 0.3459999999999999
396 0.3459999999999999
397 0.3439999999999999
398 0.3439999999999999
399 0.3439999999999999
400 0.3439999999999999
401 0.3439999999999999
402 0.3439999999999999
403 0.3439999999999999
404 0.3439999999999999
405 0.3439999999999999
406 0.3439999999999999
407 0.3439999999999999
408 0.3439999999999999
409 0.3439999999999999
410 0.3439999999999999
411 0.3439999999999999
412 0.3439999999999999
413 0.3419999999999999
414 0.3419999999999999
415 0.3419999999999999
416 0.3419999999999999
417 0.3419999999999999
418 0.3419999999999999
419 0.3419999999999999
420 0.3419999999999999
421 0.3419999999999999
422 0.3419999999999999
423 0.3419999999999999
424 0.3419999999999999
425 0.3419999999999999
426 0.3419999999999999
427 0.3419999999999999
428 0.3419999999999999
429 0.3419999999999999
430 0.3419999999999999
431 0.3419999999999999
432 0.3419999999999999
433 0.3419999999999999
434 0.3419999999999999
435 0.3419999999999999
436 0.3419999999999999
437 0.3419999999999999
438 0.3419999999999999
439 0.3419999999999999
440 0.3419999999999999
441 0.3419999999999999
442 0.3399999999999999
443 0.3399999999999999
444 0.3399999999999999
445 0.33799999999999997
446 0.33799999999999997
447 0.33799999999999997
448 0.33799999999999997
449 0.33799999999999997
450 0.33799999999999997
451 0.33799999999999997
452 0.33799999999999997
453 0.33799999999999997
454 0.33799999999999997
455 0.33799999999999997
456 0.33599999999999997
457 0.33599999999999997
458 0.33599999999999997
459 0.33599999999999997
460 0.33599999999999997
461 0.33599999999999997
462 0.33599999999999997
463 0.33599999999999997
464 0.33599999999999997
465 0.33599999999999997
466 0.33599999999999997
467 0.33599999999999997
468 0.33599999999999997
469 0.33599999999999997
470 0.33599999999999997
471 0.33599999999999997
472 0.33599999999999997
473 0.33599999999999997
474 0.33599999999999997
475 0.33599999999999997
476 0.33399999999999996
477 0.33399999999999996
478 0.33399999999999996
479 0.33399999999999996
480 0.33399999999999996
481 0.33399999999999996
482 0.33399999999999996
483 0.33399999999999996
484 0.33199999999999996
485 0.33199999999999996
486 0.33199999999999996
487 0.33199999999999996
488 0.33199999999999996
489 0.33199999999999996
490 0.33199999999999996
491 0.33199999999999996
492 0.33199999999999996
493 0.33199999999999996
494 0.33199999999999996
495 0.33199999999999996
496 0.328
497 0.328
498 0.328
499 0.328
500 0.328
501 0.328
502 0.32599999999999996
503 0.32599999999999996
504 0.32599999999999996
505 0.32599999999999996
506 0.32599999999999996
507 0.324
508 0.324
509 0.324
510 0.324
511 0.32199999999999995
512 0.32199999999999995
513 0.32199999999999995
514 0.32199999999999995
515 0.32199999999999995
516 0.32199999999999995
517 0.32199999999999995
518 0.32
519 0.32
520 0.32
521 0.31799999999999995
522 0.31799999999999995
523 0.31799999999999995
524 0.31799999999999995
525 0.31799999999999995
526 0.31399999999999995
527 0.31399999999999995
528 0.312
529 0.312
530 0.312
531 0.312
532 0.312
533 0.312
534 0.312
535 0.312
536 0.312
537 0.312
538 0.312
539 0.312
540 0.312
541 0.312
542 0.312
543 0.312
544 0.312
545 0.312
546 0.312
547 0.312
548 0.312
549 0.312
550 0.312
551 0.312
552 0.312
553 0.312
554 0.312
555 0.30999999999999994
556 0.30999999999999994
557 0.30999999999999994
558 0.30999999999999994
559 0.30999999999999994
560 0.30999999999999994
561 0.30999999999999994
562 0.30999999999999994
563 0.30999999999999994
564 0.30999999999999994
565 0.30999999999999994
566 0.30999999999999994
567 0.30999999999999994
568 0.30999999999999994
569 0.30999999999999994
570 0.30999999999999994
571 0.30999999999999994
572 0.30999999999999994
573 0.30999999999999994
574 0.30999999999999994
575 0.30999999999999994
576 0.308
577 0.308
578 0.308
579 0.308
580 0.308
581 0.308
582 0.308
583 0.308
584 0.308
585 0.308
586 0.308
587 0.308
588 0.308
589 0.308
590 0.30599999999999994
591 0.30599999999999994
592 0.30599999999999994
593 0.30599999999999994
594 0.30599999999999994
595 0.30599999999999994
596 0.30599999999999994
597 0.30599999999999994
598 0.30599999999999994
599 0.30599999999999994
600 0.30599999999999994
601 0.30599999999999994
602 0.30599999999999994
603 0.30599999999999994
604 0.30599999999999994
605 0.30599999999999994
606 0.30599999999999994
607 0.304
608 0.304
609 0.304
610 0.304
611 0.304
612 0.304
613 0.304
614 0.304
615 0.304
616 0.304
617 0.304
618 0.304
619 0.304
620 0.304
621 0.304
622 0.304
623 0.304
624 0.304
625 0.304
626 0.304
627 0.304
628 0.304
629 0.304
630 0.30199999999999994
631 0.30199999999999994
632 0.30199999999999994
633 0.30199999999999994
634 0.30199999999999994
635 0.3
636 0.29799999999999993
637 0.29799999999999993
638 0.29799999999999993
639 0.29799999999999993
640 0.29799999999999993
641 0.29799999999999993
642 0.29799999999999993
643 0.296
644 0.296
645 0.296
646 0.296
647 0.296
648 0.296
649 0.296
650 0.296
651 0.296
652 0.296
653 0.296
654 0.296
655 0.296
656 0.296
657 0.296
658 0.296
659 0.296
660 0.296
661 0.296
662 0.296
663 0.296
664 0.296
665 0.296
666 0.296
667 0.296
668 0.296
669 0.296
670 0.296
671 0.296
672 0.296
673 0.296
674 0.296
675 0.296
676 0.296
677 0.296
678 0.296
679 0.296
680 0.296
681 0.29399999999999993
682 0.29399999999999993
683 0.29399999999999993
684 0.29399999999999993
685 0.29399999999999993
686 0.29399999999999993
687 0.29399999999999993
688 0.29399999999999993
689 0.29399999999999993
690 0.29399999999999993
691 0.29399999999999993
692 0.29399999999999993
693 0.29399999999999993
694 0.29399999999999993
695 0.292
696 0.292
697 0.292
698 0.292
699 0.292
700 0.292
701 0.292
702 0.292
703 0.292
704 0.292
705 0.292
706 0.292
707 0.292
708 0.292
709 0.292
710 0.292
711 0.292
712 0.292
713 0.2899999999999999
714 0.2899999999999999
715 0.2899999999999999
716 0.2899999999999999
717 0.2899999999999999
718 0.2899999999999999
719 0.2899999999999999
720 0.288
721 0.288
722 0.288
723 0.288
724 0.288
725 0.288
726 0.288
727 0.288
728 0.288
729 0.288
730 0.288
731 0.288
732 0.288
733 0.288
734 0.288
735 0.288
736 0.288
737 0.288
738 0.288
739 0.288
740 0.288
741 0.288
742 0.288
743 0.288
744 0.288
745 0.2859999999999999
746 0.2859999999999999
747 0.2859999999999999
748 0.2859999999999999
749 0.2859999999999999
750 0.2859999999999999
751 0.2859999999999999
752 0.2859999999999999
753 0.2859999999999999
754 0.2859999999999999
755 0.2859999999999999
756 0.2859999999999999
757 0.2859999999999999
758 0.2859999999999999
759 0.2859999999999999
760 0.284
761 0.284
762 0.284
763 0.28200000000000003
764 0.28200000000000003
765 0.28200000000000003
766 0.28200000000000003
767 0.28200000000000003
768 0.27999999999999997
769 0.278
770 0.278
771 0.278
772 0.278
773 0.278
774 0.278
775 0.278
776 0.278
777 0.278
778 0.278
779 0.278
780 0.278
781 0.278
782 0.278
783 0.278
784 0.278
785 0.278
786 0.278
787 0.278
788 0.278
789 0.278
790 0.278
791 0.278
792 0.278
793 0.27599999999999997
794 0.27599999999999997
795 0.27599999999999997
796 0.27599999999999997
797 0.27599999999999997
798 0.2739999999999999
799 0.2739999999999999
800 0.2739999999999999
801 0.2739999999999999
802 0.27199999999999996
803 0.27199999999999996
804 0.27199999999999996
805 0.27199999999999996
806 0.27199999999999996
807 0.27199999999999996
808 0.27199999999999996
809 0.27199999999999996
810 0.27199999999999996
811 0.27199999999999996
812 0.27199999999999996
813 0.27199999999999996
814 0.27199999999999996
815 0.27199999999999996
816 0.27199999999999996
817 0.27199999999999996
818 0.27199999999999996
819 0.27199999999999996
820 0.27199999999999996
821 0.27199999999999996
822 0.27199999999999996
823 0.27199999999999996
824 0.27199999999999996
825 0.27199999999999996
826 0.27199999999999996
827 0.27199999999999996
828 0.27199999999999996
829 0.27199999999999996
830 0.27199999999999996
831 0.27199999999999996
832 0.27199999999999996
833 0.27199999999999996
834 0.27199999999999996
835 0.27199999999999996
836 0.27199999999999996
837 0.27199999999999996
838 0.27199999999999996
839 0.27199999999999996
840 0.27199999999999996
841 0.27199999999999996
842 0.27199999999999996
843 0.27199999999999996
844 0.27199999999999996
845 0.27199999999999996
846 0.27199999999999996
847 0.27199999999999996
848 0.27199999999999996
849 0.27199999999999996
850 0.27199999999999996
851 0.27199999999999996
852 0.27199999999999996
853 0.27199999999999996
854 0.27199999999999996
855 0.27199999999999996
856 0.27199999999999996
857 0.27199999999999996
858 0.27199999999999996
859 0.27199999999999996
860 0.27199999999999996
861 0.27199999999999996
862 0.27199999999999996
863 0.2699999999999999
864 0.2699999999999999
865 0.2699999999999999
866 0.2699999999999999
867 0.2699999999999999
868 0.2699999999999999
869 0.2699999999999999
870 0.2699999999999999
871 0.2699999999999999
872 0.2699999999999999
873 0.2699999999999999
874 0.2699999999999999
875 0.2699999999999999
876 0.2699999999999999
877 0.2699999999999999
878 0.2699999999999999
879 0.2699999999999999
880 0.2699999999999999
881 0.2699999999999999
882 0.2699999999999999
883 0.26799999999999996
884 0.26799999999999996
885 0.26799999999999996
886 0.26799999999999996
887 0.26799999999999996
888 0.2659999999999999
889 0.2659999999999999
890 0.2659999999999999
891 0.2659999999999999
892 0.2659999999999999
893 0.2659999999999999
894 0.2659999999999999
895 0.2659999999999999
896 0.2659999999999999
897 0.2659999999999999
898 0.2659999999999999
899 0.2659999999999999
900 0.2659999999999999
901 0.2659999999999999
902 0.2659999999999999
903 0.2659999999999999
904 0.2659999999999999
905 0.2659999999999999
906 0.2659999999999999
907 0.2659999999999999
908 0.2659999999999999
909 0.2659999999999999
910 0.2659999999999999
911 0.2659999999999999
912 0.2659999999999999
913 0.2659999999999999
914 0.2659999999999999
915 0.2659999999999999
916 0.2659999999999999
917 0.2659999999999999
918 0.2659999999999999
919 0.2659999999999999
920 0.2659999999999999
921 0.2659999999999999
922 0.2659999999999999
923 0.2659999999999999
924 0.2659999999999999
925 0.26399999999999996
926 0.26399999999999996
927 0.26399999999999996
928 0.26399999999999996
929 0.26399999999999996
930 0.26399999999999996
931 0.26399999999999996
932 0.26399999999999996
933 0.26399999999999996
934 0.26399999999999996
935 0.262
936 0.262
937 0.262
938 0.262
939 0.262
940 0.262
941 0.262
942 0.262
943 0.25999999999999995
944 0.25999999999999995
945 0.25999999999999995
946 0.2579999999999999
947 0.2579999999999999
948 0.2579999999999999
949 0.2579999999999999
950 0.2579999999999999
951 0.2579999999999999
952 0.2579999999999999
953 0.2579999999999999
954 0.2579999999999999
955 0.2579999999999999
956 0.2579999999999999
957 0.2579999999999999
958 0.2579999999999999
959 0.2579999999999999
960 0.2579999999999999
961 0.2579999999999999
962 0.2579999999999999
963 0.2579999999999999
964 0.2579999999999999
965 0.2579999999999999
966 0.2579999999999999
967 0.2579999999999999
968 0.2579999999999999
969 0.2579999999999999
970 0.2579999999999999
971 0.2579999999999999
972 0.2579999999999999
973 0.2579999999999999
974 0.2579999999999999
975 0.25599999999999995
976 0.25599999999999995
977 0.25599999999999995
978 0.25599999999999995
979 0.25599999999999995
980 0.25599999999999995
981 0.25599999999999995
982 0.25599999999999995
983 0.25599999999999995
984 0.25599999999999995
985 0.25599999999999995
986 0.25599999999999995
987 0.25599999999999995
988 0.25599999999999995
989 0.25599999999999995
990 0.25599999999999995
991 0.25599999999999995
992 0.25599999999999995
993 0.25599999999999995
994 0.25599999999999995
995 0.25599999999999995
996 0.25599999999999995
997 0.25599999999999995
998 0.25599999999999995
999 0.25599999999999995
