1 1.0
2 1.0
3 1.0
4 1.0
5 0.9996
6 0.9980000000000001
7 0.9940000000000001
8 0.9928
9 0.9915999999999998
10 0.9911999999999999
11 0.9899999999999999
12 0.9884
13 0.9863999999999998
14 0.9851999999999999
15 0.9839999999999999
16 0.9831999999999997
17 0.9819999999999999
18 0.9819999999999999
19 0.9803999999999999
20 0.9791999999999998
21 0.978
22 0.9743999999999997
23 0.9719999999999999
24 0.9708
25 0.9696000000000001
26 0.968
27 0.9676
28 0.9668000000000001
29 0.9656000000000001
30 0.9652000000000001
31 0.9644000000000001
32 0.9628
33 0.9628
34 0.9620000000000001
35 0.9611999999999999
36 0.9611999999999999
37 0.9603999999999999
38 0.96
39 0.9595999999999999
40 0.9583999999999999
41 0.9579999999999999
42 0.9571999999999999
43 0.956
44 0.9551999999999999
45 0.9539999999999997
46 0.9531999999999998
47 0.9519999999999998
48 0.9508
49 0.9496000000000001
50 0.9484
51 0.9472000000000003
52 0.9452000000000003
53 0.9440000000000002
54 0.9436000000000003
55 0.9428000000000003
56 0.9420000000000003
57 0.9408000000000004
58 0.9384000000000003
59 0.9372000000000004
60 0.9348000000000003
61 0.9340000000000004
62 0.9324000000000002
63 0.9320000000000003
64 0.9320000000000003
65 0.9296000000000002
66 0.9288000000000001
67 0.9264000000000001
68 0.9244
69 0.9236
70 0.9208000000000002
71 0.9204000000000001
72 0.92
73 0.92
74 0.9188000000000001
75 0.9188000000000001
76 0.9172
77 0.9128000000000002
78 0.912
79 0.9112
80 0.9112
81 0.9095999999999997
82 0.9083999999999999
83 0.9075999999999997
84 0.9067999999999998
85 0.9067999999999998
86 0.9055999999999997
87 0.9051999999999998
88 0.9039999999999999
89 0.9028
90 0.9011999999999999
91 0.8987999999999999
92 0.8976
93 0.8967999999999999
94 0.8959999999999999
95 0.8935999999999997
96 0.8931999999999998
97 0.8915999999999998
98 0.8911999999999999
99 0.8903999999999997
100 0.8895999999999998
101 0.8887999999999997
102 0.8863999999999999
103 0.8847999999999998
104 0.8839999999999998
105 0.8811999999999999
106 0.8811999999999999
107 0.88
108 0.8787999999999999
109 0.8775999999999999
110 0.8763999999999998
111 0.8747999999999999
112 0.8732
113 0.8719999999999999
114 0.8704
115 0.8680000000000001
116 0.8660000000000001
117 0.8644
118 0.8644
119 0.8640000000000001
120 0.8632000000000001
121 0.8628000000000001
122 0.8624
123 0.8608
124 0.8580000000000001
125 0.8552
126 0.8548
127 0.8540000000000001
128 0.8532
129 0.8523999999999999
130 0.8512
131 0.8508
132 0.8475999999999999
133 0.8459999999999998
134 0.8455999999999997
135 0.8447999999999998
136 0.8439999999999998
137 0.8435999999999999
138 0.8435999999999999
139 0.8431999999999998
140 0.8419999999999999
141 0.8412
142 0.8388
143 0.8383999999999999
144 0.8351999999999999
145 0.8336000000000001
146 0.8328
147 0.8304
148 0.8284
149 0.8264
150 0.8256
151 0.8236
152 0.8236
153 0.8236
154 0.8228
155 0.8208000000000001
156 0.8176000000000001
157 0.816
158 0.8151999999999999
159 0.8151999999999999
160 0.8147999999999999
161 0.8136
162 0.8123999999999999
163 0.8119999999999998
164 0.8111999999999999
165 0.8099999999999998
166 0.8091999999999999
167 0.8083999999999999
168 0.8068
169 0.8068
170 0.8052000000000001
171 0.8048000000000001
172 0.8036000000000001
173 0.8012000000000004
174 0.8004000000000003
175 0.7992000000000004
176 0.7988000000000004
177 0.7972000000000005
178 0.7972000000000005
179 0.7952000000000002
180 0.7944000000000002
181 0.7932000000000002
182 0.7928000000000003
183 0.7904000000000002
184 0.7888000000000001
185 0.7880000000000001
186 0.7872
187 0.7852
188 0.7839999999999999
189 0.7831999999999999
190 0.7823999999999998
191 0.7811999999999999
192 0.7811999999999999
193 0.7807999999999998
194 0.7803999999999999
195 0.7796
196 0.7784
197 0.778
198 0.7776000000000001
199 0.7756000000000001
200 0.7756000000000001
201 0.774
202 0.7731999999999999
203 0.7716
204 0.7707999999999999
205 0.7704
206 0.7696
207 0.7683999999999999
208 0.7683999999999999
209 0.7676
210 0.7671999999999999
211 0.7667999999999999
212 0.7667999999999999
213 0.7656000000000001
214 0.7644
215 0.7631999999999999
216 0.762
217 0.76
218 0.7587999999999999
219 0.7576
220 0.7564
221 0.7548
222 0.7532000000000001
223 0.7524000000000001
224 0.7520000000000002
225 0.7512000000000002
226 0.7508000000000001
227 0.7504000000000002
228 0.7496
229 0.7476
230 0.7464
231 0.7456
232 0.7436
233 0.7424000000000001
234 0.7412000000000002
235 0.7408000000000001
236 0.7408000000000001
237 0.7400000000000001
238 0.7384000000000001
239 0.7368000000000001
240 0.7364
241 0.7356
242 0.7336
243 0.7323999999999999
244 0.7315999999999999
245 0.7315999999999999
246 0.7307999999999999
247 0.7279999999999999
248 0.7271999999999998
249 0.7267999999999998
250 0.7259999999999998
251 0.7251999999999998
252 0.7212
253 0.7191999999999998
254 0.7184
255 0.7172
256 0.7172
257 0.7147999999999999
258 0.7143999999999999
259 0.714
260 0.7136
261 0.7136
262 0.7128
263 0.7128
264 0.7128
265 0.7120000000000001
266 0.7116
267 0.7108
268 0.7103999999999999
269 0.71
270 0.7092
271 0.7084
272 0.708
273 0.7067999999999999
274 0.706
275 0.7052
276 0.7028000000000002
277 0.7008000000000001
278 0.6996000000000002
279 0.6988000000000002
280 0.6984000000000001
281 0.6968000000000002
282 0.6956000000000002
283 0.6944000000000002
284 0.6932000000000004
285 0.6928000000000003
286 0.6928000000000003
287 0.6920000000000003
288 0.6916000000000002
289 0.6912000000000004
290 0.6904000000000003
291 0.6892000000000003
292 0.6884000000000001
293 0.6880000000000003
294 0.6864000000000001
295 0.6852000000000003
296 0.6840000000000002
297 0.6832000000000003
298 0.6820000000000002
299 0.6812000000000001
300 0.6800000000000002
301 0.6788000000000001
302 0.6784000000000002
303 0.6768000000000001
304 0.676
305 0.6744000000000001
306 0.6736000000000001
307 0.6732
308 0.6720000000000002
309 0.6716000000000001
310 0.6704000000000001
311 0.6700000000000002
312 0.6696000000000001
313 0.6676000000000001
314 0.6656
315 0.6656
316 0.664
317 0.6636
318 0.6628000000000001
319 0.6624
320 0.6616
321 0.6612
322 0.6607999999999999
323 0.6607999999999999
324 0.66
325 0.6587999999999999
326 0.6576000000000001
327 0.6572
328 0.6559999999999999
329 0.6556000000000001
330 0.6556000000000001
331 0.6548
332 0.6532000000000001
333 0.652
334 0.6516
335 0.6512
336 0.6507999999999999
337 0.65
338 0.6492
339 0.6480000000000001
340 0.6476000000000001
341 0.6476000000000001
342 0.6456000000000002
343 0.6452000000000001
344 0.644
345 0.6436
346 0.6432000000000001
347 0.6412
348 0.6408000000000001
349 0.6400000000000001
350 0.6400000000000001
351 0.6384000000000001
352 0.6372
353 0.6368
354 0.636
355 0.636
356 0.6356
357 0.634
358 0.6328
359 0.6324000000000001
360 0.6304000000000001
361 0.6295999999999999
362 0.6292
363 0.6268
364 0.626
365 0.6252
366 0.6240000000000001
367 0.6240000000000001
368 0.6236
369 0.6224
370 0.622
371 0.62
372 0.62
373 0.6188
374 0.6188
375 0.6172000000000001
376 0.616
377 0.6156
378 0.6144
379 0.6127999999999999
380 0.6115999999999999
381 0.6095999999999999
382 0.6092
383 0.6088
384 0.6067999999999999
385 0.6051999999999998
386 0.6051999999999998
387 0.6043999999999999
388 0.6039999999999999
389 0.6035999999999999
390 0.6035999999999999
391 0.6032
392 0.6027999999999999
393 0.602
394 0.6012
395 0.6008
396 0.6
397 0.5984
398 0.5976
399 0.5967999999999999
400 0.5951999999999998
401 0.5947999999999999
402 0.5943999999999999
403 0.5939999999999999
404 0.5935999999999999
405 0.5932
406 0.5928
407 0.5923999999999999
408 0.5916
409 0.5904
410 0.5883999999999999
411 0.588
412 0.5876
413 0.5868
414 0.5856
415 0.5852
416 0.5852
417 0.5832
418 0.5824
419 0.5812
420 0.5808000000000001
421 0.5804
422 0.5796
423 0.5792
424 0.5788
425 0.5788
426 0.5784
427 0.5780000000000001
428 0.5772
429 0.5772
430 0.5772
431 0.5756000000000001
432 0.5756000000000001
433 0.5748000000000001
434 0.5744000000000001
435 0.5736000000000001
436 0.5728000000000001
437 0.5708000000000001
438 0.5700000000000002
439 0.5688000000000002
440 0.5680000000000002
441 0.5676000000000002
442 0.5676000000000002
443 0.5676000000000002
444 0.5676000000000002
445 0.5676000000000002
446 0.5664000000000001
447 0.5660000000000002
448 0.5660000000000002
449 0.5644000000000002
450 0.5640000000000002
451 0.5640000000000002
452 0.5628000000000002
453 0.5616000000000002
454 0.5600000000000002
455 0.5592000000000003
456 0.5588000000000002
457 0.5580000000000003
458 0.5580000000000003
459 0.5580000000000003
460 0.5576000000000002
461 0.5568000000000002
462 0.5556000000000001
463 0.5544
464 0.5536000000000001
465 0.5532
466 0.5528000000000001
467 0.5528000000000001
468 0.5524
469 0.5516
470 0.5504
471 0.5504
472 0.5496
473 0.5488
474 0.5488
475 0.5488
476 0.5488
477 0.5484
478 0.5471999999999999
479 0.5463999999999999
480 0.5459999999999999
481 0.5448
482 0.544
483 0.5436
484 0.5419999999999999
485 0.5419999999999999
486 0.5415999999999999
487 0.5415999999999999
488 0.5408
489 0.5399999999999999
490 0.5387999999999998
491 0.5379999999999999
492 0.5379999999999999
493 0.5375999999999999
494 0.5371999999999999
495 0.5367999999999999
496 0.5359999999999999
497 0.5356
498 0.5347999999999999
499 0.5344
500 0.5332
501 0.5332
502 0.5332
503 0.5328
504 0.532
505 0.532
506 0.532
507 0.532
508 0.5307999999999999
509 0.53
510 0.53
511 0.5296
512 0.5284
513 0.5272
514 0.526
515 0.5256000000000001
516 0.5256000000000001
517 0.5244
518 0.524
519 0.524
520 0.524
521 0.5232
522 0.5228
523 0.5228
524 0.5224
525 0.5216000000000001
526 0.5216000000000001
527 0.5212
528 0.52
529 0.52
530 0.5196
531 0.5184
532 0.5176
533 0.5171999999999999
534 0.5163999999999999
535 0.5159999999999999
536 0.5155999999999998
537 0.5155999999999998
538 0.5151999999999999
539 0.5151999999999999
540 0.5151999999999999
541 0.5151999999999999
542 0.5151999999999999
543 0.5143999999999999
544 0.5139999999999999
545 0.5139999999999999
546 0.5136
547 0.5136
548 0.5119999999999999
549 0.5115999999999999
550 0.5107999999999999
551 0.5107999999999999
552 0.5104
553 0.5099999999999999
554 0.5095999999999999
555 0.5095999999999999
556 0.5095999999999999
557 0.5087999999999999
558 0.5084
559 0.5075999999999999
560 0.5072
561 0.5072
562 0.5064
563 0.5064
564 0.5064
565 0.506
566 0.5044
567 0.504
568 0.5036
569 0.5024
570 0.5024
571 0.502
572 0.5015999999999999
573 0.4996
574 0.4988
575 0.4984
576 0.49800000000000005
577 0.4976
578 0.4972
579 0.4972
580 0.4964
581 0.4964
582 0.4964
583 0.49560000000000004
584 0.49520000000000003
585 0.4948
586 0.4948
587 0.49440000000000006
588 0.49400000000000005
589 0.49360000000000004
590 0.49280000000000007
591 0.4920000000000001
592 0.49120000000000014
593 0.49040000000000006
594 0.49000000000000005
595 0.4896000000000001
596 0.4892000000000001
597 0.4888000000000001
598 0.48800000000000004
599 0.48760000000000003
600 0.4872000000000001
601 0.48680000000000007
602 0.48680000000000007
603 0.48680000000000007
604 0.4860000000000001
605 0.4860000000000001
606 0.4856000000000001
607 0.48480000000000006
608 0.48480000000000006
609 0.48480000000000006
610 0.4844
611 0.4832
612 0.4828
613 0.48080000000000006
614 0.48040000000000005
615 0.48040000000000005
616 0.48040000000000005
617 0.4792
618 0.4792
619 0.4788
620 0.47800000000000004
621 0.4776
622 0.47720000000000007
623 0.47720000000000007
624 0.4760000000000001
625 0.4752000000000001
626 0.4748000000000001
627 0.4744000000000001
628 0.4736000000000001
629 0.4736000000000001
630 0.47320000000000007
631 0.4728000000000001
632 0.4728000000000001
633 0.4728000000000001
634 0.4728000000000001
635 0.4724000000000001
636 0.47160000000000013
637 0.4712000000000001
638 0.47000000000000014
639 0.46960000000000013
640 0.4692000000000002
641 0.4680000000000002
642 0.4676000000000002
643 0.4672000000000002
644 0.4668000000000002
645 0.46600000000000025
646 0.4656000000000002
647 0.46440000000000015
648 0.46400000000000013
649 0.4636000000000001
650 0.4636000000000001
651 0.4636000000000001
652 0.4636000000000001
653 0.4636000000000001
654 0.4636000000000001
655 0.46280000000000016
656 0.46280000000000016
657 0.4624000000000001
658 0.4624000000000001
659 0.4616000000000001
660 0.4612000000000001
661 0.4608000000000001
662 0.46000000000000013
663 0.4596000000000002
664 0.4596000000000002
665 0.4596000000000002
666 0.45880000000000015
667 0.4584000000000002
668 0.4584000000000002
669 0.4576000000000002
670 0.4572000000000001
671 0.45680000000000015
672 0.45640000000000014
673 0.4560000000000002
674 0.45520000000000016
675 0.4548000000000002
676 0.4540000000000002
677 0.4536000000000002
678 0.4536000000000002
679 0.4536000000000002
680 0.4536000000000002
681 0.4528000000000002
682 0.45240000000000014
683 0.4520000000000002
684 0.4512000000000002
685 0.4512000000000002
686 0.4512000000000002
687 0.4512000000000002
688 0.4504000000000002
689 0.45000000000000023
690 0.44880000000000025
691 0.44840000000000024
692 0.4472000000000002
693 0.4468000000000002
694 0.44640000000000013
695 0.44560000000000016
696 0.44560000000000016
697 0.44560000000000016
698 0.4452000000000001
699 0.44440000000000013
700 0.44440000000000013
701 0.4440000000000001
702 0.44360000000000005
703 0.44360000000000005
704 0.44360000000000005
705 0.44360000000000005
706 0.4428000000000001
707 0.44240000000000007
708 0.4420000000000001
709 0.4420000000000001
710 0.4412000000000001
711 0.4412000000000001
712 0.4412000000000001
713 0.4408000000000001
714 0.4396000000000001
715 0.4392000000000001
716 0.4392000000000001
717 0.43799999999999994
718 0.4376
719 0.43639999999999995
720 0.43559999999999993
721 0.43440000000000006
722 0.43440000000000006
723 0.43360000000000004
724 0.43360000000000004
725 0.4332000000000001
726 0.43200000000000005
727 0.4312
728 0.4312
729 0.43040000000000006
730 0.4292
731 0.4292
732 0.42839999999999995
733 0.42839999999999995
734 0.42839999999999995
735 0.428
736 0.4276
737 0.42719999999999997
738 0.4268
739 0.426
740 0.42560000000000003
741 0.42560000000000003
742 0.42560000000000003
743 0.42560000000000003
744 0.42560000000000003
745 0.42480000000000007
746 0.42480000000000007
747 0.42480000000000007
748 0.42480000000000007
749 0.42440000000000005
750 0.42440000000000005
751 0.42440000000000005
752 0.424
753 0.4236
754 0.4224
755 0.42200000000000004
756 0.4216
757 0.4216
758 0.4216
759 0.4216
760 0.42119999999999996
761 0.4204
762 0.41960000000000003
763 0.4192
764 0.4188
765 0.4188
766 0.41840000000000005
767 0.41800000000000004
768 0.41800000000000004
769 0.41800000000000004
770 0.41800000000000004
771 0.4176
772 0.4176
773 0.4176
774 0.41720000000000007
775 0.41680000000000006
776 0.41680000000000006
777 0.41680000000000006
778 0.4164000000000001
779 0.4156000000000001
780 0.4156000000000001
781 0.4156000000000001
782 0.4156000000000001
783 0.4152
784 0.4152
785 0.4152
786 0.4152
787 0.4152
788 0.41480000000000006
789 0.41480000000000006
790 0.41480000000000006
791 0.41440000000000005
792 0.41440000000000005
793 0.41440000000000005
794 0.41440000000000005
795 0.41400000000000003
796 0.4136000000000001
797 0.4124000000000001
798 0.4124000000000001
799 0.4124000000000001
800 0.4124000000000001
801 0.4124000000000001
802 0.4120000000000001
803 0.4120000000000001
804 0.4120000000000001
805 0.4120000000000001
806 0.4120000000000001
807 0.4112000000000001
808 0.4112000000000001
809 0.4112000000000001
810 0.41040000000000015
811 0.41040000000000015
812 0.4100000000000001
813 0.4096000000000001
814 0.40920000000000006
815 0.4088000000000001
816 0.4088000000000001
817 0.4088000000000001
818 0.4088000000000001
819 0.4088000000000001
820 0.4088000000000001
821 0.4084000000000001
822 0.4084000000000001
823 0.40760000000000013
824 0.40680000000000005
825 0.40680000000000005
826 0.4064000000000001
827 0.4052
828 0.4052
829 0.40480000000000005
830 0.40480000000000005
831 0.40480000000000005
832 0.40480000000000005
833 0.4040000000000001
834 0.4040000000000001
835 0.4040000000000001
836 0.40360000000000007
837 0.4028000000000001
838 0.4028000000000001
839 0.4024000000000001
840 0.4024000000000001
841 0.4020000000000001
842 0.4020000000000001
843 0.40120000000000006
844 0.40080000000000005
845 0.4004
846 0.3996
847 0.39919999999999994
848 0.39919999999999994
849 0.39919999999999994
850 0.39919999999999994
851 0.39879999999999993
852 0.3984
853 0.3984
854 0.39799999999999996
855 0.39799999999999996
856 0.39799999999999996
857 0.39799999999999996
858 0.39759999999999995
859 0.3972
860 0.3972
861 0.3968
862 0.39640000000000003
863 0.396
864 0.396
865 0.3956
866 0.39520000000000005
867 0.39480000000000004
868 0.39480000000000004
869 0.39480000000000004
870 0.39480000000000004
871 0.39480000000000004
872 0.39480000000000004
873 0.3940000000000001
874 0.39360000000000006
875 0.39360000000000006
876 0.39280000000000004
877 0.39160000000000006
878 0.39120000000000005
879 0.39120000000000005
880 0.39120000000000005
881 0.39120000000000005
882 0.39120000000000005
883 0.39120000000000005
884 0.39080000000000004
885 0.3892
886 0.3892
887 0.38839999999999997
888 0.3879999999999999
889 0.3879999999999999
890 0.38719999999999993
891 0.38719999999999993
892 0.38719999999999993
893 0.3867999999999999
894 0.3863999999999999
895 0.3863999999999999
896 0.3863999999999999
897 0.3863999999999999
898 0.3863999999999999
899 0.38599999999999995
900 0.38559999999999994
901 0.38559999999999994
902 0.38559999999999994
903 0.38559999999999994
904 0.3852
905 0.3848
906 0.3839999999999999
907 0.3839999999999999
908 0.3839999999999999
909 0.38359999999999994
910 0.38359999999999994
911 0.38359999999999994
912 0.38359999999999994
913 0.38359999999999994
914 0.3827999999999999
915 0.38239999999999996
916 0.38239999999999996
917 0.38239999999999996
918 0.38239999999999996
919 0.38199999999999995
920 0.38199999999999995
921 0.38199999999999995
922 0.38199999999999995
923 0.38159999999999994
924 0.38159999999999994
925 0.38159999999999994
926 0.38159999999999994
927 0.38159999999999994
928 0.3812
929 0.3812
930 0.3807999999999999
931 0.3807999999999999
932 0.3807999999999999
933 0.3807999999999999
934 0.3803999999999999
935 0.3803999999999999
936 0.3803999999999999
937 0.37999999999999995
938 0.37999999999999995
939 0.37999999999999995
940 0.37999999999999995
941 0.37959999999999994
942 0.37959999999999994
943 0.37959999999999994
944 0.37959999999999994
945 0.37959999999999994
946 0.37959999999999994
947 0.37959999999999994
948 0.3791999999999999
949 0.3791999999999999
950 0.37839999999999996
951 0.37839999999999996
952 0.37839999999999996
953 0.37799999999999995
954 0.37799999999999995
955 0.37799999999999995
956 0.3776
957 0.3776
958 0.3772
959 0.3772
960 0.3768
961 0.376
962 0.376
963 0.376
964 0.376
965 0.376
966 0.3752000000000001
967 0.37480000000000013
968 0.37480000000000013
969 0.37480000000000013
970 0.37480000000000013
971 0.3740000000000001
972 0.37360000000000015
973 0.37320000000000014
974 0.37280000000000013
975 0.3724000000000002
976 0.3724000000000002
977 0.3724000000000002
978 0.37200000000000016
979 0.3716000000000001
980 0.37120000000000014
981 0.37120000000000014
982 0.37080000000000013
983 0.37080000000000013
984 0.37080000000000013
985 0.3704000000000001
986 0.37000000000000016
987 0.36960000000000015
988 0.36960000000000015
989 0.36920000000000014
990 0.36920000000000014
991 0.3688000000000002
992 0.3688000000000002
993 0.3684000000000001
994 0.36800000000000005
995 0.36800000000000005
996 0.36800000000000005
997 0.36800000000000005
998 0.3676
999 0.3676
1000 0.3676
1001 0.3676
1002 0.3676
1003 0.3668
1004 0.3668
1005 0.3668
1006 0.3664
1007 0.3664
1008 0.3664
1009 0.3664
1010 0.366
1011 0.366
1012 0.366
1013 0.36560000000000004
1014 0.3652
1015 0.3652
1016 0.3648
1017 0.36400000000000005
1018 0.3636000000000001
1019 0.3636000000000001
1020 0.3636000000000001
1021 0.3636000000000001
1022 0.3632000000000001
1023 0.3632000000000001
1024 0.3632000000000001
1025 0.3632000000000001
1026 0.3632000000000001
1027 0.3632000000000001
1028 0.3632000000000001
1029 0.36280000000000007
1030 0.3624000000000001
1031 0.36200000000000004
1032 0.36200000000000004
1033 0.3616
1034 0.3616
1035 0.36119999999999997
1036 0.36119999999999997
1037 0.36119999999999997
1038 0.36119999999999997
1039 0.3608
1040 0.3608
1041 0.3604
1042 0.3604
1043 0.3604
1044 0.3604
1045 0.3604
1046 0.3604
1047 0.36
1048 0.3592
1049 0.3592
1050 0.3592
1051 0.3588
1052 0.35840000000000005
1053 0.35840000000000005
1054 0.35840000000000005
1055 0.35840000000000005
1056 0.35760000000000003
1057 0.35760000000000003
1058 0.35760000000000003
1059 0.35760000000000003
1060 0.35760000000000003
1061 0.3572000000000001
1062 0.3572000000000001
1063 0.3572000000000001
1064 0.3572000000000001
1065 0.3568
1066 0.3568
1067 0.3568
1068 0.3564
1069 0.3564
1070 0.3564
1071 0.3564
1072 0.3564
1073 0.35600000000000004
1074 0.35600000000000004
1075 0.3556
1076 0.3552
1077 0.3552
1078 0.3552
1079 0.3552
1080 0.3552
1081 0.3552
1082 0.35440000000000005
1083 0.354
1084 0.35359999999999997
1085 0.35359999999999997
1086 0.3528
1087 0.3528
1088 0.3528
1089 0.3528
1090 0.3528
1091 0.3528
1092 0.35240000000000005
1093 0.352
1094 0.352
1095 0.352
1096 0.35159999999999997
1097 0.35159999999999997
1098 0.35159999999999997
1099 0.35159999999999997
1100 0.35119999999999996
1101 0.35119999999999996
1102 0.35119999999999996
1103 0.35119999999999996
1104 0.35119999999999996
1105 0.35119999999999996
1106 0.35119999999999996
1107 0.3508
1108 0.35
1109 0.3492
1110 0.3488
1111 0.3488
1112 0.3488
1113 0.3488
1114 0.3484
1115 0.3484
1116 0.3484
1117 0.3484
1118 0.3484
1119 0.3484
1120 0.3484
1121 0.3484
1122 0.3484
1123 0.3484
1124 0.348
1125 0.348
1126 0.34759999999999996
1127 0.3472
1128 0.3472
1129 0.3472
1130 0.3468
1131 0.3464
1132 0.3464
1133 0.3464
1134 0.3464
1135 0.3464
1136 0.3459999999999999
1137 0.3459999999999999
1138 0.3459999999999999
1139 0.3459999999999999
1140 0.34559999999999996
1141 0.34559999999999996
1142 0.34559999999999996
1143 0.34559999999999996
1144 0.34559999999999996
1145 0.34559999999999996
1146 0.34519999999999995
1147 0.34519999999999995
1148 0.3448
1149 0.3448
1150 0.3448
1151 0.3444
1152 0.3435999999999999
1153 0.3435999999999999
1154 0.3435999999999999
1155 0.3435999999999999
1156 0.3435999999999999
1157 0.3435999999999999
1158 0.34319999999999995
1159 0.34319999999999995
1160 0.34319999999999995
1161 0.34319999999999995
1162 0.34319999999999995
1163 0.34319999999999995
1164 0.34319999999999995
1165 0.34319999999999995
1166 0.34319999999999995
1167 0.34319999999999995
1168 0.34319999999999995
1169 0.34319999999999995
1170 0.34319999999999995
1171 0.34279999999999994
1172 0.34279999999999994
1173 0.3423999999999999
1174 0.34199999999999997
1175 0.34199999999999997
1176 0.34199999999999997
1177 0.34199999999999997
1178 0.34199999999999997
1179 0.34119999999999995
1180 0.3408
1181 0.3404
1182 0.3404
1183 0.3404
1184 0.3396
1185 0.3396
1186 0.3392
1187 0.33880000000000005
1188 0.33880000000000005
1189 0.33880000000000005
1190 0.33880000000000005
1191 0.338
1192 0.33760000000000007
1193 0.33760000000000007
1194 0.33760000000000007
1195 0.33760000000000007
1196 0.33760000000000007
1197 0.33720000000000006
1198 0.33680000000000004
1199 0.33680000000000004
1200 0.3360000000000001
1201 0.3360000000000001
1202 0.3356000000000001
1203 0.3356000000000001
1204 0.3356000000000001
1205 0.3352000000000001
1206 0.3352000000000001
1207 0.3352000000000001
1208 0.3352000000000001
1209 0.3352000000000001
1210 0.3352000000000001
1211 0.33440000000000003
1212 0.33440000000000003
1213 0.3340000000000001
1214 0.3340000000000001
1215 0.33320000000000005
1216 0.33320000000000005
1217 0.33320000000000005
1218 0.33320000000000005
1219 0.33320000000000005
1220 0.3328000000000001
1221 0.3328000000000001
1222 0.3328000000000001
1223 0.3328000000000001
1224 0.3324000000000001
1225 0.3324000000000001
1226 0.3316000000000001
1227 0.3316000000000001
1228 0.3316000000000001
1229 0.3316000000000001
1230 0.3316000000000001
1231 0.3316000000000001
1232 0.3316000000000001
1233 0.3316000000000001
1234 0.3316000000000001
1235 0.3316000000000001
1236 0.33120000000000005
1237 0.33120000000000005
1238 0.33120000000000005
1239 0.33120000000000005
1240 0.33080000000000004
1241 0.33080000000000004
1242 0.33080000000000004
1243 0.3304000000000001
1244 0.3304000000000001
1245 0.3304000000000001
1246 0.3304000000000001
1247 0.3304000000000001
1248 0.3304000000000001
1249 0.3304000000000001
1250 0.33000000000000007
1251 0.33000000000000007
1252 0.32960000000000006
1253 0.32960000000000006
1254 0.32960000000000006
1255 0.32960000000000006
1256 0.32960000000000006
1257 0.32960000000000006
1258 0.32960000000000006
1259 0.32960000000000006
1260 0.3292000000000001
1261 0.3292000000000001
1262 0.3292000000000001
1263 0.3292000000000001
1264 0.3292000000000001
1265 0.3292000000000001
1266 0.3292000000000001
1267 0.3288000000000001
1268 0.32800000000000007
1269 0.32800000000000007
1270 0.32800000000000007
1271 0.32760000000000006
1272 0.32760000000000006
1273 0.32760000000000006
1274 0.32760000000000006
1275 0.32760000000000006
1276 0.32760000000000006
1277 0.32760000000000006
1278 0.32760000000000006
1279 0.32760000000000006
1280 0.32720000000000005
1281 0.32720000000000005
1282 0.32720000000000005
1283 0.3268000000000001
1284 0.3264
1285 0.3264
1286 0.3264
1287 0.3264
1288 0.326
1289 0.326
1290 0.326
1291 0.326
1292 0.326
1293 0.326
1294 0.3256
1295 0.32520000000000004
1296 0.32520000000000004
1297 0.32520000000000004
1298 0.32520000000000004
1299 0.32520000000000004
1300 0.32520000000000004
1301 0.32480000000000003
1302 0.3244
1303 0.3244
1304 0.3244
1305 0.3244
1306 0.3244
1307 0.3244
1308 0.32360000000000005
1309 0.32360000000000005
1310 0.32360000000000005
1311 0.32360000000000005
1312 0.32360000000000005
1313 0.32360000000000005
1314 0.32280000000000003
1315 0.32280000000000003
1316 0.3224
1317 0.322
1318 0.322
1319 0.322
1320 0.32160000000000005
1321 0.32120000000000004
1322 0.32120000000000004
1323 0.32080000000000003
1324 0.32080000000000003
1325 0.3204000000000001
1326 0.32000000000000006
1327 0.32000000000000006
1328 0.32000000000000006
1329 0.32000000000000006
1330 0.32000000000000006
1331 0.31960000000000005
1332 0.31960000000000005
1333 0.31960000000000005
1334 0.31960000000000005
1335 0.31920000000000004
1336 0.31920000000000004
1337 0.31920000000000004
1338 0.31920000000000004
1339 0.3188000000000001
1340 0.3188000000000001
1341 0.31840000000000007
1342 0.31840000000000007
1343 0.31800000000000006
1344 0.31800000000000006
1345 0.31800000000000006
1346 0.31800000000000006
1347 0.3172000000000001
1348 0.3172000000000001
1349 0.3172000000000001
1350 0.3172000000000001
1351 0.3172000000000001
1352 0.3172000000000001
1353 0.3168000000000001
1354 0.31640000000000007
1355 0.31640000000000007
1356 0.31640000000000007
1357 0.31640000000000007
1358 0.31640000000000007
1359 0.31640000000000007
1360 0.31640000000000007
1361 0.31640000000000007
1362 0.31600000000000006
1363 0.3152000000000001
1364 0.3152000000000001
1365 0.3152000000000001
1366 0.31440000000000007
1367 0.31440000000000007
1368 0.31440000000000007
1369 0.31440000000000007
1370 0.31440000000000007
1371 0.31440000000000007
1372 0.31440000000000007
1373 0.31440000000000007
1374 0.31400000000000006
1375 0.31400000000000006
1376 0.31360000000000005
1377 0.31360000000000005
1378 0.31360000000000005
1379 0.31360000000000005
1380 0.31360000000000005
1381 0.31360000000000005
1382 0.31360000000000005
1383 0.31360000000000005
1384 0.31360000000000005
1385 0.31360000000000005
1386 0.31320000000000003
1387 0.31320000000000003
1388 0.31320000000000003
1389 0.31320000000000003
1390 0.31320000000000003
1391 0.31320000000000003
1392 0.3128
1393 0.3128
1394 0.31240000000000007
1395 0.31200000000000006
1396 0.31200000000000006
1397 0.31200000000000006
1398 0.3116000000000001
1399 0.31120000000000003
1400 0.3108
1401 0.3108
1402 0.3108
1403 0.3108
1404 0.3108
1405 0.3108
1406 0.3108
1407 0.3104
1408 0.3104
1409 0.3104
1410 0.3104
1411 0.3104
1412 0.3104
1413 0.3104
1414 0.3104
1415 0.3104
1416 0.3104
1417 0.3104
1418 0.31000000000000005
1419 0.31000000000000005
1420 0.31000000000000005
1421 0.30960000000000004
1422 0.30960000000000004
1423 0.30920000000000003
1424 0.30920000000000003
1425 0.30920000000000003
1426 0.30920000000000003
1427 0.30920000000000003
1428 0.3088
1429 0.3088
1430 0.3088
1431 0.3084
1432 0.3084
1433 0.3084
1434 0.3084
1435 0.30800000000000005
1436 0.30800000000000005
1437 0.30800000000000005
1438 0.30800000000000005
1439 0.30800000000000005
1440 0.30800000000000005
1441 0.30800000000000005
1442 0.30760000000000004
1443 0.30760000000000004
1444 0.30760000000000004
1445 0.30760000000000004
1446 0.3072000000000001
1447 0.3072000000000001
1448 0.3072000000000001
1449 0.3072000000000001
1450 0.3072000000000001
1451 0.3072000000000001
1452 0.3072000000000001
1453 0.3072000000000001
1454 0.3072000000000001
1455 0.3072000000000001
1456 0.3072000000000001
1457 0.3068000000000001
1458 0.3068000000000001
1459 0.3068000000000001
1460 0.3068000000000001
1461 0.3068000000000001
1462 0.30640000000000006
1463 0.30640000000000006
1464 0.30640000000000006
1465 0.30600000000000005
1466 0.30600000000000005
1467 0.30560000000000004
1468 0.30560000000000004
1469 0.30560000000000004
1470 0.30560000000000004
1471 0.30480000000000007
1472 0.30480000000000007
1473 0.30480000000000007
1474 0.30480000000000007
1475 0.30480000000000007
1476 0.30440000000000006
1477 0.30440000000000006
1478 0.30440000000000006
1479 0.30440000000000006
1480 0.3040000000000001
1481 0.3036000000000001
1482 0.3036000000000001
1483 0.3036000000000001
1484 0.3032000000000001
1485 0.3032000000000001
1486 0.3032000000000001
1487 0.3032000000000001
1488 0.30280000000000007
1489 0.30280000000000007
1490 0.30280000000000007
1491 0.3024
1492 0.3024
1493 0.30200000000000005
1494 0.30200000000000005
1495 0.30200000000000005
1496 0.30200000000000005
1497 0.30200000000000005
1498 0.30200000000000005
1499 0.30200000000000005
1500 0.30200000000000005
1501 0.30160000000000003
1502 0.30160000000000003
1503 0.30160000000000003
1504 0.30160000000000003
1505 0.30160000000000003
1506 0.30160000000000003
1507 0.30160000000000003
1508 0.30160000000000003
1509 0.30160000000000003
1510 0.30160000000000003
1511 0.30160000000000003
1512 0.30160000000000003
1513 0.30160000000000003
1514 0.30160000000000003
1515 0.30160000000000003
1516 0.30160000000000003
1517 0.30160000000000003
1518 0.30160000000000003
1519 0.3012
1520 0.3012
1521 0.3012
1522 0.3012
1523 0.30080000000000007
1524 0.30040000000000006
1525 0.30040000000000006
1526 0.30040000000000006
1527 0.30040000000000006
1528 0.30040000000000006
1529 0.30000000000000004
1530 0.30000000000000004
1531 0.30000000000000004
1532 0.30000000000000004
1533 0.30000000000000004
1534 0.30000000000000004
1535 0.2996000000000001
1536 0.2996000000000001
1537 0.2992000000000001
1538 0.29880000000000007
1539 0.2980000000000001
1540 0.2980000000000001
1541 0.2980000000000001
1542 0.2980000000000001
1543 0.2980000000000001
1544 0.2980000000000001
1545 0.2980000000000001
1546 0.2980000000000001
1547 0.2980000000000001
1548 0.2980000000000001
1549 0.2980000000000001
1550 0.2980000000000001
1551 0.2976000000000001
1552 0.2976000000000001
1553 0.2976000000000001
1554 0.2976000000000001
1555 0.29680000000000006
1556 0.29680000000000006
1557 0.29680000000000006
1558 0.29680000000000006
1559 0.29680000000000006
1560 0.29640000000000005
1561 0.29640000000000005
1562 0.29640000000000005
1563 0.2960000000000001
1564 0.2960000000000001
1565 0.2956000000000001
1566 0.2956000000000001
1567 0.2956000000000001
1568 0.2952000000000001
1569 0.2952000000000001
1570 0.2952000000000001
1571 0.2952000000000001
1572 0.2952000000000001
1573 0.2952000000000001
1574 0.29480000000000006
1575 0.29480000000000006
1576 0.29480000000000006
1577 0.29480000000000006
1578 0.29480000000000006
1579 0.29480000000000006
1580 0.2944000000000001
1581 0.2944000000000001
1582 0.2944000000000001
1583 0.2944000000000001
1584 0.2944000000000001
1585 0.2944000000000001
1586 0.2944000000000001
1587 0.2944000000000001
1588 0.2944000000000001
1589 0.2944000000000001
1590 0.2944000000000001
1591 0.2944000000000001
1592 0.2944000000000001
1593 0.2940000000000001
1594 0.2936000000000001
1595 0.29320000000000007
1596 0.29320000000000007
1597 0.29320000000000007
1598 0.29320000000000007
1599 0.29320000000000007
1600 0.29280000000000006
1601 0.29280000000000006
1602 0.29280000000000006
1603 0.29240000000000005
1604 0.29240000000000005
1605 0.29240000000000005
1606 0.29200000000000004
1607 0.29200000000000004
1608 0.29200000000000004
1609 0.29200000000000004
1610 0.29200000000000004
1611 0.29200000000000004
1612 0.2916000000000001
1613 0.2916000000000001
1614 0.2916000000000001
1615 0.2916000000000001
1616 0.29120000000000007
1617 0.29120000000000007
1618 0.2908000000000001
1619 0.2908000000000001
1620 0.2908000000000001
1621 0.2908000000000001
1622 0.2904000000000001
1623 0.2904000000000001
1624 0.2900000000000001
1625 0.2900000000000001
1626 0.2896000000000001
1627 0.2896000000000001
1628 0.2896000000000001
1629 0.2896000000000001
1630 0.28920000000000007
1631 0.28920000000000007
1632 0.28920000000000007
1633 0.2884000000000001
1634 0.2884000000000001
1635 0.2884000000000001
1636 0.2880000000000001
1637 0.2880000000000001
1638 0.2880000000000001
1639 0.28760000000000013
1640 0.28760000000000013
1641 0.28760000000000013
1642 0.28760000000000013
1643 0.28760000000000013
1644 0.28760000000000013
1645 0.28760000000000013
1646 0.28760000000000013
1647 0.28760000000000013
1648 0.28760000000000013
1649 0.2872000000000001
1650 0.28680000000000017
1651 0.28680000000000017
1652 0.28680000000000017
1653 0.28680000000000017
1654 0.2864000000000001
1655 0.2864000000000001
1656 0.28600000000000014
1657 0.28600000000000014
1658 0.2856000000000001
1659 0.2856000000000001
1660 0.2856000000000001
1661 0.2856000000000001
1662 0.2856000000000001
1663 0.2856000000000001
1664 0.2852000000000001
1665 0.2852000000000001
1666 0.2852000000000001
1667 0.2852000000000001
1668 0.2852000000000001
1669 0.2852000000000001
1670 0.2852000000000001
1671 0.28480000000000005
1672 0.2840000000000001
1673 0.2840000000000001
1674 0.2840000000000001
1675 0.2836000000000001
1676 0.2828000000000001
1677 0.2828000000000001
1678 0.2828000000000001
1679 0.2824000000000001
1680 0.2824000000000001
1681 0.2824000000000001
1682 0.2824000000000001
1683 0.2824000000000001
1684 0.2824000000000001
1685 0.2824000000000001
1686 0.2824000000000001
1687 0.2820000000000001
1688 0.28160000000000013
1689 0.28160000000000013
1690 0.28160000000000013
1691 0.28120000000000006
1692 0.28120000000000006
1693 0.28120000000000006
1694 0.28120000000000006
1695 0.28120000000000006
1696 0.28120000000000006
1697 0.28120000000000006
1698 0.28120000000000006
1699 0.28120000000000006
1700 0.28120000000000006
1701 0.28120000000000006
1702 0.28120000000000006
1703 0.28120000000000006
1704 0.28120000000000006
1705 0.28120000000000006
1706 0.28120000000000006
1707 0.28120000000000006
1708 0.28120000000000006
1709 0.28120000000000006
1710 0.2804000000000001
1711 0.2800000000000001
1712 0.2800000000000001
1713 0.2800000000000001
1714 0.2800000000000001
1715 0.2796000000000001
1716 0.2796000000000001
1717 0.2796000000000001
1718 0.2796000000000001
1719 0.2792000000000001
1720 0.2792000000000001
1721 0.2792000000000001
1722 0.2792000000000001
1723 0.2792000000000001
1724 0.2792000000000001
1725 0.2788000000000001
1726 0.2788000000000001
1727 0.2788000000000001
1728 0.2784000000000001
1729 0.2784000000000001
1730 0.27800000000000014
1731 0.27800000000000014
1732 0.2776000000000001
1733 0.2776000000000001
1734 0.2776000000000001
1735 0.2772000000000001
1736 0.2772000000000001
1737 0.2772000000000001
1738 0.2772000000000001
1739 0.2772000000000001
1740 0.2772000000000001
1741 0.2772000000000001
1742 0.2772000000000001
1743 0.2772000000000001
1744 0.2772000000000001
1745 0.2764000000000001
1746 0.27600000000000013
1747 0.2756000000000001
1748 0.2756000000000001
1749 0.2756000000000001
1750 0.2756000000000001
1751 0.27480000000000016
1752 0.27480000000000016
1753 0.27480000000000016
1754 0.27480000000000016
1755 0.27480000000000016
1756 0.27480000000000016
1757 0.27480000000000016
1758 0.27480000000000016
1759 0.27480000000000016
1760 0.27440000000000014
1761 0.27440000000000014
1762 0.2740000000000002
1763 0.2740000000000002
1764 0.2740000000000002
1765 0.2740000000000002
1766 0.2740000000000002
1767 0.2740000000000002
1768 0.2740000000000002
1769 0.2740000000000002
1770 0.2740000000000002
1771 0.2740000000000002
1772 0.2740000000000002
1773 0.2736000000000001
1774 0.2732000000000001
1775 0.2732000000000001
1776 0.2732000000000001
1777 0.2732000000000001
1778 0.2732000000000001
1779 0.2732000000000001
1780 0.2732000000000001
1781 0.2728000000000001
1782 0.2728000000000001
1783 0.2728000000000001
1784 0.2728000000000001
1785 0.2724000000000001
1786 0.2724000000000001
1787 0.2724000000000001
1788 0.2724000000000001
1789 0.2724000000000001
1790 0.2724000000000001
1791 0.2724000000000001
1792 0.2724000000000001
1793 0.2724000000000001
1794 0.2724000000000001
1795 0.2724000000000001
1796 0.2724000000000001
1797 0.2724000000000001
1798 0.2720000000000001
1799 0.2720000000000001
1800 0.2720000000000001
1801 0.27160000000000006
1802 0.27160000000000006
1803 0.2708000000000001
1804 0.2708000000000001
1805 0.2704000000000001
1806 0.2704000000000001
1807 0.2704000000000001
1808 0.2704000000000001
1809 0.2704000000000001
1810 0.2704000000000001
1811 0.27000000000000013
1812 0.27000000000000013
1813 0.27000000000000013
1814 0.27000000000000013
1815 0.27000000000000013
1816 0.27000000000000013
1817 0.27000000000000013
1818 0.26960000000000006
1819 0.2692000000000001
1820 0.2692000000000001
1821 0.2692000000000001
1822 0.2688000000000001
1823 0.2688000000000001
1824 0.2688000000000001
1825 0.2688000000000001
1826 0.2688000000000001
1827 0.2688000000000001
1828 0.2688000000000001
1829 0.2688000000000001
1830 0.2688000000000001
1831 0.2688000000000001
1832 0.2688000000000001
1833 0.2688000000000001
1834 0.2688000000000001
1835 0.2688000000000001
1836 0.2688000000000001
1837 0.2684000000000001
1838 0.2684000000000001
1839 0.2684000000000001
1840 0.2684000000000001
1841 0.2684000000000001
1842 0.2684000000000001
1843 0.2684000000000001
1844 0.2684000000000001
1845 0.2684000000000001
1846 0.2684000000000001
1847 0.2680000000000001
1848 0.2680000000000001
1849 0.2680000000000001
1850 0.2680000000000001
1851 0.2680000000000001
1852 0.2680000000000001
1853 0.2680000000000001
1854 0.2680000000000001
1855 0.26760000000000006
1856 0.26760000000000006
1857 0.26760000000000006
1858 0.26760000000000006
1859 0.26760000000000006
1860 0.26760000000000006
1861 0.26760000000000006
1862 0.26760000000000006
1863 0.26760000000000006
1864 0.26760000000000006
1865 0.26760000000000006
1866 0.26760000000000006
1867 0.26760000000000006
1868 0.26760000000000006
1869 0.26760000000000006
1870 0.26760000000000006
1871 0.26760000000000006
1872 0.26760000000000006
1873 0.26760000000000006
1874 0.26760000000000006
1875 0.2672000000000001
1876 0.2672000000000001
1877 0.2672000000000001
1878 0.2672000000000001
1879 0.2672000000000001
1880 0.2672000000000001
1881 0.2672000000000001
1882 0.2672000000000001
1883 0.2672000000000001
1884 0.2672000000000001
1885 0.2672000000000001
1886 0.2672000000000001
1887 0.2672000000000001
1888 0.2672000000000001
1889 0.2668000000000001
1890 0.2668000000000001
1891 0.2668000000000001
1892 0.2668000000000001
1893 0.2668000000000001
1894 0.2664000000000001
1895 0.26600000000000007
1896 0.26600000000000007
1897 0.26600000000000007
1898 0.26560000000000006
1899 0.26560000000000006
1900 0.26560000000000006
1901 0.26560000000000006
1902 0.26560000000000006
1903 0.26560000000000006
1904 0.26560000000000006
1905 0.26560000000000006
1906 0.26560000000000006
1907 0.26560000000000006
1908 0.26560000000000006
1909 0.26560000000000006
1910 0.26560000000000006
1911 0.26560000000000006
1912 0.26560000000000006
1913 0.26560000000000006
1914 0.26520000000000005
1915 0.26520000000000005
1916 0.26520000000000005
1917 0.26520000000000005
1918 0.26520000000000005
1919 0.26520000000000005
1920 0.26520000000000005
1921 0.26520000000000005
1922 0.26520000000000005
1923 0.26520000000000005
1924 0.26520000000000005
1925 0.26520000000000005
1926 0.26520000000000005
1927 0.26520000000000005
1928 0.26520000000000005
1929 0.26520000000000005
1930 0.26520000000000005
1931 0.2648000000000001
1932 0.2648000000000001
1933 0.2648000000000001
1934 0.2648000000000001
1935 0.2648000000000001
1936 0.2648000000000001
1937 0.2648000000000001
1938 0.2648000000000001
1939 0.2648000000000001
1940 0.2648000000000001
1941 0.2644000000000001
1942 0.2644000000000001
1943 0.2644000000000001
1944 0.26400000000000007
1945 0.26400000000000007
1946 0.26400000000000007
1947 0.26400000000000007
1948 0.26400000000000007
1949 0.26400000000000007
1950 0.26360000000000006
1951 0.26360000000000006
1952 0.2632000000000001
1953 0.2632000000000001
1954 0.2632000000000001
1955 0.2632000000000001
1956 0.2628000000000001
1957 0.2628000000000001
1958 0.2628000000000001
1959 0.2624000000000001
1960 0.2620000000000001
1961 0.2620000000000001
1962 0.26160000000000005
1963 0.26160000000000005
1964 0.26160000000000005
1965 0.26160000000000005
1966 0.26160000000000005
1967 0.26160000000000005
1968 0.26160000000000005
1969 0.26160000000000005
1970 0.26160000000000005
1971 0.26160000000000005
1972 0.2612000000000001
1973 0.26080000000000003
1974 0.26080000000000003
1975 0.26080000000000003
1976 0.26080000000000003
1977 0.26080000000000003
1978 0.26080000000000003
1979 0.2604000000000001
1980 0.2604000000000001
1981 0.26000000000000006
1982 0.26000000000000006
1983 0.26000000000000006
1984 0.26000000000000006
1985 0.26000000000000006
1986 0.26000000000000006
1987 0.26000000000000006
1988 0.26000000000000006
1989 0.26000000000000006
1990 0.26000000000000006
1991 0.26000000000000006
1992 0.26000000000000006
1993 0.26000000000000006
1994 0.26000000000000006
1995 0.26000000000000006
1996 0.26000000000000006
1997 0.26000000000000006
1998 0.25960000000000005
1999 0.25960000000000005
