1 1.0
2 1.0
3 1.0
4 1.0
5 1.0
6 0.998
7 0.994
8 0.99
9 0.99
10 0.99
11 0.99
12 0.99
13 0.9879999999999999
14 0.984
15 0.9719999999999999
16 0.9719999999999999
17 0.9719999999999999
18 0.9719999999999999
19 0.9719999999999999
20 0.9719999999999999
21 0.9719999999999999
22 0.97
23 0.97
24 0.968
25 0.9640000000000001
26 0.9640000000000001
27 0.962
28 0.962
29 0.96
30 0.96
31 0.96
32 0.96
33 0.96
34 0.96
35 0.96
36 0.96
37 0.96
38 0.96
39 0.96
40 0.96
41 0.96
42 0.96
43 0.96
44 0.96
45 0.96
46 0.96
47 0.96
48 0.96
49 0.96
50 0.96
51 0.96
52 0.96
53 0.958
54 0.958
55 0.958
56 0.958
57 0.958
58 0.958
59 0.958
60 0.958
61 0.958
62 0.958
63 0.9560000000000001
64 0.9560000000000001
65 0.9560000000000001
66 0.9540000000000001
67 0.952
68 0.952
69 0.952
70 0.95
71 0.95
72 0.95
73 0.95
74 0.95
75 0.95
76 0.95
77 0.95
78 0.95
79 0.9480000000000001
80 0.9480000000000001
81 0.9460000000000001
82 0.9460000000000001
83 0.9460000000000001
84 0.9460000000000001
85 0.9460000000000001
86 0.9460000000000001
87 0.9460000000000001
88 0.9440000000000002
89 0.9440000000000002
90 0.942
91 0.942
92 0.942
93 0.942
94 0.942
95 0.942
96 0.9400000000000001
97 0.9400000000000001
98 0.9400000000000001
99 0.9380000000000001
100 0.9380000000000001
101 0.9380000000000001
102 0.9359999999999999
103 0.9359999999999999
104 0.9359999999999999
105 0.9359999999999999
106 0.9359999999999999
107 0.9359999999999999
108 0.9359999999999999
109 0.9359999999999999
110 0.9339999999999999
111 0.9339999999999999
112 0.9339999999999999
113 0.9339999999999999
114 0.932
115 0.93
116 0.9280000000000002
117 0.9280000000000002
118 0.9280000000000002
119 0.9280000000000002
120 0.9280000000000002
121 0.9260000000000002
122 0.9260000000000002
123 0.9260000000000002
124 0.9260000000000002
125 0.9260000000000002
126 0.9260000000000002
127 0.9260000000000002
128 0.9260000000000002
129 0.9260000000000002
130 0.9260000000000002
131 0.9260000000000002
132 0.9260000000000002
133 0.924
134 0.924
135 0.924
136 0.922
137 0.922
138 0.922
139 0.922
140 0.922
141 0.9200000000000002
142 0.9200000000000002
143 0.9180000000000001
144 0.9120000000000001
145 0.9120000000000001
146 0.9120000000000001
147 0.9120000000000001
148 0.9100000000000001
149 0.9100000000000001
150 0.9100000000000001
151 0.9100000000000001
152 0.9100000000000001
153 0.9080000000000001
154 0.9080000000000001
155 0.9080000000000001
156 0.9040000000000001
157 0.9040000000000001
158 0.9020000000000001
159 0.9020000000000001
160 0.9020000000000001
161 0.9020000000000001
162 0.9020000000000001
163 0.9
164 0.9
165 0.9
166 0.9
167 0.9
168 0.898
169 0.898
170 0.898
171 0.898
172 0.898
173 0.898
174 0.8960000000000001
175 0.8940000000000001
176 0.8940000000000001
177 0.8940000000000001
178 0.8920000000000001
179 0.8920000000000001
180 0.8920000000000001
181 0.8920000000000001
182 0.8900000000000002
183 0.8900000000000002
184 0.8900000000000002
185 0.8900000000000002
186 0.8900000000000002
187 0.8900000000000002
188 0.8900000000000002
189 0.8900000000000002
190 0.8900000000000002
191 0.8880000000000001
192 0.8880000000000001
193 0.884
194 0.884
195 0.882
196 0.882
197 0.8800000000000001
198 0.8800000000000001
199 0.876
200 0.876
201 0.876
202 0.876
203 0.876
204 0.876
205 0.874
206 0.874
207 0.8720000000000001
208 0.8720000000000001
209 0.8720000000000001
210 0.8720000000000001
211 0.8720000000000001
212 0.8720000000000001
213 0.8720000000000001
214 0.8720000000000001
215 0.8720000000000001
216 0.8700000000000001
217 0.8700000000000001
218 0.8700000000000001
219 0.8700000000000001
220 0.8700000000000001
221 0.8700000000000001
222 0.868
223 0.866
224 0.866
225 0.866
226 0.866
227 0.866
228 0.866
229 0.866
230 0.8640000000000001
231 0.8619999999999999
232 0.8619999999999999
233 0.86
234 0.858
235 0.858
236 0.858
237 0.858
238 0.858
239 0.8560000000000001
240 0.8560000000000001
241 0.8560000000000001
242 0.8560000000000001
243 0.8539999999999999
244 0.8539999999999999
245 0.8539999999999999
246 0.8539999999999999
247 0.8539999999999999
248 0.85
249 0.85
250 0.85
251 0.85
252 0.85
253 0.85
254 0.8480000000000001
255 0.8480000000000001
256 0.8480000000000001
257 0.8480000000000001
258 0.8480000000000001
259 0.8480000000000001
260 0.8480000000000001
261 0.8480000000000001
262 0.8459999999999999
263 0.8459999999999999
264 0.8459999999999999
265 0.8459999999999999
266 0.8459999999999999
267 0.8459999999999999
268 0.8459999999999999
269 0.8459999999999999
270 0.8459999999999999
271 0.8459999999999999
272 0.844
273 0.844
274 0.844
275 0.842
276 0.842
277 0.842
278 0.842
279 0.842
280 0.842
281 0.8400000000000001
282 0.8400000000000001
283 0.8400000000000001
284 0.8379999999999999
285 0.8379999999999999
286 0.8379999999999999
287 0.836
288 0.836
289 0.836
290 0.836
291 0.836
292 0.834
293 0.834
294 0.834
295 0.834
296 0.8320000000000001
297 0.8320000000000001
298 0.8300000000000001
299 0.828
300 0.828
301 0.828
302 0.828
303 0.826
304 0.826
305 0.826
306 0.8220000000000001
307 0.8220000000000001
308 0.8220000000000001
309 0.8220000000000001
310 0.8220000000000001
311 0.8220000000000001
312 0.8220000000000001
313 0.8220000000000001
314 0.8220000000000001
315 0.8220000000000001
316 0.8200000000000001
317 0.8200000000000001
318 0.8200000000000001
319 0.8200000000000001
320 0.8200000000000001
321 0.8200000000000001
322 0.8200000000000001
323 0.8200000000000001
324 0.8160000000000001
325 0.8140000000000001
326 0.8140000000000001
327 0.8140000000000001
328 0.8140000000000001
329 0.8140000000000001
330 0.8140000000000001
331 0.8140000000000001
332 0.8140000000000001
333 0.8140000000000001
334 0.8140000000000001
335 0.8119999999999999
336 0.8119999999999999
337 0.8099999999999999
338 0.8099999999999999
339 0.8099999999999999
340 0.808
341 0.808
342 0.808
343 0.808
344 0.808
345 0.806
346 0.806
347 0.806
348 0.806
349 0.806
350 0.806
351 0.804
352 0.804
353 0.8019999999999999
354 0.8
355 0.8
356 0.8
357 0.8
358 0.8
359 0.8
360 0.798
361 0.798
362 0.798
363 0.796
364 0.796
365 0.796
366 0.796
367 0.796
368 0.796
369 0.796
370 0.796
371 0.792
372 0.792
373 0.792
374 0.792
375 0.792
376 0.792
377 0.792
378 0.792
379 0.792
380 0.792
381 0.792
382 0.792
383 0.792
384 0.788
385 0.788
386 0.788
387 0.788
388 0.788
389 0.788
390 0.788
391 0.788
392 0.788
393 0.788
394 0.7860000000000001
395 0.7860000000000001
396 0.7860000000000001
397 0.7860000000000001
398 0.7860000000000001
399 0.7840000000000001
400 0.7840000000000001
401 0.782
402 0.782
403 0.782
404 0.782
405 0.782
406 0.78
407 0.78
408 0.7779999999999999
409 0.776
410 0.776
411 0.776
412 0.776
413 0.774
414 0.774
415 0.774
416 0.774
417 0.774
418 0.774
419 0.774
420 0.774
421 0.774
422 0.774
423 0.774
424 0.7700000000000001
425 0.768
426 0.768
427 0.768
428 0.766
429 0.766
430 0.766
431 0.766
432 0.766
433 0.766
434 0.766
435 0.766
436 0.766
437 0.766
438 0.766
439 0.766
440 0.766
441 0.766
442 0.7619999999999999
443 0.7619999999999999
444 0.7619999999999999
445 0.7619999999999999
446 0.7619999999999999
447 0.7619999999999999
448 0.7619999999999999
449 0.7619999999999999
450 0.7619999999999999
451 0.76
452 0.76
453 0.76
454 0.76
455 0.76
456 0.76
457 0.76
458 0.758
459 0.758
460 0.758
461 0.758
462 0.758
463 0.756
464 0.756
465 0.756
466 0.756
467 0.756
468 0.756
469 0.756
470 0.7540000000000001
471 0.7540000000000001
472 0.7520000000000001
473 0.75
474 0.75
475 0.75
476 0.75
477 0.75
478 0.75
479 0.748
480 0.748
481 0.748
482 0.748
483 0.748
484 0.748
485 0.748
486 0.748
487 0.748
488 0.748
489 0.748
490 0.748
491 0.748
492 0.748
493 0.7440000000000001
494 0.7440000000000001
495 0.742
496 0.74
497 0.74
498 0.74
499 0.74
500 0.74
501 0.7360000000000001
502 0.734
503 0.734
504 0.734
505 0.734
506 0.734
507 0.734
508 0.734
509 0.734
510 0.734
511 0.734
512 0.734
513 0.734
514 0.734
515 0.734
516 0.734
517 0.734
518 0.732
519 0.732
520 0.732
521 0.732
522 0.732
523 0.732
524 0.732
525 0.732
526 0.73
527 0.73
528 0.73
529 0.73
530 0.73
531 0.73
532 0.73
533 0.728
534 0.728
535 0.728
536 0.728
537 0.726
538 0.726
539 0.726
540 0.724
541 0.724
542 0.724
543 0.724
544 0.724
545 0.7220000000000001
546 0.7220000000000001
547 0.7200000000000001
548 0.7200000000000001
549 0.7200000000000001
550 0.7200000000000001
551 0.716
552 0.716
553 0.716
554 0.716
555 0.716
556 0.716
557 0.714
558 0.714
559 0.712
560 0.712
561 0.71
562 0.71
563 0.71
564 0.71
565 0.71
566 0.71
567 0.71
568 0.71
569 0.706
570 0.706
571 0.706
572 0.706
573 0.706
574 0.704
575 0.704
576 0.704
577 0.7020000000000001
578 0.7020000000000001
579 0.7000000000000001
580 0.7000000000000001
581 0.7000000000000001
582 0.7000000000000001
583 0.7000000000000001
584 0.7000000000000001
585 0.7000000000000001
586 0.6980000000000001
587 0.696
588 0.696
589 0.696
590 0.696
591 0.696
592 0.6940000000000001
593 0.6940000000000001
594 0.6940000000000001
595 0.6940000000000001
596 0.692
597 0.692
598 0.692
599 0.692
600 0.692
601 0.692
602 0.692
603 0.692
604 0.692
605 0.692
606 0.692
607 0.692
608 0.692
609 0.692
610 0.692
611 0.692
612 0.692
613 0.692
614 0.692
615 0.692
616 0.692
617 0.692
618 0.692
619 0.6900000000000001
620 0.6900000000000001
621 0.6900000000000001
622 0.6900000000000001
623 0.6900000000000001
624 0.6900000000000001
625 0.6880000000000001
626 0.6880000000000001
627 0.6880000000000001
628 0.6880000000000001
629 0.6880000000000001
630 0.686
631 0.684
632 0.684
633 0.684
634 0.684
635 0.684
636 0.684
637 0.684
638 0.684
639 0.684
640 0.682
641 0.6799999999999999
642 0.6799999999999999
643 0.6799999999999999
644 0.678
645 0.678
646 0.678
647 0.676
648 0.674
649 0.674
650 0.674
651 0.674
652 0.674
653 0.674
654 0.672
655 0.672
656 0.672
657 0.672
658 0.672
659 0.672
660 0.672
661 0.672
662 0.672
663 0.672
664 0.672
665 0.67
666 0.67
667 0.67
668 0.67
669 0.67
670 0.668
671 0.668
672 0.666
673 0.666
674 0.666
675 0.666
676 0.666
677 0.666
678 0.666
679 0.666
680 0.664
681 0.664
682 0.664
683 0.66
684 0.66
685 0.66
686 0.66
687 0.66
688 0.66
689 0.66
690 0.66
691 0.66
692 0.658
693 0.6559999999999999
694 0.6559999999999999
695 0.6559999999999999
696 0.6479999999999999
697 0.6479999999999999
698 0.6479999999999999
699 0.6479999999999999
700 0.6479999999999999
701 0.6479999999999999
702 0.6479999999999999
703 0.6479999999999999
704 0.6479999999999999
705 0.6479999999999999
706 0.644
707 0.644
708 0.6420000000000001
709 0.6420000000000001
710 0.6420000000000001
711 0.6420000000000001
712 0.6420000000000001
713 0.6420000000000001
714 0.6420000000000001
715 0.6420000000000001
716 0.6420000000000001
717 0.6420000000000001
718 0.6420000000000001
719 0.6420000000000001
720 0.6420000000000001
721 0.6420000000000001
722 0.6420000000000001
723 0.6420000000000001
724 0.6420000000000001
725 0.6420000000000001
726 0.6400000000000001
727 0.6400000000000001
728 0.6400000000000001
729 0.6380000000000001
730 0.6380000000000001
731 0.6380000000000001
732 0.6380000000000001
733 0.6380000000000001
734 0.6380000000000001
735 0.6380000000000001
736 0.6380000000000001
737 0.6380000000000001
738 0.636
739 0.636
740 0.636
741 0.636
742 0.6320000000000001
743 0.63
744 0.63
745 0.628
746 0.628
747 0.628
748 0.628
749 0.628
750 0.628
751 0.628
752 0.628
753 0.628
754 0.628
755 0.628
756 0.628
757 0.628
758 0.628
759 0.628
760 0.628
761 0.628
762 0.628
763 0.628
764 0.628
765 0.628
766 0.6260000000000001
767 0.6260000000000001
768 0.6240000000000001
769 0.6240000000000001
770 0.6220000000000001
771 0.6220000000000001
772 0.6220000000000001
773 0.6220000000000001
774 0.6200000000000001
775 0.6200000000000001
776 0.6180000000000001
777 0.6180000000000001
778 0.6180000000000001
779 0.6180000000000001
780 0.6180000000000001
781 0.6180000000000001
782 0.6160000000000001
783 0.6160000000000001
784 0.6160000000000001
785 0.6160000000000001
786 0.6160000000000001
787 0.6160000000000001
788 0.6160000000000001
789 0.6140000000000001
790 0.6140000000000001
791 0.6120000000000001
792 0.6120000000000001
793 0.6120000000000001
794 0.6120000000000001
795 0.6120000000000001
796 0.6120000000000001
797 0.6120000000000001
798 0.6120000000000001
799 0.6120000000000001
800 0.6120000000000001
801 0.6120000000000001
802 0.6120000000000001
803 0.6120000000000001
804 0.6120000000000001
805 0.6100000000000001
806 0.6100000000000001
807 0.6100000000000001
808 0.6100000000000001
809 0.6100000000000001
810 0.6100000000000001
811 0.6100000000000001
812 0.6100000000000001
813 0.6100000000000001
814 0.6100000000000001
815 0.6100000000000001
816 0.6080000000000001
817 0.6080000000000001
818 0.6080000000000001
819 0.6080000000000001
820 0.6080000000000001
821 0.6080000000000001
822 0.6080000000000001
823 0.6080000000000001
824 0.6060000000000001
825 0.6060000000000001
826 0.6060000000000001
827 0.6060000000000001
828 0.6060000000000001
829 0.6060000000000001
830 0.6060000000000001
831 0.6060000000000001
832 0.6060000000000001
833 0.6060000000000001
834 0.6060000000000001
835 0.6060000000000001
836 0.6060000000000001
837 0.6060000000000001
838 0.6060000000000001
839 0.6060000000000001
840 0.6060000000000001
841 0.6060000000000001
842 0.6040000000000001
843 0.6040000000000001
844 0.6040000000000001
845 0.6040000000000001
846 0.6040000000000001
847 0.6040000000000001
848 0.6040000000000001
849 0.6040000000000001
850 0.6040000000000001
851 0.6040000000000001
852 0.6040000000000001
853 0.6040000000000001
854 0.6040000000000001
855 0.6020000000000001
856 0.6020000000000001
857 0.6000000000000001
858 0.6000000000000001
859 0.6000000000000001
860 0.6000000000000001
861 0.6000000000000001
862 0.6000000000000001
863 0.6000000000000001
864 0.6000000000000001
865 0.6000000000000001
866 0.6000000000000001
867 0.6000000000000001
868 0.5980000000000001
869 0.5980000000000001
870 0.5960000000000001
871 0.5940000000000001
872 0.5940000000000001
873 0.5940000000000001
874 0.5940000000000001
875 0.5940000000000001
876 0.5940000000000001
877 0.5940000000000001
878 0.5940000000000001
879 0.5940000000000001
880 0.5940000000000001
881 0.5940000000000001
882 0.5940000000000001
883 0.5940000000000001
884 0.5940000000000001
885 0.5940000000000001
886 0.5940000000000001
887 0.5940000000000001
888 0.5940000000000001
889 0.592
890 0.592
891 0.592
892 0.592
893 0.592
894 0.5900000000000001
895 0.5900000000000001
896 0.5900000000000001
897 0.5900000000000001
898 0.5900000000000001
899 0.5900000000000001
900 0.588
901 0.588
902 0.588
903 0.588
904 0.586
905 0.586
906 0.586
907 0.586
908 0.584
909 0.584
910 0.584
911 0.584
912 0.584
913 0.584
914 0.584
915 0.584
916 0.584
917 0.584
918 0.584
919 0.584
920 0.584
921 0.584
922 0.584
923 0.584
924 0.584
925 0.584
926 0.584
927 0.584
928 0.584
929 0.5820000000000001
930 0.5820000000000001
931 0.5820000000000001
932 0.5799999999999998
933 0.5799999999999998
934 0.5799999999999998
935 0.578
936 0.578
937 0.576
938 0.576
939 0.576
940 0.576
941 0.5740000000000001
942 0.5740000000000001
943 0.5740000000000001
944 0.5740000000000001
945 0.5740000000000001
946 0.5740000000000001
947 0.5740000000000001
948 0.5740000000000001
949 0.5740000000000001
950 0.5740000000000001
951 0.5740000000000001
952 0.5740000000000001
953 0.5740000000000001
954 0.5720000000000001
955 0.5720000000000001
956 0.5700000000000001
957 0.5700000000000001
958 0.5700000000000001
959 0.5700000000000001
960 0.5700000000000001
961 0.568
962 0.568
963 0.568
964 0.568
965 0.564
966 0.564
967 0.564
968 0.564
969 0.564
970 0.564
971 0.564
972 0.564
973 0.564
974 0.564
975 0.562
976 0.562
977 0.562
978 0.562
979 0.562
980 0.562
981 0.562
982 0.562
983 0.5599999999999999
984 0.558
985 0.558
986 0.558
987 0.558
988 0.558
989 0.558
990 0.558
991 0.558
992 0.558
993 0.558
994 0.558
995 0.558
996 0.558
997 0.558
998 0.558
999 0.558
