1 1.0
2 1.0
3 1.0
4 1.0
5 0.9960000000000001
6 0.9940000000000001
7 0.992
8 0.9800000000000001
9 0.9780000000000001
10 0.968
11 0.9560000000000001
12 0.9540000000000001
13 0.952
14 0.9480000000000001
15 0.944
16 0.942
17 0.9260000000000002
18 0.916
19 0.9119999999999999
20 0.908
21 0.898
22 0.8920000000000001
23 0.884
24 0.8779999999999999
25 0.8720000000000001
26 0.868
27 0.866
28 0.858
29 0.8459999999999999
30 0.8379999999999999
31 0.8320000000000001
32 0.8160000000000001
33 0.804
34 0.7899999999999999
35 0.786
36 0.78
37 0.7740000000000001
38 0.7659999999999999
39 0.764
40 0.752
41 0.744
42 0.736
43 0.7299999999999999
44 0.728
45 0.718
46 0.712
47 0.708
48 0.706
49 0.698
50 0.694
51 0.688
52 0.6839999999999999
53 0.6760000000000002
54 0.658
55 0.658
56 0.656
57 0.6460000000000001
58 0.6460000000000001
59 0.64
60 0.6359999999999999
61 0.632
62 0.624
63 0.6199999999999999
64 0.616
65 0.6140000000000001
66 0.61
67 0.6060000000000001
68 0.602
69 0.5999999999999999
70 0.5899999999999999
71 0.5879999999999999
72 0.586
73 0.586
74 0.584
75 0.5820000000000001
76 0.5780000000000001
77 0.574
78 0.572
79 0.5700000000000001
80 0.5700000000000001
81 0.568
82 0.568
83 0.5640000000000001
84 0.5640000000000001
85 0.562
86 0.556
87 0.554
88 0.55
89 0.55
90 0.548
91 0.548
92 0.546
93 0.542
94 0.542
95 0.542
96 0.542
97 0.538
98 0.532
99 0.5280000000000001
100 0.5280000000000001
101 0.5280000000000001
102 0.526
103 0.518
104 0.5160000000000001
105 0.5160000000000001
106 0.514
107 0.5080000000000001
108 0.506
109 0.506
110 0.5040000000000001
111 0.502
112 0.502
113 0.5
114 0.5
115 0.49800000000000005
116 0.492
117 0.488
118 0.488
119 0.48600000000000004
120 0.48600000000000004
121 0.48600000000000004
122 0.484
123 0.484
124 0.484
125 0.48
126 0.47800000000000004
127 0.47400000000000003
128 0.472
129 0.472
130 0.47000000000000003
131 0.47000000000000003
132 0.47000000000000003
133 0.47000000000000003
134 0.46799999999999997
135 0.46799999999999997
136 0.462
137 0.462
138 0.4600000000000001
139 0.4580000000000001
140 0.4580000000000001
141 0.45600000000000007
142 0.45600000000000007
143 0.45600000000000007
144 0.45600000000000007
145 0.45600000000000007
146 0.454
147 0.454
148 0.45000000000000007
149 0.45000000000000007
150 0.446
151 0.44400000000000006
152 0.44400000000000006
153 0.44400000000000006
154 0.44400000000000006
155 0.44400000000000006
156 0.44400000000000006
157 0.442
158 0.442
159 0.44000000000000006
160 0.438
161 0.43600000000000005
162 0.43600000000000005
163 0.43200000000000005
164 0.43
165 0.43
166 0.43
167 0.43
168 0.43
169 0.42800000000000005
170 0.42800000000000005
171 0.42800000000000005
172 0.426
173 0.426
174 0.422
175 0.41800000000000004
176 0.41800000000000004
177 0.41600000000000004
178 0.41600000000000004
179 0.41600000000000004
180 0.41200000000000003
181 0.41000000000000003
182 0.40800000000000003
183 0.40800000000000003
184 0.40800000000000003
185 0.402
186 0.402
187 0.4
188 0.4
189 0.398
190 0.394
191 0.394
192 0.394
193 0.394
194 0.394
195 0.394
196 0.394
197 0.392
198 0.39
199 0.39
200 0.39
201 0.39
202 0.39
203 0.39
204 0.39
205 0.39
206 0.39
207 0.388
208 0.388
209 0.386
210 0.386
211 0.386
212 0.386
213 0.384
214 0.384
215 0.384
216 0.38
217 0.38
218 0.38
219 0.38
220 0.378
221 0.378
222 0.376
223 0.376
224 0.376
225 0.374
226 0.372
227 0.368
228 0.366
229 0.364
230 0.364
231 0.364
232 0.362
233 0.362
234 0.36
235 0.358
236 0.358
237 0.358
238 0.356
239 0.354
240 0.354
241 0.354
242 0.354
243 0.354
244 0.354
245 0.354
246 0.354
247 0.354
248 0.354
249 0.354
250 0.352
251 0.35
252 0.35
253 0.35
254 0.35
255 0.348
256 0.346
257 0.346
258 0.346
259 0.346
260 0.344
261 0.344
262 0.344
263 0.344
264 0.34199999999999997
265 0.33999999999999997
266 0.33999999999999997
267 0.33999999999999997
268 0.33999999999999997
269 0.33799999999999997
270 0.33599999999999997
271 0.33399999999999996
272 0.33399999999999996
273 0.33399999999999996
274 0.33399999999999996
275 0.33399999999999996
276 0.33399999999999996
277 0.33199999999999996
278 0.33199999999999996
279 0.33199999999999996
280 0.33199999999999996
281 0.33199999999999996
282 0.33199999999999996
283 0.33199999999999996
284 0.33199999999999996
285 0.33199999999999996
286 0.33199999999999996
287 0.32999999999999996
288 0.32999999999999996
289 0.32999999999999996
290 0.32999999999999996
291 0.32999999999999996
292 0.32999999999999996
293 0.32799999999999996
294 0.32799999999999996
295 0.32799999999999996
296 0.32799999999999996
297 0.32799999999999996
298 0.32799999999999996
299 0.32799999999999996
300 0.32799999999999996
301 0.32599999999999996
302 0.32599999999999996
303 0.32599999999999996
304 0.32599999999999996
305 0.32599999999999996
306 0.32599999999999996
307 0.32599999999999996
308 0.32599999999999996
309 0.32399999999999995
310 0.32399999999999995
311 0.32399999999999995
312 0.32399999999999995
313 0.32399999999999995
314 0.32399999999999995
315 0.32399999999999995
316 0.32199999999999995
317 0.32199999999999995
318 0.32199999999999995
319 0.32199999999999995
320 0.32199999999999995
321 0.32199999999999995
322 0.31999999999999995
323 0.31999999999999995
324 0.31999999999999995
325 0.31999999999999995
326 0.31999999999999995
327 0.31999999999999995
328 0.31999999999999995
329 0.31999999999999995
330 0.31999999999999995
331 0.31599999999999995
332 0.31599999999999995
333 0.31599999999999995
334 0.31399999999999995
335 0.31399999999999995
336 0.31199999999999994
337 0.31199999999999994
338 0.31199999999999994
339 0.31199999999999994
340 0.31199999999999994
341 0.31199999999999994
342 0.31199999999999994
343 0.31199999999999994
344 0.31199999999999994
345 0.31199999999999994
346 0.31199999999999994
347 0.31199999999999994
348 0.31199999999999994
349 0.30999999999999994
350 0.30999999999999994
351 0.30799999999999994
352 0.30799999999999994
353 0.30799999999999994
354 0.30799999999999994
355 0.30799999999999994
356 0.30799999999999994
357 0.30799999999999994
358 0.30799999999999994
359 0.30799999999999994
360 0.30799999999999994
361 0.30799999999999994
362 0.30799999999999994
363 0.30799999999999994
364 0.30799999999999994
365 0.30799999999999994
366 0.30799999999999994
367 0.30799999999999994
368 0.30799999999999994
369 0.30799999999999994
370 0.30799999999999994
371 0.30599999999999994
372 0.30599999999999994
373 0.30599999999999994
374 0.30599999999999994
375 0.304
376 0.304
377 0.304
378 0.304
379 0.30199999999999994
380 0.30199999999999994
381 0.3
382 0.3
383 0.3
384 0.29799999999999993
385 0.29799999999999993
386 0.29799999999999993
387 0.296
388 0.296
389 0.296
390 0.296
391 0.29400000000000004
392 0.292
393 0.292
394 0.292
395 0.292
396 0.292
397 0.292
398 0.292
399 0.292
400 0.292
401 0.292
402 0.292
403 0.292
404 0.292
405 0.292
406 0.292
407 0.292
408 0.292
409 0.292
410 0.292
411 0.292
412 0.292
413 0.292
414 0.292
415 0.292
416 0.292
417 0.292
418 0.292
419 0.292
420 0.292
421 0.292
422 0.292
423 0.292
424 0.292
425 0.28600000000000003
426 0.284
427 0.284
428 0.284
429 0.284
430 0.284
431 0.284
432 0.284
433 0.284
434 0.284
435 0.284
436 0.28200000000000003
437 0.28200000000000003
438 0.28200000000000003
439 0.28200000000000003
440 0.28200000000000003
441 0.28200000000000003
442 0.28200000000000003
443 0.28200000000000003
444 0.27999999999999997
445 0.27999999999999997
446 0.27999999999999997
447 0.27999999999999997
448 0.27999999999999997
449 0.27999999999999997
450 0.27999999999999997
451 0.27999999999999997
452 0.27999999999999997
453 0.27999999999999997
454 0.278
455 0.278
456 0.27599999999999997
457 0.27599999999999997
458 0.27599999999999997
459 0.27599999999999997
460 0.27599999999999997
461 0.27599999999999997
462 0.27599999999999997
463 0.27599999999999997
464 0.27599999999999997
465 0.27599999999999997
466 0.27599999999999997
467 0.27599999999999997
468 0.27599999999999997
469 0.27599999999999997
470 0.27599999999999997
471 0.274
472 0.274
473 0.274
474 0.274
475 0.274
476 0.27199999999999996
477 0.27199999999999996
478 0.27199999999999996
479 0.27199999999999996
480 0.27199999999999996
481 0.27
482 0.27
483 0.27
484 0.26799999999999996
485 0.26799999999999996
486 0.26799999999999996
487 0.26799999999999996
488 0.26799999999999996
489 0.26799999999999996
490 0.26799999999999996
491 0.26799999999999996
492 0.26799999999999996
493 0.26799999999999996
494 0.26799999999999996
495 0.26799999999999996
496 0.26799999999999996
497 0.26799999999999996
498 0.26799999999999996
499 0.266
500 0.266
501 0.266
502 0.266
503 0.266
504 0.266
505 0.266
506 0.26399999999999996
507 0.26399999999999996
508 0.26399999999999996
509 0.262
510 0.262
511 0.26000000000000006
512 0.26000000000000006
513 0.25600000000000006
514 0.25600000000000006
515 0.25600000000000006
516 0.25600000000000006
517 0.25600000000000006
518 0.25600000000000006
519 0.25600000000000006
520 0.25600000000000006
521 0.25600000000000006
522 0.25600000000000006
523 0.25600000000000006
524 0.25600000000000006
525 0.25600000000000006
526 0.25600000000000006
527 0.25600000000000006
528 0.25600000000000006
529 0.254
530 0.254
531 0.254
532 0.254
533 0.254
534 0.254
535 0.254
536 0.254
537 0.254
538 0.254
539 0.254
540 0.254
541 0.254
542 0.254
543 0.254
544 0.254
545 0.254
546 0.254
547 0.254
548 0.254
549 0.254
550 0.254
551 0.254
552 0.254
553 0.254
554 0.25200000000000006
555 0.25200000000000006
556 0.25200000000000006
557 0.25200000000000006
558 0.25200000000000006
559 0.25200000000000006
560 0.25200000000000006
561 0.25200000000000006
562 0.25200000000000006
563 0.25200000000000006
564 0.25200000000000006
565 0.25200000000000006
566 0.25200000000000006
567 0.25200000000000006
568 0.25200000000000006
569 0.25200000000000006
570 0.25200000000000006
571 0.25200000000000006
572 0.25200000000000006
573 0.25200000000000006
574 0.25200000000000006
575 0.25200000000000006
576 0.25200000000000006
577 0.25200000000000006
578 0.25200000000000006
579 0.25200000000000006
580 0.25200000000000006
581 0.25200000000000006
582 0.25200000000000006
583 0.25200000000000006
584 0.25200000000000006
585 0.25200000000000006
586 0.25200000000000006
587 0.25
588 0.25
589 0.25
590 0.25
591 0.25
592 0.25
593 0.25
594 0.25
595 0.25
596 0.25
597 0.24800000000000005
598 0.24800000000000005
599 0.24800000000000005
600 0.24800000000000005
601 0.24800000000000005
602 0.24800000000000005
603 0.24800000000000005
604 0.24800000000000005
605 0.24800000000000005
606 0.24800000000000005
607 0.24800000000000005
608 0.24800000000000005
609 0.24800000000000005
610 0.24800000000000005
611 0.24800000000000005
612 0.24800000000000005
613 0.24800000000000005
614 0.24800000000000005
615 0.24800000000000005
616 0.24800000000000005
617 0.24800000000000005
618 0.24800000000000005
619 0.246
620 0.246
621 0.246
622 0.246
623 0.246
624 0.246
625 0.246
626 0.246
627 0.246
628 0.246
629 0.246
630 0.246
631 0.246
632 0.246
633 0.246
634 0.246
635 0.246
636 0.246
637 0.246
638 0.246
639 0.246
640 0.246
641 0.246
642 0.246
643 0.246
644 0.246
645 0.246
646 0.246
647 0.24400000000000005
648 0.24400000000000005
649 0.24400000000000005
650 0.24400000000000005
651 0.24400000000000005
652 0.24400000000000005
653 0.24400000000000005
654 0.24400000000000005
655 0.24400000000000005
656 0.24400000000000005
657 0.24400000000000005
658 0.24400000000000005
659 0.24400000000000005
660 0.24400000000000005
661 0.24400000000000005
662 0.24400000000000005
663 0.24400000000000005
664 0.24400000000000005
665 0.24400000000000005
666 0.24400000000000005
667 0.24400000000000005
668 0.24400000000000005
669 0.24400000000000005
670 0.24400000000000005
671 0.24400000000000005
672 0.24400000000000005
673 0.24400000000000005
674 0.24400000000000005
675 0.24400000000000005
676 0.24400000000000005
677 0.24400000000000005
678 0.24400000000000005
679 0.24400000000000005
680 0.24400000000000005
681 0.242
682 0.242
683 0.242
684 0.242
685 0.242
686 0.242
687 0.242
688 0.242
689 0.242
690 0.242
691 0.242
692 0.242
693 0.242
694 0.242
695 0.242
696 0.242
697 0.242
698 0.242
699 0.242
700 0.242
701 0.242
702 0.242
703 0.242
704 0.242
705 0.242
706 0.242
707 0.24000000000000005
708 0.24000000000000005
709 0.24000000000000005
710 0.24000000000000005
711 0.24000000000000005
712 0.24000000000000005
713 0.24000000000000005
714 0.24000000000000005
715 0.24000000000000005
716 0.24000000000000005
717 0.24000000000000005
718 0.24000000000000005
719 0.24000000000000005
720 0.24000000000000005
721 0.238
722 0.238
723 0.238
724 0.23600000000000004
725 0.23600000000000004
726 0.23600000000000004
727 0.23600000000000004
728 0.23600000000000004
729 0.23600000000000004
730 0.23600000000000004
731 0.23600000000000004
732 0.23600000000000004
733 0.23600000000000004
734 0.23600000000000004
735 0.23600000000000004
736 0.23600000000000004
737 0.23600000000000004
738 0.23600000000000004
739 0.23600000000000004
740 0.23600000000000004
741 0.23600000000000004
742 0.23600000000000004
743 0.23600000000000004
744 0.23600000000000004
745 0.23399999999999999
746 0.23399999999999999
747 0.23399999999999999
748 0.23399999999999999
749 0.23399999999999999
750 0.23200000000000004
751 0.23200000000000004
752 0.23200000000000004
753 0.23200000000000004
754 0.23200000000000004
755 0.22999999999999998
756 0.22999999999999998
757 0.22999999999999998
758 0.22999999999999998
759 0.22999999999999998
760 0.22999999999999998
761 0.22999999999999998
762 0.22999999999999998
763 0.22999999999999998
764 0.22999999999999998
765 0.22999999999999998
766 0.22800000000000004
767 0.22800000000000004
768 0.22599999999999998
769 0.22599999999999998
770 0.22599999999999998
771 0.22599999999999998
772 0.22599999999999998
773 0.22599999999999998
774 0.22599999999999998
775 0.22599999999999998
776 0.22599999999999998
777 0.22599999999999998
778 0.22599999999999998
779 0.22599999999999998
780 0.22599999999999998
781 0.22599999999999998
782 0.22599999999999998
783 0.22599999999999998
784 0.22599999999999998
785 0.22599999999999998
786 0.22599999999999998
787 0.22599999999999998
788 0.22399999999999998
789 0.22399999999999998
790 0.22399999999999998
791 0.22399999999999998
792 0.22399999999999998
793 0.22399999999999998
794 0.22399999999999998
795 0.22399999999999998
796 0.22399999999999998
797 0.22399999999999998
798 0.22399999999999998
799 0.22399999999999998
800 0.22399999999999998
801 0.22399999999999998
802 0.22399999999999998
803 0.22399999999999998
804 0.22399999999999998
805 0.22399999999999998
806 0.22399999999999998
807 0.22399999999999998
808 0.22399999999999998
809 0.22399999999999998
810 0.22399999999999998
811 0.22399999999999998
812 0.22399999999999998
813 0.22399999999999998
814 0.22399999999999998
815 0.22399999999999998
816 0.22399999999999998
817 0.22399999999999998
818 0.22399999999999998
819 0.22399999999999998
820 0.22399999999999998
821 0.22399999999999998
822 0.22399999999999998
823 0.22399999999999998
824 0.22399999999999998
825 0.22399999999999998
826 0.22399999999999998
827 0.22399999999999998
828 0.22399999999999998
829 0.22399999999999998
830 0.22399999999999998
831 0.22399999999999998
832 0.22399999999999998
833 0.22399999999999998
834 0.22399999999999998
835 0.22399999999999998
836 0.22399999999999998
837 0.22399999999999998
838 0.22399999999999998
839 0.22399999999999998
840 0.22399999999999998
841 0.22399999999999998
842 0.22399999999999998
843 0.22399999999999998
844 0.22399999999999998
845 0.22399999999999998
846 0.22399999999999998
847 0.22399999999999998
848 0.22399999999999998
849 0.22399999999999998
850 0.22399999999999998
851 0.22399999999999998
852 0.22399999999999998
853 0.22399999999999998
854 0.22399999999999998
855 0.22399999999999998
856 0.22399999999999998
857 0.22399999999999998
858 0.22399999999999998
859 0.22399999999999998
860 0.22399999999999998
861 0.22399999999999998
862 0.22399999999999998
863 0.22399999999999998
864 0.22399999999999998
865 0.22399999999999998
866 0.22199999999999998
867 0.22199999999999998
868 0.22199999999999998
869 0.22199999999999998
870 0.22199999999999998
871 0.22199999999999998
872 0.22199999999999998
873 0.22199999999999998
874 0.22199999999999998
875 0.22199999999999998
876 0.22199999999999998
877 0.22199999999999998
878 0.22199999999999998
879 0.22199999999999998
880 0.22199999999999998
881 0.22199999999999998
882 0.22199999999999998
883 0.22199999999999998
884 0.22199999999999998
885 0.22000000000000003
886 0.22000000000000003
887 0.22000000000000003
888 0.22000000000000003
889 0.22000000000000003
890 0.22000000000000003
891 0.22000000000000003
892 0.22000000000000003
893 0.22000000000000003
894 0.22000000000000003
895 0.22000000000000003
896 0.22000000000000003
897 0.22000000000000003
898 0.22000000000000003
899 0.22000000000000003
900 0.22000000000000003
901 0.22000000000000003
902 0.22000000000000003
903 0.22000000000000003
904 0.22000000000000003
905 0.22000000000000003
906 0.22000000000000003
907 0.22000000000000003
908 0.22000000000000003
909 0.22000000000000003
910 0.22000000000000003
911 0.22000000000000003
912 0.22000000000000003
913 0.22000000000000003
914 0.22000000000000003
915 0.22000000000000003
916 0.22000000000000003
917 0.22000000000000003
918 0.22000000000000003
919 0.22000000000000003
920 0.22000000000000003
921 0.22000000000000003
922 0.22000000000000003
923 0.22000000000000003
924 0.22000000000000003
925 0.22000000000000003
926 0.22000000000000003
927 0.22000000000000003
928 0.22000000000000003
929 0.22000000000000003
930 0.22000000000000003
931 0.22000000000000003
932 0.22000000000000003
933 0.22000000000000003
934 0.22000000000000003
935 0.22000000000000003
936 0.22000000000000003
937 0.22000000000000003
938 0.22000000000000003
939 0.22000000000000003
940 0.22000000000000003
941 0.22000000000000003
942 0.22000000000000003
943 0.21800000000000003
944 0.21800000000000003
945 0.21800000000000003
946 0.21800000000000003
947 0.21800000000000003
948 0.21800000000000003
949 0.21800000000000003
950 0.21800000000000003
951 0.21800000000000003
952 0.21800000000000003
953 0.21800000000000003
954 0.21800000000000003
955 0.21800000000000003
956 0.21800000000000003
957 0.21800000000000003
958 0.21800000000000003
959 0.21800000000000003
960 0.21800000000000003
961 0.21800000000000003
962 0.21800000000000003
963 0.21800000000000003
964 0.21800000000000003
965 0.21800000000000003
966 0.21600000000000003
967 0.21600000000000003
968 0.21600000000000003
969 0.21600000000000003
970 0.21600000000000003
971 0.21600000000000003
972 0.21600000000000003
973 0.21600000000000003
974 0.21600000000000003
975 0.21600000000000003
976 0.21600000000000003
977 0.21600000000000003
978 0.21600000000000003
979 0.21600000000000003
980 0.21600000000000003
981 0.21600000000000003
982 0.21600000000000003
983 0.21600000000000003
984 0.21600000000000003
985 0.21600000000000003
986 0.21600000000000003
987 0.21600000000000003
988 0.21600000000000003
989 0.21600000000000003
990 0.21600000000000003
991 0.21600000000000003
992 0.21600000000000003
993 0.21600000000000003
994 0.21600000000000003
995 0.21600000000000003
996 0.21600000000000003
997 0.21600000000000003
998 0.21600000000000003
999 0.21400000000000002
