1 1.0
2 1.0
3 1.0
4 0.998
5 0.998
6 0.998
7 0.9940000000000001
8 0.9940000000000001
9 0.9940000000000001
10 0.9940000000000001
11 0.9940000000000001
12 0.9940000000000001
13 0.9940000000000001
14 0.9940000000000001
15 0.9940000000000001
16 0.9940000000000001
17 0.9940000000000001
18 0.9940000000000001
19 0.9920000000000002
20 0.9920000000000002
21 0.99
22 0.99
23 0.99
24 0.99
25 0.9880000000000001
26 0.9880000000000001
27 0.984
28 0.984
29 0.982
30 0.9800000000000001
31 0.9780000000000001
32 0.9780000000000001
33 0.9780000000000001
34 0.9780000000000001
35 0.976
36 0.976
37 0.976
38 0.974
39 0.9720000000000001
40 0.9720000000000001
41 0.9720000000000001
42 0.9700000000000001
43 0.9700000000000001
44 0.968
45 0.966
46 0.9640000000000001
47 0.9640000000000001
48 0.9640000000000001
49 0.9640000000000001
50 0.96
51 0.9560000000000001
52 0.9560000000000001
53 0.952
54 0.952
55 0.9480000000000001
56 0.9460000000000001
57 0.944
58 0.942
59 0.942
60 0.9400000000000001
61 0.9400000000000001
62 0.9400000000000001
63 0.9380000000000001
64 0.9380000000000001
65 0.9380000000000001
66 0.9360000000000002
67 0.9360000000000002
68 0.9360000000000002
69 0.9360000000000002
70 0.9360000000000002
71 0.9360000000000002
72 0.9360000000000002
73 0.9340000000000002
74 0.932
75 0.93
76 0.9280000000000002
77 0.9280000000000002
78 0.9260000000000002
79 0.9260000000000002
80 0.9200000000000002
81 0.9180000000000001
82 0.9180000000000001
83 0.9160000000000001
84 0.914
85 0.9100000000000001
86 0.9100000000000001
87 0.906
88 0.9100000000000001
89 0.9120000000000001
90 0.9080000000000001
91 0.9060000000000002
92 0.9060000000000002
93 0.9
94 0.8960000000000001
95 0.8940000000000001
96 0.8860000000000001
97 0.882
98 0.882
99 0.8800000000000001
100 0.8800000000000001
101 0.8800000000000001
102 0.8780000000000001
103 0.8780000000000001
104 0.8700000000000001
105 0.8680000000000001
106 0.8639999999999999
107 0.8639999999999999
108 0.8659999999999999
109 0.8619999999999999
110 0.8639999999999999
111 0.8639999999999999
112 0.866
113 0.8639999999999999
114 0.866
115 0.866
116 0.866
117 0.858
118 0.852
119 0.8479999999999999
120 0.8459999999999999
121 0.8459999999999999
122 0.844
123 0.842
124 0.836
125 0.8320000000000001
126 0.8280000000000001
127 0.8280000000000001
128 0.826
129 0.826
130 0.8280000000000001
131 0.8260000000000002
132 0.8260000000000002
133 0.8240000000000002
134 0.826
135 0.828
136 0.828
137 0.828
138 0.8299999999999998
139 0.828
140 0.826
141 0.818
142 0.818
143 0.8160000000000001
144 0.8160000000000001
145 0.8119999999999999
146 0.8099999999999999
147 0.808
148 0.8019999999999999
149 0.8019999999999999
150 0.8
151 0.8019999999999999
152 0.8
153 0.796
154 0.788
155 0.7859999999999999
156 0.7859999999999999
157 0.7879999999999999
158 0.7879999999999999
159 0.7879999999999999
160 0.7859999999999999
161 0.788
162 0.796
163 0.796
164 0.7899999999999999
165 0.792
166 0.792
167 0.788
168 0.788
169 0.788
170 0.784
171 0.7819999999999999
172 0.7799999999999999
173 0.7799999999999999
174 0.7779999999999999
175 0.772
176 0.77
177 0.768
178 0.7660000000000001
179 0.764
180 0.764
181 0.764
182 0.768
183 0.77
184 0.774
185 0.7800000000000001
186 0.7780000000000001
187 0.776
188 0.78
189 0.776
190 0.78
191 0.776
192 0.774
193 0.7700000000000001
194 0.7660000000000001
195 0.762
196 0.754
197 0.754
198 0.754
199 0.754
200 0.752
201 0.748
202 0.748
203 0.748
204 0.7520000000000001
205 0.7540000000000001
206 0.762
207 0.764
208 0.766
209 0.7700000000000001
210 0.772
211 0.78
212 0.776
213 0.774
214 0.776
215 0.772
216 0.772
217 0.762
218 0.7540000000000001
219 0.7540000000000001
220 0.7520000000000001
221 0.748
222 0.748
223 0.746
224 0.746
225 0.742
226 0.736
227 0.7340000000000001
228 0.7400000000000001
229 0.7400000000000001
230 0.744
231 0.7460000000000001
232 0.7460000000000001
233 0.746
234 0.746
235 0.748
236 0.7460000000000001
237 0.7460000000000001
238 0.742
239 0.74
240 0.7380000000000001
241 0.732
242 0.732
243 0.7300000000000001
244 0.7300000000000001
245 0.7260000000000002
246 0.7220000000000001
247 0.7140000000000001
248 0.7100000000000001
249 0.7100000000000001
250 0.7100000000000001
251 0.7120000000000001
252 0.724
253 0.7260000000000001
254 0.7240000000000001
255 0.726
256 0.7280000000000001
257 0.7320000000000001
258 0.7380000000000001
259 0.736
260 0.7300000000000001
261 0.7320000000000001
262 0.7300000000000001
263 0.7260000000000001
264 0.7260000000000001
265 0.7260000000000001
266 0.7200000000000001
267 0.718
268 0.716
269 0.7120000000000001
270 0.7040000000000001
271 0.7020000000000001
272 0.7020000000000001
273 0.6980000000000002
274 0.6980000000000002
275 0.698
276 0.7020000000000001
277 0.7100000000000001
278 0.716
279 0.716
280 0.72
281 0.726
282 0.726
283 0.728
284 0.7259999999999999
285 0.7259999999999999
286 0.724
287 0.718
288 0.712
289 0.7100000000000001
290 0.704
291 0.704
292 0.7
293 0.6980000000000001
294 0.6960000000000001
295 0.6900000000000001
296 0.688
297 0.686
298 0.688
299 0.688
300 0.69
301 0.69
302 0.69
303 0.7020000000000001
304 0.704
305 0.716
306 0.7179999999999999
307 0.7179999999999999
308 0.712
309 0.708
310 0.706
311 0.704
312 0.704
313 0.7
314 0.6980000000000001
315 0.6940000000000002
316 0.692
317 0.6880000000000001
318 0.6839999999999999
319 0.68
320 0.68
321 0.6839999999999999
322 0.682
323 0.686
324 0.6900000000000001
325 0.694
326 0.7
327 0.702
328 0.7120000000000001
329 0.718
330 0.718
331 0.7200000000000001
332 0.724
333 0.724
334 0.7220000000000001
335 0.7200000000000001
336 0.7180000000000002
337 0.7160000000000002
338 0.7140000000000001
339 0.7120000000000001
340 0.704
341 0.704
342 0.7000000000000001
343 0.698
344 0.688
345 0.688
346 0.6819999999999999
347 0.686
348 0.684
349 0.6839999999999999
350 0.686
351 0.6960000000000001
352 0.7000000000000001
353 0.7020000000000001
354 0.708
355 0.708
356 0.7140000000000002
357 0.7120000000000001
358 0.7140000000000002
359 0.7120000000000001
360 0.7120000000000001
361 0.7100000000000001
362 0.7080000000000001
363 0.7080000000000001
364 0.7060000000000002
365 0.704
366 0.706
367 0.7020000000000001
368 0.6980000000000001
369 0.694
370 0.6980000000000001
371 0.7020000000000001
372 0.7060000000000001
373 0.712
374 0.7180000000000001
375 0.7200000000000001
376 0.72
377 0.722
378 0.7259999999999999
379 0.726
380 0.724
381 0.722
382 0.722
383 0.722
384 0.72
385 0.714
386 0.714
387 0.71
388 0.7060000000000001
389 0.7040000000000001
390 0.7020000000000001
391 0.6980000000000002
392 0.6980000000000001
393 0.6980000000000001
394 0.698
395 0.7000000000000001
396 0.704
397 0.7080000000000001
398 0.7100000000000001
399 0.71
400 0.716
401 0.7180000000000001
402 0.72
403 0.7220000000000001
404 0.72
405 0.72
406 0.718
407 0.714
408 0.714
409 0.712
410 0.7060000000000001
411 0.698
412 0.698
413 0.6940000000000001
414 0.6880000000000001
415 0.6880000000000001
416 0.6880000000000001
417 0.6860000000000002
418 0.686
419 0.692
420 0.696
421 0.698
422 0.702
423 0.71
424 0.714
425 0.722
426 0.728
427 0.73
428 0.728
429 0.724
430 0.72
431 0.7180000000000001
432 0.72
433 0.718
434 0.716
435 0.7100000000000001
436 0.706
437 0.706
438 0.7020000000000001
439 0.6980000000000002
440 0.6980000000000002
441 0.6940000000000002
442 0.6940000000000002
443 0.6920000000000001
444 0.694
445 0.7020000000000001
446 0.706
447 0.712
448 0.7180000000000001
449 0.72
450 0.7160000000000001
451 0.7080000000000001
452 0.712
453 0.7100000000000001
454 0.7100000000000001
455 0.706
456 0.6980000000000002
457 0.6940000000000001
458 0.6940000000000001
459 0.6920000000000001
460 0.6900000000000001
461 0.684
462 0.6820000000000002
463 0.6839999999999999
464 0.68
465 0.676
466 0.6759999999999999
467 0.6719999999999999
468 0.678
469 0.6799999999999999
470 0.6859999999999999
471 0.688
472 0.698
473 0.7060000000000001
474 0.704
475 0.7060000000000001
476 0.7040000000000001
477 0.7
478 0.6980000000000001
479 0.6980000000000001
480 0.6940000000000002
481 0.6900000000000001
482 0.688
483 0.684
484 0.682
485 0.672
486 0.6679999999999999
487 0.67
488 0.6639999999999999
489 0.662
490 0.6599999999999999
491 0.664
492 0.6679999999999999
493 0.67
494 0.6719999999999999
495 0.674
496 0.6799999999999999
497 0.688
498 0.6920000000000001
499 0.6920000000000001
500 0.6940000000000001
501 0.6940000000000001
502 0.6920000000000001
503 0.688
504 0.688
505 0.686
506 0.686
507 0.6819999999999998
508 0.6799999999999999
509 0.6779999999999999
510 0.674
511 0.6719999999999999
512 0.67
513 0.6700000000000002
514 0.6679999999999999
515 0.6639999999999999
516 0.664
517 0.6620000000000001
518 0.6740000000000002
519 0.672
520 0.6779999999999999
521 0.6819999999999999
522 0.6819999999999999
523 0.684
524 0.678
525 0.672
526 0.6679999999999999
527 0.662
528 0.6580000000000001
529 0.6520000000000001
530 0.6500000000000001
531 0.6480000000000001
532 0.6460000000000001
533 0.6420000000000001
534 0.642
535 0.64
536 0.6380000000000001
537 0.634
538 0.632
539 0.6300000000000001
540 0.632
541 0.6359999999999999
542 0.64
543 0.6459999999999999
544 0.658
545 0.664
546 0.67
547 0.668
548 0.67
549 0.67
550 0.67
551 0.674
552 0.672
553 0.6679999999999999
554 0.6619999999999999
555 0.6619999999999999
556 0.6619999999999999
557 0.6559999999999999
558 0.648
559 0.6460000000000001
560 0.64
561 0.64
562 0.642
563 0.638
564 0.64
565 0.64
566 0.65
567 0.6540000000000001
568 0.6600000000000001
569 0.664
570 0.672
571 0.674
572 0.674
573 0.672
574 0.668
575 0.664
576 0.6620000000000001
577 0.66
578 0.658
579 0.658
580 0.6559999999999999
581 0.6519999999999999
582 0.648
583 0.644
584 0.6380000000000001
585 0.638
586 0.634
587 0.6279999999999999
588 0.6379999999999999
589 0.648
590 0.6540000000000001
591 0.664
592 0.6700000000000002
593 0.672
594 0.6799999999999999
595 0.6840000000000002
596 0.6859999999999999
597 0.688
598 0.688
599 0.6839999999999999
600 0.6839999999999999
601 0.6759999999999999
602 0.6719999999999999
603 0.668
604 0.664
605 0.6600000000000001
606 0.66
607 0.66
608 0.6580000000000001
609 0.6580000000000001
610 0.6599999999999999
611 0.6639999999999999
612 0.668
613 0.6719999999999999
614 0.6719999999999999
615 0.6859999999999999
616 0.6940000000000001
617 0.702
618 0.7
619 0.7060000000000001
620 0.704
621 0.7
622 0.6960000000000001
623 0.688
624 0.688
625 0.6819999999999999
626 0.6739999999999999
627 0.6739999999999999
628 0.6739999999999999
629 0.668
630 0.6639999999999999
631 0.6599999999999999
632 0.656
633 0.654
634 0.654
635 0.6519999999999999
636 0.6519999999999999
637 0.65
638 0.6559999999999999
639 0.6599999999999999
640 0.672
641 0.6799999999999999
642 0.682
643 0.682
644 0.6799999999999999
645 0.672
646 0.672
647 0.6660000000000001
648 0.6600000000000001
649 0.6540000000000001
650 0.6500000000000001
651 0.6500000000000001
652 0.6500000000000001
653 0.646
654 0.6420000000000001
655 0.6460000000000001
656 0.6440000000000001
657 0.644
658 0.644
659 0.648
660 0.6620000000000001
661 0.6700000000000002
662 0.6759999999999999
663 0.6720000000000002
664 0.684
665 0.6940000000000002
666 0.6940000000000002
667 0.7020000000000001
668 0.7020000000000001
669 0.7
670 0.6980000000000001
671 0.6940000000000001
672 0.6900000000000001
673 0.6820000000000002
674 0.6820000000000002
675 0.6700000000000002
676 0.6660000000000001
677 0.664
678 0.666
679 0.664
680 0.66
681 0.6460000000000001
682 0.648
683 0.654
684 0.658
685 0.668
686 0.6700000000000002
687 0.6719999999999999
688 0.6760000000000002
689 0.68
690 0.682
691 0.682
692 0.682
693 0.68
694 0.682
695 0.682
696 0.68
697 0.67
698 0.666
699 0.664
700 0.66
701 0.652
702 0.6500000000000001
703 0.648
704 0.6500000000000001
705 0.6420000000000001
706 0.64
707 0.6420000000000001
708 0.654
709 0.656
710 0.662
711 0.672
712 0.676
713 0.68
714 0.6960000000000001
715 0.6960000000000001
716 0.6900000000000001
717 0.6920000000000001
718 0.6820000000000002
719 0.676
720 0.672
721 0.668
722 0.664
723 0.6620000000000001
724 0.6600000000000001
725 0.6600000000000001
726 0.6580000000000001
727 0.6540000000000001
728 0.6520000000000001
729 0.6500000000000001
730 0.648
731 0.65
732 0.658
733 0.6560000000000001
734 0.66
735 0.664
736 0.672
737 0.6780000000000002
738 0.6780000000000002
739 0.68
740 0.6780000000000002
741 0.6760000000000002
742 0.6760000000000002
743 0.6700000000000002
744 0.6679999999999999
745 0.666
746 0.6620000000000001
747 0.6580000000000001
748 0.6540000000000001
749 0.6500000000000001
750 0.6500000000000001
751 0.648
752 0.644
753 0.6460000000000001
754 0.6440000000000001
755 0.6440000000000001
756 0.6500000000000001
757 0.658
758 0.664
759 0.672
760 0.6759999999999999
761 0.678
762 0.686
763 0.686
764 0.6880000000000001
765 0.6880000000000001
766 0.6880000000000001
767 0.6900000000000002
768 0.6880000000000001
769 0.6880000000000001
770 0.6880000000000001
771 0.6880000000000001
772 0.6820000000000002
773 0.68
774 0.68
775 0.68
776 0.6759999999999999
777 0.68
778 0.678
779 0.674
780 0.6779999999999999
781 0.674
782 0.6759999999999999
783 0.682
784 0.6960000000000001
785 0.71
786 0.716
787 0.7179999999999999
788 0.722
789 0.72
790 0.72
791 0.714
792 0.706
793 0.7
794 0.6980000000000001
795 0.694
796 0.694
797 0.6839999999999999
798 0.6759999999999999
799 0.67
800 0.67
801 0.674
802 0.674
803 0.6699999999999999
804 0.6719999999999999
805 0.6779999999999999
806 0.6799999999999999
807 0.6859999999999999
808 0.692
809 0.698
810 0.7020000000000001
811 0.704
812 0.6960000000000001
813 0.6980000000000001
814 0.6960000000000001
815 0.6960000000000001
816 0.6880000000000001
817 0.686
818 0.6839999999999999
819 0.6839999999999999
820 0.6759999999999999
821 0.6719999999999999
822 0.668
823 0.666
824 0.6599999999999999
825 0.658
826 0.65
827 0.646
828 0.64
829 0.646
830 0.646
831 0.6539999999999999
832 0.6519999999999999
833 0.6639999999999999
834 0.658
835 0.658
836 0.6540000000000001
837 0.65
838 0.648
839 0.638
840 0.632
841 0.626
842 0.622
843 0.6199999999999999
844 0.618
845 0.616
846 0.612
847 0.608
848 0.602
849 0.596
850 0.602
851 0.602
852 0.606
853 0.614
854 0.618
855 0.618
856 0.626
857 0.63
858 0.632
859 0.6300000000000001
860 0.6240000000000001
861 0.624
862 0.622
863 0.6199999999999999
864 0.6199999999999999
865 0.618
866 0.61
867 0.6079999999999999
868 0.606
869 0.6
870 0.5980000000000001
871 0.5960000000000001
872 0.592
873 0.5900000000000001
874 0.592
875 0.6040000000000001
876 0.61
877 0.6180000000000001
878 0.6220000000000001
879 0.634
880 0.642
881 0.652
882 0.6559999999999999
883 0.6580000000000001
884 0.6559999999999999
885 0.6539999999999999
886 0.646
887 0.646
888 0.644
889 0.642
890 0.638
891 0.6340000000000001
892 0.6300000000000001
893 0.622
894 0.616
895 0.616
896 0.614
897 0.6039999999999999
898 0.61
899 0.62
900 0.6300000000000001
901 0.636
902 0.636
903 0.64
904 0.6460000000000001
905 0.6500000000000001
906 0.6540000000000001
907 0.65
908 0.646
909 0.6460000000000001
910 0.64
911 0.6340000000000001
912 0.6320000000000001
913 0.628
914 0.6260000000000001
915 0.618
916 0.6100000000000001
917 0.608
918 0.604
919 0.604
920 0.6020000000000001
921 0.602
922 0.6
923 0.604
924 0.61
925 0.612
926 0.618
927 0.62
928 0.626
929 0.64
930 0.638
931 0.646
932 0.652
933 0.6559999999999999
934 0.6519999999999999
935 0.65
936 0.646
937 0.646
938 0.642
939 0.642
940 0.6319999999999999
941 0.6279999999999999
942 0.6279999999999999
943 0.6220000000000001
944 0.618
945 0.6140000000000001
946 0.61
947 0.614
948 0.614
949 0.612
950 0.608
951 0.62
952 0.626
953 0.6340000000000001
954 0.64
955 0.64
956 0.6420000000000001
957 0.644
958 0.6460000000000001
959 0.644
960 0.6420000000000001
961 0.6380000000000001
962 0.6300000000000001
963 0.6300000000000001
964 0.6300000000000001
965 0.628
966 0.6220000000000001
967 0.6200000000000001
968 0.6200000000000001
969 0.616
970 0.612
971 0.612
972 0.62
973 0.6220000000000001
974 0.628
975 0.6360000000000001
976 0.6440000000000001
977 0.6540000000000001
978 0.66
979 0.6620000000000001
980 0.6600000000000001
981 0.6600000000000001
982 0.6620000000000001
983 0.6620000000000001
984 0.658
985 0.6520000000000001
986 0.6460000000000001
987 0.64
988 0.6380000000000001
989 0.6360000000000001
990 0.632
991 0.632
992 0.6300000000000001
993 0.6280000000000001
994 0.632
995 0.6359999999999999
996 0.6420000000000001
997 0.6540000000000001
998 0.6580000000000001
999 0.666
