1 1.0
2 1.0
3 1.0
4 1.0
5 1.0
6 1.0
7 0.9960000000000001
8 0.9960000000000001
9 0.9920000000000002
10 0.9920000000000002
11 0.9920000000000002
12 0.9920000000000002
13 0.9920000000000002
14 0.9920000000000002
15 0.9920000000000002
16 0.9920000000000002
17 0.9920000000000002
18 0.9920000000000002
19 0.9899999999999999
20 0.9899999999999999
21 0.9899999999999999
22 0.9899999999999999
23 0.9899999999999999
24 0.9899999999999999
25 0.986
26 0.984
27 0.984
28 0.984
29 0.9819999999999999
30 0.9819999999999999
31 0.9819999999999999
32 0.9819999999999999
33 0.9819999999999999
34 0.9819999999999999
35 0.9819999999999999
36 0.9799999999999999
37 0.978
38 0.978
39 0.978
40 0.978
41 0.978
42 0.978
43 0.976
44 0.974
45 0.974
46 0.9720000000000001
47 0.9720000000000001
48 0.9700000000000001
49 0.9680000000000002
50 0.9680000000000002
51 0.9620000000000001
52 0.9620000000000001
53 0.958
54 0.958
55 0.958
56 0.958
57 0.958
58 0.954
59 0.952
60 0.952
61 0.952
62 0.952
63 0.952
64 0.952
65 0.952
66 0.95
67 0.9480000000000001
68 0.9480000000000001
69 0.9480000000000001
70 0.9460000000000001
71 0.9400000000000001
72 0.9400000000000001
73 0.9400000000000001
74 0.9400000000000001
75 0.9400000000000001
76 0.938
77 0.938
78 0.938
79 0.938
80 0.938
81 0.9359999999999999
82 0.9359999999999999
83 0.9359999999999999
84 0.932
85 0.932
86 0.932
87 0.932
88 0.93
89 0.93
90 0.932
91 0.932
92 0.9280000000000002
93 0.9259999999999999
94 0.9259999999999999
95 0.924
96 0.9199999999999999
97 0.9199999999999999
98 0.9199999999999999
99 0.9179999999999999
100 0.9179999999999999
101 0.9179999999999999
102 0.9179999999999999
103 0.9159999999999998
104 0.9159999999999998
105 0.9159999999999998
106 0.9159999999999998
107 0.9159999999999998
108 0.9139999999999999
109 0.9119999999999999
110 0.9139999999999999
111 0.9139999999999999
112 0.9139999999999999
113 0.9139999999999999
114 0.9099999999999999
115 0.9059999999999999
116 0.9059999999999999
117 0.9059999999999999
118 0.9059999999999999
119 0.9059999999999999
120 0.9059999999999999
121 0.9039999999999999
122 0.9039999999999999
123 0.8979999999999999
124 0.8959999999999999
125 0.8939999999999999
126 0.8939999999999999
127 0.8939999999999999
128 0.8939999999999999
129 0.8939999999999999
130 0.8939999999999999
131 0.892
132 0.8940000000000001
133 0.8960000000000001
134 0.892
135 0.8960000000000001
136 0.8960000000000001
137 0.9
138 0.9
139 0.9
140 0.9
141 0.9
142 0.898
143 0.898
144 0.898
145 0.898
146 0.898
147 0.898
148 0.8959999999999999
149 0.8959999999999999
150 0.8959999999999999
151 0.8959999999999999
152 0.8959999999999999
153 0.8939999999999999
154 0.8939999999999999
155 0.8939999999999999
156 0.8960000000000001
157 0.8960000000000001
158 0.898
159 0.9
160 0.898
161 0.898
162 0.9
163 0.9
164 0.898
165 0.898
166 0.8959999999999999
167 0.8959999999999999
168 0.892
169 0.892
170 0.892
171 0.892
172 0.89
173 0.89
174 0.89
175 0.89
176 0.892
177 0.892
178 0.892
179 0.892
180 0.892
181 0.892
182 0.8959999999999999
183 0.8939999999999999
184 0.8939999999999999
185 0.8959999999999999
186 0.8979999999999999
187 0.8979999999999999
188 0.8999999999999998
189 0.8999999999999998
190 0.8979999999999999
191 0.8979999999999999
192 0.8959999999999999
193 0.8959999999999999
194 0.8939999999999999
195 0.8899999999999999
196 0.8879999999999999
197 0.8879999999999999
198 0.8859999999999999
199 0.884
200 0.884
201 0.882
202 0.884
203 0.8859999999999999
204 0.8859999999999999
205 0.8899999999999999
206 0.8919999999999998
207 0.8939999999999998
208 0.8959999999999999
209 0.9019999999999999
210 0.9059999999999999
211 0.908
212 0.906
213 0.906
214 0.906
215 0.906
216 0.906
217 0.9039999999999999
218 0.9039999999999999
219 0.9019999999999999
220 0.9019999999999999
221 0.8979999999999999
222 0.8939999999999999
223 0.8880000000000001
224 0.8880000000000001
225 0.884
226 0.8819999999999999
227 0.8819999999999999
228 0.8819999999999999
229 0.8800000000000001
230 0.882
231 0.8859999999999999
232 0.884
233 0.8880000000000001
234 0.892
235 0.8880000000000001
236 0.8880000000000001
237 0.884
238 0.8799999999999999
239 0.8799999999999999
240 0.8799999999999999
241 0.8799999999999999
242 0.8799999999999999
243 0.8779999999999999
244 0.8779999999999999
245 0.876
246 0.8739999999999999
247 0.8739999999999999
248 0.8739999999999999
249 0.8739999999999999
250 0.876
251 0.8739999999999999
252 0.8739999999999999
253 0.874
254 0.8699999999999998
255 0.876
256 0.8779999999999999
257 0.876
258 0.8800000000000001
259 0.8800000000000001
260 0.8800000000000001
261 0.8800000000000001
262 0.8800000000000001
263 0.8800000000000001
264 0.8780000000000001
265 0.8719999999999999
266 0.8699999999999999
267 0.8699999999999999
268 0.8699999999999999
269 0.868
270 0.8699999999999999
271 0.8699999999999999
272 0.8699999999999999
273 0.8699999999999999
274 0.8719999999999999
275 0.8719999999999999
276 0.874
277 0.876
278 0.876
279 0.8780000000000001
280 0.8780000000000001
281 0.8800000000000001
282 0.8800000000000001
283 0.882
284 0.882
285 0.8799999999999999
286 0.876
287 0.8699999999999999
288 0.8699999999999999
289 0.868
290 0.868
291 0.866
292 0.866
293 0.8619999999999999
294 0.8619999999999999
295 0.86
296 0.86
297 0.8619999999999999
298 0.86
299 0.86
300 0.8619999999999999
301 0.866
302 0.8719999999999999
303 0.8779999999999999
304 0.8779999999999999
305 0.876
306 0.8779999999999999
307 0.8799999999999999
308 0.8799999999999999
309 0.8799999999999999
310 0.8799999999999999
311 0.8799999999999999
312 0.8779999999999999
313 0.876
314 0.874
315 0.874
316 0.8720000000000001
317 0.8720000000000001
318 0.868
319 0.8619999999999999
320 0.86
321 0.86
322 0.858
323 0.86
324 0.8540000000000001
325 0.8540000000000001
326 0.8480000000000001
327 0.85
328 0.8480000000000001
329 0.852
330 0.8560000000000001
331 0.8560000000000001
332 0.858
333 0.858
334 0.8560000000000001
335 0.8560000000000001
336 0.8540000000000001
337 0.8540000000000001
338 0.8540000000000001
339 0.8540000000000001
340 0.8540000000000001
341 0.8540000000000001
342 0.8540000000000001
343 0.8540000000000001
344 0.8540000000000001
345 0.8540000000000001
346 0.8560000000000001
347 0.8560000000000001
348 0.858
349 0.858
350 0.8620000000000001
351 0.8620000000000001
352 0.8619999999999999
353 0.86
354 0.8640000000000001
355 0.8620000000000001
356 0.8620000000000001
357 0.86
358 0.8540000000000001
359 0.8540000000000001
360 0.852
361 0.852
362 0.852
363 0.852
364 0.852
365 0.852
366 0.852
367 0.8520000000000001
368 0.8540000000000001
369 0.8540000000000001
370 0.8539999999999999
371 0.8560000000000001
372 0.8560000000000001
373 0.8560000000000001
374 0.8639999999999999
375 0.866
376 0.868
377 0.866
378 0.866
379 0.8699999999999999
380 0.866
381 0.866
382 0.866
383 0.866
384 0.866
385 0.8619999999999999
386 0.8619999999999999
387 0.8619999999999999
388 0.8619999999999999
389 0.86
390 0.86
391 0.86
392 0.86
393 0.86
394 0.86
395 0.858
396 0.86
397 0.8640000000000001
398 0.868
399 0.8720000000000001
400 0.874
401 0.876
402 0.874
403 0.8739999999999999
404 0.876
405 0.876
406 0.8720000000000001
407 0.8640000000000001
408 0.8620000000000001
409 0.8620000000000001
410 0.8620000000000001
411 0.8620000000000001
412 0.8580000000000002
413 0.8559999999999999
414 0.852
415 0.8480000000000001
416 0.8480000000000001
417 0.8460000000000001
418 0.844
419 0.8440000000000001
420 0.85
421 0.8539999999999999
422 0.8559999999999999
423 0.8599999999999998
424 0.8620000000000001
425 0.8620000000000001
426 0.8640000000000001
427 0.866
428 0.866
429 0.868
430 0.868
431 0.868
432 0.866
433 0.866
434 0.8640000000000001
435 0.8640000000000001
436 0.8620000000000001
437 0.8620000000000001
438 0.8640000000000001
439 0.8620000000000001
440 0.8620000000000001
441 0.8620000000000001
442 0.8580000000000002
443 0.8640000000000001
444 0.8640000000000001
445 0.8640000000000001
446 0.868
447 0.8720000000000001
448 0.8720000000000001
449 0.8720000000000001
450 0.8720000000000001
451 0.8680000000000001
452 0.8680000000000001
453 0.8680000000000001
454 0.866
455 0.866
456 0.866
457 0.866
458 0.866
459 0.866
460 0.866
461 0.866
462 0.8620000000000001
463 0.8620000000000001
464 0.8620000000000001
465 0.8620000000000001
466 0.8620000000000001
467 0.8620000000000001
468 0.8579999999999999
469 0.8599999999999998
470 0.8619999999999999
471 0.8619999999999999
472 0.8619999999999999
473 0.866
474 0.8659999999999999
475 0.868
476 0.8699999999999999
477 0.866
478 0.866
479 0.8559999999999999
480 0.8539999999999999
481 0.852
482 0.8480000000000001
483 0.8480000000000001
484 0.8480000000000001
485 0.8440000000000001
486 0.8440000000000001
487 0.8420000000000002
488 0.8400000000000001
489 0.8380000000000001
490 0.8380000000000001
491 0.8360000000000001
492 0.8320000000000001
493 0.8360000000000001
494 0.8380000000000001
495 0.8380000000000001
496 0.8380000000000003
497 0.8340000000000002
498 0.8380000000000001
499 0.836
500 0.836
501 0.836
502 0.8300000000000001
503 0.8300000000000001
504 0.8280000000000001
505 0.8280000000000001
506 0.8280000000000001
507 0.826
508 0.826
509 0.826
510 0.826
511 0.8240000000000001
512 0.8240000000000001
513 0.8240000000000001
514 0.8220000000000001
515 0.8220000000000001
516 0.8220000000000001
517 0.8300000000000001
518 0.8320000000000001
519 0.8320000000000001
520 0.834
521 0.8400000000000001
522 0.842
523 0.8460000000000001
524 0.8460000000000001
525 0.8460000000000001
526 0.8460000000000001
527 0.8460000000000001
528 0.8460000000000001
529 0.842
530 0.842
531 0.842
532 0.8400000000000001
533 0.8380000000000001
534 0.8380000000000001
535 0.8320000000000001
536 0.8320000000000001
537 0.8300000000000001
538 0.8320000000000001
539 0.834
540 0.8379999999999999
541 0.842
542 0.844
543 0.8460000000000001
544 0.852
545 0.8540000000000001
546 0.858
547 0.86
548 0.8620000000000001
549 0.8620000000000001
550 0.8600000000000001
551 0.858
552 0.858
553 0.858
554 0.858
555 0.858
556 0.8560000000000001
557 0.8540000000000001
558 0.8500000000000002
559 0.8480000000000001
560 0.8480000000000002
561 0.8520000000000001
562 0.8540000000000001
563 0.8560000000000001
564 0.8540000000000001
565 0.8560000000000001
566 0.8560000000000001
567 0.858
568 0.858
569 0.86
570 0.86
571 0.866
572 0.8680000000000001
573 0.8720000000000001
574 0.8700000000000001
575 0.868
576 0.866
577 0.8620000000000001
578 0.8580000000000002
579 0.85
580 0.8480000000000001
581 0.8480000000000001
582 0.8459999999999999
583 0.844
584 0.844
585 0.844
586 0.844
587 0.8460000000000001
588 0.8480000000000001
589 0.8540000000000001
590 0.86
591 0.8620000000000001
592 0.8600000000000001
593 0.8560000000000001
594 0.858
595 0.86
596 0.858
597 0.8500000000000002
598 0.8480000000000001
599 0.842
600 0.8400000000000001
601 0.8400000000000001
602 0.8380000000000001
603 0.836
604 0.8299999999999998
605 0.8299999999999998
606 0.826
607 0.826
608 0.826
609 0.8240000000000001
610 0.8240000000000001
611 0.8260000000000002
612 0.8280000000000001
613 0.8300000000000001
614 0.8320000000000001
615 0.8320000000000001
616 0.836
617 0.8380000000000001
618 0.8440000000000001
619 0.8440000000000001
620 0.8440000000000001
621 0.8400000000000001
622 0.836
623 0.8320000000000001
624 0.8320000000000001
625 0.8300000000000001
626 0.8280000000000001
627 0.826
628 0.8240000000000001
629 0.8200000000000001
630 0.8200000000000001
631 0.8160000000000001
632 0.8140000000000001
633 0.812
634 0.8119999999999999
635 0.8140000000000001
636 0.8160000000000001
637 0.826
638 0.826
639 0.828
640 0.828
641 0.8320000000000001
642 0.8320000000000001
643 0.834
644 0.834
645 0.834
646 0.834
647 0.834
648 0.834
649 0.834
650 0.8320000000000001
651 0.8320000000000001
652 0.8320000000000001
653 0.8320000000000001
654 0.8299999999999998
655 0.8300000000000001
656 0.8300000000000001
657 0.828
658 0.8280000000000001
659 0.8280000000000001
660 0.8300000000000001
661 0.8320000000000001
662 0.8360000000000001
663 0.8360000000000001
664 0.8400000000000001
665 0.844
666 0.8400000000000001
667 0.834
668 0.834
669 0.834
670 0.8319999999999999
671 0.8319999999999999
672 0.8299999999999998
673 0.8299999999999998
674 0.828
675 0.828
676 0.828
677 0.82
678 0.82
679 0.82
680 0.818
681 0.818
682 0.8119999999999999
683 0.818
684 0.82
685 0.82
686 0.826
687 0.8240000000000001
688 0.8320000000000001
689 0.8320000000000001
690 0.8320000000000001
691 0.8320000000000001
692 0.834
693 0.834
694 0.8379999999999999
695 0.836
696 0.834
697 0.834
698 0.8320000000000001
699 0.8300000000000001
700 0.8300000000000001
701 0.8300000000000001
702 0.8300000000000001
703 0.8240000000000001
704 0.8240000000000001
705 0.8240000000000001
706 0.8240000000000001
707 0.8300000000000001
708 0.826
709 0.8320000000000001
710 0.836
711 0.834
712 0.834
713 0.836
714 0.8379999999999999
715 0.836
716 0.834
717 0.834
718 0.8320000000000001
719 0.8260000000000002
720 0.8240000000000001
721 0.8240000000000001
722 0.8220000000000001
723 0.82
724 0.818
725 0.8119999999999999
726 0.8119999999999999
727 0.8119999999999999
728 0.8099999999999999
729 0.8059999999999998
730 0.8039999999999999
731 0.8080000000000002
732 0.806
733 0.7980000000000002
734 0.7980000000000002
735 0.8000000000000002
736 0.8000000000000002
737 0.8020000000000002
738 0.8100000000000002
739 0.8080000000000002
740 0.8060000000000003
741 0.8020000000000002
742 0.794
743 0.794
744 0.794
745 0.794
746 0.788
747 0.788
748 0.788
749 0.788
750 0.788
751 0.788
752 0.7900000000000001
753 0.7900000000000001
754 0.792
755 0.792
756 0.798
757 0.796
758 0.8
759 0.8019999999999999
760 0.8099999999999999
761 0.8119999999999999
762 0.8160000000000001
763 0.8160000000000001
764 0.8180000000000002
765 0.8180000000000002
766 0.8180000000000002
767 0.8180000000000002
768 0.8140000000000001
769 0.8140000000000001
770 0.812
771 0.808
772 0.806
773 0.806
774 0.8019999999999999
775 0.8019999999999999
776 0.7979999999999999
777 0.7959999999999999
778 0.7939999999999999
779 0.798
780 0.8039999999999999
781 0.8059999999999998
782 0.812
783 0.8100000000000002
784 0.812
785 0.8140000000000001
786 0.812
787 0.8160000000000001
788 0.8119999999999999
789 0.8099999999999999
790 0.808
791 0.804
792 0.804
793 0.804
794 0.804
795 0.804
796 0.804
797 0.8019999999999999
798 0.8019999999999999
799 0.8019999999999999
800 0.8019999999999999
801 0.8019999999999999
802 0.8019999999999999
803 0.8
804 0.8079999999999998
805 0.8119999999999999
806 0.8140000000000001
807 0.8240000000000001
808 0.826
809 0.828
810 0.8379999999999999
811 0.834
812 0.834
813 0.834
814 0.834
815 0.834
816 0.834
817 0.826
818 0.8240000000000001
819 0.8219999999999998
820 0.818
821 0.818
822 0.818
823 0.8139999999999998
824 0.8119999999999999
825 0.8079999999999998
826 0.8019999999999999
827 0.8019999999999999
828 0.8019999999999999
829 0.8039999999999999
830 0.8059999999999998
831 0.8119999999999999
832 0.8240000000000001
833 0.8280000000000001
834 0.8300000000000001
835 0.8300000000000001
836 0.8300000000000001
837 0.8320000000000001
838 0.8300000000000001
839 0.826
840 0.8219999999999998
841 0.82
842 0.82
843 0.8159999999999998
844 0.8139999999999998
845 0.8139999999999998
846 0.8119999999999999
847 0.8119999999999999
848 0.8140000000000001
849 0.812
850 0.8119999999999999
851 0.808
852 0.8119999999999999
853 0.8099999999999999
854 0.8139999999999998
855 0.818
856 0.8220000000000001
857 0.826
858 0.828
859 0.8320000000000001
860 0.834
861 0.82
862 0.82
863 0.82
864 0.8160000000000001
865 0.8119999999999999
866 0.8099999999999999
867 0.8099999999999999
868 0.8099999999999999
869 0.8099999999999999
870 0.8099999999999999
871 0.806
872 0.806
873 0.808
874 0.808
875 0.808
876 0.8099999999999999
877 0.812
878 0.812
879 0.8119999999999999
880 0.8140000000000001
881 0.82
882 0.8160000000000001
883 0.82
884 0.8219999999999998
885 0.8219999999999998
886 0.82
887 0.8220000000000001
888 0.818
889 0.8140000000000001
890 0.812
891 0.812
892 0.812
893 0.812
894 0.806
895 0.806
896 0.8019999999999999
897 0.804
898 0.804
899 0.806
900 0.808
901 0.8160000000000001
902 0.8180000000000002
903 0.8220000000000001
904 0.826
905 0.8239999999999998
906 0.818
907 0.818
908 0.82
909 0.82
910 0.8160000000000001
911 0.8160000000000001
912 0.8139999999999998
913 0.8139999999999998
914 0.8119999999999999
915 0.808
916 0.808
917 0.804
918 0.7979999999999999
919 0.794
920 0.792
921 0.792
922 0.788
923 0.786
924 0.786
925 0.792
926 0.796
927 0.8
928 0.8019999999999999
929 0.8019999999999999
930 0.798
931 0.794
932 0.796
933 0.796
934 0.7940000000000002
935 0.79
936 0.788
937 0.786
938 0.786
939 0.786
940 0.786
941 0.786
942 0.786
943 0.782
944 0.782
945 0.782
946 0.784
947 0.7859999999999999
948 0.7859999999999999
949 0.7859999999999999
950 0.796
951 0.8019999999999999
952 0.8
953 0.8
954 0.8020000000000002
955 0.8019999999999999
956 0.8039999999999999
957 0.804
958 0.804
959 0.804
960 0.804
961 0.804
962 0.8019999999999999
963 0.8019999999999999
964 0.8019999999999999
965 0.8
966 0.7939999999999999
967 0.7959999999999999
968 0.792
969 0.788
970 0.788
971 0.7899999999999999
972 0.7859999999999999
973 0.78
974 0.782
975 0.786
976 0.7899999999999999
977 0.79
978 0.792
979 0.792
980 0.792
981 0.792
982 0.79
983 0.79
984 0.79
985 0.788
986 0.788
987 0.788
988 0.788
989 0.788
990 0.786
991 0.786
992 0.784
993 0.786
994 0.784
995 0.7840000000000001
996 0.79
997 0.796
998 0.808
999 0.8140000000000001
