1 1.0
2 1.0
3 1.0
4 1.0
5 1.0
6 1.0
7 1.0
8 1.0
9 1.0
10 0.998
11 0.998
12 0.998
13 0.998
14 0.998
15 0.998
16 0.998
17 0.9960000000000001
18 0.9960000000000001
19 0.9960000000000001
20 0.9960000000000001
21 0.9960000000000001
22 0.994
23 0.994
24 0.994
25 0.994
26 0.994
27 0.99
28 0.99
29 0.99
30 0.99
31 0.9880000000000001
32 0.9880000000000001
33 0.986
34 0.986
35 0.984
36 0.984
37 0.984
38 0.984
39 0.984
40 0.982
41 0.9800000000000001
42 0.9780000000000001
43 0.9780000000000001
44 0.976
45 0.974
46 0.9720000000000001
47 0.968
48 0.966
49 0.9640000000000001
50 0.9620000000000001
51 0.9600000000000002
52 0.9559999999999998
53 0.9559999999999998
54 0.954
55 0.9460000000000001
56 0.9460000000000001
57 0.9440000000000002
58 0.9440000000000002
59 0.9399999999999998
60 0.9399999999999998
61 0.938
62 0.938
63 0.938
64 0.938
65 0.938
66 0.9359999999999999
67 0.9359999999999999
68 0.9359999999999999
69 0.9339999999999999
70 0.9339999999999999
71 0.9339999999999999
72 0.9280000000000002
73 0.9259999999999999
74 0.9259999999999999
75 0.9259999999999999
76 0.9239999999999998
77 0.9239999999999998
78 0.9239999999999998
79 0.9199999999999999
80 0.9179999999999999
81 0.916
82 0.916
83 0.916
84 0.914
85 0.914
86 0.914
87 0.914
88 0.9039999999999999
89 0.9039999999999999
90 0.9
91 0.9
92 0.9
93 0.9
94 0.8979999999999999
95 0.8979999999999999
96 0.8959999999999999
97 0.8939999999999999
98 0.8939999999999999
99 0.8939999999999999
100 0.8939999999999999
101 0.892
102 0.892
103 0.89
104 0.8880000000000001
105 0.8880000000000001
106 0.884
107 0.884
108 0.884
109 0.884
110 0.8859999999999999
111 0.8859999999999999
112 0.89
113 0.892
114 0.892
115 0.892
116 0.8939999999999999
117 0.892
118 0.892
119 0.8899999999999999
120 0.8899999999999999
121 0.882
122 0.882
123 0.8780000000000001
124 0.8760000000000001
125 0.8760000000000001
126 0.8760000000000001
127 0.8760000000000001
128 0.8760000000000001
129 0.8699999999999999
130 0.8699999999999999
131 0.8699999999999999
132 0.866
133 0.8640000000000001
134 0.8640000000000001
135 0.8640000000000001
136 0.868
137 0.874
138 0.874
139 0.8720000000000001
140 0.874
141 0.874
142 0.8720000000000001
143 0.8720000000000001
144 0.8720000000000001
145 0.8699999999999999
146 0.868
147 0.8640000000000001
148 0.8579999999999999
149 0.8579999999999999
150 0.8539999999999999
151 0.852
152 0.85
153 0.8460000000000001
154 0.8440000000000001
155 0.842
156 0.8399999999999999
157 0.836
158 0.836
159 0.834
160 0.834
161 0.8300000000000001
162 0.8320000000000001
163 0.8320000000000001
164 0.8320000000000001
165 0.8320000000000001
166 0.8280000000000001
167 0.8280000000000001
168 0.8240000000000001
169 0.8219999999999998
170 0.8219999999999998
171 0.82
172 0.8140000000000001
173 0.8140000000000001
174 0.8160000000000001
175 0.8160000000000001
176 0.8140000000000001
177 0.8100000000000002
178 0.8100000000000002
179 0.8100000000000002
180 0.8080000000000002
181 0.8100000000000002
182 0.8160000000000001
183 0.82
184 0.826
185 0.8259999999999998
186 0.8279999999999997
187 0.826
188 0.826
189 0.826
190 0.8240000000000001
191 0.8219999999999998
192 0.82
193 0.818
194 0.818
195 0.8160000000000001
196 0.8119999999999999
197 0.8119999999999999
198 0.8119999999999999
199 0.8119999999999999
200 0.8039999999999999
201 0.8019999999999999
202 0.798
203 0.7940000000000002
204 0.7939999999999999
205 0.798
206 0.8019999999999999
207 0.8059999999999998
208 0.8160000000000001
209 0.8160000000000001
210 0.8160000000000001
211 0.8160000000000001
212 0.8160000000000001
213 0.8160000000000001
214 0.8140000000000001
215 0.8100000000000002
216 0.808
217 0.806
218 0.8019999999999999
219 0.798
220 0.796
221 0.79
222 0.788
223 0.7879999999999999
224 0.7879999999999999
225 0.7859999999999999
226 0.7799999999999999
227 0.7799999999999999
228 0.784
229 0.7859999999999999
230 0.78
231 0.788
232 0.788
233 0.7879999999999999
234 0.7899999999999998
235 0.7899999999999998
236 0.7959999999999999
237 0.7979999999999998
238 0.8019999999999999
239 0.8
240 0.8
241 0.7979999999999998
242 0.7939999999999999
243 0.782
244 0.7779999999999999
245 0.7779999999999999
246 0.774
247 0.776
248 0.772
249 0.772
250 0.772
251 0.774
252 0.7699999999999999
253 0.772
254 0.772
255 0.774
256 0.78
257 0.78
258 0.782
259 0.784
260 0.7820000000000001
261 0.7820000000000001
262 0.78
263 0.78
264 0.782
265 0.78
266 0.7780000000000001
267 0.7780000000000001
268 0.776
269 0.776
270 0.768
271 0.764
272 0.764
273 0.76
274 0.76
275 0.7599999999999999
276 0.756
277 0.7579999999999999
278 0.762
279 0.764
280 0.764
281 0.768
282 0.77
283 0.772
284 0.772
285 0.772
286 0.772
287 0.7700000000000001
288 0.7660000000000002
289 0.764
290 0.758
291 0.758
292 0.756
293 0.756
294 0.756
295 0.756
296 0.752
297 0.75
298 0.75
299 0.756
300 0.7539999999999999
301 0.7539999999999999
302 0.76
303 0.7620000000000001
304 0.7580000000000001
305 0.7699999999999999
306 0.778
307 0.78
308 0.784
309 0.78
310 0.782
311 0.776
312 0.776
313 0.776
314 0.77
315 0.768
316 0.764
317 0.756
318 0.7539999999999999
319 0.7539999999999999
320 0.7499999999999999
321 0.7499999999999999
322 0.7519999999999999
323 0.752
324 0.764
325 0.7660000000000001
326 0.772
327 0.776
328 0.78
329 0.78
330 0.786
331 0.79
332 0.79
333 0.7820000000000001
334 0.7820000000000001
335 0.7820000000000001
336 0.778
337 0.776
338 0.772
339 0.764
340 0.762
341 0.76
342 0.756
343 0.746
344 0.7420000000000001
345 0.7380000000000001
346 0.732
347 0.732
348 0.728
349 0.732
350 0.728
351 0.728
352 0.736
353 0.736
354 0.74
355 0.74
356 0.74
357 0.736
358 0.7340000000000001
359 0.7340000000000001
360 0.7340000000000001
361 0.732
362 0.732
363 0.732
364 0.7300000000000001
365 0.7300000000000001
366 0.7280000000000001
367 0.7280000000000001
368 0.7240000000000001
369 0.718
370 0.72
371 0.7220000000000001
372 0.736
373 0.75
374 0.748
375 0.748
376 0.754
377 0.76
378 0.756
379 0.7540000000000001
380 0.756
381 0.754
382 0.748
383 0.7460000000000001
384 0.74
385 0.74
386 0.736
387 0.736
388 0.736
389 0.736
390 0.734
391 0.734
392 0.7300000000000001
393 0.728
394 0.73
395 0.736
396 0.738
397 0.74
398 0.748
399 0.748
400 0.756
401 0.762
402 0.77
403 0.7779999999999999
404 0.782
405 0.784
406 0.784
407 0.78
408 0.776
409 0.776
410 0.7699999999999999
411 0.7699999999999999
412 0.7679999999999999
413 0.764
414 0.764
415 0.758
416 0.7539999999999999
417 0.748
418 0.748
419 0.7519999999999999
420 0.7539999999999999
421 0.756
422 0.768
423 0.7679999999999999
424 0.7679999999999999
425 0.77
426 0.776
427 0.77
428 0.766
429 0.766
430 0.7619999999999999
431 0.76
432 0.75
433 0.7459999999999999
434 0.744
435 0.742
436 0.7379999999999999
437 0.736
438 0.736
439 0.736
440 0.734
441 0.7300000000000001
442 0.734
443 0.736
444 0.738
445 0.738
446 0.74
447 0.744
448 0.752
449 0.76
450 0.768
451 0.768
452 0.768
453 0.768
454 0.768
455 0.768
456 0.7699999999999999
457 0.766
458 0.766
459 0.7639999999999999
460 0.7619999999999999
461 0.758
462 0.752
463 0.75
464 0.7440000000000001
465 0.7420000000000002
466 0.7400000000000001
467 0.7340000000000001
468 0.7320000000000002
469 0.732
470 0.732
471 0.736
472 0.7379999999999999
473 0.744
474 0.7420000000000001
475 0.7420000000000001
476 0.746
477 0.748
478 0.748
479 0.748
480 0.746
481 0.746
482 0.746
483 0.74
484 0.74
485 0.736
486 0.732
487 0.732
488 0.728
489 0.7299999999999999
490 0.728
491 0.732
492 0.732
493 0.732
494 0.736
495 0.7419999999999998
496 0.7479999999999999
497 0.752
498 0.756
499 0.756
500 0.756
501 0.756
502 0.756
503 0.756
504 0.7540000000000001
505 0.7540000000000001
506 0.75
507 0.748
508 0.7419999999999999
509 0.7379999999999999
510 0.734
511 0.726
512 0.7259999999999999
513 0.722
514 0.7240000000000001
515 0.7220000000000001
516 0.7240000000000001
517 0.736
518 0.7460000000000001
519 0.754
520 0.758
521 0.764
522 0.766
523 0.766
524 0.764
525 0.764
526 0.764
527 0.76
528 0.756
529 0.754
530 0.752
531 0.748
532 0.7419999999999999
533 0.736
534 0.7340000000000001
535 0.7320000000000001
536 0.7320000000000001
537 0.732
538 0.732
539 0.734
540 0.74
541 0.742
542 0.74
543 0.7459999999999999
544 0.752
545 0.756
546 0.7579999999999999
547 0.7599999999999999
548 0.7559999999999999
549 0.7539999999999999
550 0.752
551 0.752
552 0.748
553 0.7459999999999999
554 0.7439999999999999
555 0.7439999999999999
556 0.7339999999999998
557 0.7339999999999998
558 0.7299999999999999
559 0.726
560 0.722
561 0.7259999999999999
562 0.7259999999999999
563 0.726
564 0.728
565 0.74
566 0.748
567 0.748
568 0.752
569 0.7640000000000001
570 0.766
571 0.768
572 0.772
573 0.764
574 0.7620000000000001
575 0.7600000000000001
576 0.7600000000000001
577 0.754
578 0.748
579 0.7400000000000001
580 0.736
581 0.728
582 0.7280000000000001
583 0.7260000000000001
584 0.722
585 0.72
586 0.72
587 0.7240000000000001
588 0.7260000000000002
589 0.732
590 0.74
591 0.744
592 0.746
593 0.7460000000000001
594 0.7460000000000001
595 0.746
596 0.748
597 0.75
598 0.746
599 0.742
600 0.738
601 0.738
602 0.732
603 0.73
604 0.7220000000000001
605 0.7220000000000001
606 0.7220000000000001
607 0.72
608 0.718
609 0.718
610 0.716
611 0.716
612 0.716
613 0.718
614 0.7260000000000001
615 0.7300000000000002
616 0.736
617 0.738
618 0.7380000000000001
619 0.7360000000000001
620 0.732
621 0.7300000000000001
622 0.7280000000000001
623 0.7280000000000001
624 0.724
625 0.724
626 0.72
627 0.7140000000000001
628 0.7100000000000001
629 0.7080000000000001
630 0.7060000000000001
631 0.7040000000000001
632 0.7020000000000001
633 0.7020000000000001
634 0.7020000000000001
635 0.7020000000000001
636 0.708
637 0.708
638 0.718
639 0.722
640 0.7179999999999999
641 0.7259999999999999
642 0.7299999999999999
643 0.732
644 0.732
645 0.732
646 0.73
647 0.728
648 0.728
649 0.726
650 0.718
651 0.7140000000000001
652 0.7
653 0.6980000000000001
654 0.6960000000000001
655 0.6940000000000002
656 0.6920000000000002
657 0.6880000000000001
658 0.6880000000000001
659 0.682
660 0.6859999999999999
661 0.692
662 0.6960000000000002
663 0.7000000000000001
664 0.704
665 0.7060000000000001
666 0.7080000000000001
667 0.708
668 0.708
669 0.7060000000000001
670 0.7060000000000001
671 0.7080000000000002
672 0.7060000000000001
673 0.7020000000000001
674 0.6980000000000001
675 0.6920000000000001
676 0.686
677 0.6820000000000002
678 0.684
679 0.684
680 0.6799999999999999
681 0.6779999999999999
682 0.6799999999999999
683 0.6799999999999999
684 0.688
685 0.6920000000000001
686 0.692
687 0.7
688 0.704
689 0.7060000000000001
690 0.7060000000000001
691 0.7100000000000001
692 0.708
693 0.708
694 0.7
695 0.7
696 0.7
697 0.696
698 0.696
699 0.696
700 0.692
701 0.69
702 0.6900000000000001
703 0.6819999999999999
704 0.682
705 0.6839999999999999
706 0.6819999999999999
707 0.69
708 0.692
709 0.6940000000000001
710 0.704
711 0.71
712 0.716
713 0.7180000000000001
714 0.7180000000000001
715 0.724
716 0.728
717 0.728
718 0.7220000000000001
719 0.72
720 0.7180000000000001
721 0.7140000000000002
722 0.712
723 0.712
724 0.7100000000000001
725 0.7060000000000001
726 0.7020000000000001
727 0.6980000000000001
728 0.6940000000000001
729 0.6920000000000001
730 0.686
731 0.6880000000000001
732 0.6980000000000002
733 0.7020000000000001
734 0.708
735 0.7139999999999999
736 0.7159999999999999
737 0.7219999999999999
738 0.7299999999999999
739 0.7300000000000001
740 0.7299999999999999
741 0.726
742 0.7239999999999999
743 0.72
744 0.718
745 0.716
746 0.7140000000000001
747 0.712
748 0.7099999999999997
749 0.7079999999999999
750 0.6999999999999998
751 0.6999999999999998
752 0.6999999999999998
753 0.696
754 0.696
755 0.6960000000000001
756 0.7
757 0.702
758 0.7059999999999998
759 0.716
760 0.72
761 0.724
762 0.7259999999999998
763 0.7300000000000001
764 0.732
765 0.7260000000000001
766 0.7240000000000001
767 0.712
768 0.7020000000000001
769 0.696
770 0.694
771 0.692
772 0.69
773 0.686
774 0.686
775 0.686
776 0.6819999999999999
777 0.6779999999999999
778 0.6759999999999999
779 0.682
780 0.6839999999999999
781 0.6940000000000001
782 0.7
783 0.706
784 0.708
785 0.708
786 0.712
787 0.718
788 0.72
789 0.718
790 0.718
791 0.718
792 0.7140000000000001
793 0.7140000000000001
794 0.7140000000000001
795 0.71
796 0.7
797 0.6920000000000002
798 0.6860000000000002
799 0.6759999999999999
800 0.672
801 0.6679999999999999
802 0.664
803 0.6700000000000002
804 0.6679999999999999
805 0.672
806 0.6779999999999999
807 0.682
808 0.69
809 0.7
810 0.7
811 0.7020000000000001
812 0.704
813 0.7040000000000001
814 0.704
815 0.7020000000000001
816 0.694
817 0.69
818 0.688
819 0.688
820 0.6839999999999999
821 0.68
822 0.68
823 0.68
824 0.6759999999999999
825 0.672
826 0.674
827 0.68
828 0.686
829 0.692
830 0.696
831 0.6980000000000001
832 0.704
833 0.708
834 0.708
835 0.7060000000000001
836 0.708
837 0.704
838 0.7020000000000001
839 0.7000000000000001
840 0.696
841 0.692
842 0.692
843 0.6840000000000002
844 0.682
845 0.676
846 0.6740000000000002
847 0.668
848 0.668
849 0.668
850 0.666
851 0.6700000000000002
852 0.668
853 0.6740000000000002
854 0.682
855 0.682
856 0.6880000000000001
857 0.6980000000000001
858 0.7060000000000001
859 0.71
860 0.7079999999999999
861 0.7019999999999998
862 0.7019999999999998
863 0.7019999999999998
864 0.7019999999999998
865 0.696
866 0.6940000000000001
867 0.6940000000000001
868 0.692
869 0.692
870 0.688
871 0.688
872 0.6859999999999999
873 0.6859999999999999
874 0.6839999999999999
875 0.6860000000000002
876 0.6839999999999999
877 0.6839999999999999
878 0.69
879 0.694
880 0.7
881 0.704
882 0.7040000000000001
883 0.6980000000000001
884 0.7
885 0.702
886 0.702
887 0.702
888 0.7
889 0.6980000000000001
890 0.696
891 0.6939999999999998
892 0.692
893 0.692
894 0.686
895 0.686
896 0.6819999999999999
897 0.676
898 0.676
899 0.6759999999999999
900 0.6859999999999999
901 0.6900000000000001
902 0.696
903 0.704
904 0.708
905 0.722
906 0.726
907 0.728
908 0.728
909 0.728
910 0.726
911 0.722
912 0.72
913 0.714
914 0.712
915 0.7099999999999999
916 0.7039999999999998
917 0.7019999999999998
918 0.698
919 0.696
920 0.6939999999999998
921 0.69
922 0.696
923 0.69
924 0.688
925 0.6899999999999998
926 0.6879999999999998
927 0.692
928 0.698
929 0.706
930 0.7139999999999999
931 0.7179999999999999
932 0.72
933 0.718
934 0.712
935 0.71
936 0.7059999999999998
937 0.702
938 0.698
939 0.696
940 0.688
941 0.6839999999999999
942 0.674
943 0.672
944 0.6700000000000002
945 0.672
946 0.6740000000000002
947 0.676
948 0.682
949 0.6880000000000002
950 0.6900000000000001
951 0.69
952 0.692
953 0.7
954 0.71
955 0.716
956 0.722
957 0.72
958 0.7180000000000001
959 0.716
960 0.708
961 0.7
962 0.7
963 0.7
964 0.698
965 0.6940000000000001
966 0.696
967 0.6940000000000001
968 0.6940000000000001
969 0.694
970 0.6960000000000001
971 0.696
972 0.7040000000000001
973 0.7080000000000001
974 0.712
975 0.716
976 0.726
977 0.7299999999999999
978 0.732
979 0.734
980 0.734
981 0.734
982 0.73
983 0.728
984 0.7240000000000001
985 0.716
986 0.712
987 0.708
988 0.704
989 0.704
990 0.6979999999999998
991 0.692
992 0.6900000000000001
993 0.688
994 0.688
995 0.69
996 0.69
997 0.688
998 0.684
999 0.6880000000000001
