1 1.0
2 1.0
3 1.0
4 1.0
5 0.9972
6 0.9939999999999999
7 0.992
8 0.986
9 0.9804
10 0.9759999999999998
11 0.9716000000000001
12 0.9672
13 0.9643999999999999
14 0.9576000000000002
15 0.9503999999999999
16 0.944
17 0.9375999999999999
18 0.9328
19 0.9248000000000001
20 0.9188000000000001
21 0.9132000000000001
22 0.9072000000000001
23 0.9016000000000001
24 0.8972000000000001
25 0.8912000000000002
26 0.8852000000000002
27 0.8772000000000001
28 0.8708000000000001
29 0.8656
30 0.8592
31 0.8552
32 0.8476000000000002
33 0.8384
34 0.8336
35 0.8291999999999998
36 0.8232
37 0.8144
38 0.81
39 0.8068000000000001
40 0.8036
41 0.7980000000000002
42 0.7948000000000001
43 0.7916
44 0.7884000000000002
45 0.7852000000000002
46 0.7776
47 0.7755999999999998
48 0.7687999999999998
49 0.7644000000000001
50 0.7604000000000001
51 0.7524
52 0.7464
53 0.7391999999999999
54 0.7352
55 0.7296
56 0.7232000000000002
57 0.7176
58 0.7112000000000002
59 0.7067999999999999
60 0.7016
61 0.698
62 0.6916
63 0.6883999999999999
64 0.6851999999999999
65 0.6811999999999998
66 0.6787999999999998
67 0.6768
68 0.6731999999999998
69 0.6679999999999999
70 0.6644
71 0.6607999999999999
72 0.6575999999999997
73 0.6527999999999998
74 0.6496
75 0.6456000000000001
76 0.6416
77 0.6391999999999999
78 0.6355999999999999
79 0.6308
80 0.6264000000000001
81 0.6212
82 0.6175999999999999
83 0.6136
84 0.6115999999999999
85 0.6056000000000001
86 0.6028
87 0.6004
88 0.5992000000000001
89 0.596
90 0.5936
91 0.5904
92 0.5872
93 0.5848
94 0.5828
95 0.5808
96 0.5784
97 0.5752
98 0.5712
99 0.5704
100 0.5684000000000001
101 0.5656
102 0.5632
103 0.5616
104 0.5596
105 0.5564
106 0.5548
107 0.5528
108 0.5508000000000001
109 0.55
110 0.5479999999999999
111 0.5464
112 0.5436
113 0.5416000000000001
114 0.5392000000000001
115 0.538
116 0.5372
117 0.5340000000000001
118 0.5312000000000001
119 0.5296000000000001
120 0.5288
121 0.528
122 0.5247999999999999
123 0.5236
124 0.5212
125 0.5196000000000001
126 0.5172
127 0.5152
128 0.5128
129 0.5124
130 0.5108
131 0.5092
132 0.5076
133 0.5059999999999999
134 0.504
135 0.5028
136 0.5004000000000001
137 0.49920000000000003
138 0.4968000000000001
139 0.49440000000000006
140 0.4916000000000001
141 0.4896000000000001
142 0.4880000000000001
143 0.48760000000000014
144 0.48640000000000017
145 0.4860000000000001
146 0.4852000000000001
147 0.48400000000000015
148 0.4820000000000001
149 0.4796000000000001
150 0.47680000000000006
151 0.4752000000000001
152 0.4720000000000001
153 0.47160000000000013
154 0.47080000000000005
155 0.4700000000000001
156 0.4688000000000001
157 0.46720000000000006
158 0.4640000000000001
159 0.4616000000000001
160 0.4608000000000001
161 0.4592
162 0.4584
163 0.45799999999999996
164 0.4568
165 0.45640000000000003
166 0.4536
167 0.45160000000000006
168 0.45
169 0.44920000000000004
170 0.4484
171 0.44800000000000006
172 0.44760000000000005
173 0.4464000000000001
174 0.44480000000000003
175 0.4428000000000001
176 0.4416000000000001
177 0.43960000000000016
178 0.43960000000000016
179 0.4388000000000002
180 0.43800000000000017
181 0.4364000000000001
182 0.4348000000000002
183 0.43280000000000013
184 0.4324000000000001
185 0.43080000000000007
186 0.43000000000000005
187 0.43000000000000005
188 0.4292000000000001
189 0.4280000000000001
190 0.42720000000000014
191 0.4252000000000001
192 0.4248000000000001
193 0.4232000000000001
194 0.4220000000000001
195 0.42080000000000006
196 0.4192000000000001
197 0.41760000000000014
198 0.4160000000000001
199 0.41440000000000005
200 0.41440000000000005
201 0.4132
202 0.4132
203 0.4128
204 0.41240000000000004
205 0.41119999999999995
206 0.40919999999999995
207 0.40879999999999994
208 0.4084
209 0.40679999999999994
210 0.40679999999999994
211 0.4059999999999999
212 0.40519999999999995
213 0.4048
214 0.4028
215 0.40120000000000006
216 0.40080000000000005
217 0.40080000000000005
218 0.4004000000000001
219 0.4
220 0.3996
221 0.39880000000000004
222 0.398
223 0.39720000000000005
224 0.39680000000000004
225 0.3964000000000001
226 0.3952000000000001
227 0.39440000000000014
228 0.39320000000000005
229 0.3920000000000001
230 0.3912000000000001
231 0.3900000000000001
232 0.38960000000000017
233 0.38960000000000017
234 0.3888000000000001
235 0.3884000000000001
236 0.38720000000000016
237 0.38520000000000015
238 0.3848000000000002
239 0.3840000000000001
240 0.3840000000000001
241 0.38360000000000016
242 0.3828000000000001
243 0.3824000000000001
244 0.3816000000000001
245 0.3812000000000001
246 0.3800000000000001
247 0.3788
248 0.3788
249 0.3784
250 0.3776
251 0.3776
252 0.3748
253 0.37360000000000004
254 0.3728000000000001
255 0.3728000000000001
256 0.37240000000000006
257 0.37240000000000006
258 0.3716000000000001
259 0.37120000000000014
260 0.37000000000000005
261 0.37000000000000005
262 0.36880000000000007
263 0.36880000000000007
264 0.36880000000000007
265 0.36840000000000006
266 0.36760000000000004
267 0.36680000000000007
268 0.366
269 0.3648
270 0.36440000000000006
271 0.364
272 0.364
273 0.3635999999999999
274 0.36279999999999996
275 0.36279999999999996
276 0.36239999999999994
277 0.36199999999999993
278 0.36119999999999997
279 0.3608
280 0.3604
281 0.35960000000000003
282 0.3588
283 0.35840000000000005
284 0.3572000000000001
285 0.35600000000000004
286 0.35480000000000006
287 0.35400000000000004
288 0.35400000000000004
289 0.35400000000000004
290 0.3536000000000001
291 0.35280000000000006
292 0.3520000000000001
293 0.3512000000000001
294 0.3500000000000001
295 0.3500000000000001
296 0.34920000000000007
297 0.3480000000000001
298 0.34760000000000013
299 0.34640000000000015
300 0.3448000000000001
301 0.34440000000000004
302 0.3440000000000001
303 0.34360000000000007
304 0.34360000000000007
305 0.3424000000000001
306 0.3416
307 0.3416
308 0.3416
309 0.34120000000000006
310 0.34120000000000006
311 0.3408
312 0.3408
313 0.34
314 0.3396
315 0.33880000000000005
316 0.33880000000000005
317 0.338
318 0.33760000000000007
319 0.33760000000000007
320 0.33720000000000006
321 0.33720000000000006
322 0.33720000000000006
323 0.33680000000000004
324 0.3356
325 0.3352000000000001
326 0.3352000000000001
327 0.3352000000000001
328 0.33440000000000014
329 0.33360000000000006
330 0.33320000000000005
331 0.3324000000000001
332 0.3324000000000001
333 0.3312000000000001
334 0.33080000000000015
335 0.33080000000000015
336 0.33080000000000015
337 0.33040000000000014
338 0.33040000000000014
339 0.32960000000000017
340 0.32920000000000016
341 0.32880000000000015
342 0.32880000000000015
343 0.3284000000000002
344 0.3280000000000001
345 0.3276000000000001
346 0.3276000000000001
347 0.32720000000000016
348 0.32720000000000016
349 0.32640000000000013
350 0.3260000000000002
351 0.3260000000000002
352 0.3260000000000002
353 0.32560000000000017
354 0.32520000000000016
355 0.32520000000000016
356 0.32520000000000016
357 0.3236000000000002
358 0.32280000000000014
359 0.3224000000000002
360 0.3220000000000002
361 0.3212000000000001
362 0.3212000000000001
363 0.3212000000000001
364 0.32080000000000014
365 0.32040000000000013
366 0.3200000000000001
367 0.31920000000000015
368 0.31800000000000017
369 0.31720000000000015
370 0.31720000000000015
371 0.3168000000000002
372 0.3164000000000002
373 0.3164000000000002
374 0.3156000000000002
375 0.3144000000000002
376 0.3144000000000002
377 0.31360000000000016
378 0.31320000000000014
379 0.31320000000000014
380 0.3124000000000001
381 0.3124000000000001
382 0.3120000000000001
383 0.31120000000000014
384 0.3104000000000002
385 0.3104000000000002
386 0.3104000000000002
387 0.30960000000000015
388 0.30960000000000015
389 0.30960000000000015
390 0.30960000000000015
391 0.3088000000000001
392 0.3088000000000001
393 0.3084000000000001
394 0.3084000000000001
395 0.3076000000000001
396 0.3072000000000001
397 0.3072000000000001
398 0.3072000000000001
399 0.3068000000000001
400 0.3068000000000001
401 0.30600000000000005
402 0.3048
403 0.30440000000000006
404 0.30440000000000006
405 0.30440000000000006
406 0.3036
407 0.3028
408 0.3028
409 0.3028
410 0.3028
411 0.3028
412 0.3024
413 0.3024
414 0.3024
415 0.30200000000000005
416 0.30160000000000003
417 0.3012
418 0.30040000000000006
419 0.2996000000000001
420 0.2992000000000001
421 0.2992000000000001
422 0.2992000000000001
423 0.2992000000000001
424 0.2988000000000001
425 0.2988000000000001
426 0.2988000000000001
427 0.29800000000000004
428 0.29760000000000003
429 0.2972000000000001
430 0.2972000000000001
431 0.29680000000000006
432 0.29680000000000006
433 0.29680000000000006
434 0.29680000000000006
435 0.29680000000000006
436 0.29680000000000006
437 0.29680000000000006
438 0.29600000000000004
439 0.2952000000000001
440 0.2944
441 0.2944
442 0.2944
443 0.2932
444 0.2924
445 0.2924
446 0.292
447 0.292
448 0.29159999999999997
449 0.29159999999999997
450 0.29159999999999997
451 0.2908
452 0.2908
453 0.2904
454 0.29
455 0.2896
456 0.2896
457 0.2896
458 0.2888
459 0.2888
460 0.28800000000000003
461 0.28800000000000003
462 0.28800000000000003
463 0.28800000000000003
464 0.2876
465 0.2872
466 0.2872
467 0.2872
468 0.28680000000000005
469 0.28680000000000005
470 0.28600000000000003
471 0.2848
472 0.2844
473 0.2844
474 0.284
475 0.2836
476 0.2828
477 0.2828
478 0.2828
479 0.28240000000000004
480 0.282
481 0.2816
482 0.2816
483 0.2816
484 0.2812
485 0.2808
486 0.2808
487 0.2804
488 0.28
489 0.28
490 0.2792
491 0.2792
492 0.27879999999999994
493 0.27879999999999994
494 0.27879999999999994
495 0.27879999999999994
496 0.2784
497 0.2784
498 0.27799999999999997
499 0.27799999999999997
500 0.27799999999999997
501 0.27799999999999997
502 0.27799999999999997
503 0.27799999999999997
504 0.27719999999999995
505 0.27719999999999995
506 0.27679999999999993
507 0.27679999999999993
508 0.27679999999999993
509 0.2764
510 0.2764
511 0.2764
512 0.27599999999999997
513 0.27599999999999997
514 0.27559999999999996
515 0.27559999999999996
516 0.27559999999999996
517 0.27559999999999996
518 0.27519999999999994
519 0.2748
520 0.27399999999999997
521 0.27319999999999994
522 0.27319999999999994
523 0.27319999999999994
524 0.27279999999999993
525 0.27279999999999993
526 0.27279999999999993
527 0.27279999999999993
528 0.2724
529 0.2724
530 0.2724
531 0.2724
532 0.27159999999999995
533 0.27119999999999994
534 0.2703999999999999
535 0.2703999999999999
536 0.2703999999999999
537 0.2703999999999999
538 0.2699999999999999
539 0.2699999999999999
540 0.2699999999999999
541 0.2695999999999999
542 0.2695999999999999
543 0.2691999999999999
544 0.2691999999999999
545 0.2691999999999999
546 0.2687999999999999
547 0.2687999999999999
548 0.26799999999999985
549 0.2675999999999999
550 0.2675999999999999
551 0.2675999999999999
552 0.2675999999999999
553 0.2675999999999999
554 0.2675999999999999
555 0.2675999999999999
556 0.2675999999999999
557 0.2675999999999999
558 0.26679999999999987
559 0.26679999999999987
560 0.26679999999999987
561 0.26679999999999987
562 0.2663999999999999
563 0.2659999999999999
564 0.26519999999999994
565 0.26519999999999994
566 0.2647999999999999
567 0.2643999999999999
568 0.2643999999999999
569 0.2643999999999999
570 0.2643999999999999
571 0.2639999999999999
572 0.26359999999999995
573 0.26359999999999995
574 0.26359999999999995
575 0.26359999999999995
576 0.26359999999999995
577 0.26319999999999993
578 0.26319999999999993
579 0.26319999999999993
580 0.2627999999999999
581 0.2627999999999999
582 0.2623999999999999
583 0.2623999999999999
584 0.2619999999999999
585 0.2611999999999999
586 0.2611999999999999
587 0.2607999999999999
588 0.2607999999999999
589 0.2607999999999999
590 0.2607999999999999
591 0.2607999999999999
592 0.2607999999999999
593 0.2607999999999999
594 0.2603999999999999
595 0.2603999999999999
596 0.2603999999999999
597 0.2603999999999999
598 0.2603999999999999
599 0.25999999999999995
600 0.25999999999999995
601 0.25959999999999994
602 0.2588
603 0.2588
604 0.2588
605 0.2588
606 0.2588
607 0.2588
608 0.2583999999999999
609 0.2583999999999999
610 0.2575999999999999
611 0.2575999999999999
612 0.2575999999999999
613 0.2575999999999999
614 0.2575999999999999
615 0.25719999999999993
616 0.2567999999999999
617 0.2567999999999999
618 0.25639999999999996
619 0.25639999999999996
620 0.25639999999999996
621 0.25599999999999995
622 0.25599999999999995
623 0.2552
624 0.2552
625 0.2552
626 0.2552
627 0.2552
628 0.2552
629 0.2547999999999999
630 0.2547999999999999
631 0.25439999999999996
632 0.25399999999999995
633 0.25399999999999995
634 0.25359999999999994
635 0.25359999999999994
636 0.25359999999999994
637 0.25359999999999994
638 0.25359999999999994
639 0.2532
640 0.2532
641 0.25279999999999997
642 0.25239999999999996
643 0.25239999999999996
644 0.25239999999999996
645 0.25239999999999996
646 0.25239999999999996
647 0.25199999999999995
648 0.25199999999999995
649 0.2516
650 0.2512
651 0.25079999999999997
652 0.25079999999999997
653 0.25079999999999997
654 0.25079999999999997
655 0.2503999999999999
656 0.2503999999999999
657 0.2503999999999999
658 0.2503999999999999
659 0.2503999999999999
660 0.2503999999999999
661 0.2503999999999999
662 0.24999999999999992
663 0.24959999999999993
664 0.24919999999999995
665 0.24919999999999995
666 0.24879999999999997
667 0.24839999999999993
668 0.24799999999999994
669 0.24799999999999994
670 0.24719999999999995
671 0.24719999999999995
672 0.24719999999999995
673 0.24719999999999995
674 0.24719999999999995
675 0.24679999999999996
676 0.24679999999999996
677 0.24639999999999998
678 0.24639999999999998
679 0.24639999999999998
680 0.24639999999999998
681 0.24639999999999998
682 0.24599999999999997
683 0.24599999999999997
684 0.24599999999999997
685 0.24599999999999997
686 0.24599999999999997
687 0.24599999999999997
688 0.24599999999999997
689 0.24599999999999997
690 0.24599999999999997
691 0.24559999999999998
692 0.24559999999999998
693 0.24559999999999998
694 0.24559999999999998
695 0.2452
696 0.2452
697 0.2452
698 0.2452
699 0.2452
700 0.2452
701 0.24479999999999996
702 0.24479999999999996
703 0.24479999999999996
704 0.24479999999999996
705 0.24439999999999998
706 0.24439999999999998
707 0.24439999999999998
708 0.244
709 0.244
710 0.24359999999999998
711 0.24359999999999998
712 0.24359999999999998
713 0.24359999999999998
714 0.24359999999999998
715 0.2432
716 0.2432
717 0.24239999999999998
718 0.24239999999999998
719 0.242
720 0.24159999999999995
721 0.24159999999999995
722 0.24159999999999995
723 0.24159999999999995
724 0.24119999999999997
725 0.24119999999999997
726 0.24119999999999997
727 0.24119999999999997
728 0.24119999999999997
729 0.24119999999999997
730 0.24079999999999996
731 0.24079999999999996
732 0.24079999999999996
733 0.24079999999999996
734 0.24039999999999995
735 0.24039999999999995
736 0.24039999999999995
737 0.23999999999999996
738 0.23999999999999996
739 0.23919999999999997
740 0.23919999999999997
741 0.23919999999999997
742 0.23919999999999997
743 0.23879999999999998
744 0.23879999999999998
745 0.23879999999999998
746 0.23879999999999998
747 0.2384
748 0.23800000000000002
749 0.2376
750 0.2376
751 0.2376
752 0.23720000000000002
753 0.23720000000000002
754 0.23720000000000002
755 0.23680000000000004
756 0.23680000000000004
757 0.23680000000000004
758 0.23680000000000004
759 0.23680000000000004
760 0.23680000000000004
761 0.23680000000000004
762 0.23680000000000004
763 0.23680000000000004
764 0.23640000000000005
765 0.23640000000000005
766 0.23640000000000005
767 0.23600000000000004
768 0.23600000000000004
769 0.23560000000000003
770 0.23560000000000003
771 0.23560000000000003
772 0.23520000000000002
773 0.23520000000000002
774 0.23520000000000002
775 0.2348
776 0.2348
777 0.23440000000000003
778 0.23440000000000003
779 0.23440000000000003
780 0.234
781 0.234
782 0.23360000000000003
783 0.23360000000000003
784 0.23360000000000003
785 0.23360000000000003
786 0.23320000000000005
787 0.23320000000000005
788 0.23320000000000005
789 0.23320000000000005
790 0.23320000000000005
791 0.23320000000000005
792 0.23320000000000005
793 0.23280000000000003
794 0.23240000000000005
795 0.23240000000000005
796 0.23200000000000004
797 0.23200000000000004
798 0.23200000000000004
799 0.23200000000000004
800 0.23200000000000004
801 0.23200000000000004
802 0.23160000000000003
803 0.23160000000000003
804 0.23160000000000003
805 0.23120000000000004
806 0.23120000000000004
807 0.23080000000000006
808 0.23080000000000006
809 0.23080000000000006
810 0.23080000000000006
811 0.23080000000000006
812 0.23080000000000006
813 0.23040000000000005
814 0.23040000000000005
815 0.23040000000000005
816 0.23000000000000007
817 0.22960000000000008
818 0.22960000000000008
819 0.22960000000000008
820 0.22960000000000008
821 0.22960000000000008
822 0.22960000000000008
823 0.2292000000000001
824 0.2292000000000001
825 0.22880000000000006
826 0.22880000000000006
827 0.22840000000000005
828 0.22800000000000004
829 0.22800000000000004
830 0.22800000000000004
831 0.22760000000000005
832 0.22720000000000007
833 0.22720000000000007
834 0.22720000000000007
835 0.22720000000000007
836 0.22720000000000007
837 0.22720000000000007
838 0.22680000000000006
839 0.22560000000000002
840 0.22480000000000003
841 0.22440000000000004
842 0.22440000000000004
843 0.22440000000000004
844 0.22440000000000004
845 0.22440000000000004
846 0.22440000000000004
847 0.22400000000000006
848 0.22400000000000006
849 0.22400000000000006
850 0.22360000000000002
851 0.22360000000000002
852 0.22360000000000002
853 0.22360000000000002
854 0.22360000000000002
855 0.2232
856 0.2232
857 0.2232
858 0.22279999999999997
859 0.22279999999999997
860 0.22279999999999997
861 0.22279999999999997
862 0.22279999999999997
863 0.22279999999999997
864 0.22279999999999997
865 0.22279999999999997
866 0.22279999999999997
867 0.22279999999999997
868 0.22279999999999997
869 0.22279999999999997
870 0.22279999999999997
871 0.22279999999999997
872 0.22279999999999997
873 0.22279999999999997
874 0.22279999999999997
875 0.22279999999999997
876 0.22279999999999997
877 0.22279999999999997
878 0.22279999999999997
879 0.22279999999999997
880 0.22279999999999997
881 0.22279999999999997
882 0.22279999999999997
883 0.22279999999999997
884 0.22279999999999997
885 0.22279999999999997
886 0.2224
887 0.2224
888 0.2224
889 0.2224
890 0.2224
891 0.2224
892 0.2224
893 0.2224
894 0.2224
895 0.2224
896 0.2224
897 0.222
898 0.222
899 0.2216
900 0.2216
901 0.22119999999999998
902 0.22119999999999998
903 0.22119999999999998
904 0.22119999999999998
905 0.2208
906 0.22039999999999998
907 0.21960000000000002
908 0.21960000000000002
909 0.21960000000000002
910 0.21960000000000002
911 0.2192
912 0.2192
913 0.2188
914 0.2188
915 0.2188
916 0.2188
917 0.2188
918 0.2184
919 0.218
920 0.218
921 0.218
922 0.218
923 0.21760000000000002
924 0.21760000000000002
925 0.21760000000000002
926 0.21760000000000002
927 0.21760000000000002
928 0.21760000000000002
929 0.21760000000000002
930 0.21760000000000002
931 0.21760000000000002
932 0.21720000000000003
933 0.21720000000000003
934 0.21720000000000003
935 0.21720000000000003
936 0.21720000000000003
937 0.21720000000000003
938 0.21720000000000003
939 0.21720000000000003
940 0.21720000000000003
941 0.21720000000000003
942 0.21720000000000003
943 0.21720000000000003
944 0.21720000000000003
945 0.21720000000000003
946 0.2168
947 0.2168
948 0.2168
949 0.2164
950 0.2164
951 0.21600000000000003
952 0.21600000000000003
953 0.21600000000000003
954 0.21559999999999999
955 0.21559999999999999
956 0.21559999999999999
957 0.21559999999999999
958 0.21559999999999999
959 0.21559999999999999
960 0.21559999999999999
961 0.21559999999999999
962 0.21559999999999999
963 0.2152
964 0.2152
965 0.2152
966 0.2152
967 0.2152
968 0.2152
969 0.2152
970 0.2152
971 0.2152
972 0.2152
973 0.2152
974 0.2152
975 0.2152
976 0.2152
977 0.2152
978 0.2152
979 0.2152
980 0.2152
981 0.2152
982 0.2152
983 0.2152
984 0.2152
985 0.2152
986 0.2152
987 0.2152
988 0.2152
989 0.2152
990 0.2152
991 0.21479999999999996
992 0.21479999999999996
993 0.21479999999999996
994 0.21479999999999996
995 0.21479999999999996
996 0.21479999999999996
997 0.21479999999999996
998 0.21479999999999996
999 0.21479999999999996
1000 0.21479999999999996
1001 0.21479999999999996
1002 0.21439999999999998
1003 0.21439999999999998
1004 0.21439999999999998
1005 0.21439999999999998
1006 0.21439999999999998
1007 0.21439999999999998
1008 0.21439999999999998
1009 0.21439999999999998
1010 0.21439999999999998
1011 0.21439999999999998
1012 0.21439999999999998
1013 0.21439999999999998
1014 0.21439999999999998
1015 0.21439999999999998
1016 0.21439999999999998
1017 0.21439999999999998
1018 0.21399999999999994
1019 0.21399999999999994
1020 0.21359999999999996
1021 0.21279999999999993
1022 0.21279999999999993
1023 0.21279999999999993
1024 0.21279999999999993
1025 0.21279999999999993
1026 0.21239999999999992
1027 0.21239999999999992
1028 0.21239999999999992
1029 0.21239999999999992
1030 0.21239999999999992
1031 0.21239999999999992
1032 0.21239999999999992
1033 0.21239999999999992
1034 0.21239999999999992
1035 0.21239999999999992
1036 0.21239999999999992
1037 0.21239999999999992
1038 0.21239999999999992
1039 0.21239999999999992
1040 0.21239999999999992
1041 0.2119999999999999
1042 0.2119999999999999
1043 0.2119999999999999
1044 0.2115999999999999
1045 0.21119999999999992
1046 0.21119999999999992
1047 0.2107999999999999
1048 0.2107999999999999
1049 0.2107999999999999
1050 0.2107999999999999
1051 0.2107999999999999
1052 0.2107999999999999
1053 0.2107999999999999
1054 0.21039999999999992
1055 0.21039999999999992
1056 0.21039999999999992
1057 0.21039999999999992
1058 0.20999999999999988
1059 0.2095999999999999
1060 0.2095999999999999
1061 0.2095999999999999
1062 0.2095999999999999
1063 0.2095999999999999
1064 0.2095999999999999
1065 0.2095999999999999
1066 0.2095999999999999
1067 0.2095999999999999
1068 0.2095999999999999
1069 0.2095999999999999
1070 0.2095999999999999
1071 0.2095999999999999
1072 0.2095999999999999
1073 0.2095999999999999
1074 0.2095999999999999
1075 0.2095999999999999
1076 0.2095999999999999
1077 0.2095999999999999
1078 0.2095999999999999
1079 0.2095999999999999
1080 0.2095999999999999
1081 0.2095999999999999
1082 0.2095999999999999
1083 0.2095999999999999
1084 0.2095999999999999
1085 0.2095999999999999
1086 0.2095999999999999
1087 0.2091999999999999
1088 0.2091999999999999
1089 0.2091999999999999
1090 0.2091999999999999
1091 0.2091999999999999
1092 0.2091999999999999
1093 0.2091999999999999
1094 0.2091999999999999
1095 0.20879999999999993
1096 0.20879999999999993
1097 0.20879999999999993
1098 0.20879999999999993
1099 0.2083999999999999
1100 0.2083999999999999
1101 0.2083999999999999
1102 0.2083999999999999
1103 0.2083999999999999
1104 0.2083999999999999
1105 0.2083999999999999
1106 0.20799999999999985
1107 0.20799999999999985
1108 0.20799999999999985
1109 0.20799999999999985
1110 0.20759999999999987
1111 0.20759999999999987
1112 0.20759999999999987
1113 0.20759999999999987
1114 0.2067999999999999
1115 0.2067999999999999
1116 0.2067999999999999
1117 0.2067999999999999
1118 0.2067999999999999
1119 0.2067999999999999
1120 0.2067999999999999
1121 0.2067999999999999
1122 0.2067999999999999
1123 0.2067999999999999
1124 0.2067999999999999
1125 0.2067999999999999
1126 0.2067999999999999
1127 0.2067999999999999
1128 0.2067999999999999
1129 0.2067999999999999
1130 0.2067999999999999
1131 0.2067999999999999
1132 0.2067999999999999
1133 0.2067999999999999
1134 0.2067999999999999
1135 0.2067999999999999
1136 0.2067999999999999
1137 0.2067999999999999
1138 0.2067999999999999
1139 0.2067999999999999
1140 0.2067999999999999
1141 0.2067999999999999
1142 0.20639999999999986
1143 0.20639999999999986
1144 0.20639999999999986
1145 0.20639999999999986
1146 0.20599999999999985
1147 0.20599999999999985
1148 0.20599999999999985
1149 0.20599999999999985
1150 0.20599999999999985
1151 0.20599999999999985
1152 0.20599999999999985
1153 0.20599999999999985
1154 0.20599999999999985
1155 0.20599999999999985
1156 0.20599999999999985
1157 0.20599999999999985
1158 0.20599999999999985
1159 0.20599999999999985
1160 0.20599999999999985
1161 0.20559999999999984
1162 0.20559999999999984
1163 0.20559999999999984
1164 0.20559999999999984
1165 0.20559999999999984
1166 0.20559999999999984
1167 0.20559999999999984
1168 0.20559999999999984
1169 0.20559999999999984
1170 0.20559999999999984
1171 0.20519999999999985
1172 0.20519999999999985
1173 0.20519999999999985
1174 0.20519999999999985
1175 0.20519999999999985
1176 0.20479999999999987
1177 0.20439999999999983
1178 0.20439999999999983
1179 0.20439999999999983
1180 0.20439999999999983
1181 0.20439999999999983
1182 0.20439999999999983
1183 0.20439999999999983
1184 0.20359999999999986
1185 0.20359999999999986
1186 0.20359999999999986
1187 0.20359999999999986
1188 0.20359999999999986
1189 0.20359999999999986
1190 0.20359999999999986
1191 0.20359999999999986
1192 0.20359999999999986
1193 0.20359999999999986
1194 0.20359999999999986
1195 0.20359999999999986
1196 0.20359999999999986
1197 0.20359999999999986
1198 0.20359999999999986
1199 0.20359999999999986
1200 0.20359999999999986
1201 0.20319999999999985
1202 0.20319999999999985
1203 0.20319999999999985
1204 0.20319999999999985
1205 0.20319999999999985
1206 0.20319999999999985
1207 0.20319999999999985
1208 0.20319999999999985
1209 0.20319999999999985
1210 0.20319999999999985
1211 0.20319999999999985
1212 0.20319999999999985
1213 0.20319999999999985
1214 0.20319999999999985
1215 0.20319999999999985
1216 0.20319999999999985
1217 0.20319999999999985
1218 0.20319999999999985
1219 0.20279999999999987
1220 0.20279999999999987
1221 0.20279999999999987
1222 0.20279999999999987
1223 0.20279999999999987
1224 0.20279999999999987
1225 0.20279999999999987
1226 0.20279999999999987
1227 0.20279999999999987
1228 0.20279999999999987
1229 0.20279999999999987
1230 0.20279999999999987
1231 0.20279999999999987
1232 0.20279999999999987
1233 0.20239999999999983
1234 0.20239999999999983
1235 0.20239999999999983
1236 0.20239999999999983
1237 0.20199999999999985
1238 0.20199999999999985
1239 0.20199999999999985
1240 0.20199999999999985
1241 0.20199999999999985
1242 0.20199999999999985
1243 0.20199999999999985
1244 0.20199999999999985
1245 0.20199999999999985
1246 0.20199999999999985
1247 0.20199999999999985
1248 0.20199999999999985
1249 0.20199999999999985
1250 0.20199999999999985
1251 0.20199999999999985
1252 0.20199999999999985
1253 0.20199999999999985
1254 0.20159999999999986
1255 0.20119999999999988
1256 0.20119999999999988
1257 0.20119999999999988
1258 0.20119999999999988
1259 0.20119999999999988
1260 0.20119999999999988
1261 0.20119999999999988
1262 0.20119999999999988
1263 0.20119999999999988
1264 0.20079999999999984
1265 0.20079999999999984
1266 0.20079999999999984
1267 0.20079999999999984
1268 0.20079999999999984
1269 0.20079999999999984
1270 0.20079999999999984
1271 0.20039999999999986
1272 0.20039999999999986
1273 0.20039999999999986
1274 0.20039999999999986
1275 0.20039999999999986
1276 0.20039999999999986
1277 0.20039999999999986
1278 0.20039999999999986
1279 0.20039999999999986
1280 0.20039999999999986
1281 0.20039999999999986
1282 0.19999999999999984
1283 0.19999999999999984
1284 0.19999999999999984
1285 0.19999999999999984
1286 0.19999999999999984
1287 0.19999999999999984
1288 0.19999999999999984
1289 0.19999999999999984
1290 0.19999999999999984
1291 0.19999999999999984
1292 0.19999999999999984
1293 0.19999999999999984
1294 0.19999999999999984
1295 0.19999999999999984
1296 0.19999999999999984
1297 0.19999999999999984
1298 0.19999999999999984
1299 0.19999999999999984
1300 0.19999999999999984
1301 0.19999999999999984
1302 0.19999999999999984
1303 0.19999999999999984
1304 0.19999999999999984
1305 0.19999999999999984
1306 0.19999999999999984
1307 0.19999999999999984
1308 0.19999999999999984
1309 0.19999999999999984
1310 0.19999999999999984
1311 0.19999999999999984
1312 0.19999999999999984
1313 0.19999999999999984
1314 0.19999999999999984
1315 0.19959999999999986
1316 0.1987999999999999
1317 0.1987999999999999
1318 0.1987999999999999
1319 0.1987999999999999
1320 0.19839999999999988
1321 0.19839999999999988
1322 0.1979999999999999
1323 0.1975999999999999
1324 0.1975999999999999
1325 0.19719999999999988
1326 0.19719999999999988
1327 0.19719999999999988
1328 0.19719999999999988
1329 0.19719999999999988
1330 0.19719999999999988
1331 0.19719999999999988
1332 0.1967999999999999
1333 0.1963999999999999
1334 0.1963999999999999
1335 0.1963999999999999
1336 0.1963999999999999
1337 0.1963999999999999
1338 0.1963999999999999
1339 0.1963999999999999
1340 0.1963999999999999
1341 0.1959999999999999
1342 0.1959999999999999
1343 0.1959999999999999
1344 0.1955999999999999
1345 0.1955999999999999
1346 0.19519999999999993
1347 0.19479999999999995
1348 0.19479999999999995
1349 0.19479999999999995
1350 0.19479999999999995
1351 0.19479999999999995
1352 0.19479999999999995
1353 0.19479999999999995
1354 0.19479999999999995
1355 0.19479999999999995
1356 0.19479999999999995
1357 0.19479999999999995
1358 0.19479999999999995
1359 0.19479999999999995
1360 0.19479999999999995
1361 0.19479999999999995
1362 0.19479999999999995
1363 0.19479999999999995
1364 0.19479999999999995
1365 0.19479999999999995
1366 0.19439999999999993
1367 0.19439999999999993
1368 0.19439999999999993
1369 0.19439999999999993
1370 0.19439999999999993
1371 0.19439999999999993
1372 0.19439999999999993
1373 0.19439999999999993
1374 0.19439999999999993
1375 0.19439999999999993
1376 0.19439999999999993
1377 0.19439999999999993
1378 0.19399999999999995
1379 0.19399999999999995
1380 0.19399999999999995
1381 0.19359999999999997
1382 0.19359999999999997
1383 0.19359999999999997
1384 0.19359999999999997
1385 0.19359999999999997
1386 0.19359999999999997
1387 0.19359999999999997
1388 0.19359999999999997
1389 0.19359999999999997
1390 0.19359999999999997
1391 0.19359999999999997
1392 0.19359999999999997
1393 0.19319999999999996
1394 0.19319999999999996
1395 0.19319999999999996
1396 0.19319999999999996
1397 0.19319999999999996
1398 0.19319999999999996
1399 0.19319999999999996
1400 0.19319999999999996
1401 0.19319999999999996
1402 0.19319999999999996
1403 0.19319999999999996
1404 0.19319999999999996
1405 0.19319999999999996
1406 0.19319999999999996
1407 0.19319999999999996
1408 0.19319999999999996
1409 0.19319999999999996
1410 0.19319999999999996
1411 0.19319999999999996
1412 0.19319999999999996
1413 0.19319999999999996
1414 0.19319999999999996
1415 0.19319999999999996
1416 0.19319999999999996
1417 0.19319999999999996
1418 0.19319999999999996
1419 0.19319999999999996
1420 0.19319999999999996
1421 0.19319999999999996
1422 0.19319999999999996
1423 0.19319999999999996
1424 0.19279999999999997
1425 0.19279999999999997
1426 0.19279999999999997
1427 0.19279999999999997
1428 0.19279999999999997
1429 0.19279999999999997
1430 0.19279999999999997
1431 0.19279999999999997
1432 0.19239999999999996
1433 0.19239999999999996
1434 0.19239999999999996
1435 0.19239999999999996
1436 0.19239999999999996
1437 0.19239999999999996
1438 0.19239999999999996
1439 0.19239999999999996
1440 0.19159999999999996
1441 0.19159999999999996
1442 0.19119999999999998
1443 0.19119999999999998
1444 0.19119999999999998
1445 0.19119999999999998
1446 0.19119999999999998
1447 0.19119999999999998
1448 0.19119999999999998
1449 0.19119999999999998
1450 0.19119999999999998
1451 0.19079999999999994
1452 0.19079999999999994
1453 0.19079999999999994
1454 0.19079999999999994
1455 0.19079999999999994
1456 0.19079999999999994
1457 0.19079999999999994
1458 0.19079999999999994
1459 0.19079999999999994
1460 0.19079999999999994
1461 0.19079999999999994
1462 0.19039999999999996
1463 0.19039999999999996
1464 0.19039999999999996
1465 0.19039999999999996
1466 0.19039999999999996
1467 0.18999999999999997
1468 0.18959999999999996
1469 0.18959999999999996
1470 0.18959999999999996
1471 0.18959999999999996
1472 0.18959999999999996
1473 0.18959999999999996
1474 0.18959999999999996
1475 0.18959999999999996
1476 0.18959999999999996
1477 0.18959999999999996
1478 0.18959999999999996
1479 0.18959999999999996
1480 0.18919999999999995
1481 0.18919999999999995
1482 0.18919999999999995
1483 0.18919999999999995
1484 0.18919999999999995
1485 0.18919999999999995
1486 0.18919999999999995
1487 0.18919999999999995
1488 0.18919999999999995
1489 0.18919999999999995
1490 0.18879999999999997
1491 0.18879999999999997
1492 0.18879999999999997
1493 0.18879999999999997
1494 0.18879999999999997
1495 0.18879999999999997
1496 0.18879999999999997
1497 0.18879999999999997
1498 0.18879999999999997
1499 0.18879999999999997
1500 0.18879999999999997
1501 0.18879999999999997
1502 0.18879999999999997
1503 0.18839999999999996
1504 0.18839999999999996
1505 0.18839999999999996
1506 0.18839999999999996
1507 0.18839999999999996
1508 0.18839999999999996
1509 0.18799999999999997
1510 0.18799999999999997
1511 0.18799999999999997
1512 0.18799999999999997
1513 0.18799999999999997
1514 0.18799999999999997
1515 0.18799999999999997
1516 0.18799999999999997
1517 0.18799999999999997
1518 0.18799999999999997
1519 0.18799999999999997
1520 0.18799999999999997
1521 0.1876
1522 0.18719999999999998
1523 0.18719999999999998
1524 0.18719999999999998
1525 0.18719999999999998
1526 0.18719999999999998
1527 0.18719999999999998
1528 0.18719999999999998
1529 0.1868
1530 0.1868
1531 0.1868
1532 0.1868
1533 0.1868
1534 0.1868
1535 0.1868
1536 0.1868
1537 0.1868
1538 0.1868
1539 0.1868
1540 0.1868
1541 0.1868
1542 0.1868
1543 0.1868
1544 0.1868
1545 0.1868
1546 0.1868
1547 0.1868
1548 0.1868
1549 0.1868
1550 0.1868
1551 0.1868
1552 0.1868
1553 0.1868
1554 0.1868
1555 0.1868
1556 0.1868
1557 0.1868
1558 0.18639999999999998
1559 0.18639999999999998
1560 0.18639999999999998
1561 0.18639999999999998
1562 0.18639999999999998
1563 0.18639999999999998
1564 0.18599999999999997
1565 0.18599999999999997
1566 0.18599999999999997
1567 0.18599999999999997
1568 0.18599999999999997
1569 0.18599999999999997
1570 0.18599999999999997
1571 0.18599999999999997
1572 0.18599999999999997
1573 0.18599999999999997
1574 0.18599999999999997
1575 0.18599999999999997
1576 0.18599999999999997
1577 0.18599999999999997
1578 0.1856
1579 0.1856
1580 0.1856
1581 0.1856
1582 0.1856
1583 0.1856
1584 0.1856
1585 0.1852
1586 0.1852
1587 0.1852
1588 0.1852
1589 0.1852
1590 0.1852
1591 0.1852
1592 0.1852
1593 0.1852
1594 0.1852
1595 0.1852
1596 0.1852
1597 0.1852
1598 0.1852
1599 0.1852
1600 0.1852
1601 0.1852
1602 0.18479999999999996
1603 0.18479999999999996
1604 0.18479999999999996
1605 0.18479999999999996
1606 0.18479999999999996
1607 0.18439999999999998
1608 0.18439999999999998
1609 0.184
1610 0.184
1611 0.184
1612 0.18359999999999999
1613 0.18359999999999999
1614 0.18359999999999999
1615 0.18359999999999999
1616 0.18359999999999999
1617 0.18359999999999999
1618 0.18359999999999999
1619 0.18359999999999999
1620 0.18359999999999999
1621 0.18359999999999999
1622 0.18359999999999999
1623 0.18359999999999999
1624 0.18359999999999999
1625 0.18359999999999999
1626 0.1832
1627 0.1832
1628 0.1832
1629 0.1832
1630 0.1832
1631 0.1832
1632 0.1832
1633 0.1832
1634 0.1832
1635 0.1832
1636 0.1832
1637 0.1832
1638 0.1832
1639 0.1832
1640 0.1832
1641 0.18239999999999998
1642 0.18239999999999998
1643 0.18239999999999998
1644 0.18239999999999998
1645 0.18239999999999998
1646 0.18239999999999998
1647 0.18239999999999998
1648 0.18239999999999998
1649 0.18239999999999998
1650 0.18239999999999998
1651 0.18239999999999998
1652 0.18239999999999998
1653 0.18239999999999998
1654 0.182
1655 0.182
1656 0.182
1657 0.182
1658 0.182
1659 0.182
1660 0.182
1661 0.182
1662 0.182
1663 0.182
1664 0.182
1665 0.182
1666 0.182
1667 0.182
1668 0.182
1669 0.1816
1670 0.1816
1671 0.1816
1672 0.1816
1673 0.1816
1674 0.1816
1675 0.1816
1676 0.1816
1677 0.1816
1678 0.1816
1679 0.1816
1680 0.1816
1681 0.1816
1682 0.1812
1683 0.1812
1684 0.1812
1685 0.1812
1686 0.1812
1687 0.1812
1688 0.1812
1689 0.18080000000000002
1690 0.18080000000000002
1691 0.18080000000000002
1692 0.18040000000000003
1693 0.18040000000000003
1694 0.18040000000000003
1695 0.18040000000000003
1696 0.18040000000000003
1697 0.18040000000000003
1698 0.18040000000000003
1699 0.18040000000000003
1700 0.18040000000000003
1701 0.18040000000000003
1702 0.18040000000000003
1703 0.18040000000000003
1704 0.18040000000000003
1705 0.18040000000000003
1706 0.18040000000000003
1707 0.18040000000000003
1708 0.18040000000000003
1709 0.18040000000000003
1710 0.18040000000000003
1711 0.18040000000000003
1712 0.18040000000000003
1713 0.18040000000000003
1714 0.18040000000000003
1715 0.18040000000000003
1716 0.18040000000000003
1717 0.18040000000000003
1718 0.18040000000000003
1719 0.18040000000000003
1720 0.18040000000000003
1721 0.18040000000000003
1722 0.18040000000000003
1723 0.18040000000000003
1724 0.18040000000000003
1725 0.18040000000000003
1726 0.18040000000000003
1727 0.18040000000000003
1728 0.18040000000000003
1729 0.18000000000000005
1730 0.18000000000000005
1731 0.18000000000000005
1732 0.18000000000000005
1733 0.18000000000000005
1734 0.18000000000000005
1735 0.18000000000000005
1736 0.18000000000000005
1737 0.18000000000000005
1738 0.18000000000000005
1739 0.18000000000000005
1740 0.18000000000000005
1741 0.18000000000000005
1742 0.18000000000000005
1743 0.18000000000000005
1744 0.18000000000000005
1745 0.18000000000000005
1746 0.18000000000000005
1747 0.1796
1748 0.17920000000000003
1749 0.17920000000000003
1750 0.17920000000000003
1751 0.17920000000000003
1752 0.17920000000000003
1753 0.1788
1754 0.1788
1755 0.1788
1756 0.1788
1757 0.1788
1758 0.1788
1759 0.1788
1760 0.1788
1761 0.1788
1762 0.1788
1763 0.1788
1764 0.1788
1765 0.1788
1766 0.1788
1767 0.1788
1768 0.1784
1769 0.1784
1770 0.1784
1771 0.1784
1772 0.1784
1773 0.1784
1774 0.1784
1775 0.17799999999999996
1776 0.17799999999999996
1777 0.17759999999999998
1778 0.1772
1779 0.1772
1780 0.17679999999999998
1781 0.17679999999999998
1782 0.17679999999999998
1783 0.17679999999999998
1784 0.17679999999999998
1785 0.17679999999999998
1786 0.17679999999999998
1787 0.17679999999999998
1788 0.17679999999999998
1789 0.1764
1790 0.1764
1791 0.1764
1792 0.1764
1793 0.1764
1794 0.1764
1795 0.1764
1796 0.1764
1797 0.1764
1798 0.17600000000000002
1799 0.17600000000000002
1800 0.17600000000000002
1801 0.17600000000000002
1802 0.17600000000000002
1803 0.17600000000000002
1804 0.17600000000000002
1805 0.17600000000000002
1806 0.17600000000000002
1807 0.17600000000000002
1808 0.17600000000000002
1809 0.17600000000000002
1810 0.17600000000000002
1811 0.17600000000000002
1812 0.17600000000000002
1813 0.17600000000000002
1814 0.17600000000000002
1815 0.17600000000000002
1816 0.17600000000000002
1817 0.17600000000000002
1818 0.17600000000000002
1819 0.17600000000000002
1820 0.17600000000000002
1821 0.17600000000000002
1822 0.17600000000000002
1823 0.17600000000000002
1824 0.17600000000000002
1825 0.17600000000000002
1826 0.17600000000000002
1827 0.17600000000000002
1828 0.17600000000000002
1829 0.17559999999999998
1830 0.17559999999999998
1831 0.17559999999999998
1832 0.17559999999999998
1833 0.17559999999999998
1834 0.17559999999999998
1835 0.17559999999999998
1836 0.1752
1837 0.1752
1838 0.1752
1839 0.1752
1840 0.1752
1841 0.1752
1842 0.1752
1843 0.1752
1844 0.1752
1845 0.1752
1846 0.1752
1847 0.1752
1848 0.1752
1849 0.1752
1850 0.1752
1851 0.1752
1852 0.1752
1853 0.1752
1854 0.1752
1855 0.1752
1856 0.1752
1857 0.1752
1858 0.1752
1859 0.1752
1860 0.1752
1861 0.1752
1862 0.1752
1863 0.1752
1864 0.1752
1865 0.1752
1866 0.1752
1867 0.1752
1868 0.1752
1869 0.1752
1870 0.1752
1871 0.1752
1872 0.1752
1873 0.1748
1874 0.1748
1875 0.1748
1876 0.1748
1877 0.1748
1878 0.1748
1879 0.1748
1880 0.1748
1881 0.1748
1882 0.1748
1883 0.1744
1884 0.1744
1885 0.1744
1886 0.1744
1887 0.1744
1888 0.1744
1889 0.1744
1890 0.1744
1891 0.1744
1892 0.1744
1893 0.1744
1894 0.1744
1895 0.1744
1896 0.1744
1897 0.1744
1898 0.1744
1899 0.1744
1900 0.1744
1901 0.1744
1902 0.1744
1903 0.1744
1904 0.1744
1905 0.1744
1906 0.1744
1907 0.1744
1908 0.1744
1909 0.1744
1910 0.1744
1911 0.1744
1912 0.1744
1913 0.1744
1914 0.1744
1915 0.1744
1916 0.1744
1917 0.1744
1918 0.1744
1919 0.1744
1920 0.1744
1921 0.1744
1922 0.1744
1923 0.1744
1924 0.1744
1925 0.1744
1926 0.1744
1927 0.1744
1928 0.1744
1929 0.1744
1930 0.1744
1931 0.1744
1932 0.1744
1933 0.1744
1934 0.1744
1935 0.1744
1936 0.1744
1937 0.1744
1938 0.1744
1939 0.1744
1940 0.1744
1941 0.1744
1942 0.1744
1943 0.1744
1944 0.1744
1945 0.1744
1946 0.1744
1947 0.1744
1948 0.1744
1949 0.1744
1950 0.1744
1951 0.1744
1952 0.1744
1953 0.1744
1954 0.1744
1955 0.1744
1956 0.1744
1957 0.1744
1958 0.174
1959 0.174
1960 0.174
1961 0.1736
1962 0.1736
1963 0.1736
1964 0.1736
1965 0.1736
1966 0.1736
1967 0.1736
1968 0.1736
1969 0.1736
1970 0.1736
1971 0.1736
1972 0.1736
1973 0.1736
1974 0.1736
1975 0.1736
1976 0.1736
1977 0.1736
1978 0.1736
1979 0.1736
1980 0.1736
1981 0.1736
1982 0.1736
1983 0.1736
1984 0.1736
1985 0.1736
1986 0.1736
1987 0.1736
1988 0.1736
1989 0.1736
1990 0.1736
1991 0.1736
1992 0.1736
1993 0.1736
1994 0.1736
1995 0.1736
1996 0.1736
1997 0.1736
1998 0.1736
1999 0.1736
