1 1.0
2 1.0
3 1.0
4 1.0
5 1.0
6 1.0
7 1.0
8 1.0
9 0.998
10 0.998
11 0.9960000000000001
12 0.9940000000000001
13 0.9940000000000001
14 0.9940000000000001
15 0.9940000000000001
16 0.9940000000000001
17 0.9940000000000001
18 0.9940000000000001
19 0.9940000000000001
20 0.9940000000000001
21 0.9940000000000001
22 0.9940000000000001
23 0.9940000000000001
24 0.9940000000000001
25 0.9940000000000001
26 0.9940000000000001
27 0.9940000000000001
28 0.9940000000000001
29 0.9940000000000001
30 0.9940000000000001
31 0.9940000000000001
32 0.9940000000000001
33 0.9940000000000001
34 0.9940000000000001
35 0.9940000000000001
36 0.9940000000000001
37 0.9940000000000001
38 0.9940000000000001
39 0.9940000000000001
40 0.9940000000000001
41 0.9940000000000001
42 0.9940000000000001
43 0.9940000000000001
44 0.9940000000000001
45 0.9940000000000001
46 0.9940000000000001
47 0.9940000000000001
48 0.9940000000000001
49 0.9940000000000001
50 0.9940000000000001
51 0.9940000000000001
52 0.9940000000000001
53 0.9940000000000001
54 0.9940000000000001
55 0.9940000000000001
56 0.9940000000000001
57 0.9940000000000001
58 0.9940000000000001
59 0.9940000000000001
60 0.9940000000000001
61 0.9940000000000001
62 0.9940000000000001
63 0.9940000000000001
64 0.9940000000000001
65 0.9940000000000001
66 0.9940000000000001
67 0.9940000000000001
68 0.9940000000000001
69 0.9940000000000001
70 0.9940000000000001
71 0.9940000000000001
72 0.9940000000000001
73 0.9940000000000001
74 0.9940000000000001
75 0.9940000000000001
76 0.9940000000000001
77 0.9940000000000001
78 0.9940000000000001
79 0.9940000000000001
80 0.9940000000000001
81 0.9940000000000001
82 0.9940000000000001
83 0.9940000000000001
84 0.9940000000000001
85 0.9940000000000001
86 0.9940000000000001
87 0.9940000000000001
88 0.9940000000000001
89 0.9940000000000001
90 0.9940000000000001
91 0.9940000000000001
92 0.9940000000000001
93 0.9940000000000001
94 0.9940000000000001
95 0.9940000000000001
96 0.9940000000000001
97 0.9940000000000001
98 0.9940000000000001
99 0.9940000000000001
100 0.9940000000000001
101 0.9940000000000001
102 0.9940000000000001
103 0.9940000000000001
104 0.9940000000000001
105 0.9940000000000001
106 0.9940000000000001
107 0.9940000000000001
108 0.9940000000000001
109 0.9940000000000001
110 0.9940000000000001
111 0.9940000000000001
112 0.9940000000000001
113 0.9940000000000001
114 0.9940000000000001
115 0.9940000000000001
116 0.9940000000000001
117 0.9940000000000001
118 0.9940000000000001
119 0.9940000000000001
120 0.9940000000000001
121 0.9940000000000001
122 0.9940000000000001
123 0.9940000000000001
124 0.9940000000000001
125 0.9940000000000001
126 0.9940000000000001
127 0.9940000000000001
128 0.9940000000000001
129 0.9940000000000001
130 0.9940000000000001
131 0.9940000000000001
132 0.9940000000000001
133 0.9940000000000001
134 0.9940000000000001
135 0.9940000000000001
136 0.9940000000000001
137 0.9940000000000001
138 0.9940000000000001
139 0.9940000000000001
140 0.9940000000000001
141 0.9940000000000001
142 0.9940000000000001
143 0.9940000000000001
144 0.9940000000000001
145 0.9940000000000001
146 0.9940000000000001
147 0.9940000000000001
148 0.9940000000000001
149 0.9940000000000001
150 0.9940000000000001
151 0.9940000000000001
152 0.9940000000000001
153 0.9940000000000001
154 0.9940000000000001
155 0.9940000000000001
156 0.9940000000000001
157 0.9940000000000001
158 0.9940000000000001
159 0.9940000000000001
160 0.9940000000000001
161 0.9940000000000001
162 0.9940000000000001
163 0.9940000000000001
164 0.9940000000000001
165 0.9940000000000001
166 0.9940000000000001
167 0.9940000000000001
168 0.9940000000000001
169 0.9940000000000001
170 0.9940000000000001
171 0.9940000000000001
172 0.9940000000000001
173 0.9940000000000001
174 0.9940000000000001
175 0.9940000000000001
176 0.9940000000000001
177 0.9940000000000001
178 0.9940000000000001
179 0.9940000000000001
180 0.9940000000000001
181 0.9940000000000001
182 0.9940000000000001
183 0.9940000000000001
184 0.9940000000000001
185 0.9940000000000001
186 0.9940000000000001
187 0.9940000000000001
188 0.9940000000000001
189 0.9940000000000001
190 0.9940000000000001
191 0.9940000000000001
192 0.9940000000000001
193 0.9940000000000001
194 0.9940000000000001
195 0.9940000000000001
196 0.9940000000000001
197 0.9940000000000001
198 0.9940000000000001
199 0.9940000000000001
200 0.9940000000000001
201 0.9940000000000001
202 0.9940000000000001
203 0.9940000000000001
204 0.9940000000000001
205 0.9940000000000001
206 0.9940000000000001
207 0.9940000000000001
208 0.9940000000000001
209 0.9940000000000001
210 0.9940000000000001
211 0.9940000000000001
212 0.9940000000000001
213 0.9940000000000001
214 0.9940000000000001
215 0.9940000000000001
216 0.9940000000000001
217 0.9940000000000001
218 0.9940000000000001
219 0.9940000000000001
220 0.9940000000000001
221 0.9940000000000001
222 0.9940000000000001
223 0.9940000000000001
224 0.9940000000000001
225 0.9940000000000001
226 0.9940000000000001
227 0.9940000000000001
228 0.9940000000000001
229 0.9940000000000001
230 0.9940000000000001
231 0.9940000000000001
232 0.9940000000000001
233 0.9940000000000001
234 0.9940000000000001
235 0.9940000000000001
236 0.9940000000000001
237 0.9940000000000001
238 0.9940000000000001
239 0.9940000000000001
240 0.9940000000000001
241 0.9940000000000001
242 0.9940000000000001
243 0.9940000000000001
244 0.9940000000000001
245 0.9940000000000001
246 0.9940000000000001
247 0.9940000000000001
248 0.9940000000000001
249 0.9940000000000001
250 0.9940000000000001
251 0.9940000000000001
252 0.9940000000000001
253 0.9940000000000001
254 0.9940000000000001
255 0.9940000000000001
256 0.9940000000000001
257 0.9940000000000001
258 0.9940000000000001
259 0.9940000000000001
260 0.9940000000000001
261 0.9940000000000001
262 0.9940000000000001
263 0.9940000000000001
264 0.9940000000000001
265 0.9940000000000001
266 0.9940000000000001
267 0.9940000000000001
268 0.9940000000000001
269 0.9940000000000001
270 0.9940000000000001
271 0.9940000000000001
272 0.9940000000000001
273 0.9940000000000001
274 0.9940000000000001
275 0.9940000000000001
276 0.9940000000000001
277 0.9940000000000001
278 0.9940000000000001
279 0.9940000000000001
280 0.9940000000000001
281 0.9940000000000001
282 0.9940000000000001
283 0.9940000000000001
284 0.9940000000000001
285 0.9940000000000001
286 0.9940000000000001
287 0.9940000000000001
288 0.9940000000000001
289 0.9940000000000001
290 0.9940000000000001
291 0.9940000000000001
292 0.9940000000000001
293 0.9940000000000001
294 0.9940000000000001
295 0.9940000000000001
296 0.9940000000000001
297 0.9940000000000001
298 0.9940000000000001
299 0.9940000000000001
300 0.9940000000000001
301 0.9940000000000001
302 0.9940000000000001
303 0.9940000000000001
304 0.9940000000000001
305 0.9940000000000001
306 0.9940000000000001
307 0.9940000000000001
308 0.9940000000000001
309 0.9940000000000001
310 0.9940000000000001
311 0.9940000000000001
312 0.9940000000000001
313 0.9940000000000001
314 0.9940000000000001
315 0.9940000000000001
316 0.9940000000000001
317 0.9940000000000001
318 0.9940000000000001
319 0.9940000000000001
320 0.9940000000000001
321 0.9940000000000001
322 0.9940000000000001
323 0.9940000000000001
324 0.9940000000000001
325 0.9940000000000001
326 0.9940000000000001
327 0.9940000000000001
328 0.9940000000000001
329 0.9940000000000001
330 0.9940000000000001
331 0.9940000000000001
332 0.9940000000000001
333 0.9940000000000001
334 0.9940000000000001
335 0.9940000000000001
336 0.9940000000000001
337 0.9940000000000001
338 0.9940000000000001
339 0.9940000000000001
340 0.9940000000000001
341 0.9940000000000001
342 0.9940000000000001
343 0.9940000000000001
344 0.9940000000000001
345 0.9940000000000001
346 0.9940000000000001
347 0.9940000000000001
348 0.9940000000000001
349 0.9940000000000001
350 0.9940000000000001
351 0.9940000000000001
352 0.9940000000000001
353 0.9940000000000001
354 0.9940000000000001
355 0.9940000000000001
356 0.9940000000000001
357 0.9940000000000001
358 0.9940000000000001
359 0.9940000000000001
360 0.9940000000000001
361 0.9940000000000001
362 0.9940000000000001
363 0.9940000000000001
364 0.9940000000000001
365 0.9940000000000001
366 0.9940000000000001
367 0.9940000000000001
368 0.9940000000000001
369 0.9940000000000001
370 0.9940000000000001
371 0.9940000000000001
372 0.9940000000000001
373 0.9940000000000001
374 0.9940000000000001
375 0.9940000000000001
376 0.9940000000000001
377 0.9940000000000001
378 0.9940000000000001
379 0.9940000000000001
380 0.9940000000000001
381 0.9940000000000001
382 0.9940000000000001
383 0.9940000000000001
384 0.9940000000000001
385 0.9940000000000001
386 0.9940000000000001
387 0.9940000000000001
388 0.9940000000000001
389 0.9940000000000001
390 0.9940000000000001
391 0.9940000000000001
392 0.9940000000000001
393 0.9940000000000001
394 0.9940000000000001
395 0.9940000000000001
396 0.9940000000000001
397 0.9940000000000001
398 0.9940000000000001
399 0.9940000000000001
400 0.9940000000000001
401 0.9940000000000001
402 0.9940000000000001
403 0.9940000000000001
404 0.9940000000000001
405 0.9940000000000001
406 0.9940000000000001
407 0.9940000000000001
408 0.9940000000000001
409 0.9940000000000001
410 0.9940000000000001
411 0.9940000000000001
412 0.9940000000000001
413 0.9940000000000001
414 0.9940000000000001
415 0.9940000000000001
416 0.9940000000000001
417 0.9940000000000001
418 0.9940000000000001
419 0.9940000000000001
420 0.9940000000000001
421 0.9940000000000001
422 0.9940000000000001
423 0.9940000000000001
424 0.9940000000000001
425 0.9940000000000001
426 0.9940000000000001
427 0.9940000000000001
428 0.9940000000000001
429 0.9940000000000001
430 0.9940000000000001
431 0.9940000000000001
432 0.9940000000000001
433 0.9940000000000001
434 0.9940000000000001
435 0.9940000000000001
436 0.9940000000000001
437 0.9940000000000001
438 0.9940000000000001
439 0.9940000000000001
440 0.9940000000000001
441 0.9940000000000001
442 0.9940000000000001
443 0.9940000000000001
444 0.9940000000000001
445 0.9940000000000001
446 0.9940000000000001
447 0.9940000000000001
448 0.9940000000000001
449 0.9940000000000001
450 0.9940000000000001
451 0.9940000000000001
452 0.9940000000000001
453 0.9940000000000001
454 0.9940000000000001
455 0.9940000000000001
456 0.9940000000000001
457 0.9940000000000001
458 0.9940000000000001
459 0.9940000000000001
460 0.9940000000000001
461 0.9940000000000001
462 0.9940000000000001
463 0.9940000000000001
464 0.9940000000000001
465 0.9940000000000001
466 0.9940000000000001
467 0.9940000000000001
468 0.9940000000000001
469 0.9940000000000001
470 0.9940000000000001
471 0.9940000000000001
472 0.9940000000000001
473 0.9940000000000001
474 0.9940000000000001
475 0.9940000000000001
476 0.9940000000000001
477 0.9940000000000001
478 0.9940000000000001
479 0.9940000000000001
480 0.9940000000000001
481 0.9940000000000001
482 0.9940000000000001
483 0.9940000000000001
484 0.9940000000000001
485 0.9940000000000001
486 0.9940000000000001
487 0.9940000000000001
488 0.9940000000000001
489 0.9940000000000001
490 0.9940000000000001
491 0.9940000000000001
492 0.9940000000000001
493 0.9940000000000001
494 0.9940000000000001
495 0.9940000000000001
496 0.9940000000000001
497 0.9940000000000001
498 0.9940000000000001
499 0.9940000000000001
500 0.9940000000000001
501 0.9940000000000001
502 0.9940000000000001
503 0.9940000000000001
504 0.9940000000000001
505 0.9940000000000001
506 0.9940000000000001
507 0.9940000000000001
508 0.9940000000000001
509 0.9940000000000001
510 0.9940000000000001
511 0.9940000000000001
512 0.9940000000000001
513 0.9940000000000001
514 0.9940000000000001
515 0.9940000000000001
516 0.9940000000000001
517 0.9940000000000001
518 0.9940000000000001
519 0.9940000000000001
520 0.9940000000000001
521 0.9940000000000001
522 0.9940000000000001
523 0.9940000000000001
524 0.9940000000000001
525 0.9940000000000001
526 0.9940000000000001
527 0.9940000000000001
528 0.9940000000000001
529 0.9940000000000001
530 0.9940000000000001
531 0.9940000000000001
532 0.9940000000000001
533 0.9940000000000001
534 0.9940000000000001
535 0.9940000000000001
536 0.9940000000000001
537 0.9940000000000001
538 0.9940000000000001
539 0.9940000000000001
540 0.9940000000000001
541 0.9940000000000001
542 0.9940000000000001
543 0.9940000000000001
544 0.9940000000000001
545 0.9940000000000001
546 0.9940000000000001
547 0.9940000000000001
548 0.9940000000000001
549 0.9940000000000001
550 0.9940000000000001
551 0.9940000000000001
552 0.9940000000000001
553 0.9940000000000001
554 0.9940000000000001
555 0.9940000000000001
556 0.9940000000000001
557 0.9940000000000001
558 0.9940000000000001
559 0.9940000000000001
560 0.9940000000000001
561 0.9940000000000001
562 0.9940000000000001
563 0.9940000000000001
564 0.9940000000000001
565 0.9940000000000001
566 0.9940000000000001
567 0.9940000000000001
568 0.9940000000000001
569 0.9940000000000001
570 0.9940000000000001
571 0.9940000000000001
572 0.9940000000000001
573 0.9940000000000001
574 0.9940000000000001
575 0.9940000000000001
576 0.9940000000000001
577 0.9940000000000001
578 0.9940000000000001
579 0.9940000000000001
580 0.9940000000000001
581 0.9940000000000001
582 0.9940000000000001
583 0.9940000000000001
584 0.9940000000000001
585 0.9940000000000001
586 0.9940000000000001
587 0.9940000000000001
588 0.9940000000000001
589 0.9940000000000001
590 0.9940000000000001
591 0.9940000000000001
592 0.9940000000000001
593 0.9940000000000001
594 0.9940000000000001
595 0.9940000000000001
596 0.9940000000000001
597 0.9940000000000001
598 0.9940000000000001
599 0.9940000000000001
600 0.9940000000000001
601 0.9940000000000001
602 0.9940000000000001
603 0.9940000000000001
604 0.9940000000000001
605 0.9940000000000001
606 0.9940000000000001
607 0.9940000000000001
608 0.9940000000000001
609 0.9940000000000001
610 0.9940000000000001
611 0.9940000000000001
612 0.9940000000000001
613 0.9940000000000001
614 0.9940000000000001
615 0.9940000000000001
616 0.9940000000000001
617 0.9940000000000001
618 0.9940000000000001
619 0.9940000000000001
620 0.9940000000000001
621 0.9940000000000001
622 0.9940000000000001
623 0.9940000000000001
624 0.9940000000000001
625 0.9940000000000001
626 0.9940000000000001
627 0.9940000000000001
628 0.9940000000000001
629 0.9940000000000001
630 0.9940000000000001
631 0.9940000000000001
632 0.9940000000000001
633 0.9940000000000001
634 0.9940000000000001
635 0.9940000000000001
636 0.9940000000000001
637 0.9940000000000001
638 0.9940000000000001
639 0.9940000000000001
640 0.9940000000000001
641 0.9940000000000001
642 0.9940000000000001
643 0.9940000000000001
644 0.9940000000000001
645 0.9940000000000001
646 0.9940000000000001
647 0.9940000000000001
648 0.9940000000000001
649 0.9940000000000001
650 0.9940000000000001
651 0.9940000000000001
652 0.9940000000000001
653 0.9940000000000001
654 0.9940000000000001
655 0.9940000000000001
656 0.9940000000000001
657 0.9940000000000001
658 0.9940000000000001
659 0.9940000000000001
660 0.9940000000000001
661 0.9940000000000001
662 0.9940000000000001
663 0.9940000000000001
664 0.9940000000000001
665 0.9940000000000001
666 0.9940000000000001
667 0.9940000000000001
668 0.9940000000000001
669 0.9940000000000001
670 0.9940000000000001
671 0.9940000000000001
672 0.9940000000000001
673 0.9940000000000001
674 0.9940000000000001
675 0.9940000000000001
676 0.9940000000000001
677 0.9940000000000001
678 0.9940000000000001
679 0.9940000000000001
680 0.9940000000000001
681 0.9940000000000001
682 0.9940000000000001
683 0.9940000000000001
684 0.9940000000000001
685 0.9940000000000001
686 0.9940000000000001
687 0.9940000000000001
688 0.9940000000000001
689 0.9940000000000001
690 0.9940000000000001
691 0.9940000000000001
692 0.9940000000000001
693 0.9940000000000001
694 0.9940000000000001
695 0.9940000000000001
696 0.9940000000000001
697 0.9940000000000001
698 0.9940000000000001
699 0.9940000000000001
700 0.9940000000000001
701 0.9940000000000001
702 0.9940000000000001
703 0.9940000000000001
704 0.9940000000000001
705 0.9940000000000001
706 0.9940000000000001
707 0.9940000000000001
708 0.9940000000000001
709 0.9940000000000001
710 0.9940000000000001
711 0.9940000000000001
712 0.9940000000000001
713 0.9940000000000001
714 0.9940000000000001
715 0.9940000000000001
716 0.9940000000000001
717 0.9940000000000001
718 0.9940000000000001
719 0.9940000000000001
720 0.9940000000000001
721 0.9940000000000001
722 0.9940000000000001
723 0.9940000000000001
724 0.9940000000000001
725 0.9940000000000001
726 0.9940000000000001
727 0.9940000000000001
728 0.9940000000000001
729 0.9940000000000001
730 0.9940000000000001
731 0.9940000000000001
732 0.9940000000000001
733 0.9940000000000001
734 0.9940000000000001
735 0.9940000000000001
736 0.9940000000000001
737 0.9940000000000001
738 0.9940000000000001
739 0.9940000000000001
740 0.9940000000000001
741 0.9940000000000001
742 0.9940000000000001
743 0.9940000000000001
744 0.9940000000000001
745 0.9940000000000001
746 0.9940000000000001
747 0.9940000000000001
748 0.9940000000000001
749 0.9940000000000001
750 0.9940000000000001
751 0.9940000000000001
752 0.9940000000000001
753 0.9920000000000002
754 0.99
755 0.99
756 0.99
757 0.99
758 0.99
759 0.99
760 0.99
761 0.99
762 0.99
763 0.99
764 0.99
765 0.99
766 0.99
767 0.99
768 0.99
769 0.99
770 0.99
771 0.99
772 0.99
773 0.99
774 0.99
775 0.99
776 0.99
777 0.99
778 0.99
779 0.99
780 0.99
781 0.99
782 0.99
783 0.99
784 0.99
785 0.99
786 0.99
787 0.99
788 0.99
789 0.99
790 0.99
791 0.99
792 0.99
793 0.99
794 0.99
795 0.99
796 0.99
797 0.99
798 0.99
799 0.99
800 0.99
801 0.99
802 0.99
803 0.99
804 0.99
805 0.99
806 0.99
807 0.99
808 0.99
809 0.99
810 0.99
811 0.99
812 0.99
813 0.99
814 0.99
815 0.99
816 0.99
817 0.99
818 0.99
819 0.99
820 0.99
821 0.99
822 0.99
823 0.99
824 0.99
825 0.99
826 0.99
827 0.99
828 0.99
829 0.99
830 0.99
831 0.99
832 0.99
833 0.99
834 0.99
835 0.99
836 0.99
837 0.99
838 0.99
839 0.99
840 0.99
841 0.99
842 0.99
843 0.99
844 0.99
845 0.99
846 0.99
847 0.99
848 0.99
849 0.99
850 0.99
851 0.99
852 0.99
853 0.99
854 0.99
855 0.99
856 0.99
857 0.99
858 0.99
859 0.99
860 0.99
861 0.99
862 0.99
863 0.99
864 0.99
865 0.99
866 0.99
867 0.99
868 0.99
869 0.99
870 0.99
871 0.99
872 0.99
873 0.99
874 0.99
875 0.99
876 0.99
877 0.99
878 0.99
879 0.99
880 0.99
881 0.99
882 0.99
883 0.99
884 0.99
885 0.99
886 0.99
887 0.99
888 0.99
889 0.99
890 0.99
891 0.99
892 0.99
893 0.99
894 0.99
895 0.99
896 0.99
897 0.99
898 0.99
899 0.99
900 0.99
901 0.99
902 0.99
903 0.99
904 0.99
905 0.99
906 0.99
907 0.99
908 0.99
909 0.99
910 0.99
911 0.99
912 0.99
913 0.99
914 0.99
915 0.99
916 0.99
917 0.99
918 0.99
919 0.99
920 0.99
921 0.99
922 0.99
923 0.99
924 0.99
925 0.99
926 0.99
927 0.99
928 0.99
929 0.99
930 0.99
931 0.99
932 0.99
933 0.99
934 0.99
935 0.99
936 0.99
937 0.99
938 0.99
939 0.99
940 0.99
941 0.99
942 0.99
943 0.99
944 0.99
945 0.99
946 0.99
947 0.99
948 0.99
949 0.99
950 0.99
951 0.99
952 0.99
953 0.99
954 0.99
955 0.99
956 0.99
957 0.99
958 0.99
959 0.99
960 0.99
961 0.99
962 0.99
963 0.99
964 0.99
965 0.99
966 0.99
967 0.99
968 0.99
969 0.99
970 0.99
971 0.99
972 0.99
973 0.99
974 0.99
975 0.99
976 0.99
977 0.99
978 0.99
979 0.99
980 0.99
981 0.99
982 0.99
983 0.99
984 0.99
985 0.99
986 0.99
987 0.99
988 0.99
989 0.99
990 0.99
991 0.99
992 0.99
993 0.99
994 0.99
995 0.99
996 0.99
997 0.99
998 0.99
999 0.99
