1 1.0
2 1.0
3 1.0
4 0.998
5 0.998
6 0.9940000000000001
7 0.9879999999999999
8 0.984
9 0.9800000000000001
10 0.9760000000000002
11 0.966
12 0.9579999999999999
13 0.954
14 0.952
15 0.9460000000000001
16 0.9400000000000001
17 0.9360000000000002
18 0.9299999999999999
19 0.9299999999999999
20 0.9299999999999999
21 0.9279999999999999
22 0.9279999999999999
23 0.9259999999999999
24 0.922
25 0.922
26 0.922
27 0.922
28 0.922
29 0.922
30 0.9200000000000002
31 0.916
32 0.9119999999999999
33 0.9099999999999998
34 0.9099999999999998
35 0.9099999999999998
36 0.9079999999999998
37 0.9079999999999998
38 0.9059999999999999
39 0.9039999999999999
40 0.9
41 0.9
42 0.898
43 0.8960000000000001
44 0.8939999999999999
45 0.8939999999999999
46 0.892
47 0.892
48 0.892
49 0.892
50 0.892
51 0.892
52 0.89
53 0.89
54 0.89
55 0.89
56 0.89
57 0.8879999999999999
58 0.8879999999999999
59 0.8879999999999999
60 0.8879999999999999
61 0.8879999999999999
62 0.8879999999999999
63 0.8879999999999999
64 0.8879999999999999
65 0.8879999999999999
66 0.8879999999999999
67 0.8879999999999999
68 0.8879999999999999
69 0.8879999999999999
70 0.8879999999999999
71 0.8879999999999999
72 0.8879999999999999
73 0.8879999999999999
74 0.8859999999999999
75 0.8859999999999999
76 0.8859999999999999
77 0.8859999999999999
78 0.8859999999999999
79 0.8859999999999999
80 0.8859999999999999
81 0.8859999999999999
82 0.8859999999999999
83 0.8859999999999999
84 0.8859999999999999
85 0.8859999999999999
86 0.8859999999999999
87 0.8859999999999999
88 0.8859999999999999
89 0.8859999999999999
90 0.8859999999999999
91 0.8859999999999999
92 0.8859999999999999
93 0.8859999999999999
94 0.8859999999999999
95 0.8859999999999999
96 0.8859999999999999
97 0.8859999999999999
98 0.8859999999999999
99 0.8859999999999999
100 0.8859999999999999
101 0.8859999999999999
102 0.8859999999999999
103 0.8859999999999999
104 0.8859999999999999
105 0.8859999999999999
106 0.8859999999999999
107 0.884
108 0.884
109 0.884
110 0.884
111 0.884
112 0.884
113 0.884
114 0.884
115 0.884
116 0.884
117 0.884
118 0.884
119 0.884
120 0.884
121 0.884
122 0.884
123 0.884
124 0.884
125 0.8800000000000001
126 0.8800000000000001
127 0.8800000000000001
128 0.8780000000000001
129 0.8780000000000001
130 0.8760000000000001
131 0.8760000000000001
132 0.8760000000000001
133 0.8760000000000001
134 0.8760000000000001
135 0.8760000000000001
136 0.8760000000000001
137 0.874
138 0.874
139 0.8720000000000001
140 0.8700000000000001
141 0.8700000000000001
142 0.8700000000000001
143 0.8700000000000001
144 0.8700000000000001
145 0.8700000000000001
146 0.8700000000000001
147 0.8700000000000001
148 0.8700000000000001
149 0.8700000000000001
150 0.8680000000000001
151 0.8680000000000001
152 0.8680000000000001
153 0.8660000000000002
154 0.8640000000000001
155 0.8640000000000001
156 0.8640000000000001
157 0.8620000000000001
158 0.8620000000000001
159 0.8620000000000001
160 0.8600000000000001
161 0.8580000000000002
162 0.8580000000000002
163 0.8560000000000002
164 0.8560000000000002
165 0.8560000000000002
166 0.8540000000000001
167 0.8540000000000001
168 0.8540000000000001
169 0.8540000000000001
170 0.8540000000000001
171 0.8540000000000001
172 0.8540000000000001
173 0.8540000000000001
174 0.8520000000000001
175 0.8520000000000001
176 0.8480000000000001
177 0.8480000000000001
178 0.8480000000000001
179 0.8460000000000001
180 0.8440000000000001
181 0.8400000000000001
182 0.8400000000000001
183 0.8400000000000001
184 0.8400000000000001
185 0.8400000000000001
186 0.8400000000000001
187 0.8400000000000001
188 0.8400000000000001
189 0.8400000000000001
190 0.8400000000000001
191 0.8400000000000001
192 0.8400000000000001
193 0.8400000000000001
194 0.8400000000000001
195 0.8380000000000001
196 0.8380000000000001
197 0.8380000000000001
198 0.8380000000000001
199 0.8380000000000001
200 0.8380000000000001
201 0.8360000000000001
202 0.8360000000000001
203 0.834
204 0.834
205 0.834
206 0.834
207 0.834
208 0.834
209 0.834
210 0.834
211 0.8320000000000001
212 0.8320000000000001
213 0.8320000000000001
214 0.8320000000000001
215 0.8320000000000001
216 0.8320000000000001
217 0.8320000000000001
218 0.8320000000000001
219 0.8320000000000001
220 0.8320000000000001
221 0.8320000000000001
222 0.8320000000000001
223 0.8300000000000001
224 0.8280000000000001
225 0.8260000000000002
226 0.8260000000000002
227 0.8260000000000002
228 0.8260000000000002
229 0.8260000000000002
230 0.8240000000000002
231 0.8220000000000001
232 0.8200000000000001
233 0.8200000000000001
234 0.8200000000000001
235 0.8200000000000001
236 0.8200000000000001
237 0.8200000000000001
238 0.8200000000000001
239 0.8200000000000001
240 0.8200000000000001
241 0.8200000000000001
242 0.8200000000000001
243 0.8200000000000001
244 0.8200000000000001
245 0.8200000000000001
246 0.8200000000000001
247 0.8200000000000001
248 0.8200000000000001
249 0.8200000000000001
250 0.8200000000000001
251 0.8200000000000001
252 0.818
253 0.818
254 0.818
255 0.818
256 0.818
257 0.818
258 0.818
259 0.818
260 0.818
261 0.818
262 0.818
263 0.818
264 0.818
265 0.818
266 0.818
267 0.818
268 0.818
269 0.818
270 0.818
271 0.8160000000000001
272 0.8160000000000001
273 0.8160000000000001
274 0.8140000000000001
275 0.8140000000000001
276 0.812
277 0.812
278 0.812
279 0.812
280 0.812
281 0.812
282 0.8099999999999999
283 0.8099999999999999
284 0.808
285 0.808
286 0.806
287 0.806
288 0.806
289 0.806
290 0.806
291 0.806
292 0.806
293 0.806
294 0.806
295 0.806
296 0.806
297 0.806
298 0.806
299 0.806
300 0.806
301 0.804
302 0.804
303 0.804
304 0.804
305 0.8020000000000002
306 0.8020000000000002
307 0.8
308 0.8
309 0.8
310 0.8
311 0.8
312 0.8
313 0.798
314 0.798
315 0.798
316 0.798
317 0.798
318 0.798
319 0.798
320 0.798
321 0.796
322 0.796
323 0.796
324 0.796
325 0.796
326 0.796
327 0.796
328 0.796
329 0.796
330 0.796
331 0.796
332 0.796
333 0.792
334 0.792
335 0.79
336 0.788
337 0.788
338 0.788
339 0.788
340 0.788
341 0.788
342 0.788
343 0.788
344 0.788
345 0.788
346 0.788
347 0.788
348 0.788
349 0.788
350 0.7860000000000001
351 0.784
352 0.784
353 0.784
354 0.784
355 0.784
356 0.784
357 0.7819999999999999
358 0.7819999999999999
359 0.7819999999999999
360 0.7819999999999999
361 0.7819999999999999
362 0.7819999999999999
363 0.7819999999999999
364 0.7819999999999999
365 0.7819999999999999
366 0.7819999999999999
367 0.7819999999999999
368 0.7819999999999999
369 0.7819999999999999
370 0.7819999999999999
371 0.7819999999999999
372 0.7819999999999999
373 0.7819999999999999
374 0.7819999999999999
375 0.7819999999999999
376 0.7819999999999999
377 0.7819999999999999
378 0.7819999999999999
379 0.7819999999999999
380 0.7819999999999999
381 0.78
382 0.778
383 0.778
384 0.776
385 0.776
386 0.776
387 0.776
388 0.7740000000000001
389 0.7740000000000001
390 0.7740000000000001
391 0.7740000000000001
392 0.7740000000000001
393 0.7740000000000001
394 0.7740000000000001
395 0.7740000000000001
396 0.7740000000000001
397 0.7740000000000001
398 0.7740000000000001
399 0.7740000000000001
400 0.7740000000000001
401 0.7740000000000001
402 0.7740000000000001
403 0.7740000000000001
404 0.7740000000000001
405 0.7740000000000001
406 0.7740000000000001
407 0.7740000000000001
408 0.7740000000000001
409 0.772
410 0.772
411 0.772
412 0.772
413 0.772
414 0.772
415 0.772
416 0.772
417 0.772
418 0.772
419 0.772
420 0.7700000000000001
421 0.7700000000000001
422 0.7700000000000001
423 0.7700000000000001
424 0.7700000000000001
425 0.7700000000000001
426 0.7700000000000001
427 0.7700000000000001
428 0.7700000000000001
429 0.7700000000000001
430 0.7700000000000001
431 0.7700000000000001
432 0.7700000000000001
433 0.7700000000000001
434 0.7700000000000001
435 0.7700000000000001
436 0.7700000000000001
437 0.7700000000000001
438 0.7700000000000001
439 0.7700000000000001
440 0.7700000000000001
441 0.7700000000000001
442 0.768
443 0.768
444 0.768
445 0.768
446 0.768
447 0.768
448 0.768
449 0.768
450 0.768
451 0.768
452 0.768
453 0.7659999999999999
454 0.7659999999999999
455 0.7659999999999999
456 0.7659999999999999
457 0.7659999999999999
458 0.7659999999999999
459 0.7659999999999999
460 0.764
461 0.764
462 0.764
463 0.764
464 0.764
465 0.764
466 0.764
467 0.764
468 0.764
469 0.764
470 0.764
471 0.764
472 0.764
473 0.764
474 0.764
475 0.764
476 0.764
477 0.764
478 0.764
479 0.764
480 0.764
481 0.762
482 0.762
483 0.762
484 0.762
485 0.762
486 0.762
487 0.762
488 0.762
489 0.762
490 0.762
491 0.762
492 0.762
493 0.762
494 0.762
495 0.762
496 0.762
497 0.762
498 0.762
499 0.762
500 0.762
501 0.762
502 0.76
503 0.76
504 0.76
505 0.76
506 0.76
507 0.7579999999999999
508 0.7579999999999999
509 0.7579999999999999
510 0.7579999999999999
511 0.7579999999999999
512 0.7579999999999999
513 0.7579999999999999
514 0.756
515 0.756
516 0.756
517 0.756
518 0.756
519 0.756
520 0.756
521 0.756
522 0.756
523 0.754
524 0.754
525 0.754
526 0.754
527 0.754
528 0.75
529 0.748
530 0.748
531 0.748
532 0.748
533 0.748
534 0.748
535 0.748
536 0.748
537 0.748
538 0.748
539 0.748
540 0.748
541 0.748
542 0.748
543 0.748
544 0.748
545 0.748
546 0.748
547 0.748
548 0.748
549 0.748
550 0.748
551 0.748
552 0.748
553 0.748
554 0.748
555 0.748
556 0.748
557 0.748
558 0.748
559 0.748
560 0.748
561 0.748
562 0.748
563 0.748
564 0.748
565 0.746
566 0.744
567 0.74
568 0.74
569 0.7380000000000001
570 0.7380000000000001
571 0.7380000000000001
572 0.7380000000000001
573 0.7380000000000001
574 0.7380000000000001
575 0.7380000000000001
576 0.7380000000000001
577 0.7380000000000001
578 0.736
579 0.736
580 0.734
581 0.734
582 0.734
583 0.734
584 0.734
585 0.734
586 0.734
587 0.734
588 0.734
589 0.734
590 0.734
591 0.732
592 0.732
593 0.732
594 0.732
595 0.732
596 0.732
597 0.732
598 0.732
599 0.7300000000000001
600 0.7300000000000001
601 0.728
602 0.728
603 0.728
604 0.726
605 0.726
606 0.726
607 0.726
608 0.726
609 0.726
610 0.726
611 0.726
612 0.724
613 0.724
614 0.724
615 0.724
616 0.724
617 0.724
618 0.722
619 0.722
620 0.718
621 0.718
622 0.718
623 0.716
624 0.716
625 0.7140000000000001
626 0.7140000000000001
627 0.7140000000000001
628 0.7140000000000001
629 0.7140000000000001
630 0.7140000000000001
631 0.7140000000000001
632 0.712
633 0.712
634 0.71
635 0.71
636 0.71
637 0.71
638 0.71
639 0.71
640 0.71
641 0.708
642 0.708
643 0.708
644 0.708
645 0.7060000000000001
646 0.704
647 0.7020000000000001
648 0.7020000000000001
649 0.7020000000000001
650 0.7
651 0.696
652 0.696
653 0.696
654 0.696
655 0.696
656 0.696
657 0.696
658 0.696
659 0.696
660 0.696
661 0.696
662 0.696
663 0.696
664 0.696
665 0.6940000000000001
666 0.6920000000000001
667 0.6920000000000001
668 0.6920000000000001
669 0.6900000000000001
670 0.6900000000000001
671 0.6880000000000001
672 0.6880000000000001
673 0.6859999999999999
674 0.6859999999999999
675 0.6859999999999999
676 0.6859999999999999
677 0.6859999999999999
678 0.6839999999999999
679 0.682
680 0.682
681 0.682
682 0.682
683 0.682
684 0.682
685 0.68
686 0.68
687 0.68
688 0.68
689 0.68
690 0.68
691 0.68
692 0.68
693 0.68
694 0.68
695 0.68
696 0.68
697 0.6779999999999999
698 0.6779999999999999
699 0.6779999999999999
700 0.6759999999999999
701 0.6759999999999999
702 0.6759999999999999
703 0.6759999999999999
704 0.6759999999999999
705 0.6759999999999999
706 0.6759999999999999
707 0.6759999999999999
708 0.6759999999999999
709 0.6759999999999999
710 0.6759999999999999
711 0.6759999999999999
712 0.6759999999999999
713 0.6759999999999999
714 0.6759999999999999
715 0.6759999999999999
716 0.6759999999999999
717 0.6759999999999999
718 0.6759999999999999
719 0.6759999999999999
720 0.6759999999999999
721 0.6759999999999999
722 0.6759999999999999
723 0.6759999999999999
724 0.6759999999999999
725 0.6759999999999999
726 0.674
727 0.674
728 0.674
729 0.672
730 0.67
731 0.67
732 0.67
733 0.67
734 0.67
735 0.67
736 0.67
737 0.67
738 0.67
739 0.67
740 0.67
741 0.67
742 0.67
743 0.67
744 0.67
745 0.67
746 0.67
747 0.67
748 0.67
749 0.67
750 0.67
751 0.67
752 0.67
753 0.67
754 0.67
755 0.67
756 0.67
757 0.67
758 0.67
759 0.67
760 0.67
761 0.67
762 0.67
763 0.67
764 0.67
765 0.67
766 0.67
767 0.67
768 0.67
769 0.6679999999999999
770 0.666
771 0.666
772 0.666
773 0.664
774 0.664
775 0.664
776 0.6620000000000001
777 0.66
778 0.66
779 0.66
780 0.66
781 0.66
782 0.66
783 0.66
784 0.66
785 0.66
786 0.66
787 0.66
788 0.66
789 0.66
790 0.66
791 0.66
792 0.66
793 0.66
794 0.658
795 0.658
796 0.658
797 0.658
798 0.658
799 0.658
800 0.658
801 0.658
802 0.656
803 0.656
804 0.656
805 0.656
806 0.654
807 0.654
808 0.652
809 0.652
810 0.652
811 0.652
812 0.65
813 0.65
814 0.65
815 0.65
816 0.65
817 0.65
818 0.65
819 0.6479999999999999
820 0.6479999999999999
821 0.6479999999999999
822 0.6479999999999999
823 0.6479999999999999
824 0.6479999999999999
825 0.6479999999999999
826 0.646
827 0.646
828 0.644
829 0.6420000000000001
830 0.6420000000000001
831 0.64
832 0.64
833 0.64
834 0.64
835 0.64
836 0.6380000000000001
837 0.6380000000000001
838 0.6380000000000001
839 0.636
840 0.636
841 0.634
842 0.634
843 0.634
844 0.634
845 0.634
846 0.634
847 0.634
848 0.6319999999999999
849 0.6319999999999999
850 0.6319999999999999
851 0.6319999999999999
852 0.63
853 0.63
854 0.6279999999999999
855 0.6279999999999999
856 0.6279999999999999
857 0.6279999999999999
858 0.6279999999999999
859 0.626
860 0.626
861 0.626
862 0.626
863 0.626
864 0.626
865 0.626
866 0.626
867 0.626
868 0.626
869 0.626
870 0.626
871 0.626
872 0.626
873 0.626
874 0.626
875 0.624
876 0.624
877 0.624
878 0.624
879 0.624
880 0.624
881 0.624
882 0.624
883 0.622
884 0.622
885 0.622
886 0.622
887 0.622
888 0.622
889 0.622
890 0.622
891 0.622
892 0.622
893 0.622
894 0.62
895 0.6180000000000001
896 0.6180000000000001
897 0.6180000000000001
898 0.6180000000000001
899 0.6180000000000001
900 0.6180000000000001
901 0.6180000000000001
902 0.6180000000000001
903 0.6180000000000001
904 0.6180000000000001
905 0.6180000000000001
906 0.6180000000000001
907 0.616
908 0.616
909 0.616
910 0.616
911 0.616
912 0.616
913 0.616
914 0.614
915 0.614
916 0.614
917 0.614
918 0.614
919 0.614
920 0.614
921 0.614
922 0.614
923 0.614
924 0.614
925 0.614
926 0.614
927 0.6119999999999999
928 0.6119999999999999
929 0.6119999999999999
930 0.6119999999999999
931 0.6119999999999999
932 0.6119999999999999
933 0.6119999999999999
934 0.6119999999999999
935 0.6119999999999999
936 0.6119999999999999
937 0.6119999999999999
938 0.6119999999999999
939 0.61
940 0.61
941 0.61
942 0.61
943 0.61
944 0.61
945 0.61
946 0.61
947 0.61
948 0.61
949 0.61
950 0.61
951 0.61
952 0.61
953 0.61
954 0.61
955 0.61
956 0.61
957 0.61
958 0.61
959 0.61
960 0.61
961 0.608
962 0.608
963 0.608
964 0.6060000000000001
965 0.6060000000000001
966 0.6040000000000001
967 0.6040000000000001
968 0.6020000000000001
969 0.5980000000000001
970 0.5980000000000001
971 0.5980000000000001
972 0.594
973 0.594
974 0.594
975 0.594
976 0.594
977 0.594
978 0.592
979 0.5900000000000001
980 0.5900000000000001
981 0.588
982 0.588
983 0.586
984 0.586
985 0.586
986 0.586
987 0.586
988 0.586
989 0.586
990 0.584
991 0.584
992 0.584
993 0.584
994 0.584
995 0.584
996 0.584
997 0.584
998 0.584
999 0.584
