1 1.0
2 1.0
3 1.0
4 0.9996
5 0.9964
6 0.9952
7 0.992
8 0.9904
9 0.9887999999999999
10 0.9851999999999999
11 0.9811999999999996
12 0.9735999999999998
13 0.9712
14 0.9679999999999999
15 0.9639999999999997
16 0.9619999999999996
17 0.9619999999999997
18 0.9635999999999996
19 0.9607999999999997
20 0.9595999999999997
21 0.9539999999999996
22 0.9487999999999996
23 0.9440000000000001
24 0.9416000000000001
25 0.936
26 0.9284
27 0.9212
28 0.9156000000000003
29 0.9084000000000002
30 0.9036000000000002
31 0.8976000000000002
32 0.8956000000000002
33 0.8904000000000003
34 0.8900000000000001
35 0.8888000000000003
36 0.8888000000000003
37 0.8888000000000001
38 0.8872
39 0.89
40 0.9024000000000001
41 0.9136
42 0.9211999999999999
43 0.9164
44 0.9136000000000002
45 0.9068
46 0.8984000000000001
47 0.8928000000000001
48 0.8836000000000002
49 0.8776
50 0.8672000000000001
51 0.8599999999999999
52 0.8532000000000001
53 0.8444000000000002
54 0.8384000000000001
55 0.8308
56 0.8256000000000001
57 0.8228000000000003
58 0.8220000000000003
59 0.8272000000000002
60 0.8331999999999999
61 0.8376
62 0.8412
63 0.8455999999999999
64 0.8604
65 0.8816000000000002
66 0.8940000000000002
67 0.8992
68 0.9007999999999999
69 0.8952000000000001
70 0.8812000000000001
71 0.8716000000000003
72 0.8620000000000002
73 0.8536
74 0.8428
75 0.8304000000000002
76 0.8216000000000002
77 0.8091999999999999
78 0.7991999999999997
79 0.7903999999999995
80 0.7863999999999998
81 0.7787999999999998
82 0.7792
83 0.7828
84 0.7892
85 0.8004000000000002
86 0.8084
87 0.8144000000000001
88 0.8376
89 0.8536000000000001
90 0.8664000000000001
91 0.8692000000000002
92 0.8728
93 0.8680000000000002
94 0.8612000000000002
95 0.8552
96 0.8439999999999999
97 0.8308
98 0.8156000000000002
99 0.8080000000000003
100 0.7944000000000001
101 0.7836000000000003
102 0.7768000000000002
103 0.7688000000000001
104 0.7624000000000001
105 0.7576
106 0.7584000000000002
107 0.7664
108 0.7759999999999999
109 0.7839999999999999
110 0.7956
111 0.8108
112 0.8324000000000003
113 0.8536000000000006
114 0.8628
115 0.8656000000000005
116 0.8684000000000001
117 0.8588000000000001
118 0.8520000000000002
119 0.8408000000000001
120 0.8284
121 0.8151999999999999
122 0.8039999999999999
123 0.7892
124 0.7800000000000002
125 0.7687999999999999
126 0.7587999999999999
127 0.7480000000000002
128 0.7452000000000001
129 0.7380000000000001
130 0.7408
131 0.7435999999999997
132 0.754
133 0.7628000000000001
134 0.7712000000000002
135 0.7852
136 0.8052000000000002
137 0.8340000000000003
138 0.8544000000000002
139 0.8588000000000001
140 0.8604000000000004
141 0.8528000000000003
142 0.8452000000000001
143 0.8351999999999999
144 0.8172000000000001
145 0.8036
146 0.7884
147 0.7763999999999998
148 0.7635999999999998
149 0.7491999999999999
150 0.7428
151 0.7376
152 0.7323999999999998
153 0.7276
154 0.7283999999999999
155 0.7332
156 0.7424000000000003
157 0.7576
158 0.7715999999999998
159 0.7823999999999998
160 0.8080000000000003
161 0.8396000000000001
162 0.8512000000000001
163 0.8588000000000001
164 0.8556
165 0.8463999999999998
166 0.8388000000000002
167 0.83
168 0.8163999999999999
169 0.8039999999999998
170 0.7903999999999999
171 0.7808000000000002
172 0.7696000000000002
173 0.7591999999999999
174 0.7487999999999999
175 0.7404
176 0.7336000000000001
177 0.7296
178 0.7304
179 0.7356
180 0.7456
181 0.762
182 0.7700000000000001
183 0.7824000000000001
184 0.8032000000000002
185 0.8400000000000002
186 0.8572000000000003
187 0.8664000000000002
188 0.8612000000000002
189 0.8580000000000002
190 0.8452
191 0.8336
192 0.8196000000000001
193 0.8071999999999997
194 0.7948000000000001
195 0.7759999999999998
196 0.7624
197 0.7519999999999999
198 0.7411999999999996
199 0.7379999999999997
200 0.7303999999999996
201 0.7275999999999998
202 0.7267999999999998
203 0.7283999999999997
204 0.7372
205 0.7492
206 0.76
207 0.7724000000000001
208 0.7968000000000001
209 0.8264000000000001
210 0.8432000000000002
211 0.8468000000000001
212 0.8399999999999999
213 0.8351999999999997
214 0.824
215 0.8120000000000002
216 0.8047999999999998
217 0.7911999999999998
218 0.7764000000000002
219 0.7668000000000003
220 0.7576
221 0.7472000000000001
222 0.738
223 0.7267999999999999
224 0.7172000000000002
225 0.7100000000000002
226 0.7092000000000002
227 0.7172000000000002
228 0.7280000000000004
229 0.7408
230 0.7524
231 0.7663999999999999
232 0.7912000000000003
233 0.8207999999999998
234 0.8384
235 0.8436000000000002
236 0.8396000000000005
237 0.8328000000000003
238 0.8184
239 0.8072000000000001
240 0.7896
241 0.7791999999999999
242 0.7660000000000001
243 0.7536
244 0.7435999999999998
245 0.7323999999999998
246 0.7279999999999999
247 0.7191999999999998
248 0.7147999999999999
249 0.7152
250 0.7168000000000001
251 0.7264
252 0.7387999999999999
253 0.7524
254 0.7652000000000001
255 0.7831999999999998
256 0.8088
257 0.8356000000000003
258 0.8492000000000002
259 0.8508000000000001
260 0.8472
261 0.8351999999999999
262 0.8268000000000001
263 0.8151999999999999
264 0.8084
265 0.792
266 0.7755999999999998
267 0.7572
268 0.7448
269 0.7316000000000001
270 0.7192000000000002
271 0.7112000000000002
272 0.7056000000000001
273 0.6995999999999999
274 0.6968000000000002
275 0.6976000000000002
276 0.7128000000000001
277 0.7248
278 0.7336
279 0.7511999999999999
280 0.7783999999999998
281 0.8104
282 0.8311999999999997
283 0.84
284 0.8396000000000001
285 0.8328000000000002
286 0.8168
287 0.802
288 0.7872
289 0.7764000000000002
290 0.7604000000000001
291 0.7420000000000002
292 0.7300000000000001
293 0.7160000000000001
294 0.7028
295 0.6948000000000001
296 0.6871999999999998
297 0.6832
298 0.6876000000000001
299 0.6995999999999999
300 0.7127999999999999
301 0.7284
302 0.7419999999999999
303 0.7571999999999999
304 0.7819999999999997
305 0.8144000000000001
306 0.8320000000000001
307 0.8403999999999999
308 0.8432000000000001
309 0.8368000000000002
310 0.8236
311 0.8172
312 0.8016
313 0.7859999999999999
314 0.7728
315 0.7548000000000001
316 0.7436
317 0.7291999999999997
318 0.7195999999999997
319 0.7091999999999998
320 0.7032
321 0.6956
322 0.6971999999999998
323 0.7040000000000001
324 0.72
325 0.7348000000000002
326 0.7440000000000001
327 0.7616
328 0.7852
329 0.8124000000000002
330 0.83
331 0.8340000000000003
332 0.8360000000000004
333 0.8284000000000005
334 0.8196000000000002
335 0.8108000000000003
336 0.7916000000000001
337 0.7780000000000002
338 0.7636000000000002
339 0.7524
340 0.7395999999999998
341 0.7247999999999998
342 0.7144000000000001
343 0.7036000000000002
344 0.6972
345 0.6907999999999999
346 0.6899999999999998
347 0.6980000000000001
348 0.7092000000000002
349 0.7256000000000001
350 0.7380000000000001
351 0.7496
352 0.7744000000000001
353 0.7979999999999999
354 0.8215999999999998
355 0.8308
356 0.8316
357 0.8287999999999998
358 0.8195999999999997
359 0.8024
360 0.7908000000000002
361 0.7728000000000002
362 0.7560000000000001
363 0.7419999999999999
364 0.726
365 0.7111999999999996
366 0.7023999999999998
367 0.6983999999999999
368 0.6936
369 0.6868000000000001
370 0.6880000000000002
371 0.6947999999999999
372 0.7060000000000001
373 0.7252000000000001
374 0.7400000000000001
375 0.7555999999999998
376 0.784
377 0.8092
378 0.828
379 0.8403999999999998
380 0.8439999999999998
381 0.8323999999999997
382 0.8188000000000001
383 0.8056
384 0.7912
385 0.7740000000000002
386 0.7576
387 0.7408
388 0.7267999999999999
389 0.7140000000000001
390 0.7044
391 0.6964
392 0.6896000000000001
393 0.6855999999999998
394 0.688
395 0.6983999999999999
396 0.7111999999999999
397 0.7236000000000001
398 0.7356
399 0.7559999999999999
400 0.7844000000000002
401 0.8112
402 0.8367999999999999
403 0.8443999999999999
404 0.8396000000000001
405 0.8335999999999999
406 0.8172000000000001
407 0.8016
408 0.7879999999999997
409 0.7704000000000001
410 0.7536000000000002
411 0.7424000000000001
412 0.7252000000000003
413 0.7156000000000003
414 0.7012000000000002
415 0.6940000000000001
416 0.6876000000000001
417 0.6816000000000001
418 0.6784
419 0.682
420 0.6928000000000002
421 0.7048000000000001
422 0.7164
423 0.7360000000000002
424 0.7668000000000003
425 0.7939999999999999
426 0.8160000000000003
427 0.8292000000000002
428 0.8228000000000002
429 0.8168000000000002
430 0.8092
431 0.7979999999999999
432 0.7867999999999998
433 0.772
434 0.7604000000000002
435 0.7424000000000003
436 0.7300000000000001
437 0.7111999999999999
438 0.7015999999999998
439 0.6927999999999999
440 0.6847999999999999
441 0.6795999999999998
442 0.6815999999999997
443 0.6904000000000002
444 0.7008000000000001
445 0.7132000000000001
446 0.7311999999999999
447 0.7455999999999999
448 0.7663999999999999
449 0.7939999999999999
450 0.8143999999999998
451 0.8208000000000001
452 0.8208000000000003
453 0.8124000000000001
454 0.8003999999999998
455 0.7916000000000001
456 0.7767999999999999
457 0.7651999999999998
458 0.7499999999999999
459 0.7312000000000001
460 0.7195999999999999
461 0.7036
462 0.6911999999999999
463 0.6803999999999999
464 0.6732
465 0.6732
466 0.6743999999999999
467 0.6796
468 0.6923999999999998
469 0.7095999999999999
470 0.7292000000000001
471 0.7471999999999999
472 0.7639999999999997
473 0.7956000000000002
474 0.8172000000000001
475 0.8271999999999999
476 0.8268000000000001
477 0.8211999999999999
478 0.8084000000000002
479 0.7936000000000001
480 0.7736000000000002
481 0.7619999999999999
482 0.7455999999999999
483 0.7304
484 0.7183999999999999
485 0.7067999999999998
486 0.6944000000000001
487 0.6876000000000001
488 0.6788
489 0.6724
490 0.6696
491 0.6828
492 0.6964
493 0.7163999999999997
494 0.7280000000000001
495 0.7436000000000003
496 0.7704
497 0.7916
498 0.804
499 0.8151999999999998
500 0.8112
501 0.8047999999999998
502 0.7948000000000001
503 0.7844000000000004
504 0.7699999999999999
505 0.7527999999999999
506 0.7324
507 0.7200000000000002
508 0.7064
509 0.6944
510 0.6839999999999999
511 0.6751999999999998
512 0.6684000000000002
513 0.6600000000000001
514 0.6659999999999999
515 0.6820000000000003
516 0.6920000000000001
517 0.7072000000000002
518 0.7244000000000002
519 0.7404000000000001
520 0.7684000000000001
521 0.7972000000000001
522 0.8183999999999999
523 0.8260000000000001
524 0.8279999999999998
525 0.8232
526 0.8067999999999997
527 0.7920000000000001
528 0.7772
529 0.7644
530 0.7528
531 0.736
532 0.7216
533 0.7067999999999999
534 0.6891999999999999
535 0.6796000000000001
536 0.6736000000000001
537 0.6668
538 0.6696
539 0.6828
540 0.6963999999999999
541 0.7116
542 0.7272000000000002
543 0.7376
544 0.7611999999999999
545 0.7915999999999999
546 0.8108
547 0.8215999999999998
548 0.8168000000000001
549 0.8063999999999997
550 0.7944000000000001
551 0.7803999999999999
552 0.7627999999999999
553 0.7507999999999998
554 0.7364
555 0.7228
556 0.708
557 0.696
558 0.6847999999999999
559 0.6811999999999999
560 0.6724
561 0.6663999999999999
562 0.6655999999999996
563 0.6763999999999999
564 0.6896000000000001
565 0.7031999999999999
566 0.7195999999999999
567 0.7308
568 0.7560000000000001
569 0.7879999999999999
570 0.8108000000000003
571 0.8140000000000001
572 0.8123999999999999
573 0.8027999999999998
574 0.7932000000000001
575 0.7784000000000002
576 0.7660000000000001
577 0.7516000000000003
578 0.732
579 0.7123999999999999
580 0.6951999999999999
581 0.6804000000000002
582 0.6704000000000001
583 0.6607999999999998
584 0.6560000000000001
585 0.6492
586 0.6560000000000001
587 0.6692000000000004
588 0.6804000000000001
589 0.7004
590 0.7135999999999999
591 0.7384
592 0.7680000000000001
593 0.8007999999999998
594 0.8239999999999997
595 0.8308
596 0.8327999999999999
597 0.8224000000000001
598 0.8076000000000001
599 0.7915999999999999
600 0.7711999999999998
601 0.7559999999999999
602 0.738
603 0.7251999999999998
604 0.7123999999999999
605 0.7016
606 0.6936000000000001
607 0.6831999999999999
608 0.6759999999999999
609 0.6672
610 0.6696000000000001
611 0.6836
612 0.6952000000000003
613 0.7096000000000003
614 0.7204
615 0.7364000000000002
616 0.7592
617 0.7828
618 0.8056
619 0.8179999999999998
620 0.8163999999999999
621 0.8099999999999998
622 0.7959999999999999
623 0.7807999999999998
624 0.7684000000000001
625 0.75
626 0.736
627 0.7231999999999998
628 0.7088
629 0.6928000000000002
630 0.6823999999999999
631 0.6728000000000002
632 0.6632000000000001
633 0.6576000000000002
634 0.6607999999999999
635 0.6715999999999999
636 0.688
637 0.7091999999999998
638 0.7232000000000002
639 0.7383999999999997
640 0.7648000000000001
641 0.796
642 0.8251999999999999
643 0.8371999999999999
644 0.8367999999999999
645 0.8231999999999998
646 0.8047999999999997
647 0.7904000000000002
648 0.7768000000000002
649 0.7612000000000002
650 0.7431999999999997
651 0.7299999999999999
652 0.7123999999999999
653 0.6968000000000002
654 0.6868000000000002
655 0.6775999999999999
656 0.6688
657 0.664
658 0.6683999999999999
659 0.6708000000000002
660 0.6836000000000001
661 0.6968
662 0.7116
663 0.7272000000000002
664 0.7536000000000002
665 0.7867999999999999
666 0.8072
667 0.8147999999999997
668 0.8031999999999998
669 0.7952000000000001
670 0.7836
671 0.7683999999999999
672 0.7504
673 0.7347999999999999
674 0.7195999999999999
675 0.7023999999999999
676 0.6920000000000001
677 0.6759999999999999
678 0.6624
679 0.6555999999999998
680 0.6496
681 0.6452
682 0.6463999999999999
683 0.6571999999999999
684 0.6751999999999999
685 0.6944
686 0.7088000000000001
687 0.7264
688 0.7592000000000002
689 0.7848000000000002
690 0.8019999999999997
691 0.8140000000000001
692 0.8108000000000001
693 0.8032
694 0.7867999999999999
695 0.7700000000000001
696 0.7559999999999999
697 0.7419999999999998
698 0.7247999999999999
699 0.7140000000000001
700 0.7031999999999998
701 0.6859999999999999
702 0.6743999999999997
703 0.6639999999999998
704 0.6539999999999999
705 0.6499999999999999
706 0.6455999999999998
707 0.6524
708 0.6696
709 0.6891999999999999
710 0.7056
711 0.7259999999999998
712 0.7552000000000001
713 0.7844000000000002
714 0.8052000000000001
715 0.8112
716 0.8131999999999999
717 0.8019999999999999
718 0.7931999999999999
719 0.7787999999999998
720 0.7619999999999999
721 0.7439999999999999
722 0.7276000000000002
723 0.7092
724 0.6915999999999998
725 0.6783999999999998
726 0.6659999999999998
727 0.6555999999999998
728 0.6511999999999999
729 0.6416
730 0.6443999999999999
731 0.6559999999999999
732 0.6772
733 0.6900000000000002
734 0.7067999999999999
735 0.7248
736 0.7516000000000002
737 0.7836000000000002
738 0.8044000000000004
739 0.8132000000000003
740 0.8116000000000004
741 0.8004000000000001
742 0.7908
743 0.7744
744 0.76
745 0.7375999999999999
746 0.7167999999999998
747 0.7023999999999999
748 0.6896
749 0.6788
750 0.6728000000000002
751 0.6624000000000001
752 0.6536
753 0.6467999999999999
754 0.6503999999999999
755 0.6616
756 0.6715999999999999
757 0.6844000000000001
758 0.7036000000000001
759 0.7255999999999999
760 0.7616
761 0.7896000000000002
762 0.8140000000000001
763 0.8219999999999997
764 0.8203999999999998
765 0.8032
766 0.7879999999999999
767 0.7716
768 0.7511999999999999
769 0.7312000000000002
770 0.7108000000000003
771 0.6908000000000003
772 0.68
773 0.6679999999999998
774 0.6587999999999997
775 0.6519999999999999
776 0.65
777 0.6412
778 0.6404
779 0.65
780 0.6676000000000001
781 0.6855999999999999
782 0.7011999999999999
783 0.7188000000000001
784 0.7480000000000001
785 0.7796
786 0.7988
787 0.7976000000000002
788 0.7955999999999999
789 0.7856000000000004
790 0.7692
791 0.7559999999999998
792 0.7372000000000001
793 0.7204
794 0.7068000000000001
795 0.6896000000000002
796 0.6776000000000001
797 0.6643999999999999
798 0.6552
799 0.6463999999999999
800 0.6383999999999999
801 0.6343999999999999
802 0.634
803 0.6476
804 0.6576000000000001
805 0.6784
806 0.7008
807 0.7135999999999999
808 0.7431999999999997
809 0.7788000000000003
810 0.802
811 0.8056000000000002
812 0.7948000000000002
813 0.7819999999999999
814 0.7620000000000003
815 0.7468000000000002
816 0.73
817 0.7108
818 0.6900000000000002
819 0.6764
820 0.662
821 0.6476000000000001
822 0.6376000000000002
823 0.6300000000000001
824 0.6256
825 0.6224000000000001
826 0.6244000000000001
827 0.6372000000000001
828 0.6536
829 0.6812
830 0.6995999999999999
831 0.7132000000000001
832 0.7387999999999999
833 0.7679999999999998
834 0.7880000000000003
835 0.8024000000000001
836 0.7988000000000001
837 0.7876000000000001
838 0.7791999999999999
839 0.7652000000000002
840 0.7424
841 0.7244000000000002
842 0.7108
843 0.6988
844 0.6771999999999998
845 0.6639999999999999
846 0.6532000000000001
847 0.6436000000000002
848 0.6387999999999999
849 0.6347999999999999
850 0.6364
851 0.6487999999999999
852 0.6671999999999998
853 0.6868000000000001
854 0.7071999999999998
855 0.7260000000000001
856 0.7511999999999998
857 0.7716000000000003
858 0.7916000000000001
859 0.8003999999999998
860 0.7996000000000002
861 0.7920000000000001
862 0.7784000000000003
863 0.7652000000000001
864 0.7496000000000003
865 0.7315999999999999
866 0.7164
867 0.6975999999999999
868 0.6884
869 0.6780000000000002
870 0.6656000000000002
871 0.6580000000000001
872 0.6512
873 0.6460000000000001
874 0.6496000000000001
875 0.6492
876 0.6616000000000001
877 0.6755999999999999
878 0.6872
879 0.7056
880 0.7328
881 0.7636000000000002
882 0.7908000000000005
883 0.7976000000000001
884 0.7960000000000003
885 0.7835999999999999
886 0.7696
887 0.7504000000000001
888 0.7308
889 0.7140000000000001
890 0.6903999999999998
891 0.676
892 0.6624000000000001
893 0.6484000000000001
894 0.638
895 0.6304
896 0.6255999999999999
897 0.6208
898 0.624
899 0.6332
900 0.6487999999999999
901 0.6671999999999998
902 0.684
903 0.7079999999999997
904 0.7412000000000001
905 0.7800000000000002
906 0.8044
907 0.8116
908 0.8051999999999999
909 0.7979999999999999
910 0.784
911 0.7696
912 0.7464000000000002
913 0.7276000000000002
914 0.7120000000000002
915 0.6968000000000002
916 0.6848000000000001
917 0.6656
918 0.6539999999999999
919 0.6464
920 0.6412
921 0.64
922 0.6404
923 0.6531999999999999
924 0.6695999999999998
925 0.6891999999999999
926 0.7064000000000001
927 0.72
928 0.7536000000000002
929 0.7855999999999999
930 0.8060000000000003
931 0.8087999999999999
932 0.81
933 0.8028000000000002
934 0.7932000000000002
935 0.7780000000000001
936 0.7632000000000002
937 0.746
938 0.7303999999999999
939 0.7147999999999999
940 0.7047999999999999
941 0.6899999999999998
942 0.6764
943 0.6632000000000001
944 0.6559999999999999
945 0.6504000000000001
946 0.6508000000000003
947 0.6604000000000001
948 0.6780000000000002
949 0.6920000000000002
950 0.7091999999999998
951 0.7288000000000002
952 0.7548000000000004
953 0.782
954 0.8068000000000002
955 0.8116000000000004
956 0.8108000000000001
957 0.7983999999999999
958 0.7884
959 0.7688000000000001
960 0.7487999999999999
961 0.7336000000000001
962 0.7216000000000004
963 0.7052000000000003
964 0.6896000000000002
965 0.6731999999999999
966 0.6596000000000001
967 0.6528
968 0.6487999999999999
969 0.6416
970 0.6455999999999998
971 0.6519999999999999
972 0.6684
973 0.6811999999999999
974 0.6975999999999999
975 0.7172000000000002
976 0.7424
977 0.7772
978 0.8027999999999998
979 0.8088000000000001
980 0.8016
981 0.7872000000000001
982 0.7767999999999999
983 0.7596
984 0.7472000000000001
985 0.7280000000000001
986 0.7099999999999999
987 0.6911999999999999
988 0.6688000000000003
989 0.6560000000000002
990 0.6436
991 0.634
992 0.6244000000000001
993 0.6204
994 0.6207999999999998
995 0.6275999999999997
996 0.644
997 0.6631999999999999
998 0.6791999999999999
999 0.7004
1000 0.7363999999999998
1001 0.7672
1002 0.7948000000000002
1003 0.8020000000000002
1004 0.7968000000000001
1005 0.7936000000000001
1006 0.7836
1007 0.7660000000000001
1008 0.7515999999999998
1009 0.7328
1010 0.7108
1011 0.6948000000000001
1012 0.6780000000000003
1013 0.6588
1014 0.6443999999999999
1015 0.6367999999999999
1016 0.6264
1017 0.6187999999999998
1018 0.6199999999999997
1019 0.6323999999999997
1020 0.6515999999999998
1021 0.6676000000000001
1022 0.6804000000000001
1023 0.6964000000000001
1024 0.7320000000000003
1025 0.7715999999999998
1026 0.7908
1027 0.794
1028 0.7871999999999999
1029 0.7751999999999998
1030 0.7580000000000002
1031 0.7475999999999999
1032 0.7335999999999998
1033 0.7160000000000001
1034 0.6984000000000004
1035 0.6847999999999999
1036 0.6696
1037 0.6572
1038 0.6503999999999999
1039 0.6427999999999998
1040 0.6395999999999998
1041 0.6363999999999999
1042 0.6383999999999999
1043 0.6511999999999999
1044 0.6687999999999998
1045 0.6848000000000001
1046 0.6995999999999999
1047 0.7223999999999999
1048 0.7556
1049 0.7884
1050 0.8123999999999998
1051 0.8099999999999998
1052 0.8072
1053 0.7936000000000003
1054 0.7752
1055 0.7612000000000002
1056 0.7407999999999998
1057 0.7243999999999999
1058 0.7120000000000001
1059 0.6972
1060 0.6827999999999999
1061 0.6711999999999999
1062 0.6587999999999999
1063 0.6508000000000002
1064 0.6460000000000002
1065 0.6416
1066 0.6392000000000001
1067 0.6487999999999999
1068 0.6655999999999999
1069 0.6908000000000001
1070 0.7012
1071 0.7179999999999996
1072 0.7451999999999999
1073 0.7816
1074 0.7996000000000002
1075 0.8012000000000001
1076 0.8020000000000002
1077 0.7908000000000002
1078 0.7672
1079 0.7519999999999999
1080 0.7363999999999998
1081 0.7204
1082 0.7007999999999999
1083 0.6811999999999999
1084 0.6635999999999999
1085 0.6456000000000001
1086 0.632
1087 0.6188
1088 0.6064000000000002
1089 0.6032000000000002
1090 0.6068000000000001
1091 0.6172
1092 0.6356000000000003
1093 0.6512
1094 0.664
1095 0.684
1096 0.7236
1097 0.7568000000000003
1098 0.778
1099 0.7864000000000001
1100 0.7808000000000002
1101 0.7724
1102 0.7575999999999999
1103 0.7343999999999997
1104 0.7207999999999997
1105 0.7043999999999998
1106 0.6904
1107 0.6719999999999999
1108 0.6555999999999998
1109 0.6427999999999998
1110 0.6319999999999999
1111 0.6231999999999998
1112 0.6195999999999998
1113 0.6143999999999998
1114 0.6167999999999999
1115 0.6259999999999999
1116 0.6419999999999999
1117 0.6696
1118 0.6864000000000001
1119 0.7124000000000001
1120 0.7452000000000001
1121 0.7796
1122 0.8011999999999999
1123 0.8092
1124 0.8036
1125 0.796
1126 0.7824000000000002
1127 0.7636000000000002
1128 0.7424000000000003
1129 0.7239999999999999
1130 0.7071999999999999
1131 0.6904000000000002
1132 0.6716000000000001
1133 0.6616000000000001
1134 0.6504000000000001
1135 0.644
1136 0.6347999999999999
1137 0.6284
1138 0.6279999999999999
1139 0.6392
1140 0.6527999999999998
1141 0.6655999999999999
1142 0.6819999999999999
1143 0.7056
1144 0.7295999999999998
1145 0.7588000000000003
1146 0.7747999999999999
1147 0.7864000000000001
1148 0.7824
1149 0.7732000000000001
1150 0.7583999999999999
1151 0.7439999999999997
1152 0.7228
1153 0.7044000000000001
1154 0.6888000000000004
1155 0.6752000000000002
1156 0.6592000000000003
1157 0.6456000000000002
1158 0.6336000000000002
1159 0.6219999999999999
1160 0.6164
1161 0.6132
1162 0.6204
1163 0.6276
1164 0.6448
1165 0.6567999999999999
1166 0.676
1167 0.6904
1168 0.7327999999999999
1169 0.768
1170 0.7919999999999997
1171 0.7984000000000002
1172 0.7884
1173 0.7723999999999998
1174 0.7552
1175 0.7424
1176 0.7243999999999998
1177 0.7028
1178 0.6839999999999999
1179 0.6628000000000001
1180 0.6476000000000001
1181 0.6332
1182 0.6236
1183 0.6143999999999998
1184 0.6091999999999999
1185 0.6047999999999999
1186 0.5984
1187 0.6056000000000001
1188 0.6219999999999999
1189 0.6415999999999998
1190 0.6591999999999999
1191 0.6831999999999998
1192 0.7140000000000002
1193 0.7520000000000002
1194 0.7715999999999998
1195 0.7839999999999999
1196 0.7816
1197 0.7688000000000003
1198 0.7496
1199 0.7368000000000002
1200 0.7208000000000001
1201 0.7008
1202 0.6843999999999998
1203 0.6663999999999999
1204 0.6544000000000001
1205 0.6399999999999999
1206 0.6288
1207 0.6208
1208 0.6176
1209 0.6136000000000001
1210 0.6168
1211 0.6300000000000001
1212 0.6484000000000001
1213 0.6688
1214 0.6932
1215 0.7108000000000001
1216 0.7327999999999999
1217 0.7624000000000002
1218 0.7951999999999999
1219 0.8008
1220 0.8004000000000001
1221 0.7888000000000001
1222 0.7744000000000001
1223 0.7552000000000001
1224 0.7343999999999999
1225 0.7164000000000001
1226 0.6999999999999998
1227 0.6831999999999999
1228 0.6696
1229 0.6536
1230 0.6411999999999998
1231 0.6299999999999999
1232 0.6199999999999999
1233 0.6099999999999999
1234 0.6124
1235 0.618
1236 0.6396000000000001
1237 0.6616
1238 0.6776000000000002
1239 0.6979999999999998
1240 0.732
1241 0.758
1242 0.7772000000000004
1243 0.7844
1244 0.7816
1245 0.7688000000000001
1246 0.7504
1247 0.7339999999999998
1248 0.7136
1249 0.6935999999999999
1250 0.6735999999999999
1251 0.6524
1252 0.6387999999999999
1253 0.6255999999999999
1254 0.6192
1255 0.6155999999999999
1256 0.6123999999999999
1257 0.6040000000000001
1258 0.6096
1259 0.624
1260 0.6423999999999996
1261 0.6579999999999999
1262 0.6776000000000001
1263 0.6995999999999998
1264 0.7296000000000002
1265 0.7616
1266 0.7800000000000002
1267 0.7880000000000001
1268 0.7852
1269 0.7727999999999998
1270 0.7548
1271 0.7364000000000002
1272 0.7159999999999997
1273 0.7036
1274 0.6808000000000001
1275 0.6672
1276 0.652
1277 0.6347999999999999
1278 0.6252
1279 0.6183999999999998
1280 0.6111999999999999
1281 0.6024
1282 0.6055999999999999
1283 0.6139999999999999
1284 0.6259999999999999
1285 0.6472
1286 0.6676000000000002
1287 0.6916
1288 0.7179999999999999
1289 0.7635999999999998
1290 0.7867999999999999
1291 0.7928000000000001
1292 0.7888000000000003
1293 0.7739999999999999
1294 0.7675999999999997
1295 0.7556
1296 0.7364
1297 0.7184000000000004
1298 0.6960000000000001
1299 0.6771999999999998
1300 0.6631999999999998
1301 0.6447999999999999
1302 0.6376
1303 0.6267999999999998
1304 0.6227999999999998
1305 0.6115999999999999
1306 0.616
1307 0.6276
1308 0.6452
1309 0.6699999999999998
1310 0.69
1311 0.7071999999999999
1312 0.7387999999999999
1313 0.7756000000000001
1314 0.7975999999999999
1315 0.8024000000000001
1316 0.8016
1317 0.7924000000000001
1318 0.778
1319 0.7552000000000002
1320 0.7368000000000002
1321 0.7195999999999999
1322 0.7032
1323 0.6836
1324 0.6644000000000001
1325 0.6496000000000002
1326 0.6344000000000001
1327 0.6296000000000002
1328 0.6216
1329 0.614
1330 0.6204000000000003
1331 0.6252000000000002
1332 0.6344000000000001
1333 0.6564000000000001
1334 0.6700000000000002
1335 0.6864
1336 0.7167999999999998
1337 0.7472
1338 0.7684000000000001
1339 0.7736
1340 0.78
1341 0.7660000000000001
1342 0.7516000000000002
1343 0.7396
1344 0.7248
1345 0.7104
1346 0.6916
1347 0.6735999999999999
1348 0.6539999999999998
1349 0.6384000000000001
1350 0.6288000000000001
1351 0.6220000000000001
1352 0.6108
1353 0.606
1354 0.602
1355 0.6127999999999999
1356 0.6315999999999999
1357 0.6552000000000001
1358 0.6748000000000001
1359 0.6923999999999999
1360 0.7160000000000001
1361 0.7532
1362 0.78
1363 0.79
1364 0.7836000000000003
1365 0.7776000000000001
1366 0.7627999999999999
1367 0.7391999999999999
1368 0.7159999999999997
1369 0.6980000000000001
1370 0.6847999999999999
1371 0.6683999999999998
1372 0.6559999999999999
1373 0.6396000000000001
1374 0.6296
1375 0.6232000000000001
1376 0.6123999999999998
1377 0.6088
1378 0.6088000000000001
1379 0.6196000000000002
1380 0.6468
1381 0.6648
1382 0.6803999999999999
1383 0.6988
1384 0.7355999999999999
1385 0.7628
1386 0.7891999999999999
1387 0.7952000000000001
1388 0.7955999999999999
1389 0.7824000000000001
1390 0.7683999999999999
1391 0.7524000000000001
1392 0.7335999999999998
1393 0.7163999999999998
1394 0.7012
1395 0.6839999999999999
1396 0.6675999999999997
1397 0.6536
1398 0.6384000000000002
1399 0.6291999999999999
1400 0.6212000000000001
1401 0.6100000000000001
1402 0.6100000000000001
1403 0.6192000000000002
1404 0.6347999999999999
1405 0.6516
1406 0.6679999999999999
1407 0.6915999999999997
1408 0.7172000000000002
1409 0.7580000000000001
1410 0.7816
1411 0.7904000000000001
1412 0.7872000000000002
1413 0.7776
1414 0.7535999999999998
1415 0.7336
1416 0.7164000000000001
1417 0.6956
1418 0.6759999999999999
1419 0.6616
1420 0.6476000000000001
1421 0.6352
1422 0.6259999999999999
1423 0.6152
1424 0.6075999999999998
1425 0.6003999999999999
1426 0.6031999999999998
1427 0.6139999999999999
1428 0.634
1429 0.6511999999999999
1430 0.6708
1431 0.6916
1432 0.722
1433 0.7531999999999998
1434 0.7787999999999999
1435 0.7844
1436 0.7796
1437 0.768
1438 0.7443999999999998
1439 0.7267999999999999
1440 0.7071999999999999
1441 0.6915999999999998
1442 0.6719999999999999
1443 0.6572
1444 0.6424
1445 0.6335999999999999
1446 0.6248
1447 0.6167999999999999
1448 0.6067999999999999
1449 0.6003999999999998
1450 0.6071999999999999
1451 0.6204000000000002
1452 0.6376
1453 0.6528000000000002
1454 0.6716000000000001
1455 0.6960000000000001
1456 0.7271999999999998
1457 0.7676000000000001
1458 0.7892
1459 0.7968
1460 0.7971999999999998
1461 0.7876000000000001
1462 0.7739999999999999
1463 0.7596
1464 0.7404
1465 0.7236000000000001
1466 0.7019999999999997
1467 0.6855999999999998
1468 0.6703999999999998
1469 0.6576
1470 0.6459999999999998
1471 0.634
1472 0.628
1473 0.6212
1474 0.6188
1475 0.6292000000000002
1476 0.6496
1477 0.6648
1478 0.6787999999999998
1479 0.6976
1480 0.7272
1481 0.7652000000000001
1482 0.7847999999999997
1483 0.7976000000000002
1484 0.7912
1485 0.7828
1486 0.7696
1487 0.7519999999999999
1488 0.7323999999999998
1489 0.7116000000000001
1490 0.6944000000000001
1491 0.6748000000000002
1492 0.6612000000000002
1493 0.6447999999999999
1494 0.6304
1495 0.6256
1496 0.6140000000000001
1497 0.6052
1498 0.6099999999999999
1499 0.6175999999999999
1500 0.632
1501 0.6504000000000001
1502 0.6679999999999998
1503 0.6832
1504 0.7172
1505 0.7503999999999997
1506 0.7764000000000002
1507 0.7779999999999998
1508 0.7711999999999998
1509 0.7644000000000001
1510 0.74
1511 0.7212000000000001
1512 0.7036
1513 0.6848000000000002
1514 0.6632000000000002
1515 0.652
1516 0.6408
1517 0.6271999999999999
1518 0.6128
1519 0.6068000000000001
1520 0.596
1521 0.5928
1522 0.5876
1523 0.6036
1524 0.6224000000000001
1525 0.6455999999999998
1526 0.6656
1527 0.6880000000000002
1528 0.7275999999999998
1529 0.7700000000000002
1530 0.7863999999999998
1531 0.7936
1532 0.7828
1533 0.7707999999999997
1534 0.7575999999999997
1535 0.7427999999999999
1536 0.7267999999999999
1537 0.7071999999999999
1538 0.6896000000000001
1539 0.6704000000000002
1540 0.654
1541 0.6443999999999999
1542 0.6352
1543 0.6252
1544 0.6207999999999998
1545 0.6167999999999999
1546 0.6167999999999999
1547 0.6227999999999999
1548 0.6392
1549 0.6608000000000002
1550 0.6788
1551 0.6984
1552 0.7288
1553 0.7683999999999999
1554 0.7879999999999999
1555 0.7920000000000001
1556 0.7896000000000001
1557 0.7747999999999999
1558 0.7568
1559 0.7363999999999998
1560 0.7179999999999999
1561 0.7040000000000001
1562 0.6779999999999999
1563 0.6611999999999999
1564 0.6456000000000001
1565 0.6335999999999999
1566 0.6184000000000001
1567 0.6108
1568 0.6036
1569 0.5963999999999999
1570 0.5983999999999999
1571 0.6040000000000002
1572 0.6268
1573 0.6408000000000001
1574 0.6563999999999999
1575 0.6779999999999998
1576 0.7043999999999998
1577 0.7363999999999998
1578 0.7636000000000002
1579 0.7736000000000002
1580 0.7728000000000002
1581 0.7628
1582 0.7468
1583 0.7348
1584 0.7172
1585 0.6975999999999999
1586 0.6792
1587 0.6600000000000001
1588 0.6444
1589 0.6355999999999999
1590 0.618
1591 0.6083999999999999
1592 0.5988
1593 0.5952000000000001
1594 0.6
1595 0.6107999999999998
1596 0.6327999999999997
1597 0.6552
1598 0.6759999999999999
1599 0.6968000000000001
1600 0.7243999999999999
1601 0.7636000000000002
1602 0.7892000000000003
1603 0.8000000000000002
1604 0.7948000000000002
1605 0.7856000000000002
1606 0.7676000000000003
1607 0.7504000000000001
1608 0.7324
1609 0.7099999999999999
1610 0.6931999999999999
1611 0.67
1612 0.6571999999999999
1613 0.6411999999999999
1614 0.6304000000000001
1615 0.6216
1616 0.6132000000000001
1617 0.6040000000000001
1618 0.6060000000000002
1619 0.6187999999999999
1620 0.634
1621 0.6516
1622 0.6675999999999999
1623 0.6872
1624 0.7176
1625 0.7575999999999999
1626 0.7768
1627 0.7876000000000001
1628 0.778
1629 0.7684000000000003
1630 0.7596
1631 0.7408
1632 0.7203999999999999
1633 0.7016
1634 0.6835999999999999
1635 0.6652
1636 0.6476000000000001
1637 0.6324000000000001
1638 0.6228
1639 0.6120000000000002
1640 0.6044000000000002
1641 0.5996000000000002
1642 0.5988000000000003
1643 0.6076
1644 0.6248
1645 0.6504000000000001
1646 0.6696
1647 0.6863999999999997
1648 0.7175999999999999
1649 0.76
1650 0.78
1651 0.7872
1652 0.7868
1653 0.7763999999999999
1654 0.7584000000000001
1655 0.7339999999999999
1656 0.7136000000000001
1657 0.69
1658 0.6752000000000002
1659 0.6540000000000002
1660 0.64
1661 0.6231999999999999
1662 0.6164000000000001
1663 0.6100000000000001
1664 0.6064
1665 0.5976
1666 0.6028
1667 0.6104
1668 0.6292
1669 0.6484000000000001
1670 0.6688000000000001
1671 0.6923999999999999
1672 0.7163999999999998
1673 0.7495999999999999
1674 0.7708000000000002
1675 0.7819999999999999
1676 0.7767999999999999
1677 0.7639999999999998
1678 0.7519999999999999
1679 0.7323999999999999
1680 0.714
1681 0.6980000000000001
1682 0.6824000000000001
1683 0.6716000000000001
1684 0.6552000000000001
1685 0.6408000000000001
1686 0.6316
1687 0.6236000000000002
1688 0.6132000000000002
1689 0.6084000000000003
1690 0.6068000000000001
1691 0.6152000000000001
1692 0.6416
1693 0.6599999999999998
1694 0.6779999999999998
1695 0.6983999999999999
1696 0.7288000000000001
1697 0.764
1698 0.7859999999999999
1699 0.7888
1700 0.7819999999999999
1701 0.7668
1702 0.7504000000000001
1703 0.7336000000000001
1704 0.7132
1705 0.6955999999999999
1706 0.6764
1707 0.6579999999999999
1708 0.6416000000000001
1709 0.6255999999999999
1710 0.6172
1711 0.6139999999999999
1712 0.6031999999999998
1713 0.5979999999999999
1714 0.5963999999999998
1715 0.6099999999999998
1716 0.6252
1717 0.6444000000000001
1718 0.6676000000000001
1719 0.6896000000000001
1720 0.7224
1721 0.7636000000000002
1722 0.7804000000000003
1723 0.7816
1724 0.7767999999999998
1725 0.7639999999999999
1726 0.7467999999999999
1727 0.7323999999999999
1728 0.7143999999999999
1729 0.6972
1730 0.6784000000000002
1731 0.6580000000000001
1732 0.6416000000000001
1733 0.6223999999999998
1734 0.612
1735 0.6032
1736 0.5988
1737 0.5943999999999999
1738 0.5983999999999999
1739 0.6039999999999999
1740 0.6239999999999999
1741 0.6439999999999999
1742 0.6648000000000002
1743 0.6832
1744 0.7172000000000002
1745 0.7604000000000001
1746 0.7831999999999999
1747 0.7884
1748 0.7880000000000001
1749 0.7748
1750 0.7607999999999998
1751 0.7411999999999999
1752 0.7212000000000002
1753 0.6988
1754 0.6747999999999998
1755 0.6583999999999999
1756 0.6376
1757 0.6252
1758 0.6068000000000001
1759 0.5984
1760 0.5907999999999999
1761 0.584
1762 0.5851999999999999
1763 0.5964
1764 0.6147999999999998
1765 0.6372
1766 0.6576
1767 0.6763999999999999
1768 0.7128000000000003
1769 0.7432
1770 0.7648
1771 0.7784000000000002
1772 0.7784
1773 0.7668000000000003
1774 0.7439999999999999
1775 0.7183999999999997
1776 0.7016
1777 0.6772
1778 0.6584
1779 0.6411999999999999
1780 0.6236
1781 0.6096
1782 0.5975999999999999
1783 0.592
1784 0.588
1785 0.586
1786 0.5912
1787 0.6051999999999998
1788 0.6239999999999998
1789 0.6463999999999999
1790 0.662
1791 0.6828
1792 0.7123999999999998
1793 0.7448000000000004
1794 0.7724
1795 0.7736000000000003
1796 0.7752
1797 0.7587999999999998
1798 0.738
1799 0.7175999999999999
1800 0.6951999999999999
1801 0.6752000000000001
1802 0.6591999999999999
1803 0.6395999999999998
1804 0.6183999999999997
1805 0.6027999999999999
1806 0.5963999999999999
1807 0.588
1808 0.5791999999999998
1809 0.5747999999999999
1810 0.5743999999999998
1811 0.5803999999999998
1812 0.5983999999999998
1813 0.6268
1814 0.6452000000000001
1815 0.6664000000000001
1816 0.706
1817 0.7471999999999999
1818 0.7695999999999998
1819 0.7828000000000002
1820 0.7792
1821 0.7608000000000003
1822 0.7464
1823 0.7247999999999999
1824 0.7071999999999999
1825 0.6872
1826 0.6652000000000001
1827 0.6492000000000001
1828 0.6332000000000001
1829 0.6196
1830 0.6103999999999999
1831 0.5991999999999998
1832 0.5932
1833 0.5868
1834 0.5844
1835 0.5919999999999999
1836 0.6124000000000002
1837 0.6307999999999999
1838 0.6535999999999998
1839 0.6851999999999998
1840 0.7179999999999994
1841 0.7596
1842 0.7816
1843 0.7896000000000002
1844 0.7807999999999999
1845 0.7656000000000003
1846 0.7528000000000001
1847 0.7295999999999998
1848 0.7108
1849 0.6964000000000001
1850 0.6748000000000003
1851 0.6567999999999999
1852 0.6427999999999998
1853 0.6300000000000001
1854 0.6175999999999999
1855 0.6016
1856 0.596
1857 0.59
1858 0.5924
1859 0.6051999999999998
1860 0.6208
1861 0.6352000000000001
1862 0.6496000000000001
1863 0.6703999999999999
1864 0.7116
1865 0.746
1866 0.7683999999999999
1867 0.7752
1868 0.7659999999999998
1869 0.7515999999999999
1870 0.7379999999999999
1871 0.7212000000000001
1872 0.7031999999999999
1873 0.6836
1874 0.6639999999999999
1875 0.6452
1876 0.6283999999999998
1877 0.6136
1878 0.6032000000000002
1879 0.5932000000000002
1880 0.584
1881 0.5771999999999999
1882 0.5740000000000002
1883 0.5912
1884 0.6108
1885 0.6279999999999999
1886 0.6516000000000001
1887 0.6692
1888 0.6995999999999998
1889 0.7387999999999999
1890 0.7724
1891 0.7807999999999998
1892 0.7707999999999998
1893 0.7603999999999997
1894 0.7459999999999997
1895 0.7211999999999997
1896 0.7024000000000001
1897 0.6876000000000001
1898 0.6696000000000002
1899 0.6472000000000001
1900 0.6327999999999998
1901 0.6227999999999998
1902 0.6108
1903 0.6004
1904 0.5935999999999999
1905 0.5835999999999999
1906 0.5895999999999997
1907 0.6047999999999998
1908 0.6244
1909 0.6452
1910 0.6692
1911 0.6912000000000001
1912 0.7184000000000001
1913 0.7487999999999998
1914 0.7772
1915 0.7807999999999999
1916 0.7783999999999999
1917 0.7671999999999997
1918 0.7523999999999998
1919 0.7300000000000001
1920 0.7063999999999999
1921 0.6855999999999998
1922 0.6600000000000001
1923 0.638
1924 0.6235999999999998
1925 0.6131999999999996
1926 0.5979999999999998
1927 0.5891999999999997
1928 0.5807999999999998
1929 0.5815999999999998
1930 0.5855999999999999
1931 0.5952000000000001
1932 0.6175999999999999
1933 0.6416000000000001
1934 0.6623999999999998
1935 0.6831999999999997
1936 0.7128
1937 0.7495999999999996
1938 0.7819999999999999
1939 0.7844
1940 0.786
1941 0.7728
1942 0.76
1943 0.7395999999999998
1944 0.7147999999999999
1945 0.6916
1946 0.6691999999999999
1947 0.6516
1948 0.6339999999999999
1949 0.616
1950 0.6043999999999999
1951 0.5980000000000001
1952 0.5912
1953 0.5876
1954 0.5892000000000003
1955 0.5976000000000002
1956 0.6172000000000001
1957 0.6344
1958 0.6444
1959 0.6631999999999999
1960 0.6964000000000001
1961 0.7332000000000001
1962 0.7536000000000003
1963 0.7644000000000001
1964 0.7683999999999999
1965 0.7520000000000002
1966 0.7396
1967 0.7224
1968 0.698
1969 0.6792
1970 0.6584
1971 0.6416000000000001
1972 0.6244
1973 0.6079999999999999
1974 0.5936
1975 0.5879999999999999
1976 0.5804
1977 0.5784
1978 0.5804
1979 0.5912
1980 0.6108
1981 0.6376
1982 0.6564
1983 0.6796
1984 0.7220000000000002
1985 0.7584000000000001
1986 0.7796000000000001
1987 0.7891999999999999
1988 0.7779999999999998
1989 0.7752
1990 0.7564
1991 0.7348
1992 0.7099999999999997
1993 0.6872
1994 0.6631999999999999
1995 0.6431999999999998
1996 0.6248
1997 0.6112
1998 0.5991999999999998
1999 0.59
