1 1.0
2 1.0
3 1.0
4 0.9996
5 0.9996
6 0.9992
7 0.998
8 0.9976
9 0.9976
10 0.9976
11 0.9972
12 0.9972
13 0.9972
14 0.9972
15 0.9972
16 0.9972
17 0.9972
18 0.9972
19 0.9972
20 0.9967999999999999
21 0.9967999999999999
22 0.9967999999999999
23 0.9964
24 0.9964
25 0.9964
26 0.996
27 0.996
28 0.996
29 0.996
30 0.9956
31 0.9956
32 0.9956
33 0.9952
34 0.9952
35 0.9952
36 0.9952
37 0.9952
38 0.9952
39 0.9952
40 0.9952
41 0.9952
42 0.9948
43 0.9948
44 0.9948
45 0.9948
46 0.9948
47 0.9948
48 0.9948
49 0.9948
50 0.9948
51 0.9948
52 0.9948
53 0.9948
54 0.9948
55 0.9948
56 0.9948
57 0.9948
58 0.9948
59 0.9948
60 0.9948
61 0.9948
62 0.9948
63 0.9948
64 0.9948
65 0.9948
66 0.9948
67 0.9948
68 0.9948
69 0.9948
70 0.9948
71 0.9952000000000001
72 0.9952000000000001
73 0.9952000000000001
74 0.9952000000000001
75 0.9952000000000001
76 0.9952000000000001
77 0.9952000000000001
78 0.9952000000000001
79 0.9952000000000001
80 0.9952000000000001
81 0.9952000000000001
82 0.9952000000000001
83 0.9956
84 0.9956
85 0.9956
86 0.9956
87 0.9952000000000001
88 0.9956
89 0.9956
90 0.9956
91 0.9956
92 0.9956
93 0.9956
94 0.9956
95 0.9956
96 0.9956
97 0.9956
98 0.9956
99 0.9956
100 0.9956
101 0.9956
102 0.9956
103 0.9956
104 0.9956
105 0.9956
106 0.9960000000000001
107 0.9960000000000001
108 0.9964
109 0.9972
110 0.9968
111 0.9972
112 0.9972
113 0.9972
114 0.9972
115 0.9972
116 0.9972
117 0.9972
118 0.9972
119 0.9968
120 0.9968
121 0.9968
122 0.9968
123 0.9968
124 0.9968
125 0.9968
126 0.9968
127 0.9968
128 0.9968
129 0.9968
130 0.9968
131 0.9968
132 0.9968
133 0.9968
134 0.9968
135 0.9968
136 0.9968
137 0.9968
138 0.9972
139 0.9972
140 0.9972
141 0.9972
142 0.9972
143 0.9972
144 0.9972
145 0.9972
146 0.9972
147 0.9972
148 0.9972
149 0.9972
150 0.9972
151 0.9967999999999999
152 0.9967999999999999
153 0.9967999999999999
154 0.9967999999999999
155 0.9967999999999999
156 0.9967999999999999
157 0.9967999999999999
158 0.9967999999999999
159 0.9976
160 0.998
161 0.998
162 0.998
163 0.998
164 0.998
165 0.998
166 0.9975999999999999
167 0.9975999999999999
168 0.9975999999999999
169 0.9975999999999999
170 0.9975999999999999
171 0.9975999999999999
172 0.9975999999999999
173 0.9975999999999999
174 0.9975999999999999
175 0.9975999999999999
176 0.9975999999999999
177 0.9975999999999999
178 0.9967999999999999
179 0.9967999999999999
180 0.9967999999999999
181 0.9967999999999999
182 0.9967999999999999
183 0.9967999999999999
184 0.9967999999999999
185 0.9967999999999999
186 0.9972
187 0.9972
188 0.9972
189 0.9972
190 0.9972
191 0.9972
192 0.9972
193 0.9972
194 0.9972
195 0.9972
196 0.9972
197 0.9972
198 0.9972
199 0.9972
200 0.9972
201 0.9972
202 0.9976
203 0.9976
204 0.9976
205 0.9976
206 0.9976
207 0.9976
208 0.9976
209 0.9972
210 0.9972
211 0.9967999999999999
212 0.9967999999999999
213 0.9967999999999999
214 0.9967999999999999
215 0.9967999999999999
216 0.9967999999999999
217 0.9967999999999999
218 0.9967999999999999
219 0.9967999999999999
220 0.9967999999999999
221 0.9963999999999998
222 0.9963999999999998
223 0.9963999999999998
224 0.9963999999999998
225 0.9963999999999998
226 0.996
227 0.996
228 0.996
229 0.996
230 0.996
231 0.996
232 0.9952
233 0.9952
234 0.9952
235 0.9952
236 0.9952
237 0.9952
238 0.9947999999999999
239 0.9947999999999999
240 0.9947999999999999
241 0.9947999999999999
242 0.9947999999999999
243 0.9947999999999999
244 0.9947999999999999
245 0.9947999999999999
246 0.9947999999999999
247 0.9947999999999999
248 0.9947999999999999
249 0.9947999999999999
250 0.9947999999999999
251 0.9952
252 0.9947999999999999
253 0.9951999999999999
254 0.9951999999999999
255 0.9956
256 0.9956
257 0.9956
258 0.9956
259 0.9952
260 0.9952
261 0.9952
262 0.9948
263 0.9948
264 0.9948
265 0.9948
266 0.9944
267 0.9944
268 0.9944
269 0.9944
270 0.9944
271 0.9944
272 0.9944
273 0.9944
274 0.9944
275 0.9944
276 0.9944
277 0.9944
278 0.9944
279 0.9944
280 0.9944
281 0.9940000000000001
282 0.9936
283 0.9936
284 0.9936
285 0.9936
286 0.9936
287 0.9936
288 0.9936
289 0.9932
290 0.9932
291 0.9932
292 0.9932
293 0.9932
294 0.9932
295 0.9932
296 0.9932
297 0.9935999999999998
298 0.9935999999999998
299 0.9936
300 0.9936
301 0.9936
302 0.9936
303 0.9932
304 0.9936
305 0.9936
306 0.9936
307 0.9939999999999999
308 0.9939999999999999
309 0.9939999999999999
310 0.9936
311 0.9939999999999999
312 0.9939999999999999
313 0.9939999999999999
314 0.9939999999999999
315 0.9939999999999999
316 0.9939999999999999
317 0.9939999999999999
318 0.9939999999999999
319 0.9932
320 0.9932
321 0.9932
322 0.9932
323 0.9932
324 0.9932
325 0.9932
326 0.9935999999999998
327 0.9935999999999998
328 0.9935999999999998
329 0.9935999999999998
330 0.9935999999999998
331 0.9935999999999998
332 0.9939999999999999
333 0.9939999999999999
334 0.9939999999999999
335 0.9939999999999999
336 0.9939999999999999
337 0.9939999999999999
338 0.9939999999999999
339 0.9939999999999999
340 0.9939999999999999
341 0.9939999999999999
342 0.9939999999999999
343 0.9939999999999999
344 0.9939999999999999
345 0.9939999999999999
346 0.9939999999999999
347 0.9943999999999998
348 0.9943999999999998
349 0.9939999999999998
350 0.9943999999999998
351 0.9943999999999998
352 0.9943999999999998
353 0.9947999999999998
354 0.9947999999999998
355 0.9947999999999998
356 0.9947999999999998
357 0.9943999999999998
358 0.9943999999999998
359 0.9943999999999998
360 0.9943999999999998
361 0.9943999999999998
362 0.9943999999999998
363 0.9943999999999998
364 0.9943999999999998
365 0.9943999999999998
366 0.9943999999999998
367 0.9943999999999998
368 0.9939999999999998
369 0.9939999999999998
370 0.9939999999999998
371 0.9943999999999998
372 0.9943999999999998
373 0.9943999999999998
374 0.9952
375 0.9955999999999999
376 0.9955999999999999
377 0.9952
378 0.9952
379 0.9952
380 0.9952
381 0.9952
382 0.9952
383 0.9952
384 0.9952
385 0.9948
386 0.9948
387 0.9944000000000002
388 0.9944000000000002
389 0.9944000000000002
390 0.9944000000000002
391 0.9936000000000001
392 0.9928000000000001
393 0.9928000000000001
394 0.9928000000000001
395 0.9928000000000001
396 0.9928000000000001
397 0.9928000000000001
398 0.9928000000000001
399 0.9928000000000001
400 0.9928000000000001
401 0.9932000000000001
402 0.9932000000000001
403 0.9932000000000001
404 0.9932000000000001
405 0.9932000000000001
406 0.9932000000000001
407 0.9932000000000001
408 0.9924000000000001
409 0.9924000000000001
410 0.9920000000000002
411 0.9920000000000002
412 0.9920000000000002
413 0.9916000000000001
414 0.9916000000000001
415 0.9916000000000001
416 0.9912000000000001
417 0.9912000000000001
418 0.9912000000000001
419 0.9912000000000001
420 0.9912000000000001
421 0.9912000000000001
422 0.9908000000000001
423 0.9912000000000001
424 0.9915999999999999
425 0.9915999999999999
426 0.992
427 0.9924
428 0.9924
429 0.9924
430 0.9924
431 0.9924
432 0.9924
433 0.9924
434 0.9924
435 0.9919999999999999
436 0.9919999999999999
437 0.9919999999999999
438 0.9919999999999999
439 0.9915999999999999
440 0.9915999999999999
441 0.9915999999999999
442 0.9915999999999999
443 0.9915999999999999
444 0.9915999999999999
445 0.9915999999999999
446 0.9915999999999999
447 0.9919999999999999
448 0.9919999999999999
449 0.9919999999999999
450 0.9928
451 0.9928
452 0.9928
453 0.9928
454 0.9928
455 0.9928
456 0.9928
457 0.9928
458 0.9928
459 0.9928
460 0.9928
461 0.9928
462 0.9928
463 0.9928
464 0.9928
465 0.9928
466 0.9928
467 0.9928
468 0.9928
469 0.9928
470 0.9932
471 0.9936
472 0.9936
473 0.9932
474 0.9932
475 0.9936
476 0.9944
477 0.9944
478 0.9944
479 0.9940000000000001
480 0.9940000000000001
481 0.9940000000000001
482 0.9940000000000001
483 0.9940000000000001
484 0.9940000000000001
485 0.9940000000000001
486 0.9936
487 0.9932
488 0.9936
489 0.9936
490 0.9936
491 0.9939999999999999
492 0.9947999999999999
493 0.9952
494 0.9952
495 0.9956
496 0.9952
497 0.9952
498 0.9952
499 0.9952
500 0.9952
501 0.9952
502 0.9952
503 0.9943999999999998
504 0.9943999999999998
505 0.9939999999999999
506 0.9939999999999999
507 0.9939999999999999
508 0.9939999999999999
509 0.9939999999999999
510 0.9932
511 0.9932
512 0.9932
513 0.9932
514 0.9932
515 0.9928
516 0.9928
517 0.9928
518 0.9928
519 0.9928
520 0.9924
521 0.992
522 0.992
523 0.9911999999999999
524 0.9911999999999999
525 0.9911999999999999
526 0.9908
527 0.9908
528 0.9908
529 0.9908
530 0.9904
531 0.9904
532 0.9904
533 0.99
534 0.9892
535 0.9892
536 0.9892
537 0.9887999999999999
538 0.9887999999999999
539 0.9887999999999999
540 0.9884
541 0.9884
542 0.9884
543 0.9887999999999999
544 0.9887999999999999
545 0.9891999999999999
546 0.9895999999999999
547 0.9895999999999999
548 0.9895999999999999
549 0.9895999999999999
550 0.9895999999999999
551 0.9887999999999999
552 0.9887999999999999
553 0.9887999999999999
554 0.9884
555 0.9884
556 0.9884
557 0.988
558 0.9872
559 0.9872
560 0.9872
561 0.9872
562 0.9876
563 0.9872
564 0.9872
565 0.9872
566 0.9872
567 0.9876
568 0.9872
569 0.9876
570 0.9876
571 0.9876
572 0.9876
573 0.9876
574 0.9876
575 0.9872
576 0.9872
577 0.9872
578 0.9872
579 0.9868000000000001
580 0.9868000000000001
581 0.9868000000000001
582 0.9868000000000001
583 0.9868000000000001
584 0.9868000000000001
585 0.9868000000000001
586 0.9868000000000001
587 0.9868000000000001
588 0.9872
589 0.9872
590 0.9875999999999999
591 0.988
592 0.9884000000000001
593 0.9888000000000001
594 0.9884000000000001
595 0.9888000000000001
596 0.9892
597 0.9892
598 0.9892
599 0.9892
600 0.9888000000000001
601 0.9888000000000001
602 0.9888000000000001
603 0.9888000000000001
604 0.9888000000000001
605 0.9884000000000001
606 0.9884000000000001
607 0.9884000000000001
608 0.9880000000000001
609 0.9876
610 0.9876
611 0.9876
612 0.9880000000000001
613 0.9880000000000001
614 0.9880000000000001
615 0.9884000000000002
616 0.9888000000000001
617 0.9888000000000001
618 0.9884000000000001
619 0.9880000000000001
620 0.988
621 0.9875999999999999
622 0.9875999999999999
623 0.9875999999999999
624 0.9867999999999999
625 0.9867999999999999
626 0.9863999999999998
627 0.9863999999999998
628 0.986
629 0.986
630 0.986
631 0.986
632 0.986
633 0.986
634 0.986
635 0.986
636 0.986
637 0.986
638 0.9864
639 0.9872
640 0.9872
641 0.9867999999999999
642 0.9872
643 0.988
644 0.9884
645 0.9884
646 0.9884
647 0.9884
648 0.9884
649 0.9884
650 0.9884
651 0.9884
652 0.988
653 0.988
654 0.988
655 0.988
656 0.988
657 0.988
658 0.988
659 0.988
660 0.988
661 0.9875999999999999
662 0.9875999999999999
663 0.9875999999999999
664 0.988
665 0.9884
666 0.9875999999999999
667 0.9875999999999999
668 0.9875999999999999
669 0.9871999999999999
670 0.9875999999999999
671 0.9875999999999999
672 0.9875999999999999
673 0.9875999999999999
674 0.9875999999999999
675 0.9875999999999999
676 0.9875999999999999
677 0.9875999999999999
678 0.9875999999999999
679 0.9875999999999999
680 0.9875999999999999
681 0.9871999999999999
682 0.9871999999999999
683 0.9863999999999998
684 0.9867999999999999
685 0.9875999999999999
686 0.9884000000000001
687 0.9887999999999999
688 0.9887999999999999
689 0.9887999999999999
690 0.9887999999999999
691 0.9884000000000001
692 0.9884000000000001
693 0.988
694 0.988
695 0.988
696 0.9872
697 0.9872
698 0.9872
699 0.9872
700 0.9872
701 0.9867999999999999
702 0.9867999999999999
703 0.9867999999999999
704 0.9867999999999999
705 0.9867999999999999
706 0.9867999999999999
707 0.9871999999999999
708 0.9871999999999999
709 0.9879999999999999
710 0.9871999999999999
711 0.9875999999999999
712 0.9879999999999999
713 0.9884
714 0.9887999999999998
715 0.9884
716 0.9884
717 0.9887999999999998
718 0.9884
719 0.9875999999999999
720 0.9871999999999999
721 0.9867999999999999
722 0.9867999999999999
723 0.9867999999999999
724 0.9863999999999998
725 0.9863999999999998
726 0.9863999999999998
727 0.9863999999999998
728 0.9863999999999998
729 0.9863999999999998
730 0.9867999999999998
731 0.9871999999999999
732 0.9875999999999998
733 0.9879999999999999
734 0.9879999999999999
735 0.9871999999999999
736 0.9871999999999999
737 0.9871999999999999
738 0.9863999999999998
739 0.9863999999999998
740 0.9863999999999998
741 0.986
742 0.9852
743 0.9852
744 0.9852
745 0.9848
746 0.9848
747 0.9848
748 0.9848
749 0.9848
750 0.9843999999999999
751 0.9843999999999999
752 0.9840000000000001
753 0.9840000000000001
754 0.9840000000000001
755 0.9843999999999999
756 0.9843999999999999
757 0.9843999999999999
758 0.9843999999999999
759 0.9843999999999999
760 0.9843999999999999
761 0.9843999999999999
762 0.9847999999999999
763 0.9847999999999999
764 0.9847999999999999
765 0.9847999999999999
766 0.9847999999999999
767 0.9847999999999999
768 0.9847999999999999
769 0.9843999999999999
770 0.9843999999999999
771 0.9843999999999999
772 0.9839999999999999
773 0.9835999999999998
774 0.9839999999999999
775 0.9839999999999999
776 0.9839999999999999
777 0.9839999999999999
778 0.9835999999999998
779 0.9835999999999998
780 0.9835999999999997
781 0.9835999999999998
782 0.9832
783 0.9832
784 0.9832
785 0.9832
786 0.9835999999999998
787 0.9843999999999998
788 0.9843999999999998
789 0.9843999999999998
790 0.9843999999999998
791 0.9843999999999998
792 0.9843999999999998
793 0.9839999999999998
794 0.9835999999999998
795 0.9835999999999998
796 0.9835999999999998
797 0.9831999999999997
798 0.9831999999999997
799 0.9827999999999999
800 0.9827999999999999
801 0.9831999999999997
802 0.9835999999999998
803 0.9835999999999998
804 0.9839999999999999
805 0.9855999999999999
806 0.9864
807 0.9867999999999999
808 0.9872
809 0.9872
810 0.9872
811 0.9872
812 0.9876
813 0.9876
814 0.9872000000000001
815 0.9868000000000001
816 0.9868000000000001
817 0.9864
818 0.9864
819 0.9860000000000001
820 0.9856
821 0.9856
822 0.9856
823 0.9856
824 0.9860000000000001
825 0.9860000000000001
826 0.9860000000000001
827 0.9856
828 0.9856
829 0.9848
830 0.9843999999999999
831 0.9848
832 0.9848
833 0.9848
834 0.9848
835 0.9848
836 0.9848
837 0.9844000000000002
838 0.9844000000000002
839 0.9840000000000001
840 0.9844000000000002
841 0.9844000000000002
842 0.9836
843 0.9832000000000001
844 0.9832000000000001
845 0.9832000000000001
846 0.9828
847 0.9828
848 0.982
849 0.9816000000000001
850 0.9816000000000001
851 0.982
852 0.9824
853 0.9832000000000001
854 0.9832000000000001
855 0.9823999999999999
856 0.9828
857 0.9828
858 0.9832
859 0.9835999999999998
860 0.9839999999999999
861 0.9839999999999999
862 0.9839999999999999
863 0.9839999999999999
864 0.9839999999999999
865 0.9839999999999999
866 0.9839999999999999
867 0.9839999999999999
868 0.9835999999999998
869 0.9835999999999998
870 0.9835999999999998
871 0.9835999999999998
872 0.9835999999999998
873 0.9835999999999998
874 0.9835999999999998
875 0.9843999999999998
876 0.9839999999999999
877 0.9843999999999998
878 0.9847999999999999
879 0.9847999999999999
880 0.9851999999999999
881 0.9855999999999999
882 0.9852
883 0.986
884 0.9863999999999998
885 0.986
886 0.986
887 0.9855999999999999
888 0.9855999999999999
889 0.9855999999999999
890 0.9852
891 0.9852
892 0.9852
893 0.9852
894 0.9852
895 0.9852
896 0.9852
897 0.9855999999999999
898 0.9855999999999999
899 0.9855999999999999
900 0.986
901 0.986
902 0.986
903 0.9863999999999998
904 0.9872
905 0.988
906 0.9884
907 0.9884
908 0.9884
909 0.988
910 0.988
911 0.988
912 0.988
913 0.9875999999999999
914 0.9875999999999999
915 0.9875999999999999
916 0.9875999999999999
917 0.9875999999999999
918 0.9872
919 0.9872
920 0.9872
921 0.9872
922 0.9872
923 0.9872
924 0.9876
925 0.988
926 0.988
927 0.9884000000000001
928 0.9884000000000001
929 0.9884000000000001
930 0.9887999999999999
931 0.9887999999999999
932 0.9884000000000001
933 0.9887999999999999
934 0.9887999999999999
935 0.9887999999999999
936 0.9892
937 0.9892
938 0.9892
939 0.9888000000000001
940 0.9888000000000001
941 0.9888000000000001
942 0.9888000000000001
943 0.9888000000000001
944 0.9888000000000001
945 0.9888000000000001
946 0.9884000000000001
947 0.9884000000000001
948 0.988
949 0.9884000000000001
950 0.9887999999999999
951 0.9892
952 0.99
953 0.99
954 0.99
955 0.99
956 0.99
957 0.9895999999999999
958 0.9895999999999999
959 0.9895999999999999
960 0.9895999999999999
961 0.9895999999999999
962 0.9891999999999999
963 0.9891999999999999
964 0.9891999999999999
965 0.9884
966 0.9884
967 0.9887999999999999
968 0.9887999999999999
969 0.9887999999999999
970 0.9887999999999999
971 0.9887999999999999
972 0.9887999999999999
973 0.9887999999999999
974 0.9887999999999999
975 0.9891999999999999
976 0.9891999999999999
977 0.9891999999999999
978 0.9899999999999999
979 0.9899999999999999
980 0.9899999999999999
981 0.9895999999999999
982 0.9895999999999999
983 0.9899999999999999
984 0.9899999999999999
985 0.9899999999999999
986 0.9899999999999999
987 0.9899999999999999
988 0.9899999999999999
989 0.9895999999999999
990 0.9895999999999999
991 0.9892
992 0.9892
993 0.9895999999999999
994 0.9895999999999999
995 0.99
996 0.9891999999999999
997 0.9895999999999999
998 0.9895999999999999
999 0.9899999999999999
1000 0.9899999999999999
1001 0.9915999999999999
1002 0.9911999999999999
1003 0.9911999999999999
1004 0.9911999999999999
1005 0.9911999999999999
1006 0.9911999999999999
1007 0.9908
1008 0.9908
1009 0.9908
1010 0.99
1011 0.99
1012 0.99
1013 0.9895999999999999
1014 0.9895999999999999
1015 0.9895999999999999
1016 0.9895999999999999
1017 0.9895999999999999
1018 0.9895999999999999
1019 0.9895999999999999
1020 0.99
1021 0.99
1022 0.99
1023 0.9904
1024 0.9904
1025 0.9904
1026 0.9904
1027 0.9908
1028 0.9904
1029 0.9904
1030 0.9904
1031 0.9908
1032 0.9912000000000001
1033 0.9912000000000001
1034 0.9912000000000001
1035 0.9912000000000001
1036 0.9912000000000001
1037 0.9912000000000001
1038 0.9912000000000001
1039 0.9912000000000001
1040 0.9912000000000001
1041 0.9912000000000001
1042 0.9912000000000001
1043 0.9912000000000001
1044 0.9911999999999999
1045 0.9911999999999999
1046 0.9911999999999999
1047 0.9915999999999998
1048 0.9915999999999998
1049 0.9915999999999998
1050 0.9915999999999998
1051 0.9919999999999999
1052 0.9919999999999999
1053 0.9919999999999999
1054 0.9915999999999998
1055 0.9915999999999998
1056 0.9915999999999998
1057 0.9911999999999999
1058 0.9911999999999999
1059 0.9911999999999999
1060 0.9911999999999999
1061 0.9911999999999999
1062 0.9911999999999999
1063 0.9907999999999998
1064 0.9907999999999998
1065 0.9899999999999999
1066 0.9899999999999999
1067 0.9895999999999999
1068 0.9895999999999999
1069 0.9887999999999999
1070 0.9887999999999999
1071 0.9891999999999999
1072 0.9895999999999999
1073 0.9895999999999999
1074 0.9895999999999999
1075 0.9895999999999999
1076 0.9891999999999999
1077 0.9891999999999999
1078 0.9891999999999999
1079 0.9891999999999999
1080 0.9891999999999999
1081 0.9891999999999999
1082 0.9891999999999999
1083 0.9891999999999999
1084 0.9887999999999999
1085 0.9884
1086 0.9884
1087 0.9884
1088 0.9887999999999998
1089 0.9887999999999998
1090 0.9887999999999999
1091 0.9887999999999999
1092 0.9887999999999999
1093 0.9891999999999999
1094 0.9904
1095 0.99
1096 0.9899999999999999
1097 0.9899999999999999
1098 0.9899999999999999
1099 0.9899999999999999
1100 0.9899999999999999
1101 0.9887999999999998
1102 0.9891999999999999
1103 0.9891999999999999
1104 0.9891999999999999
1105 0.9887999999999999
1106 0.9887999999999999
1107 0.9887999999999999
1108 0.9887999999999999
1109 0.9884
1110 0.9879999999999999
1111 0.9879999999999999
1112 0.9875999999999998
1113 0.9875999999999998
1114 0.9872
1115 0.9872
1116 0.988
1117 0.988
1118 0.988
1119 0.988
1120 0.988
1121 0.988
1122 0.988
1123 0.988
1124 0.988
1125 0.988
1126 0.988
1127 0.988
1128 0.9876
1129 0.9876
1130 0.9876
1131 0.9876
1132 0.9872
1133 0.9863999999999998
1134 0.9863999999999998
1135 0.9863999999999998
1136 0.9863999999999998
1137 0.9863999999999998
1138 0.986
1139 0.9864
1140 0.9868000000000001
1141 0.9867999999999998
1142 0.9872
1143 0.9872
1144 0.9876
1145 0.988
1146 0.988
1147 0.988
1148 0.988
1149 0.988
1150 0.988
1151 0.988
1152 0.988
1153 0.988
1154 0.9876
1155 0.9876
1156 0.9872
1157 0.9872
1158 0.9872
1159 0.9867999999999999
1160 0.9864
1161 0.9864
1162 0.9860000000000001
1163 0.986
1164 0.9863999999999998
1165 0.9867999999999998
1166 0.9867999999999998
1167 0.9872
1168 0.9875999999999999
1169 0.9872
1170 0.9867999999999999
1171 0.9863999999999998
1172 0.9867999999999999
1173 0.986
1174 0.986
1175 0.986
1176 0.986
1177 0.986
1178 0.986
1179 0.9852
1180 0.9847999999999999
1181 0.9843999999999998
1182 0.9843999999999998
1183 0.9843999999999998
1184 0.9843999999999998
1185 0.9843999999999998
1186 0.9843999999999998
1187 0.9843999999999998
1188 0.9843999999999998
1189 0.9843999999999998
1190 0.9832
1191 0.9827999999999999
1192 0.9827999999999999
1193 0.9827999999999997
1194 0.9827999999999997
1195 0.9827999999999997
1196 0.9831999999999997
1197 0.9831999999999997
1198 0.9827999999999997
1199 0.9827999999999997
1200 0.9827999999999997
1201 0.9827999999999997
1202 0.9823999999999998
1203 0.9823999999999998
1204 0.9823999999999998
1205 0.9823999999999998
1206 0.9823999999999998
1207 0.9823999999999998
1208 0.9823999999999998
1209 0.9823999999999998
1210 0.9827999999999999
1211 0.9819999999999998
1212 0.9823999999999998
1213 0.9831999999999997
1214 0.9831999999999997
1215 0.9839999999999999
1216 0.9847999999999998
1217 0.9847999999999998
1218 0.9851999999999999
1219 0.9851999999999999
1220 0.9847999999999998
1221 0.9847999999999998
1222 0.9847999999999998
1223 0.9847999999999998
1224 0.9851999999999999
1225 0.9843999999999998
1226 0.9843999999999998
1227 0.9843999999999998
1228 0.9843999999999998
1229 0.9843999999999998
1230 0.9843999999999998
1231 0.9843999999999998
1232 0.9839999999999998
1233 0.9839999999999998
1234 0.9839999999999998
1235 0.9839999999999998
1236 0.9839999999999998
1237 0.9843999999999998
1238 0.9843999999999998
1239 0.9847999999999999
1240 0.9847999999999999
1241 0.9847999999999999
1242 0.9851999999999999
1243 0.9847999999999999
1244 0.9851999999999999
1245 0.9851999999999999
1246 0.9851999999999999
1247 0.9851999999999999
1248 0.9851999999999999
1249 0.9847999999999998
1250 0.9847999999999998
1251 0.9843999999999998
1252 0.9843999999999998
1253 0.9843999999999998
1254 0.9839999999999998
1255 0.9835999999999998
1256 0.9823999999999998
1257 0.9819999999999999
1258 0.9811999999999999
1259 0.9811999999999999
1260 0.9811999999999999
1261 0.9815999999999998
1262 0.9819999999999999
1263 0.9819999999999999
1264 0.9819999999999999
1265 0.9827999999999999
1266 0.9823999999999998
1267 0.9823999999999998
1268 0.9823999999999998
1269 0.9823999999999998
1270 0.9823999999999998
1271 0.9823999999999998
1272 0.9823999999999998
1273 0.9823999999999998
1274 0.9823999999999998
1275 0.9819999999999999
1276 0.9815999999999998
1277 0.9815999999999998
1278 0.9815999999999998
1279 0.9815999999999998
1280 0.9811999999999997
1281 0.9811999999999997
1282 0.9811999999999997
1283 0.9811999999999999
1284 0.9815999999999998
1285 0.9815999999999998
1286 0.9807999999999999
1287 0.9807999999999999
1288 0.9815999999999998
1289 0.9815999999999998
1290 0.9815999999999998
1291 0.9811999999999997
1292 0.9807999999999999
1293 0.9807999999999999
1294 0.9807999999999999
1295 0.9803999999999998
1296 0.9803999999999998
1297 0.9803999999999998
1298 0.9803999999999998
1299 0.9803999999999998
1300 0.9803999999999998
1301 0.9795999999999998
1302 0.9791999999999998
1303 0.9791999999999998
1304 0.9787999999999998
1305 0.9783999999999999
1306 0.9779999999999999
1307 0.9775999999999999
1308 0.9775999999999998
1309 0.9779999999999999
1310 0.9795999999999998
1311 0.9799999999999999
1312 0.9791999999999998
1313 0.9791999999999998
1314 0.9795999999999998
1315 0.9795999999999998
1316 0.9799999999999999
1317 0.9799999999999999
1318 0.9799999999999999
1319 0.9799999999999999
1320 0.9799999999999999
1321 0.9799999999999999
1322 0.9799999999999999
1323 0.9799999999999999
1324 0.9799999999999999
1325 0.9799999999999999
1326 0.9799999999999999
1327 0.9799999999999999
1328 0.9799999999999999
1329 0.9799999999999999
1330 0.9803999999999998
1331 0.9807999999999999
1332 0.9815999999999999
1333 0.9819999999999999
1334 0.9828
1335 0.9839999999999999
1336 0.9847999999999999
1337 0.9847999999999999
1338 0.9855999999999999
1339 0.9855999999999999
1340 0.9855999999999999
1341 0.9855999999999999
1342 0.9855999999999999
1343 0.9859999999999998
1344 0.9859999999999998
1345 0.9859999999999998
1346 0.9855999999999999
1347 0.9855999999999999
1348 0.9855999999999999
1349 0.9847999999999999
1350 0.9843999999999999
1351 0.9843999999999999
1352 0.9843999999999999
1353 0.9839999999999999
1354 0.9852
1355 0.9852
1356 0.9855999999999999
1357 0.9859999999999998
1358 0.9855999999999997
1359 0.9855999999999999
1360 0.9851999999999999
1361 0.986
1362 0.986
1363 0.986
1364 0.986
1365 0.986
1366 0.986
1367 0.986
1368 0.9855999999999999
1369 0.9855999999999999
1370 0.9855999999999999
1371 0.9852
1372 0.9852
1373 0.9847999999999999
1374 0.9847999999999999
1375 0.9847999999999999
1376 0.9843999999999998
1377 0.9843999999999998
1378 0.9839999999999999
1379 0.9835999999999998
1380 0.9835999999999998
1381 0.9843999999999998
1382 0.9839999999999999
1383 0.9839999999999999
1384 0.9832
1385 0.9832
1386 0.9832
1387 0.9836
1388 0.9839999999999999
1389 0.9839999999999999
1390 0.9839999999999999
1391 0.9839999999999999
1392 0.9839999999999999
1393 0.9835999999999998
1394 0.9835999999999998
1395 0.9835999999999998
1396 0.9835999999999998
1397 0.9835999999999998
1398 0.9832
1399 0.9832
1400 0.9832
1401 0.9823999999999999
1402 0.9827999999999999
1403 0.9823999999999998
1404 0.9823999999999998
1405 0.9819999999999999
1406 0.9819999999999999
1407 0.9819999999999999
1408 0.9823999999999998
1409 0.9823999999999998
1410 0.9819999999999999
1411 0.9828
1412 0.9828
1413 0.9828
1414 0.9828
1415 0.9823999999999999
1416 0.9823999999999999
1417 0.9815999999999999
1418 0.9815999999999999
1419 0.9811999999999999
1420 0.9811999999999999
1421 0.9811999999999999
1422 0.9811999999999999
1423 0.9811999999999999
1424 0.9811999999999999
1425 0.9811999999999999
1426 0.9811999999999999
1427 0.9815999999999999
1428 0.9815999999999999
1429 0.9815999999999999
1430 0.9823999999999999
1431 0.9823999999999998
1432 0.9827999999999999
1433 0.9835999999999998
1434 0.9839999999999998
1435 0.9831999999999997
1436 0.9827999999999997
1437 0.9827999999999997
1438 0.9827999999999997
1439 0.9827999999999997
1440 0.9827999999999997
1441 0.9827999999999997
1442 0.9823999999999997
1443 0.9819999999999998
1444 0.9819999999999998
1445 0.9815999999999998
1446 0.9815999999999998
1447 0.9811999999999997
1448 0.9811999999999997
1449 0.9811999999999997
1450 0.9811999999999997
1451 0.9815999999999998
1452 0.9815999999999998
1453 0.9815999999999998
1454 0.9815999999999998
1455 0.9823999999999999
1456 0.9832
1457 0.9832
1458 0.9839999999999998
1459 0.9843999999999998
1460 0.9847999999999999
1461 0.9851999999999999
1462 0.9847999999999999
1463 0.9847999999999999
1464 0.9843999999999998
1465 0.9835999999999998
1466 0.9835999999999998
1467 0.9835999999999998
1468 0.9835999999999998
1469 0.9835999999999998
1470 0.9835999999999998
1471 0.9835999999999998
1472 0.9835999999999998
1473 0.9835999999999998
1474 0.9827999999999999
1475 0.9823999999999999
1476 0.9827999999999999
1477 0.9831999999999997
1478 0.9843999999999998
1479 0.9843999999999998
1480 0.9852
1481 0.9855999999999999
1482 0.9851999999999999
1483 0.9851999999999999
1484 0.9851999999999999
1485 0.9851999999999999
1486 0.9855999999999999
1487 0.9855999999999999
1488 0.9852
1489 0.9843999999999999
1490 0.9843999999999999
1491 0.9843999999999999
1492 0.9843999999999999
1493 0.9839999999999999
1494 0.9839999999999999
1495 0.9839999999999999
1496 0.9836
1497 0.9836
1498 0.9836
1499 0.9836
1500 0.9840000000000001
1501 0.9836
1502 0.9828000000000001
1503 0.9836000000000001
1504 0.9836
1505 0.9836
1506 0.9839999999999999
1507 0.9836
1508 0.9828
1509 0.9828
1510 0.9828
1511 0.9835999999999998
1512 0.9835999999999998
1513 0.9835999999999998
1514 0.9835999999999998
1515 0.9831999999999997
1516 0.9831999999999997
1517 0.9827999999999999
1518 0.9823999999999998
1519 0.9819999999999999
1520 0.9815999999999998
1521 0.9815999999999998
1522 0.9815999999999998
1523 0.9815999999999999
1524 0.9811999999999999
1525 0.9811999999999999
1526 0.9819999999999999
1527 0.9823999999999998
1528 0.9827999999999999
1529 0.9827999999999999
1530 0.9823999999999999
1531 0.9823999999999999
1532 0.9819999999999999
1533 0.9819999999999999
1534 0.9819999999999999
1535 0.9815999999999998
1536 0.9811999999999999
1537 0.9811999999999999
1538 0.9811999999999999
1539 0.9808
1540 0.9808
1541 0.9808
1542 0.9808
1543 0.9808
1544 0.9808
1545 0.9808
1546 0.9811999999999999
1547 0.9811999999999999
1548 0.9811999999999999
1549 0.9819999999999999
1550 0.9823999999999998
1551 0.9823999999999998
1552 0.9827999999999999
1553 0.9831999999999997
1554 0.9835999999999997
1555 0.9827999999999997
1556 0.9827999999999997
1557 0.9827999999999997
1558 0.9827999999999997
1559 0.9827999999999997
1560 0.9827999999999997
1561 0.9823999999999998
1562 0.9823999999999998
1563 0.9819999999999998
1564 0.9815999999999997
1565 0.9815999999999997
1566 0.9803999999999998
1567 0.9795999999999999
1568 0.9795999999999999
1569 0.9795999999999999
1570 0.9792000000000001
1571 0.9795999999999999
1572 0.9795999999999998
1573 0.9799999999999999
1574 0.9799999999999999
1575 0.9807999999999999
1576 0.9807999999999999
1577 0.9819999999999999
1578 0.9819999999999999
1579 0.9819999999999999
1580 0.9819999999999999
1581 0.9815999999999998
1582 0.9811999999999999
1583 0.9811999999999999
1584 0.9811999999999999
1585 0.9808
1586 0.9803999999999999
1587 0.9803999999999999
1588 0.9803999999999999
1589 0.9803999999999999
1590 0.9803999999999999
1591 0.9799999999999999
1592 0.9799999999999999
1593 0.9795999999999998
1594 0.9795999999999998
1595 0.9795999999999998
1596 0.9803999999999999
1597 0.9807999999999999
1598 0.9811999999999997
1599 0.9815999999999998
1600 0.9827999999999999
1601 0.9827999999999999
1602 0.9827999999999999
1603 0.9827999999999999
1604 0.9827999999999999
1605 0.9827999999999999
1606 0.9823999999999999
1607 0.9823999999999999
1608 0.9823999999999999
1609 0.9823999999999999
1610 0.9823999999999999
1611 0.9823999999999999
1612 0.9819999999999999
1613 0.9819999999999999
1614 0.9819999999999999
1615 0.9819999999999999
1616 0.9815999999999998
1617 0.9815999999999998
1618 0.9819999999999999
1619 0.9819999999999999
1620 0.9819999999999999
1621 0.9819999999999999
1622 0.9819999999999999
1623 0.9836
1624 0.9848
1625 0.9852
1626 0.9856
1627 0.9856
1628 0.9852000000000001
1629 0.9852000000000001
1630 0.9852000000000001
1631 0.9852000000000001
1632 0.9852000000000001
1633 0.9852000000000001
1634 0.9852000000000001
1635 0.9852000000000001
1636 0.9848
1637 0.9844000000000002
1638 0.9844000000000002
1639 0.9848000000000002
1640 0.9844000000000003
1641 0.9844000000000003
1642 0.9840000000000002
1643 0.9840000000000001
1644 0.9840000000000001
1645 0.9832000000000001
1646 0.9836000000000001
1647 0.9840000000000001
1648 0.9848
1649 0.9852000000000001
1650 0.9856000000000001
1651 0.9864
1652 0.9864
1653 0.9864
1654 0.9864
1655 0.9860000000000001
1656 0.9860000000000001
1657 0.9860000000000001
1658 0.9860000000000001
1659 0.9856
1660 0.9852000000000001
1661 0.9852000000000001
1662 0.9852000000000001
1663 0.9848
1664 0.9844000000000002
1665 0.9844000000000002
1666 0.9844000000000002
1667 0.9856
1668 0.9864
1669 0.986
1670 0.9868000000000001
1671 0.9872
1672 0.9875999999999999
1673 0.9875999999999999
1674 0.9867999999999999
1675 0.9867999999999999
1676 0.9867999999999999
1677 0.9867999999999999
1678 0.9867999999999999
1679 0.9867999999999999
1680 0.9867999999999999
1681 0.9864
1682 0.9864
1683 0.986
1684 0.986
1685 0.9855999999999999
1686 0.9855999999999999
1687 0.9855999999999999
1688 0.9855999999999999
1689 0.9855999999999999
1690 0.9855999999999999
1691 0.9855999999999999
1692 0.9855999999999999
1693 0.9855999999999999
1694 0.9856
1695 0.986
1696 0.986
1697 0.9852
1698 0.9855999999999999
1699 0.9847999999999999
1700 0.9847999999999999
1701 0.9843999999999999
1702 0.9843999999999999
1703 0.9836
1704 0.9836
1705 0.9836
1706 0.9836
1707 0.9836
1708 0.9836
1709 0.9836
1710 0.9836
1711 0.9836
1712 0.9836
1713 0.9836
1714 0.9836
1715 0.9832000000000001
1716 0.9832000000000001
1717 0.9832000000000001
1718 0.9832000000000001
1719 0.9832000000000001
1720 0.9828
1721 0.9832000000000001
1722 0.9836
1723 0.9836
1724 0.9832
1725 0.9832
1726 0.9832
1727 0.9832
1728 0.9828
1729 0.9828
1730 0.9828
1731 0.9823999999999999
1732 0.9819999999999999
1733 0.9815999999999998
1734 0.9815999999999998
1735 0.9815999999999998
1736 0.9811999999999999
1737 0.9811999999999999
1738 0.9811999999999999
1739 0.9808
1740 0.9815999999999998
1741 0.9815999999999998
1742 0.9819999999999998
1743 0.9819999999999998
1744 0.9815999999999998
1745 0.9819999999999999
1746 0.9823999999999998
1747 0.9823999999999998
1748 0.9823999999999998
1749 0.9827999999999999
1750 0.9827999999999999
1751 0.9827999999999999
1752 0.9827999999999999
1753 0.9827999999999999
1754 0.9827999999999999
1755 0.9823999999999998
1756 0.9819999999999999
1757 0.9819999999999999
1758 0.9819999999999999
1759 0.9819999999999999
1760 0.9823999999999998
1761 0.9819999999999998
1762 0.9819999999999998
1763 0.9815999999999997
1764 0.9815999999999997
1765 0.9819999999999998
1766 0.9819999999999998
1767 0.9827999999999997
1768 0.9832
1769 0.9835999999999998
1770 0.9839999999999999
1771 0.9839999999999999
1772 0.9843999999999998
1773 0.9839999999999999
1774 0.9835999999999998
1775 0.9835999999999998
1776 0.9835999999999998
1777 0.9835999999999998
1778 0.9835999999999998
1779 0.9835999999999998
1780 0.9835999999999998
1781 0.9832
1782 0.9832
1783 0.9832
1784 0.9832
1785 0.9832
1786 0.9832
1787 0.9832
1788 0.9832
1789 0.9835999999999998
1790 0.9835999999999998
1791 0.9839999999999998
1792 0.9843999999999998
1793 0.9847999999999998
1794 0.9851999999999999
1795 0.9851999999999999
1796 0.9851999999999999
1797 0.9851999999999999
1798 0.9851999999999999
1799 0.9851999999999999
1800 0.9851999999999999
1801 0.9851999999999999
1802 0.9847999999999998
1803 0.9839999999999998
1804 0.9835999999999997
1805 0.9835999999999997
1806 0.9835999999999997
1807 0.9835999999999997
1808 0.9835999999999996
1809 0.9835999999999996
1810 0.9831999999999996
1811 0.9831999999999996
1812 0.9831999999999996
1813 0.9827999999999996
1814 0.9835999999999997
1815 0.9839999999999998
1816 0.9839999999999998
1817 0.9847999999999998
1818 0.9851999999999999
1819 0.9855999999999999
1820 0.9855999999999999
1821 0.9855999999999999
1822 0.9852
1823 0.9852
1824 0.9852
1825 0.9847999999999999
1826 0.9847999999999999
1827 0.9847999999999999
1828 0.9847999999999999
1829 0.9847999999999999
1830 0.9847999999999999
1831 0.9847999999999999
1832 0.9847999999999999
1833 0.9839999999999999
1834 0.9839999999999999
1835 0.9839999999999999
1836 0.9839999999999999
1837 0.9839999999999999
1838 0.9851999999999999
1839 0.9855999999999999
1840 0.9859999999999998
1841 0.9879999999999999
1842 0.9887999999999998
1843 0.9887999999999998
1844 0.9887999999999998
1845 0.9887999999999998
1846 0.9887999999999998
1847 0.9884
1848 0.9884
1849 0.9884
1850 0.9884
1851 0.9884
1852 0.9884
1853 0.9879999999999999
1854 0.9879999999999999
1855 0.9879999999999999
1856 0.9879999999999999
1857 0.9879999999999999
1858 0.9879999999999999
1859 0.9875999999999999
1860 0.9879999999999999
1861 0.9879999999999999
1862 0.9879999999999999
1863 0.9867999999999999
1864 0.9867999999999999
1865 0.9875999999999999
1866 0.9875999999999999
1867 0.9875999999999999
1868 0.9875999999999999
1869 0.9871999999999999
1870 0.9867999999999998
1871 0.9867999999999998
1872 0.9867999999999998
1873 0.9867999999999998
1874 0.9867999999999998
1875 0.9867999999999998
1876 0.9863999999999998
1877 0.9863999999999998
1878 0.9863999999999998
1879 0.9863999999999998
1880 0.9863999999999998
1881 0.9863999999999998
1882 0.9863999999999998
1883 0.9867999999999999
1884 0.9863999999999998
1885 0.9867999999999998
1886 0.9867999999999998
1887 0.9875999999999998
1888 0.9875999999999998
1889 0.9871999999999999
1890 0.9875999999999998
1891 0.9875999999999998
1892 0.9871999999999999
1893 0.9859999999999998
1894 0.9859999999999998
1895 0.9859999999999998
1896 0.9859999999999998
1897 0.9859999999999998
1898 0.9859999999999998
1899 0.9851999999999999
1900 0.9847999999999998
1901 0.9847999999999998
1902 0.9847999999999998
1903 0.9847999999999999
1904 0.9847999999999999
1905 0.9847999999999999
1906 0.9847999999999999
1907 0.9852
1908 0.9851999999999999
1909 0.9855999999999999
1910 0.986
1911 0.986
1912 0.986
1913 0.9863999999999998
1914 0.9867999999999999
1915 0.9867999999999999
1916 0.9863999999999998
1917 0.9863999999999998
1918 0.9859999999999998
1919 0.9859999999999998
1920 0.9859999999999998
1921 0.9859999999999998
1922 0.9859999999999998
1923 0.9859999999999998
1924 0.9859999999999998
1925 0.9859999999999998
1926 0.9859999999999998
1927 0.9859999999999998
1928 0.9855999999999999
1929 0.9855999999999999
1930 0.986
1931 0.986
1932 0.9863999999999998
1933 0.9859999999999998
1934 0.9867999999999999
1935 0.9875999999999998
1936 0.9879999999999997
1937 0.9887999999999998
1938 0.9887999999999998
1939 0.9884
1940 0.9884
1941 0.9884
1942 0.9884
1943 0.9884
1944 0.9884
1945 0.9884
1946 0.9879999999999999
1947 0.9879999999999999
1948 0.9879999999999999
1949 0.9871999999999999
1950 0.9871999999999999
1951 0.9863999999999998
1952 0.9863999999999998
1953 0.9859999999999998
1954 0.9855999999999999
1955 0.9847999999999999
1956 0.9855999999999999
1957 0.9863999999999998
1958 0.9867999999999998
1959 0.9875999999999998
1960 0.9875999999999998
1961 0.9875999999999998
1962 0.9875999999999998
1963 0.9871999999999999
1964 0.9871999999999999
1965 0.9871999999999999
1966 0.9871999999999999
1967 0.9867999999999998
1968 0.9867999999999998
1969 0.9867999999999998
1970 0.9867999999999998
1971 0.9863999999999998
1972 0.9855999999999999
1973 0.9855999999999999
1974 0.9855999999999999
1975 0.9851999999999999
1976 0.9839999999999999
1977 0.9835999999999998
1978 0.9828
1979 0.982
1980 0.982
1981 0.9812000000000001
1982 0.9808
1983 0.9815999999999999
1984 0.9815999999999999
1985 0.982
1986 0.982
1987 0.982
1988 0.982
1989 0.982
1990 0.9816000000000001
1991 0.9816000000000001
1992 0.9816000000000001
1993 0.9816000000000001
1994 0.9816000000000001
1995 0.9816000000000001
1996 0.9816000000000001
1997 0.9816000000000001
1998 0.9816000000000001
1999 0.9812000000000001
