1 1.0
2 1.0
3 1.0
4 0.9995999999999999
5 0.9967999999999999
6 0.9960000000000001
7 0.9947999999999999
8 0.9915999999999998
9 0.9907999999999998
10 0.9899999999999999
11 0.9895999999999998
12 0.9879999999999999
13 0.9871999999999999
14 0.9859999999999998
15 0.9859999999999998
16 0.9851999999999999
17 0.9847999999999999
18 0.9847999999999999
19 0.9847999999999999
20 0.9843999999999998
21 0.9839999999999998
22 0.9835999999999998
23 0.9835999999999998
24 0.9831999999999997
25 0.9831999999999997
26 0.9827999999999997
27 0.9827999999999997
28 0.9823999999999998
29 0.9823999999999998
30 0.9811999999999997
31 0.9811999999999997
32 0.9807999999999999
33 0.9807999999999999
34 0.9807999999999999
35 0.9803999999999999
36 0.9803999999999999
37 0.9799999999999999
38 0.9795999999999998
39 0.9795999999999998
40 0.9787999999999998
41 0.9783999999999999
42 0.9779999999999999
43 0.9779999999999999
44 0.9775999999999999
45 0.9772
46 0.9772
47 0.9767999999999999
48 0.976
49 0.9755999999999999
50 0.9751999999999998
51 0.9751999999999998
52 0.9743999999999998
53 0.9743999999999998
54 0.9739999999999999
55 0.9739999999999999
56 0.9739999999999999
57 0.9739999999999999
58 0.9739999999999999
59 0.9735999999999998
60 0.9735999999999998
61 0.9735999999999998
62 0.9731999999999998
63 0.9731999999999998
64 0.9731999999999998
65 0.9731999999999998
66 0.9727999999999998
67 0.9727999999999998
68 0.9727999999999998
69 0.9727999999999998
70 0.9727999999999998
71 0.9727999999999998
72 0.9719999999999998
73 0.9703999999999999
74 0.9699999999999999
75 0.9699999999999999
76 0.9695999999999998
77 0.9687999999999998
78 0.9687999999999998
79 0.9687999999999998
80 0.9687999999999998
81 0.9687999999999998
82 0.9679999999999999
83 0.9679999999999999
84 0.9675999999999999
85 0.9667999999999999
86 0.9667999999999999
87 0.9664
88 0.9664
89 0.9651999999999998
90 0.9651999999999998
91 0.9651999999999998
92 0.9643999999999998
93 0.9643999999999998
94 0.9635999999999999
95 0.9632
96 0.9627999999999999
97 0.9619999999999999
98 0.9615999999999998
99 0.9611999999999997
100 0.9603999999999998
101 0.9599999999999999
102 0.9587999999999998
103 0.9583999999999999
104 0.9575999999999998
105 0.9571999999999998
106 0.9571999999999998
107 0.9571999999999998
108 0.9571999999999998
109 0.9567999999999999
110 0.9567999999999999
111 0.9567999999999999
112 0.9563999999999999
113 0.9563999999999999
114 0.9559999999999998
115 0.9559999999999998
116 0.9559999999999998
117 0.9551999999999998
118 0.9544
119 0.9531999999999999
120 0.9523999999999999
121 0.9519999999999998
122 0.9516
123 0.9516
124 0.9512
125 0.95
126 0.9488
127 0.9488
128 0.9488
129 0.948
130 0.948
131 0.9475999999999999
132 0.9475999999999999
133 0.9467999999999998
134 0.9467999999999998
135 0.9467999999999998
136 0.9467999999999998
137 0.9467999999999998
138 0.9455999999999998
139 0.9447999999999999
140 0.9447999999999999
141 0.9447999999999999
142 0.9447999999999999
143 0.9447999999999999
144 0.9447999999999999
145 0.9447999999999999
146 0.9447999999999999
147 0.944
148 0.9435999999999999
149 0.9431999999999999
150 0.9427999999999999
151 0.9419999999999998
152 0.9412
153 0.9408
154 0.9408
155 0.9403999999999999
156 0.9391999999999999
157 0.9391999999999999
158 0.9384
159 0.9384
160 0.9372
161 0.9372
162 0.9368
163 0.9368
164 0.9368
165 0.9368
166 0.9368
167 0.9368
168 0.9368
169 0.9364
170 0.9356
171 0.9356
172 0.9356
173 0.9351999999999999
174 0.9344000000000001
175 0.9344000000000001
176 0.934
177 0.9336000000000001
178 0.9336000000000001
179 0.9331999999999999
180 0.9331999999999999
181 0.9328
182 0.9323999999999999
183 0.9316
184 0.9316
185 0.9316
186 0.9316
187 0.9316
188 0.9307999999999998
189 0.9307999999999998
190 0.9307999999999998
191 0.9299999999999997
192 0.9295999999999998
193 0.9287999999999998
194 0.9283999999999999
195 0.9271999999999998
196 0.9268
197 0.9259999999999999
198 0.9251999999999998
199 0.9244
200 0.9239999999999999
201 0.9239999999999999
202 0.9239999999999999
203 0.9235999999999999
204 0.9227999999999998
205 0.9223999999999998
206 0.9223999999999998
207 0.9223999999999998
208 0.9223999999999998
209 0.9223999999999998
210 0.9219999999999999
211 0.9219999999999999
212 0.9215999999999999
213 0.9211999999999999
214 0.9207999999999998
215 0.9207999999999998
216 0.9207999999999998
217 0.9199999999999998
218 0.9199999999999998
219 0.9196
220 0.9191999999999999
221 0.9191999999999999
222 0.9191999999999999
223 0.9191999999999999
224 0.9183999999999999
225 0.9183999999999999
226 0.9179999999999999
227 0.9179999999999999
228 0.9175999999999999
229 0.9171999999999998
230 0.9168
231 0.9168
232 0.9163999999999999
233 0.9163999999999999
234 0.9155999999999997
235 0.9155999999999997
236 0.9155999999999997
237 0.9155999999999997
238 0.9151999999999998
239 0.9147999999999997
240 0.9147999999999997
241 0.9147999999999997
242 0.9147999999999997
243 0.9147999999999997
244 0.9147999999999997
245 0.9139999999999998
246 0.9135999999999999
247 0.9131999999999998
248 0.9123999999999998
249 0.9103999999999998
250 0.9099999999999998
251 0.9099999999999998
252 0.9099999999999998
253 0.9099999999999998
254 0.9091999999999999
255 0.9087999999999998
256 0.9071999999999999
257 0.9067999999999999
258 0.9059999999999999
259 0.9059999999999999
260 0.9055999999999998
261 0.9047999999999997
262 0.9035999999999998
263 0.9031999999999998
264 0.9019999999999997
265 0.9015999999999997
266 0.9015999999999997
267 0.9011999999999998
268 0.9007999999999997
269 0.9007999999999997
270 0.8991999999999998
271 0.8987999999999998
272 0.8987999999999998
273 0.8987999999999998
274 0.8987999999999998
275 0.8979999999999997
276 0.8975999999999997
277 0.8967999999999998
278 0.8959999999999998
279 0.8959999999999998
280 0.8955999999999997
281 0.8951999999999998
282 0.8951999999999998
283 0.8951999999999998
284 0.8951999999999998
285 0.8951999999999998
286 0.8939999999999998
287 0.8935999999999998
288 0.8927999999999998
289 0.8927999999999998
290 0.8927999999999998
291 0.8927999999999998
292 0.892
293 0.8916000000000001
294 0.8912
295 0.8912
296 0.8904000000000001
297 0.8900000000000001
298 0.8892
299 0.8887999999999999
300 0.8887999999999999
301 0.888
302 0.8872
303 0.8872
304 0.8867999999999999
305 0.8867999999999999
306 0.8863999999999999
307 0.8852
308 0.884
309 0.884
310 0.884
311 0.8836000000000002
312 0.8828000000000001
313 0.8828000000000001
314 0.8824000000000001
315 0.882
316 0.882
317 0.882
318 0.882
319 0.8816000000000002
320 0.8804000000000002
321 0.8800000000000003
322 0.8800000000000003
323 0.8796000000000003
324 0.8796000000000003
325 0.8788000000000001
326 0.8788000000000001
327 0.8784000000000001
328 0.8776
329 0.8772
330 0.8760000000000002
331 0.8760000000000002
332 0.8752000000000002
333 0.8752000000000002
334 0.8752000000000002
335 0.8752000000000002
336 0.8748000000000004
337 0.8744000000000003
338 0.8736000000000003
339 0.8728000000000001
340 0.8728000000000001
341 0.8728000000000001
342 0.8724000000000003
343 0.8724000000000003
344 0.8720000000000002
345 0.8716000000000003
346 0.8716000000000003
347 0.8712000000000002
348 0.8708000000000002
349 0.8708000000000002
350 0.8700000000000001
351 0.8696000000000003
352 0.8688000000000001
353 0.8688000000000001
354 0.8688000000000001
355 0.8688000000000001
356 0.8684000000000002
357 0.8684000000000002
358 0.8680000000000001
359 0.8672
360 0.8672
361 0.8672
362 0.8672
363 0.8668
364 0.8668
365 0.8664000000000002
366 0.8660000000000001
367 0.8656000000000001
368 0.8656000000000001
369 0.8648000000000002
370 0.8644000000000002
371 0.8644000000000002
372 0.8644000000000002
373 0.8636000000000001
374 0.8632000000000001
375 0.8628000000000001
376 0.8624
377 0.8624
378 0.862
379 0.8616000000000001
380 0.8616000000000001
381 0.8616000000000001
382 0.8604000000000002
383 0.8604000000000002
384 0.8600000000000001
385 0.8596000000000003
386 0.8588000000000001
387 0.8580000000000002
388 0.8568000000000002
389 0.8556000000000001
390 0.8552000000000001
391 0.8548
392 0.8543999999999999
393 0.8543999999999999
394 0.8532
395 0.8528
396 0.8512000000000001
397 0.8512000000000001
398 0.8508
399 0.8500000000000001
400 0.8500000000000001
401 0.8500000000000001
402 0.8500000000000001
403 0.8500000000000001
404 0.8496000000000001
405 0.8488000000000001
406 0.8484
407 0.8480000000000001
408 0.8476000000000002
409 0.8468000000000001
410 0.8468000000000001
411 0.8464000000000002
412 0.8464000000000002
413 0.8464000000000002
414 0.8460000000000001
415 0.8456000000000001
416 0.8452000000000001
417 0.8452000000000001
418 0.8452000000000001
419 0.8452000000000001
420 0.8448
421 0.8440000000000001
422 0.8436000000000001
423 0.8432000000000001
424 0.8432000000000001
425 0.8420000000000002
426 0.8420000000000002
427 0.8416000000000001
428 0.8408000000000001
429 0.8396000000000002
430 0.8392000000000003
431 0.8388000000000004
432 0.8384000000000004
433 0.8376000000000003
434 0.8372000000000003
435 0.8372000000000003
436 0.8368000000000002
437 0.8368000000000002
438 0.8364000000000003
439 0.8360000000000002
440 0.8356000000000003
441 0.8344000000000003
442 0.8340000000000003
443 0.8336000000000005
444 0.8332000000000004
445 0.8332000000000004
446 0.8332000000000004
447 0.8328000000000003
448 0.8324000000000004
449 0.8316000000000003
450 0.8312000000000005
451 0.8300000000000005
452 0.8292000000000006
453 0.8288000000000005
454 0.8288000000000005
455 0.8280000000000005
456 0.8276000000000004
457 0.8276000000000004
458 0.8268000000000005
459 0.8264000000000005
460 0.8264000000000005
461 0.8256000000000004
462 0.8252000000000004
463 0.8252000000000004
464 0.8244000000000004
465 0.8244000000000004
466 0.8236000000000004
467 0.8232000000000004
468 0.8216000000000002
469 0.8216000000000002
470 0.8208000000000003
471 0.8204000000000004
472 0.8204000000000004
473 0.8196000000000003
474 0.8192000000000003
475 0.8192000000000003
476 0.8180000000000003
477 0.8180000000000003
478 0.8180000000000003
479 0.8180000000000003
480 0.8172000000000001
481 0.8168000000000002
482 0.8164000000000001
483 0.8164000000000001
484 0.8160000000000003
485 0.8152000000000003
486 0.8144000000000002
487 0.8132000000000003
488 0.8128000000000003
489 0.8124000000000002
490 0.8120000000000003
491 0.8116000000000002
492 0.8108000000000003
493 0.8108000000000003
494 0.8100000000000003
495 0.8092000000000003
496 0.8084000000000003
497 0.8084000000000003
498 0.8084000000000003
499 0.8080000000000003
500 0.8072000000000003
501 0.8072000000000003
502 0.8072000000000003
503 0.8068000000000002
504 0.8064000000000003
505 0.8060000000000004
506 0.8056000000000003
507 0.8048000000000003
508 0.8036000000000003
509 0.8032000000000002
510 0.8028000000000003
511 0.8028000000000003
512 0.8028000000000003
513 0.8028000000000003
514 0.8024000000000002
515 0.8016000000000002
516 0.8012000000000001
517 0.8012000000000001
518 0.8012000000000001
519 0.8008000000000003
520 0.8008000000000003
521 0.8000000000000003
522 0.7992000000000004
523 0.7988000000000003
524 0.7988000000000003
525 0.7984000000000003
526 0.7976000000000003
527 0.7976000000000003
528 0.7976000000000003
529 0.7968000000000002
530 0.7968000000000002
531 0.7964000000000003
532 0.7960000000000003
533 0.7956000000000002
534 0.7944000000000001
535 0.7940000000000002
536 0.7936000000000001
537 0.7932000000000001
538 0.7928000000000002
539 0.7920000000000001
540 0.7916000000000001
541 0.7916000000000001
542 0.7912000000000002
543 0.7908000000000002
544 0.7908000000000002
545 0.7908000000000002
546 0.7904000000000001
547 0.79
548 0.7896000000000001
549 0.7888000000000001
550 0.7880000000000001
551 0.7880000000000001
552 0.7876000000000002
553 0.7868000000000002
554 0.7864000000000001
555 0.7860000000000003
556 0.7860000000000003
557 0.7856000000000002
558 0.7856000000000002
559 0.7844000000000001
560 0.784
561 0.784
562 0.7824
563 0.782
564 0.7807999999999999
565 0.7807999999999999
566 0.7807999999999999
567 0.7800000000000001
568 0.7800000000000001
569 0.7792000000000001
570 0.7792000000000001
571 0.7784
572 0.7776000000000001
573 0.7768
574 0.7764
575 0.7760000000000001
576 0.7760000000000001
577 0.7756000000000001
578 0.7756000000000001
579 0.7756000000000001
580 0.7744
581 0.7739999999999999
582 0.7739999999999999
583 0.7739999999999999
584 0.7739999999999999
585 0.7739999999999999
586 0.7731999999999999
587 0.7731999999999999
588 0.7723999999999998
589 0.7723999999999998
590 0.7719999999999999
591 0.7715999999999998
592 0.7707999999999998
593 0.7707999999999998
594 0.7707999999999998
595 0.7704
596 0.77
597 0.7696
598 0.7692
599 0.7692
600 0.7692
601 0.7687999999999999
602 0.768
603 0.7676000000000001
604 0.7676000000000001
605 0.7676000000000001
606 0.7672
607 0.7672
608 0.7667999999999999
609 0.7667999999999999
610 0.7660000000000001
611 0.7660000000000001
612 0.7660000000000001
613 0.7652000000000001
614 0.7648
615 0.764
616 0.764
617 0.764
618 0.7631999999999999
619 0.7628
620 0.7624
621 0.762
622 0.7615999999999999
623 0.7604000000000001
624 0.7604000000000001
625 0.7592
626 0.7588000000000001
627 0.7580000000000001
628 0.7580000000000001
629 0.7580000000000001
630 0.7576
631 0.7564000000000002
632 0.7564000000000002
633 0.7556
634 0.7556
635 0.7552000000000001
636 0.7548
637 0.7548
638 0.7544000000000001
639 0.754
640 0.754
641 0.7536000000000002
642 0.7532000000000001
643 0.7528000000000001
644 0.7524000000000001
645 0.7524000000000001
646 0.7515999999999999
647 0.7512000000000001
648 0.7512000000000001
649 0.7512000000000001
650 0.7512000000000001
651 0.7512000000000001
652 0.7508000000000001
653 0.7504000000000002
654 0.7500000000000001
655 0.7500000000000001
656 0.7492
657 0.7492
658 0.7492
659 0.7492
660 0.7492
661 0.7488000000000001
662 0.7484000000000001
663 0.7480000000000001
664 0.7468
665 0.7468
666 0.7460000000000001
667 0.7460000000000001
668 0.7456000000000002
669 0.7452000000000001
670 0.7452000000000001
671 0.7444
672 0.7444
673 0.7440000000000001
674 0.7440000000000001
675 0.7432
676 0.7428
677 0.7428
678 0.7428
679 0.7408
680 0.7408
681 0.7404
682 0.74
683 0.7395999999999999
684 0.7395999999999999
685 0.7391999999999999
686 0.7391999999999999
687 0.7391999999999999
688 0.7387999999999999
689 0.7387999999999999
690 0.738
691 0.7376
692 0.7376
693 0.736
694 0.7355999999999999
695 0.7352
696 0.7352
697 0.7352
698 0.7352
699 0.7347999999999999
700 0.7339999999999999
701 0.7327999999999999
702 0.7323999999999999
703 0.7323999999999999
704 0.7323999999999999
705 0.7315999999999999
706 0.7315999999999999
707 0.7303999999999999
708 0.73
709 0.7292000000000001
710 0.7292000000000001
711 0.7292000000000001
712 0.7288000000000001
713 0.7288000000000001
714 0.7280000000000001
715 0.7276
716 0.7272
717 0.7260000000000001
718 0.7256
719 0.7248
720 0.7248
721 0.7248
722 0.7244000000000002
723 0.7236000000000001
724 0.7236000000000001
725 0.7232000000000001
726 0.7232000000000001
727 0.7224
728 0.7212000000000001
729 0.7204
730 0.7204
731 0.7196000000000001
732 0.7192000000000001
733 0.7192000000000001
734 0.7192000000000001
735 0.7184000000000001
736 0.7180000000000001
737 0.7180000000000001
738 0.7176
739 0.7176
740 0.7176
741 0.7176
742 0.7176
743 0.7176
744 0.7176
745 0.7172000000000002
746 0.7168000000000001
747 0.7164000000000001
748 0.7164000000000001
749 0.7164000000000001
750 0.7164000000000001
751 0.7160000000000001
752 0.7160000000000001
753 0.7156
754 0.7156
755 0.7152
756 0.7143999999999999
757 0.7143999999999999
758 0.714
759 0.714
760 0.7136
761 0.7136
762 0.7136
763 0.7136
764 0.7132
765 0.7132
766 0.7128
767 0.7128
768 0.7123999999999999
769 0.7112
770 0.7112
771 0.7104
772 0.7096000000000001
773 0.7096000000000001
774 0.7096000000000001
775 0.7096000000000001
776 0.7092000000000002
777 0.7088000000000001
778 0.7084000000000001
779 0.7080000000000001
780 0.7080000000000001
781 0.7076
782 0.7068000000000002
783 0.7068000000000002
784 0.7064000000000001
785 0.7056000000000001
786 0.7052
787 0.7048000000000001
788 0.7044000000000001
789 0.7040000000000001
790 0.7036
791 0.7036
792 0.7028
793 0.7028
794 0.7028
795 0.7020000000000001
796 0.7016000000000001
797 0.7012
798 0.7008000000000001
799 0.7004
800 0.6996000000000001
801 0.6992
802 0.6984000000000001
803 0.6972000000000002
804 0.6968000000000002
805 0.6960000000000002
806 0.6952000000000002
807 0.6940000000000002
808 0.6940000000000002
809 0.6940000000000002
810 0.6936000000000001
811 0.6936000000000001
812 0.6932
813 0.6928
814 0.6920000000000001
815 0.6920000000000001
816 0.6912
817 0.6888
818 0.6875999999999999
819 0.6872
820 0.6864
821 0.6856
822 0.6848000000000001
823 0.6844
824 0.6844
825 0.6844
826 0.6839999999999999
827 0.6836
828 0.6828
829 0.6824000000000001
830 0.682
831 0.6816
832 0.6816
833 0.6803999999999999
834 0.6796
835 0.6792
836 0.6792
837 0.6792
838 0.6779999999999999
839 0.6779999999999999
840 0.6776000000000001
841 0.6776000000000001
842 0.6776000000000001
843 0.6776000000000001
844 0.6776000000000001
845 0.6764
846 0.676
847 0.676
848 0.676
849 0.6756
850 0.6744
851 0.6744
852 0.674
853 0.6736
854 0.6731999999999999
855 0.6731999999999999
856 0.6731999999999999
857 0.6724
858 0.6716
859 0.6716
860 0.6711999999999999
861 0.6703999999999999
862 0.67
863 0.6696
864 0.6692
865 0.6692
866 0.6692
867 0.6684
868 0.6676000000000001
869 0.6676000000000001
870 0.6672000000000001
871 0.6668000000000001
872 0.6668000000000001
873 0.6664
874 0.6664
875 0.6664
876 0.6664
877 0.6652000000000001
878 0.6648000000000001
879 0.6648000000000001
880 0.6648000000000001
881 0.6648000000000001
882 0.664
883 0.664
884 0.664
885 0.6632000000000001
886 0.6624
887 0.6616
888 0.6616
889 0.6616
890 0.6612
891 0.6603999999999999
892 0.6603999999999999
893 0.66
894 0.66
895 0.66
896 0.66
897 0.66
898 0.66
899 0.6592
900 0.6592
901 0.6587999999999999
902 0.6579999999999999
903 0.6564
904 0.6559999999999999
905 0.6556000000000001
906 0.6556000000000001
907 0.6552
908 0.6552
909 0.6552
910 0.6552
911 0.6552
912 0.6548
913 0.6548
914 0.6544
915 0.6539999999999999
916 0.6524
917 0.652
918 0.6516
919 0.6516
920 0.6512
921 0.6512
922 0.6512
923 0.6512
924 0.6512
925 0.6507999999999999
926 0.6507999999999999
927 0.6503999999999999
928 0.65
929 0.65
930 0.65
931 0.6496
932 0.6496
933 0.6487999999999999
934 0.6483999999999999
935 0.648
936 0.648
937 0.648
938 0.6476
939 0.6476
940 0.6472
941 0.6464
942 0.6464
943 0.6448
944 0.6444
945 0.644
946 0.644
947 0.6436
948 0.6436
949 0.6436
950 0.6431999999999999
951 0.6428
952 0.6428
953 0.642
954 0.642
955 0.642
956 0.6412
957 0.6412
958 0.6412
959 0.6412
960 0.6408
961 0.6404000000000001
962 0.6404000000000001
963 0.64
964 0.6396000000000001
965 0.6392000000000001
966 0.6384000000000001
967 0.6384000000000001
968 0.6376000000000001
969 0.6376000000000001
970 0.6364000000000001
971 0.6364000000000001
972 0.6360000000000001
973 0.6356
974 0.6356
975 0.6356
976 0.6348
977 0.634
978 0.634
979 0.634
980 0.634
981 0.6336
982 0.6332000000000001
983 0.6328
984 0.6328
985 0.6324000000000001
986 0.6304000000000001
987 0.6304000000000001
988 0.6304000000000001
989 0.6304000000000001
990 0.6304000000000001
991 0.6296
992 0.6296
993 0.6296
994 0.6292
995 0.6288
996 0.6284000000000001
997 0.628
998 0.6276
999 0.6272000000000001
1000 0.6264
1001 0.6259999999999999
1002 0.6259999999999999
1003 0.6252
1004 0.6252
1005 0.6248
1006 0.6244
1007 0.6236
1008 0.6224000000000001
1009 0.6216
1010 0.6212000000000001
1011 0.6200000000000001
1012 0.6200000000000001
1013 0.6188
1014 0.618
1015 0.6176
1016 0.6172000000000001
1017 0.6172000000000001
1018 0.6168
1019 0.6164000000000001
1020 0.6164000000000001
1021 0.6164000000000001
1022 0.6164000000000001
1023 0.6160000000000001
1024 0.6160000000000001
1025 0.6160000000000001
1026 0.6160000000000001
1027 0.6152000000000001
1028 0.6144000000000002
1029 0.6144000000000002
1030 0.6140000000000001
1031 0.6140000000000001
1032 0.6136000000000001
1033 0.6132000000000002
1034 0.6132000000000002
1035 0.6128000000000001
1036 0.6124000000000002
1037 0.6116000000000001
1038 0.6108000000000001
1039 0.6104000000000002
1040 0.6100000000000001
1041 0.6100000000000001
1042 0.6092000000000001
1043 0.6088000000000001
1044 0.6088000000000001
1045 0.6084
1046 0.6076000000000001
1047 0.6068000000000001
1048 0.6064000000000002
1049 0.6060000000000002
1050 0.6052000000000002
1051 0.6044000000000002
1052 0.6040000000000002
1053 0.6040000000000002
1054 0.6040000000000002
1055 0.6036000000000002
1056 0.6036000000000002
1057 0.6032000000000002
1058 0.6032000000000002
1059 0.6028000000000001
1060 0.6028000000000001
1061 0.6024
1062 0.6024
1063 0.6016000000000001
1064 0.6016000000000001
1065 0.6012000000000001
1066 0.6004000000000002
1067 0.6004000000000002
1068 0.6000000000000001
1069 0.5992000000000002
1070 0.5992000000000002
1071 0.5988000000000002
1072 0.5988000000000002
1073 0.5988000000000002
1074 0.5988000000000002
1075 0.5988000000000002
1076 0.5984000000000002
1077 0.5980000000000002
1078 0.5972000000000002
1079 0.5972000000000002
1080 0.5968000000000001
1081 0.5968000000000001
1082 0.5960000000000001
1083 0.5952000000000001
1084 0.5952000000000001
1085 0.5952000000000001
1086 0.5952000000000001
1087 0.5948000000000001
1088 0.5948000000000001
1089 0.5944
1090 0.5940000000000001
1091 0.5928000000000001
1092 0.5928000000000001
1093 0.5920000000000001
1094 0.5916000000000001
1095 0.5916000000000001
1096 0.5908000000000001
1097 0.5900000000000001
1098 0.5896000000000001
1099 0.5888000000000001
1100 0.5884000000000001
1101 0.5880000000000001
1102 0.5872
1103 0.5864
1104 0.5864
1105 0.586
1106 0.586
1107 0.5856
1108 0.5852
1109 0.5852
1110 0.5852
1111 0.5848
1112 0.5848
1113 0.5836000000000001
1114 0.5832
1115 0.5832
1116 0.5824000000000001
1117 0.5820000000000001
1118 0.5820000000000001
1119 0.5820000000000001
1120 0.5820000000000001
1121 0.5816000000000001
1122 0.5812000000000002
1123 0.5812000000000002
1124 0.5808000000000001
1125 0.5808000000000001
1126 0.5804000000000001
1127 0.5800000000000002
1128 0.5800000000000002
1129 0.5796000000000001
1130 0.5796000000000001
1131 0.5796000000000001
1132 0.5796000000000001
1133 0.5796000000000001
1134 0.5796000000000001
1135 0.5796000000000001
1136 0.5796000000000001
1137 0.5796000000000001
1138 0.5792000000000002
1139 0.5788000000000002
1140 0.5788000000000002
1141 0.5788000000000002
1142 0.5784000000000001
1143 0.5780000000000002
1144 0.5776000000000002
1145 0.5776000000000002
1146 0.5776000000000002
1147 0.5776000000000002
1148 0.5772000000000002
1149 0.5772000000000002
1150 0.5772000000000002
1151 0.5772000000000002
1152 0.5768000000000001
1153 0.5768000000000001
1154 0.5768000000000001
1155 0.5764000000000001
1156 0.5764000000000001
1157 0.5756
1158 0.5756
1159 0.5748
1160 0.5748
1161 0.5748
1162 0.5748
1163 0.5748
1164 0.5748
1165 0.5744
1166 0.574
1167 0.574
1168 0.5732
1169 0.5732
1170 0.5732
1171 0.5732
1172 0.5723999999999999
1173 0.572
1174 0.572
1175 0.5716
1176 0.5716
1177 0.5708
1178 0.57
1179 0.5696
1180 0.5692
1181 0.5692
1182 0.5692
1183 0.5692
1184 0.5692
1185 0.5692
1186 0.5692
1187 0.5688
1188 0.5684
1189 0.5672
1190 0.5668
1191 0.5668
1192 0.5668
1193 0.5663999999999999
1194 0.5656
1195 0.5656
1196 0.5651999999999999
1197 0.5648
1198 0.5644
1199 0.5635999999999999
1200 0.5631999999999998
1201 0.5623999999999999
1202 0.5623999999999999
1203 0.5623999999999999
1204 0.5619999999999998
1205 0.5611999999999999
1206 0.5611999999999999
1207 0.5608
1208 0.5603999999999999
1209 0.5603999999999999
1210 0.5599999999999999
1211 0.5599999999999999
1212 0.5599999999999999
1213 0.5596
1214 0.5588
1215 0.5584
1216 0.5579999999999999
1217 0.5576
1218 0.5576
1219 0.5576
1220 0.5576
1221 0.5572
1222 0.5572
1223 0.5572
1224 0.5564
1225 0.556
1226 0.5556
1227 0.5551999999999999
1228 0.5551999999999999
1229 0.5551999999999999
1230 0.5548
1231 0.5544
1232 0.5536
1233 0.5532
1234 0.5528
1235 0.5528
1236 0.5524
1237 0.552
1238 0.552
1239 0.5516000000000001
1240 0.5516000000000001
1241 0.5508000000000001
1242 0.5504
1243 0.5504
1244 0.5504
1245 0.5504
1246 0.55
1247 0.5496
1248 0.5496
1249 0.5492
1250 0.5492
1251 0.5484
1252 0.5484
1253 0.5484
1254 0.5484
1255 0.5484
1256 0.5476
1257 0.5476
1258 0.5476
1259 0.5476
1260 0.5472
1261 0.5464
1262 0.5464
1263 0.546
1264 0.546
1265 0.5452
1266 0.5452
1267 0.5452
1268 0.544
1269 0.5432000000000001
1270 0.5428000000000001
1271 0.5428000000000001
1272 0.5428000000000001
1273 0.5424000000000001
1274 0.5424000000000001
1275 0.5420000000000001
1276 0.5420000000000001
1277 0.5408000000000002
1278 0.5408000000000002
1279 0.5408000000000002
1280 0.5408000000000002
1281 0.5404000000000001
1282 0.54
1283 0.5392
1284 0.5388000000000001
1285 0.538
1286 0.5372
1287 0.5364
1288 0.5364
1289 0.5359999999999999
1290 0.5356
1291 0.5352
1292 0.534
1293 0.534
1294 0.534
1295 0.534
1296 0.5332
1297 0.5328
1298 0.5328
1299 0.5328
1300 0.5328
1301 0.5328
1302 0.5328
1303 0.5328
1304 0.5328
1305 0.5324
1306 0.5324
1307 0.532
1308 0.5312
1309 0.5307999999999999
1310 0.5303999999999999
1311 0.5303999999999999
1312 0.5303999999999999
1313 0.5303999999999999
1314 0.5299999999999999
1315 0.5299999999999999
1316 0.5299999999999999
1317 0.5299999999999999
1318 0.5299999999999999
1319 0.5296
1320 0.5291999999999999
1321 0.528
1322 0.5276
1323 0.5276
1324 0.5276
1325 0.5271999999999999
1326 0.5267999999999999
1327 0.5267999999999999
1328 0.5264
1329 0.5264
1330 0.5264
1331 0.5264
1332 0.5264
1333 0.5259999999999999
1334 0.5259999999999999
1335 0.5256
1336 0.5247999999999999
1337 0.5247999999999999
1338 0.5244
1339 0.524
1340 0.524
1341 0.524
1342 0.5232
1343 0.5228
1344 0.5224
1345 0.5224
1346 0.522
1347 0.522
1348 0.522
1349 0.522
1350 0.522
1351 0.5216000000000001
1352 0.5212
1353 0.5208
1354 0.5204000000000001
1355 0.5204000000000001
1356 0.5204000000000001
1357 0.5196
1358 0.5192
1359 0.5192
1360 0.5192
1361 0.5187999999999999
1362 0.518
1363 0.5176
1364 0.5176
1365 0.5176
1366 0.5172
1367 0.5172
1368 0.5168
1369 0.5168
1370 0.5164
1371 0.5164
1372 0.5164
1373 0.5164
1374 0.5164
1375 0.516
1376 0.516
1377 0.5156
1378 0.5156
1379 0.5156
1380 0.5152
1381 0.5147999999999999
1382 0.5139999999999999
1383 0.5139999999999999
1384 0.5139999999999999
1385 0.5139999999999999
1386 0.5139999999999999
1387 0.5131999999999999
1388 0.5131999999999999
1389 0.5127999999999999
1390 0.5124
1391 0.5124
1392 0.512
1393 0.512
1394 0.5112
1395 0.5112
1396 0.5112
1397 0.5112
1398 0.5108
1399 0.51
1400 0.51
1401 0.51
1402 0.5096
1403 0.5092
1404 0.5092
1405 0.5084
1406 0.5067999999999999
1407 0.5059999999999999
1408 0.5059999999999999
1409 0.5052
1410 0.5047999999999999
1411 0.5047999999999999
1412 0.5047999999999999
1413 0.5044
1414 0.5044
1415 0.5036
1416 0.5036
1417 0.5032
1418 0.5028
1419 0.5024000000000001
1420 0.5024000000000001
1421 0.5016
1422 0.5012000000000001
1423 0.5012000000000001
1424 0.5012000000000001
1425 0.5012000000000001
1426 0.5004
1427 0.5004
1428 0.5004
1429 0.5004
1430 0.5
1431 0.49879999999999997
1432 0.49839999999999995
1433 0.49839999999999995
1434 0.4976
1435 0.4972
1436 0.4968
1437 0.4968
1438 0.4964
1439 0.496
1440 0.496
1441 0.49560000000000004
1442 0.49560000000000004
1443 0.49560000000000004
1444 0.49520000000000003
1445 0.49520000000000003
1446 0.49520000000000003
1447 0.49520000000000003
1448 0.49520000000000003
1449 0.4948
1450 0.4948
1451 0.4948
1452 0.4948
1453 0.49439999999999995
1454 0.49439999999999995
1455 0.49439999999999995
1456 0.49439999999999995
1457 0.494
1458 0.4936
1459 0.4936
1460 0.4932
1461 0.4932
1462 0.4932
1463 0.4928
1464 0.49200000000000005
1465 0.49200000000000005
1466 0.49200000000000005
1467 0.49200000000000005
1468 0.49200000000000005
1469 0.49200000000000005
1470 0.49200000000000005
1471 0.49160000000000004
1472 0.4912
1473 0.49079999999999996
1474 0.49079999999999996
1475 0.49079999999999996
1476 0.4904
1477 0.4904
1478 0.49
1479 0.48960000000000004
1480 0.48960000000000004
1481 0.4892
1482 0.4892
1483 0.4888
1484 0.4888
1485 0.4888
1486 0.48840000000000006
1487 0.48840000000000006
1488 0.48800000000000004
1489 0.48800000000000004
1490 0.4876
1491 0.48719999999999997
1492 0.48719999999999997
1493 0.4868
1494 0.4864
1495 0.4864
1496 0.4864
1497 0.486
1498 0.48560000000000003
1499 0.48480000000000006
1500 0.48480000000000006
1501 0.48480000000000006
1502 0.48480000000000006
1503 0.4844
1504 0.4844
1505 0.4844
1506 0.4844
1507 0.484
1508 0.4836
1509 0.4836
1510 0.4836
1511 0.4836
1512 0.4836
1513 0.4836
1514 0.4828
1515 0.4824
1516 0.48200000000000004
1517 0.48120000000000007
1518 0.48080000000000006
1519 0.4800000000000001
1520 0.4796000000000001
1521 0.47920000000000007
1522 0.4788000000000001
1523 0.4788000000000001
1524 0.4788000000000001
1525 0.4780000000000001
1526 0.47760000000000014
1527 0.47720000000000007
1528 0.47720000000000007
1529 0.47720000000000007
1530 0.47720000000000007
1531 0.47680000000000006
1532 0.4764000000000001
1533 0.4764000000000001
1534 0.4764000000000001
1535 0.4756000000000001
1536 0.4756000000000001
1537 0.4748000000000001
1538 0.47400000000000014
1539 0.4736000000000001
1540 0.47320000000000007
1541 0.47320000000000007
1542 0.47320000000000007
1543 0.47320000000000007
1544 0.47320000000000007
1545 0.47320000000000007
1546 0.47320000000000007
1547 0.47320000000000007
1548 0.4728000000000001
1549 0.4728000000000001
1550 0.4724000000000001
1551 0.4720000000000001
1552 0.4720000000000001
1553 0.47160000000000013
1554 0.47160000000000013
1555 0.47160000000000013
1556 0.4708000000000001
1557 0.4708000000000001
1558 0.4708000000000001
1559 0.4708000000000001
1560 0.47040000000000015
1561 0.47040000000000015
1562 0.47040000000000015
1563 0.4700000000000001
1564 0.46920000000000006
1565 0.4688000000000001
1566 0.4688000000000001
1567 0.4688000000000001
1568 0.4688000000000001
1569 0.4688000000000001
1570 0.4688000000000001
1571 0.4688000000000001
1572 0.4688000000000001
1573 0.4684000000000001
1574 0.46800000000000014
1575 0.4672000000000001
1576 0.4672000000000001
1577 0.4672000000000001
1578 0.46640000000000015
1579 0.46640000000000015
1580 0.46600000000000014
1581 0.4656000000000002
1582 0.4656000000000002
1583 0.4656000000000002
1584 0.46520000000000017
1585 0.46480000000000016
1586 0.4644000000000002
1587 0.46400000000000013
1588 0.46400000000000013
1589 0.46400000000000013
1590 0.46400000000000013
1591 0.46400000000000013
1592 0.46400000000000013
1593 0.4636000000000001
1594 0.4636000000000001
1595 0.46320000000000017
1596 0.46320000000000017
1597 0.46320000000000017
1598 0.4628000000000001
1599 0.4628000000000001
1600 0.4624000000000001
1601 0.4624000000000001
1602 0.4624000000000001
1603 0.4620000000000001
1604 0.4616000000000001
1605 0.4616000000000001
1606 0.4616000000000001
1607 0.4616000000000001
1608 0.4612000000000001
1609 0.4608000000000001
1610 0.46040000000000014
1611 0.46040000000000014
1612 0.4600000000000001
1613 0.45880000000000004
1614 0.45880000000000004
1615 0.45840000000000003
1616 0.45840000000000003
1617 0.45840000000000003
1618 0.45840000000000003
1619 0.458
1620 0.45760000000000006
1621 0.4572
1622 0.4572
1623 0.4568
1624 0.4568
1625 0.4568
1626 0.4568
1627 0.45640000000000003
1628 0.45640000000000003
1629 0.45640000000000003
1630 0.45640000000000003
1631 0.45640000000000003
1632 0.456
1633 0.4556
1634 0.4556
1635 0.4556
1636 0.4548
1637 0.4548
1638 0.4548
1639 0.4548
1640 0.4548
1641 0.4548
1642 0.4548
1643 0.4543999999999999
1644 0.4543999999999999
1645 0.4543999999999999
1646 0.45399999999999996
1647 0.4536
1648 0.4536
1649 0.4532
1650 0.4532
1651 0.45280000000000004
1652 0.45280000000000004
1653 0.45280000000000004
1654 0.45280000000000004
1655 0.45280000000000004
1656 0.452
1657 0.452
1658 0.452
1659 0.452
1660 0.45160000000000006
1661 0.4508
1662 0.45039999999999997
1663 0.45
1664 0.44880000000000003
1665 0.44880000000000003
1666 0.4484
1667 0.4484
1668 0.44800000000000006
1669 0.44800000000000006
1670 0.44800000000000006
1671 0.44800000000000006
1672 0.44800000000000006
1673 0.44760000000000005
1674 0.44720000000000004
1675 0.44720000000000004
1676 0.44720000000000004
1677 0.44720000000000004
1678 0.4468000000000001
1679 0.4468000000000001
1680 0.4468000000000001
1681 0.4468000000000001
1682 0.4468000000000001
1683 0.4468000000000001
1684 0.4468000000000001
1685 0.4464000000000001
1686 0.44600000000000006
1687 0.44600000000000006
1688 0.4456000000000001
1689 0.4452000000000001
1690 0.4452000000000001
1691 0.4448000000000001
1692 0.4448000000000001
1693 0.44400000000000006
1694 0.44400000000000006
1695 0.44400000000000006
1696 0.44400000000000006
1697 0.44400000000000006
1698 0.44400000000000006
1699 0.4436
1700 0.4432
1701 0.4432
1702 0.4432
1703 0.4428
1704 0.4428
1705 0.4428
1706 0.4424
1707 0.4424
1708 0.442
1709 0.44120000000000004
1710 0.4408000000000001
1711 0.4408000000000001
1712 0.44040000000000007
1713 0.44040000000000007
1714 0.44040000000000007
1715 0.44040000000000007
1716 0.44040000000000007
1717 0.44040000000000007
1718 0.44040000000000007
1719 0.44040000000000007
1720 0.4392000000000001
1721 0.4392000000000001
1722 0.4392000000000001
1723 0.4388000000000001
1724 0.4388000000000001
1725 0.4388000000000001
1726 0.4388000000000001
1727 0.4388000000000001
1728 0.4388000000000001
1729 0.43800000000000006
1730 0.43800000000000006
1731 0.43800000000000006
1732 0.43760000000000004
1733 0.4368000000000001
1734 0.4360000000000001
1735 0.4360000000000001
1736 0.4360000000000001
1737 0.4356000000000001
1738 0.4352000000000001
1739 0.4352000000000001
1740 0.4352000000000001
1741 0.4352000000000001
1742 0.4352000000000001
1743 0.4352000000000001
1744 0.4344000000000001
1745 0.4344000000000001
1746 0.4344000000000001
1747 0.4340000000000001
1748 0.4340000000000001
1749 0.4340000000000001
1750 0.4340000000000001
1751 0.4340000000000001
1752 0.4340000000000001
1753 0.4340000000000001
1754 0.4340000000000001
1755 0.4340000000000001
1756 0.4340000000000001
1757 0.4340000000000001
1758 0.4340000000000001
1759 0.43360000000000015
1760 0.43360000000000015
1761 0.43360000000000015
1762 0.43360000000000015
1763 0.43360000000000015
1764 0.4332000000000001
1765 0.4332000000000001
1766 0.4332000000000001
1767 0.4332000000000001
1768 0.4328000000000001
1769 0.4328000000000001
1770 0.4324000000000001
1771 0.4324000000000001
1772 0.4324000000000001
1773 0.4320000000000001
1774 0.4320000000000001
1775 0.4320000000000001
1776 0.4320000000000001
1777 0.4320000000000001
1778 0.4316000000000001
1779 0.4316000000000001
1780 0.4316000000000001
1781 0.4316000000000001
1782 0.43120000000000014
1783 0.43120000000000014
1784 0.43120000000000014
1785 0.43120000000000014
1786 0.43120000000000014
1787 0.43080000000000007
1788 0.43040000000000006
1789 0.43040000000000006
1790 0.43
1791 0.4296
1792 0.4296
1793 0.4296
1794 0.4296
1795 0.4288
1796 0.42840000000000006
1797 0.42800000000000005
1798 0.42800000000000005
1799 0.4276
1800 0.4276
1801 0.4276
1802 0.42719999999999997
1803 0.42719999999999997
1804 0.42719999999999997
1805 0.4268
1806 0.4264
1807 0.4264
1808 0.426
1809 0.42560000000000003
1810 0.42560000000000003
1811 0.42560000000000003
1812 0.42519999999999997
1813 0.42519999999999997
1814 0.42479999999999996
1815 0.42479999999999996
1816 0.42479999999999996
1817 0.42479999999999996
1818 0.4244
1819 0.4244
1820 0.4244
1821 0.4244
1822 0.4244
1823 0.4244
1824 0.4244
1825 0.424
1826 0.4236
1827 0.4236
1828 0.4236
1829 0.4232
1830 0.4232
1831 0.4228
1832 0.4228
1833 0.4228
1834 0.4224
1835 0.4224
1836 0.4224
1837 0.4224
1838 0.4224
1839 0.4224
1840 0.4224
1841 0.4224
1842 0.4224
1843 0.4224
1844 0.4224
1845 0.4224
1846 0.42160000000000003
1847 0.42160000000000003
1848 0.4212
1849 0.4212
1850 0.4212
1851 0.4212
1852 0.42080000000000006
1853 0.42080000000000006
1854 0.42080000000000006
1855 0.4200000000000001
1856 0.4200000000000001
1857 0.4196000000000001
1858 0.4196000000000001
1859 0.4196000000000001
1860 0.4196000000000001
1861 0.4196000000000001
1862 0.4196000000000001
1863 0.4196000000000001
1864 0.4196000000000001
1865 0.4196000000000001
1866 0.41840000000000005
1867 0.41840000000000005
1868 0.41840000000000005
1869 0.41800000000000004
1870 0.4176
1871 0.4176
1872 0.4176
1873 0.4176
1874 0.4176
1875 0.4168
1876 0.41600000000000004
1877 0.4152
1878 0.4152
1879 0.41480000000000006
1880 0.41480000000000006
1881 0.41480000000000006
1882 0.41480000000000006
1883 0.41440000000000005
1884 0.41440000000000005
1885 0.41440000000000005
1886 0.41440000000000005
1887 0.41400000000000003
1888 0.41400000000000003
1889 0.41400000000000003
1890 0.41400000000000003
1891 0.4132
1892 0.4132
1893 0.4132
1894 0.4132
1895 0.4132
1896 0.4128
1897 0.41240000000000004
1898 0.41240000000000004
1899 0.41200000000000003
1900 0.4116
1901 0.41120000000000007
1902 0.41120000000000007
1903 0.41120000000000007
1904 0.41120000000000007
1905 0.41080000000000005
1906 0.41080000000000005
1907 0.4100000000000001
1908 0.4096000000000001
1909 0.40920000000000006
1910 0.40920000000000006
1911 0.40920000000000006
1912 0.40920000000000006
1913 0.40920000000000006
1914 0.40920000000000006
1915 0.4088000000000001
1916 0.4088000000000001
1917 0.4088000000000001
1918 0.4088000000000001
1919 0.4088000000000001
1920 0.4088000000000001
1921 0.4088000000000001
1922 0.4088000000000001
1923 0.4088000000000001
1924 0.4088000000000001
1925 0.4088000000000001
1926 0.4088000000000001
1927 0.40800000000000003
1928 0.40800000000000003
1929 0.4076000000000001
1930 0.4076000000000001
1931 0.40720000000000006
1932 0.40720000000000006
1933 0.4068
1934 0.4068
1935 0.4068
1936 0.4068
1937 0.4068
1938 0.4064
1939 0.406
1940 0.40559999999999996
1941 0.4048
1942 0.40399999999999997
1943 0.40399999999999997
1944 0.4036
1945 0.4036
1946 0.4036
1947 0.4036
1948 0.4032
1949 0.4032
1950 0.4028
1951 0.4028
1952 0.4028
1953 0.4028
1954 0.40240000000000004
1955 0.40240000000000004
1956 0.40240000000000004
1957 0.402
1958 0.402
1959 0.4016
1960 0.4016
1961 0.40120000000000006
1962 0.40120000000000006
1963 0.40120000000000006
1964 0.40120000000000006
1965 0.4004000000000001
1966 0.4004000000000001
1967 0.4004000000000001
1968 0.4004000000000001
1969 0.4004000000000001
1970 0.4
1971 0.4
1972 0.4
1973 0.4
1974 0.4
1975 0.39959999999999996
1976 0.39919999999999994
1977 0.39919999999999994
1978 0.39919999999999994
1979 0.39919999999999994
1980 0.39879999999999993
1981 0.39879999999999993
1982 0.39879999999999993
1983 0.39879999999999993
1984 0.3984
1985 0.39799999999999996
1986 0.39799999999999996
1987 0.39799999999999996
1988 0.3972
1989 0.3972
1990 0.3972
1991 0.3972
1992 0.3972
1993 0.39679999999999993
1994 0.3963999999999999
1995 0.39599999999999996
1996 0.39559999999999995
1997 0.39559999999999995
1998 0.39559999999999995
1999 0.39559999999999995
