1 1.0
2 1.0
3 1.0
4 0.998
5 0.9947999999999998
6 0.9891999999999999
7 0.9879999999999999
8 0.9843999999999997
9 0.9807999999999999
10 0.9783999999999997
11 0.9743999999999997
12 0.9695999999999998
13 0.9651999999999998
14 0.9595999999999997
15 0.9547999999999996
16 0.9499999999999998
17 0.9479999999999998
18 0.9444
19 0.9411999999999999
20 0.9391999999999999
21 0.9352000000000001
22 0.9319999999999999
23 0.9279999999999999
24 0.9244
25 0.9204000000000001
26 0.9164000000000003
27 0.9124000000000001
28 0.9100000000000003
29 0.9060000000000002
30 0.9024000000000001
31 0.9012
32 0.8964000000000002
33 0.8940000000000003
34 0.8908000000000003
35 0.8876000000000002
36 0.8840000000000002
37 0.8824000000000001
38 0.8784000000000002
39 0.8752000000000001
40 0.8720000000000002
41 0.8688000000000002
42 0.8656000000000001
43 0.8604000000000002
44 0.8564000000000003
45 0.8536000000000001
46 0.8492000000000002
47 0.8464000000000002
48 0.8428000000000001
49 0.8364000000000001
50 0.8340000000000001
51 0.8312000000000002
52 0.8268000000000001
53 0.8236000000000001
54 0.8200000000000002
55 0.8172000000000001
56 0.8132000000000003
57 0.8100000000000002
58 0.8072000000000001
59 0.8032000000000002
60 0.7984
61 0.7944000000000001
62 0.7912
63 0.7879999999999999
64 0.7856000000000001
65 0.784
66 0.7796000000000002
67 0.7756000000000001
68 0.7712000000000002
69 0.7668
70 0.7636
71 0.7612000000000001
72 0.7587999999999999
73 0.7555999999999998
74 0.752
75 0.7483999999999998
76 0.7447999999999999
77 0.7424
78 0.7407999999999998
79 0.7372
80 0.7344000000000002
81 0.7324
82 0.7308000000000001
83 0.7292000000000001
84 0.7256
85 0.7224
86 0.7204
87 0.7184
88 0.7156
89 0.7143999999999999
90 0.7132
91 0.71
92 0.7088000000000001
93 0.7076
94 0.7048000000000001
95 0.7024000000000001
96 0.6980000000000001
97 0.6968000000000001
98 0.6924000000000002
99 0.6884
100 0.6864
101 0.686
102 0.6828
103 0.6804000000000001
104 0.6768000000000001
105 0.6736000000000001
106 0.6708000000000002
107 0.6684000000000002
108 0.6640000000000001
109 0.6596000000000002
110 0.6576000000000002
111 0.6548000000000002
112 0.6528000000000002
113 0.6496000000000002
114 0.6476000000000002
115 0.6460000000000002
116 0.6428000000000001
117 0.6408
118 0.6384000000000001
119 0.6368
120 0.6340000000000001
121 0.632
122 0.6296
123 0.6268
124 0.6224
125 0.6207999999999999
126 0.6168
127 0.6148
128 0.612
129 0.6116
130 0.6088
131 0.608
132 0.6027999999999998
133 0.6019999999999999
134 0.5987999999999999
135 0.5967999999999998
136 0.5931999999999998
137 0.5907999999999998
138 0.5887999999999998
139 0.5839999999999997
140 0.5823999999999998
141 0.5815999999999998
142 0.5795999999999999
143 0.5771999999999999
144 0.5755999999999999
145 0.574
146 0.5716
147 0.5684
148 0.5676
149 0.5664
150 0.562
151 0.5608000000000001
152 0.5596000000000001
153 0.5592000000000001
154 0.5556
155 0.5524
156 0.5504000000000001
157 0.5484
158 0.5448
159 0.5423999999999999
160 0.5415999999999999
161 0.5388
162 0.5379999999999999
163 0.5356
164 0.5324
165 0.5312
166 0.5299999999999999
167 0.5287999999999999
168 0.5284
169 0.5264
170 0.5223999999999999
171 0.5199999999999999
172 0.5192
173 0.5164
174 0.5148
175 0.512
176 0.5091999999999998
177 0.5083999999999999
178 0.5063999999999997
179 0.5043999999999998
180 0.5015999999999997
181 0.5003999999999997
182 0.49839999999999984
183 0.4975999999999998
184 0.49639999999999995
185 0.49519999999999986
186 0.49399999999999994
187 0.49199999999999994
188 0.4911999999999999
189 0.48999999999999994
190 0.48879999999999996
191 0.4875999999999999
192 0.48639999999999994
193 0.48599999999999993
194 0.48479999999999995
195 0.4808
196 0.4796
197 0.47839999999999994
198 0.4772
199 0.4764
200 0.4764
201 0.47600000000000003
202 0.4752000000000001
203 0.47400000000000014
204 0.47240000000000015
205 0.47240000000000015
206 0.47040000000000015
207 0.4688000000000001
208 0.46720000000000006
209 0.4652000000000001
210 0.46440000000000015
211 0.46320000000000006
212 0.4628000000000001
213 0.4624000000000001
214 0.4608000000000001
215 0.46000000000000013
216 0.46000000000000013
217 0.4596000000000002
218 0.4584000000000002
219 0.45680000000000015
220 0.45440000000000014
221 0.45240000000000014
222 0.4520000000000001
223 0.4504000000000001
224 0.45000000000000007
225 0.4492000000000001
226 0.4476000000000001
227 0.44720000000000015
228 0.44600000000000006
229 0.4456000000000001
230 0.4456000000000001
231 0.4452000000000001
232 0.4428000000000001
233 0.4428000000000001
234 0.4420000000000001
235 0.44080000000000014
236 0.44040000000000007
237 0.44040000000000007
238 0.4396000000000001
239 0.4392000000000001
240 0.4384
241 0.4364
242 0.43560000000000004
243 0.43520000000000003
244 0.43360000000000004
245 0.4328000000000001
246 0.4320000000000001
247 0.43160000000000004
248 0.4292000000000001
249 0.42800000000000005
250 0.4272000000000001
251 0.42680000000000007
252 0.42640000000000006
253 0.42560000000000003
254 0.4252
255 0.4236000000000001
256 0.4236000000000001
257 0.4232000000000001
258 0.4224000000000001
259 0.42120000000000013
260 0.42000000000000015
261 0.41880000000000017
262 0.41880000000000017
263 0.4180000000000001
264 0.41760000000000014
265 0.41640000000000016
266 0.4156000000000002
267 0.4152000000000002
268 0.4136000000000001
269 0.41280000000000006
270 0.4120000000000001
271 0.4120000000000001
272 0.41160000000000013
273 0.4108000000000001
274 0.4108000000000001
275 0.4100000000000001
276 0.4100000000000001
277 0.4100000000000001
278 0.4096000000000001
279 0.40920000000000006
280 0.4084000000000001
281 0.4084000000000001
282 0.4076000000000001
283 0.4064000000000001
284 0.4060000000000001
285 0.40480000000000005
286 0.4040000000000001
287 0.40360000000000007
288 0.4024000000000001
289 0.4024000000000001
290 0.4016
291 0.40120000000000006
292 0.4004000000000001
293 0.39960000000000007
294 0.39960000000000007
295 0.3988000000000001
296 0.3976000000000001
297 0.3956000000000001
298 0.3952000000000001
299 0.39320000000000016
300 0.3904000000000002
301 0.39000000000000024
302 0.3896000000000002
303 0.3896000000000002
304 0.38880000000000026
305 0.38840000000000025
306 0.38800000000000023
307 0.38800000000000023
308 0.38760000000000017
309 0.3872000000000002
310 0.3868000000000002
311 0.38640000000000013
312 0.38560000000000016
313 0.3848000000000001
314 0.3840000000000001
315 0.3824000000000002
316 0.3812000000000001
317 0.38080000000000014
318 0.38040000000000007
319 0.38000000000000006
320 0.3784000000000001
321 0.3784000000000001
322 0.3780000000000001
323 0.37720000000000004
324 0.3768000000000001
325 0.3756000000000001
326 0.37480000000000013
327 0.3744000000000001
328 0.3744000000000001
329 0.3744000000000001
330 0.3724000000000002
331 0.37200000000000016
332 0.37160000000000015
333 0.3712000000000002
334 0.3708000000000002
335 0.37040000000000023
336 0.37040000000000023
337 0.3696000000000002
338 0.36920000000000025
339 0.3688000000000002
340 0.3672000000000002
341 0.3672000000000002
342 0.3664000000000002
343 0.3664000000000002
344 0.3660000000000002
345 0.36560000000000026
346 0.36560000000000026
347 0.36520000000000025
348 0.36520000000000025
349 0.3648000000000002
350 0.3640000000000001
351 0.36360000000000015
352 0.36280000000000007
353 0.3616000000000001
354 0.3612
355 0.36
356 0.3588
357 0.3576
358 0.35719999999999996
359 0.3568
360 0.3559999999999999
361 0.35479999999999995
362 0.35479999999999995
363 0.3544
364 0.3532
365 0.352
366 0.35159999999999997
367 0.35119999999999996
368 0.35119999999999996
369 0.3508
370 0.3508
371 0.35
372 0.3492
373 0.34800000000000003
374 0.34800000000000003
375 0.34759999999999996
376 0.34759999999999996
377 0.3472
378 0.3468
379 0.3464
380 0.34600000000000003
381 0.34600000000000003
382 0.34519999999999995
383 0.3447999999999999
384 0.3439999999999999
385 0.34319999999999995
386 0.34279999999999994
387 0.3423999999999999
388 0.34199999999999997
389 0.34199999999999997
390 0.3415999999999999
391 0.3411999999999999
392 0.3411999999999999
393 0.3411999999999999
394 0.3399999999999999
395 0.33919999999999995
396 0.33879999999999993
397 0.33799999999999997
398 0.3363999999999999
399 0.3363999999999999
400 0.33599999999999997
401 0.3348
402 0.3344
403 0.3344
404 0.3344
405 0.33399999999999996
406 0.33279999999999993
407 0.3324
408 0.33159999999999995
409 0.33159999999999995
410 0.33159999999999995
411 0.33159999999999995
412 0.3311999999999999
413 0.3307999999999999
414 0.3303999999999999
415 0.3299999999999999
416 0.32959999999999995
417 0.32959999999999995
418 0.32959999999999995
419 0.32959999999999995
420 0.32919999999999994
421 0.32919999999999994
422 0.3288
423 0.3288
424 0.32799999999999996
425 0.3276
426 0.3276
427 0.3268
428 0.326
429 0.326
430 0.32520000000000004
431 0.3248
432 0.32439999999999997
433 0.3232
434 0.3224
435 0.3224
436 0.3224
437 0.322
438 0.322
439 0.32160000000000005
440 0.32120000000000004
441 0.32
442 0.32
443 0.32
444 0.32
445 0.3188
446 0.3188
447 0.3188
448 0.3184
449 0.31799999999999995
450 0.3176
451 0.3176
452 0.3176
453 0.3172
454 0.3172
455 0.31679999999999997
456 0.3164
457 0.3164
458 0.31560000000000005
459 0.3152
460 0.31479999999999997
461 0.31439999999999996
462 0.31439999999999996
463 0.31439999999999996
464 0.31439999999999996
465 0.31359999999999993
466 0.3132
467 0.3132
468 0.31279999999999997
469 0.3124
470 0.3124
471 0.3124
472 0.3124
473 0.3116
474 0.3112
475 0.3112
476 0.3112
477 0.3112
478 0.31079999999999997
479 0.31039999999999995
480 0.31039999999999995
481 0.31039999999999995
482 0.31039999999999995
483 0.31039999999999995
484 0.31039999999999995
485 0.30999999999999994
486 0.30999999999999994
487 0.30959999999999993
488 0.30959999999999993
489 0.30879999999999996
490 0.30879999999999996
491 0.30879999999999996
492 0.30799999999999994
493 0.30759999999999993
494 0.3067999999999999
495 0.30639999999999995
496 0.30639999999999995
497 0.30599999999999994
498 0.30599999999999994
499 0.30599999999999994
500 0.30599999999999994
501 0.30599999999999994
502 0.3055999999999999
503 0.30479999999999996
504 0.30439999999999995
505 0.30439999999999995
506 0.30399999999999994
507 0.30399999999999994
508 0.3035999999999999
509 0.3031999999999999
510 0.3019999999999999
511 0.3019999999999999
512 0.30159999999999987
513 0.30159999999999987
514 0.3011999999999999
515 0.3011999999999999
516 0.3003999999999999
517 0.3003999999999999
518 0.3003999999999999
519 0.2999999999999999
520 0.2999999999999999
521 0.2999999999999999
522 0.2999999999999999
523 0.2995999999999999
524 0.2995999999999999
525 0.2995999999999999
526 0.2983999999999999
527 0.2979999999999999
528 0.2971999999999999
529 0.29679999999999995
530 0.29679999999999995
531 0.29679999999999995
532 0.2963999999999999
533 0.29599999999999993
534 0.29599999999999993
535 0.29479999999999995
536 0.29439999999999994
537 0.29439999999999994
538 0.29439999999999994
539 0.29439999999999994
540 0.29399999999999993
541 0.29399999999999993
542 0.2935999999999999
543 0.2935999999999999
544 0.2935999999999999
545 0.2931999999999999
546 0.2931999999999999
547 0.2931999999999999
548 0.2927999999999999
549 0.2927999999999999
550 0.29239999999999994
551 0.29239999999999994
552 0.29239999999999994
553 0.2919999999999999
554 0.2919999999999999
555 0.2915999999999999
556 0.2915999999999999
557 0.2915999999999999
558 0.29119999999999996
559 0.29079999999999995
560 0.29079999999999995
561 0.29079999999999995
562 0.29079999999999995
563 0.29079999999999995
564 0.29079999999999995
565 0.29079999999999995
566 0.29079999999999995
567 0.29039999999999994
568 0.29039999999999994
569 0.29039999999999994
570 0.29
571 0.29
572 0.29
573 0.2895999999999999
574 0.2895999999999999
575 0.2895999999999999
576 0.2895999999999999
577 0.2895999999999999
578 0.28919999999999996
579 0.28879999999999995
580 0.2884
581 0.28759999999999997
582 0.28759999999999997
583 0.2872
584 0.2872
585 0.28679999999999994
586 0.28679999999999994
587 0.286
588 0.286
589 0.286
590 0.286
591 0.28519999999999995
592 0.28519999999999995
593 0.2844
594 0.284
595 0.284
596 0.284
597 0.284
598 0.284
599 0.284
600 0.284
601 0.28359999999999996
602 0.28359999999999996
603 0.28359999999999996
604 0.28359999999999996
605 0.28319999999999995
606 0.2828
607 0.2828
608 0.2824
609 0.282
610 0.282
611 0.282
612 0.282
613 0.282
614 0.282
615 0.282
616 0.282
617 0.2816
618 0.2816
619 0.2816
620 0.2816
621 0.2816
622 0.2812
623 0.2812
624 0.2812
625 0.2812
626 0.2812
627 0.2808
628 0.2808
629 0.2808
630 0.2808
631 0.28040000000000004
632 0.28040000000000004
633 0.28040000000000004
634 0.28040000000000004
635 0.28
636 0.2796
637 0.2796
638 0.2788
639 0.2788
640 0.2788
641 0.2788
642 0.2788
643 0.2784
644 0.2784
645 0.278
646 0.278
647 0.278
648 0.278
649 0.278
650 0.278
651 0.278
652 0.27759999999999996
653 0.2772
654 0.2772
655 0.2764
656 0.2764
657 0.2764
658 0.27599999999999997
659 0.27599999999999997
660 0.27599999999999997
661 0.27599999999999997
662 0.27599999999999997
663 0.27599999999999997
664 0.2756
665 0.2756
666 0.2756
667 0.2756
668 0.2756
669 0.27519999999999994
670 0.27519999999999994
671 0.27519999999999994
672 0.27519999999999994
673 0.2748
674 0.2743999999999999
675 0.27399999999999997
676 0.2735999999999999
677 0.2735999999999999
678 0.27319999999999994
679 0.27319999999999994
680 0.27319999999999994
681 0.27279999999999993
682 0.27279999999999993
683 0.27279999999999993
684 0.27279999999999993
685 0.2724
686 0.2724
687 0.2724
688 0.2724
689 0.2724
690 0.2724
691 0.2724
692 0.2724
693 0.27199999999999996
694 0.27119999999999994
695 0.27119999999999994
696 0.27079999999999993
697 0.27079999999999993
698 0.27079999999999993
699 0.2699999999999999
700 0.26959999999999995
701 0.26959999999999995
702 0.26959999999999995
703 0.26919999999999994
704 0.26919999999999994
705 0.26919999999999994
706 0.26919999999999994
707 0.26919999999999994
708 0.26919999999999994
709 0.26919999999999994
710 0.26919999999999994
711 0.26919999999999994
712 0.26919999999999994
713 0.26919999999999994
714 0.26919999999999994
715 0.26879999999999993
716 0.26839999999999997
717 0.26839999999999997
718 0.26839999999999997
719 0.26799999999999996
720 0.26759999999999995
721 0.26759999999999995
722 0.26759999999999995
723 0.26759999999999995
724 0.26759999999999995
725 0.26719999999999994
726 0.26719999999999994
727 0.26719999999999994
728 0.26719999999999994
729 0.26719999999999994
730 0.2668
731 0.2668
732 0.2668
733 0.26639999999999997
734 0.26599999999999996
735 0.26599999999999996
736 0.26599999999999996
737 0.26599999999999996
738 0.26599999999999996
739 0.26599999999999996
740 0.26599999999999996
741 0.26599999999999996
742 0.26599999999999996
743 0.26599999999999996
744 0.26599999999999996
745 0.26599999999999996
746 0.26599999999999996
747 0.26599999999999996
748 0.2656
749 0.26519999999999994
750 0.26519999999999994
751 0.26519999999999994
752 0.2648
753 0.26439999999999997
754 0.26439999999999997
755 0.26439999999999997
756 0.26439999999999997
757 0.26439999999999997
758 0.26439999999999997
759 0.26439999999999997
760 0.26439999999999997
761 0.26439999999999997
762 0.26439999999999997
763 0.26399999999999996
764 0.26359999999999995
765 0.26359999999999995
766 0.26359999999999995
767 0.26359999999999995
768 0.26359999999999995
769 0.26359999999999995
770 0.26359999999999995
771 0.2628
772 0.2628
773 0.2628
774 0.2628
775 0.2628
776 0.2628
777 0.2628
778 0.2628
779 0.2628
780 0.2628
781 0.2628
782 0.26239999999999997
783 0.26239999999999997
784 0.26239999999999997
785 0.26239999999999997
786 0.26239999999999997
787 0.26239999999999997
788 0.26239999999999997
789 0.26239999999999997
790 0.26239999999999997
791 0.26239999999999997
792 0.262
793 0.262
794 0.262
795 0.262
796 0.26159999999999994
797 0.2612
798 0.2612
799 0.2612
800 0.2608
801 0.2608
802 0.26039999999999996
803 0.26039999999999996
804 0.26
805 0.26
806 0.25920000000000004
807 0.25920000000000004
808 0.2588
809 0.2588
810 0.2588
811 0.2588
812 0.2588
813 0.25839999999999996
814 0.25799999999999995
815 0.25799999999999995
816 0.25799999999999995
817 0.25799999999999995
818 0.25799999999999995
819 0.25799999999999995
820 0.25799999999999995
821 0.25799999999999995
822 0.25799999999999995
823 0.25799999999999995
824 0.25759999999999994
825 0.25759999999999994
826 0.25759999999999994
827 0.25759999999999994
828 0.25759999999999994
829 0.25639999999999996
830 0.25639999999999996
831 0.25639999999999996
832 0.25639999999999996
833 0.25639999999999996
834 0.256
835 0.256
836 0.256
837 0.256
838 0.256
839 0.256
840 0.256
841 0.256
842 0.256
843 0.2552
844 0.2552
845 0.2548
846 0.2548
847 0.2544
848 0.254
849 0.254
850 0.254
851 0.254
852 0.254
853 0.25320000000000004
854 0.25320000000000004
855 0.25320000000000004
856 0.25320000000000004
857 0.2528
858 0.2528
859 0.2528
860 0.2528
861 0.2528
862 0.2528
863 0.2528
864 0.2524
865 0.2524
866 0.252
867 0.252
868 0.252
869 0.252
870 0.252
871 0.252
872 0.252
873 0.2516
874 0.2516
875 0.2516
876 0.2516
877 0.2516
878 0.2516
879 0.2516
880 0.2516
881 0.2516
882 0.25120000000000003
883 0.25120000000000003
884 0.25120000000000003
885 0.25120000000000003
886 0.25120000000000003
887 0.25120000000000003
888 0.25120000000000003
889 0.25120000000000003
890 0.2508
891 0.2508
892 0.2504
893 0.2504
894 0.2504
895 0.25
896 0.25
897 0.24960000000000002
898 0.24960000000000002
899 0.24960000000000002
900 0.24960000000000002
901 0.24960000000000002
902 0.2492
903 0.2492
904 0.2492
905 0.24880000000000002
906 0.24840000000000004
907 0.24840000000000004
908 0.24840000000000004
909 0.24840000000000004
910 0.24840000000000004
911 0.24840000000000004
912 0.248
913 0.248
914 0.248
915 0.248
916 0.248
917 0.24760000000000001
918 0.24760000000000001
919 0.24760000000000001
920 0.24760000000000001
921 0.24760000000000001
922 0.24719999999999998
923 0.24719999999999998
924 0.24719999999999998
925 0.2468
926 0.2468
927 0.2468
928 0.2468
929 0.2468
930 0.2468
931 0.2468
932 0.2468
933 0.2468
934 0.2468
935 0.2468
936 0.2468
937 0.2468
938 0.2468
939 0.2464
940 0.2464
941 0.2464
942 0.2464
943 0.2464
944 0.2464
945 0.2464
946 0.24600000000000002
947 0.24600000000000002
948 0.24600000000000002
949 0.24600000000000002
950 0.24600000000000002
951 0.24600000000000002
952 0.2456
953 0.2456
954 0.2456
955 0.2456
956 0.2456
957 0.2456
958 0.2456
959 0.2456
960 0.2456
961 0.2456
962 0.2456
963 0.2456
964 0.2456
965 0.2452
966 0.2452
967 0.24480000000000002
968 0.24480000000000002
969 0.24480000000000002
970 0.24480000000000002
971 0.2444
972 0.2444
973 0.2444
974 0.2444
975 0.244
976 0.244
977 0.244
978 0.244
979 0.244
980 0.244
981 0.24319999999999997
982 0.24319999999999997
983 0.24319999999999997
984 0.24319999999999997
985 0.24319999999999997
986 0.24319999999999997
987 0.24319999999999997
988 0.24319999999999997
989 0.24319999999999997
990 0.24319999999999997
991 0.24319999999999997
992 0.24319999999999997
993 0.24319999999999997
994 0.2428
995 0.2428
996 0.2428
997 0.24239999999999998
998 0.24239999999999998
999 0.24199999999999997
1000 0.24199999999999997
1001 0.24199999999999997
1002 0.24199999999999997
1003 0.24159999999999993
1004 0.24159999999999993
1005 0.24079999999999996
1006 0.24079999999999996
1007 0.24079999999999996
1008 0.24079999999999996
1009 0.24039999999999995
1010 0.24039999999999995
1011 0.23999999999999996
1012 0.23999999999999996
1013 0.23999999999999996
1014 0.23999999999999996
1015 0.23999999999999996
1016 0.23919999999999994
1017 0.23919999999999994
1018 0.23919999999999994
1019 0.23919999999999994
1020 0.23919999999999994
1021 0.23919999999999994
1022 0.23919999999999994
1023 0.23839999999999997
1024 0.23839999999999997
1025 0.23799999999999996
1026 0.23799999999999996
1027 0.23799999999999996
1028 0.23759999999999998
1029 0.23759999999999998
1030 0.23759999999999998
1031 0.23759999999999998
1032 0.23759999999999998
1033 0.23759999999999998
1034 0.23759999999999998
1035 0.23759999999999998
1036 0.23759999999999998
1037 0.23759999999999998
1038 0.23759999999999998
1039 0.23759999999999998
1040 0.23759999999999998
1041 0.23759999999999998
1042 0.2372
1043 0.2372
1044 0.2372
1045 0.2372
1046 0.2368
1047 0.2368
1048 0.2364
1049 0.2364
1050 0.2364
1051 0.2364
1052 0.2364
1053 0.23600000000000002
1054 0.23600000000000002
1055 0.23600000000000002
1056 0.23600000000000002
1057 0.23600000000000002
1058 0.23560000000000003
1059 0.23560000000000003
1060 0.23560000000000003
1061 0.23560000000000003
1062 0.23560000000000003
1063 0.23560000000000003
1064 0.23560000000000003
1065 0.2352
1066 0.2352
1067 0.2352
1068 0.2352
1069 0.2352
1070 0.2352
1071 0.2352
1072 0.2352
1073 0.2352
1074 0.2352
1075 0.2352
1076 0.23479999999999998
1077 0.23479999999999998
1078 0.23439999999999997
1079 0.23439999999999997
1080 0.23439999999999997
1081 0.23439999999999997
1082 0.23439999999999997
1083 0.23439999999999997
1084 0.23439999999999997
1085 0.23439999999999997
1086 0.23439999999999997
1087 0.23439999999999997
1088 0.23439999999999997
1089 0.23439999999999997
1090 0.23439999999999997
1091 0.23439999999999997
1092 0.23439999999999997
1093 0.23439999999999997
1094 0.23439999999999997
1095 0.23439999999999997
1096 0.23439999999999997
1097 0.23439999999999997
1098 0.23439999999999997
1099 0.23439999999999997
1100 0.23439999999999997
1101 0.23439999999999997
1102 0.23439999999999997
1103 0.23439999999999997
1104 0.23439999999999997
1105 0.23439999999999997
1106 0.23439999999999997
1107 0.23439999999999997
1108 0.23439999999999997
1109 0.23439999999999997
1110 0.23439999999999997
1111 0.23439999999999997
1112 0.23439999999999997
1113 0.23399999999999999
1114 0.23399999999999999
1115 0.23399999999999999
1116 0.23399999999999999
1117 0.23399999999999999
1118 0.23399999999999999
1119 0.23399999999999999
1120 0.23399999999999999
1121 0.23399999999999999
1122 0.23399999999999999
1123 0.23399999999999999
1124 0.23399999999999999
1125 0.23399999999999999
1126 0.23399999999999999
1127 0.2336
1128 0.2336
1129 0.2336
1130 0.2336
1131 0.2336
1132 0.2332
1133 0.2332
1134 0.2332
1135 0.2332
1136 0.2332
1137 0.2332
1138 0.2332
1139 0.2332
1140 0.2332
1141 0.2332
1142 0.2332
1143 0.2332
1144 0.2332
1145 0.23279999999999998
1146 0.23279999999999998
1147 0.2324
1148 0.2324
1149 0.23199999999999998
1150 0.23199999999999998
1151 0.23199999999999998
1152 0.23199999999999998
1153 0.2316
1154 0.2316
1155 0.2316
1156 0.2316
1157 0.2316
1158 0.2316
1159 0.2316
1160 0.2316
1161 0.2316
1162 0.2316
1163 0.2316
1164 0.2316
1165 0.2316
1166 0.2316
1167 0.2316
1168 0.2316
1169 0.2316
1170 0.2316
1171 0.2316
1172 0.2316
1173 0.2316
1174 0.2316
1175 0.2316
1176 0.2316
1177 0.2316
1178 0.2308
1179 0.2308
1180 0.2308
1181 0.2308
1182 0.2308
1183 0.2308
1184 0.2308
1185 0.2308
1186 0.2308
1187 0.2308
1188 0.2308
1189 0.2308
1190 0.2308
1191 0.2308
1192 0.2308
1193 0.2308
1194 0.2308
1195 0.2308
1196 0.2308
1197 0.23040000000000002
1198 0.23040000000000002
1199 0.23040000000000002
1200 0.23040000000000002
1201 0.23040000000000002
1202 0.23040000000000002
1203 0.23000000000000004
1204 0.23000000000000004
1205 0.23000000000000004
1206 0.23000000000000004
1207 0.23000000000000004
1208 0.23000000000000004
1209 0.23000000000000004
1210 0.23000000000000004
1211 0.23000000000000004
1212 0.23000000000000004
1213 0.23000000000000004
1214 0.23000000000000004
1215 0.23000000000000004
1216 0.23000000000000004
1217 0.23000000000000004
1218 0.23000000000000004
1219 0.23000000000000004
1220 0.23000000000000004
1221 0.23000000000000004
1222 0.2296
1223 0.2296
1224 0.2296
1225 0.2296
1226 0.2296
1227 0.2296
1228 0.22920000000000001
1229 0.22920000000000001
1230 0.22880000000000003
1231 0.22880000000000003
1232 0.22880000000000003
1233 0.22880000000000003
1234 0.22880000000000003
1235 0.22880000000000003
1236 0.22880000000000003
1237 0.2284
1238 0.2284
1239 0.2284
1240 0.2284
1241 0.2284
1242 0.2284
1243 0.2284
1244 0.2284
1245 0.2284
1246 0.2284
1247 0.2284
1248 0.2284
1249 0.2284
1250 0.2284
1251 0.2284
1252 0.2284
1253 0.2284
1254 0.2284
1255 0.2284
1256 0.2284
1257 0.2284
1258 0.2284
1259 0.2284
1260 0.2284
1261 0.2284
1262 0.2284
1263 0.2284
1264 0.2284
1265 0.2284
1266 0.2284
1267 0.2284
1268 0.2284
1269 0.2284
1270 0.2284
1271 0.2284
1272 0.2284
1273 0.2284
1274 0.2284
1275 0.228
1276 0.228
1277 0.22760000000000002
1278 0.22760000000000002
1279 0.22760000000000002
1280 0.22760000000000002
1281 0.22760000000000002
1282 0.22760000000000002
1283 0.22760000000000002
1284 0.22760000000000002
1285 0.22760000000000002
1286 0.22760000000000002
1287 0.22760000000000002
1288 0.22760000000000002
1289 0.22760000000000002
1290 0.22760000000000002
1291 0.22760000000000002
1292 0.22760000000000002
1293 0.22760000000000002
1294 0.22760000000000002
1295 0.22760000000000002
1296 0.22760000000000002
1297 0.22760000000000002
1298 0.22760000000000002
1299 0.22760000000000002
1300 0.22760000000000002
1301 0.22760000000000002
1302 0.22760000000000002
1303 0.22760000000000002
1304 0.22760000000000002
1305 0.22760000000000002
1306 0.22760000000000002
1307 0.22760000000000002
1308 0.22760000000000002
1309 0.22760000000000002
1310 0.22760000000000002
1311 0.22760000000000002
1312 0.22760000000000002
1313 0.22760000000000002
1314 0.22760000000000002
1315 0.22760000000000002
1316 0.22760000000000002
1317 0.22760000000000002
1318 0.22760000000000002
1319 0.22760000000000002
1320 0.22760000000000002
1321 0.22760000000000002
1322 0.22760000000000002
1323 0.22760000000000002
1324 0.22760000000000002
1325 0.22760000000000002
1326 0.22760000000000002
1327 0.22760000000000002
1328 0.22760000000000002
1329 0.22760000000000002
1330 0.22760000000000002
1331 0.22760000000000002
1332 0.22760000000000002
1333 0.22760000000000002
1334 0.22760000000000002
1335 0.2272
1336 0.2272
1337 0.2272
1338 0.2272
1339 0.2272
1340 0.2268
1341 0.2268
1342 0.226
1343 0.226
1344 0.226
1345 0.226
1346 0.226
1347 0.226
1348 0.226
1349 0.226
1350 0.226
1351 0.226
1352 0.226
1353 0.226
1354 0.226
1355 0.226
1356 0.226
1357 0.226
1358 0.226
1359 0.226
1360 0.226
1361 0.226
1362 0.226
1363 0.226
1364 0.226
1365 0.226
1366 0.226
1367 0.226
1368 0.22560000000000002
1369 0.22560000000000002
1370 0.22560000000000002
1371 0.22560000000000002
1372 0.22560000000000002
1373 0.22560000000000002
1374 0.22560000000000002
1375 0.22560000000000002
1376 0.22560000000000002
1377 0.22560000000000002
1378 0.22560000000000002
1379 0.22560000000000002
1380 0.22560000000000002
1381 0.22520000000000004
1382 0.22520000000000004
1383 0.22520000000000004
1384 0.22520000000000004
1385 0.22520000000000004
1386 0.22520000000000004
1387 0.22520000000000004
1388 0.2248
1389 0.2248
1390 0.2248
1391 0.2248
1392 0.2248
1393 0.2248
1394 0.2248
1395 0.2248
1396 0.2248
1397 0.2248
1398 0.2248
1399 0.2248
1400 0.2248
1401 0.2248
1402 0.2248
1403 0.2248
1404 0.2248
1405 0.2248
1406 0.2248
1407 0.2248
1408 0.2248
1409 0.2248
1410 0.2248
1411 0.2248
1412 0.2248
1413 0.2248
1414 0.2248
1415 0.2248
1416 0.2248
1417 0.2248
1418 0.2248
1419 0.2248
1420 0.2248
1421 0.22440000000000002
1422 0.22440000000000002
1423 0.22440000000000002
1424 0.22440000000000002
1425 0.22400000000000003
1426 0.22400000000000003
1427 0.22400000000000003
1428 0.22400000000000003
1429 0.22400000000000003
1430 0.22400000000000003
1431 0.22400000000000003
1432 0.22400000000000003
1433 0.22400000000000003
1434 0.22400000000000003
1435 0.22400000000000003
1436 0.22400000000000003
1437 0.22400000000000003
1438 0.22400000000000003
1439 0.2236
1440 0.22279999999999997
1441 0.22279999999999997
1442 0.22279999999999997
1443 0.22279999999999997
1444 0.22279999999999997
1445 0.22279999999999997
1446 0.22279999999999997
1447 0.22279999999999997
1448 0.22279999999999997
1449 0.2224
1450 0.2224
1451 0.2224
1452 0.2224
1453 0.222
1454 0.222
1455 0.222
1456 0.222
1457 0.222
1458 0.222
1459 0.222
1460 0.222
1461 0.222
1462 0.222
1463 0.222
1464 0.222
1465 0.222
1466 0.222
1467 0.222
1468 0.222
1469 0.222
1470 0.2216
1471 0.2216
1472 0.2216
1473 0.2216
1474 0.22119999999999998
1475 0.22119999999999998
1476 0.22119999999999998
1477 0.22119999999999998
1478 0.22119999999999998
1479 0.22119999999999998
1480 0.22119999999999998
1481 0.22079999999999994
1482 0.22079999999999994
1483 0.22079999999999994
1484 0.22079999999999994
1485 0.22079999999999994
1486 0.22079999999999994
1487 0.22079999999999994
1488 0.22079999999999994
1489 0.22079999999999994
1490 0.22079999999999994
1491 0.22079999999999994
1492 0.22039999999999993
1493 0.22039999999999993
1494 0.21999999999999992
1495 0.21999999999999992
1496 0.21999999999999992
1497 0.21999999999999992
1498 0.21999999999999992
1499 0.21999999999999992
1500 0.21999999999999992
1501 0.21959999999999993
1502 0.21959999999999993
1503 0.21959999999999993
1504 0.21959999999999993
1505 0.21959999999999993
1506 0.21959999999999993
1507 0.21959999999999993
1508 0.21959999999999993
1509 0.21959999999999993
1510 0.21959999999999993
1511 0.21959999999999993
1512 0.21959999999999993
1513 0.21959999999999993
1514 0.21959999999999993
1515 0.21959999999999993
1516 0.21959999999999993
1517 0.21959999999999993
1518 0.21919999999999995
1519 0.21919999999999995
1520 0.21879999999999997
1521 0.21879999999999997
1522 0.21879999999999997
1523 0.21879999999999997
1524 0.21879999999999997
1525 0.21879999999999997
1526 0.21879999999999997
1527 0.21879999999999997
1528 0.21879999999999997
1529 0.21879999999999997
1530 0.21879999999999997
1531 0.21879999999999997
1532 0.21879999999999997
1533 0.21879999999999997
1534 0.21879999999999997
1535 0.21879999999999997
1536 0.21879999999999997
1537 0.21879999999999997
1538 0.21879999999999997
1539 0.21879999999999997
1540 0.21879999999999997
1541 0.21879999999999997
1542 0.21879999999999997
1543 0.21879999999999997
1544 0.21879999999999997
1545 0.21879999999999997
1546 0.21879999999999997
1547 0.21879999999999997
1548 0.21879999999999997
1549 0.21879999999999997
1550 0.21879999999999997
1551 0.21879999999999997
1552 0.21879999999999997
1553 0.21839999999999996
1554 0.21839999999999996
1555 0.21839999999999996
1556 0.21839999999999996
1557 0.21839999999999996
1558 0.21839999999999996
1559 0.21839999999999996
1560 0.21839999999999996
1561 0.21839999999999996
1562 0.21759999999999993
1563 0.21759999999999993
1564 0.21759999999999993
1565 0.21759999999999993
1566 0.21759999999999993
1567 0.21759999999999993
1568 0.21759999999999993
1569 0.21759999999999993
1570 0.21759999999999993
1571 0.21719999999999995
1572 0.21719999999999995
1573 0.21719999999999995
1574 0.21719999999999995
1575 0.21719999999999995
1576 0.21719999999999995
1577 0.21679999999999996
1578 0.21639999999999998
1579 0.21639999999999998
1580 0.21639999999999998
1581 0.21639999999999998
1582 0.21639999999999998
1583 0.21639999999999998
1584 0.21639999999999998
1585 0.21639999999999998
1586 0.21639999999999998
1587 0.21639999999999998
1588 0.21639999999999998
1589 0.21639999999999998
1590 0.21639999999999998
1591 0.21639999999999998
1592 0.21639999999999998
1593 0.21639999999999998
1594 0.21599999999999994
1595 0.21559999999999996
1596 0.21559999999999996
1597 0.21559999999999996
1598 0.21559999999999996
1599 0.21559999999999996
1600 0.21559999999999996
1601 0.21559999999999996
1602 0.21519999999999995
1603 0.21519999999999995
1604 0.21519999999999995
1605 0.21519999999999995
1606 0.21519999999999995
1607 0.21519999999999995
1608 0.21479999999999996
1609 0.21479999999999996
1610 0.21479999999999996
1611 0.21479999999999996
1612 0.21479999999999996
1613 0.21479999999999996
1614 0.21479999999999996
1615 0.21479999999999996
1616 0.21479999999999996
1617 0.21439999999999998
1618 0.21439999999999998
1619 0.21439999999999998
1620 0.21439999999999998
1621 0.214
1622 0.214
1623 0.214
1624 0.214
1625 0.214
1626 0.214
1627 0.214
1628 0.214
1629 0.214
1630 0.214
1631 0.214
1632 0.214
1633 0.214
1634 0.214
1635 0.214
1636 0.214
1637 0.214
1638 0.214
1639 0.214
1640 0.214
1641 0.214
1642 0.214
1643 0.214
1644 0.214
1645 0.214
1646 0.214
1647 0.214
1648 0.214
1649 0.214
1650 0.214
1651 0.214
1652 0.214
1653 0.214
1654 0.214
1655 0.214
1656 0.214
1657 0.214
1658 0.214
1659 0.214
1660 0.214
1661 0.214
1662 0.214
1663 0.214
1664 0.214
1665 0.214
1666 0.214
1667 0.214
1668 0.214
1669 0.214
1670 0.21359999999999996
1671 0.21359999999999996
1672 0.21359999999999996
1673 0.21359999999999996
1674 0.21359999999999996
1675 0.21359999999999996
1676 0.21359999999999996
1677 0.21359999999999996
1678 0.21359999999999996
1679 0.21359999999999996
1680 0.21359999999999996
1681 0.21359999999999996
1682 0.21359999999999996
1683 0.21359999999999996
1684 0.21359999999999996
1685 0.21359999999999996
1686 0.21359999999999996
1687 0.21359999999999996
1688 0.21359999999999996
1689 0.21359999999999996
1690 0.21359999999999996
1691 0.21359999999999996
1692 0.21319999999999997
1693 0.21319999999999997
1694 0.21319999999999997
1695 0.21319999999999997
1696 0.21319999999999997
1697 0.21319999999999997
1698 0.21319999999999997
1699 0.21319999999999997
1700 0.21319999999999997
1701 0.21319999999999997
1702 0.21319999999999997
1703 0.21319999999999997
1704 0.21319999999999997
1705 0.21319999999999997
1706 0.21319999999999997
1707 0.21319999999999997
1708 0.21319999999999997
1709 0.2128
1710 0.2128
1711 0.21239999999999998
1712 0.21239999999999998
1713 0.21199999999999997
1714 0.21199999999999997
1715 0.21199999999999997
1716 0.21199999999999997
1717 0.21199999999999997
1718 0.21199999999999997
1719 0.21199999999999997
1720 0.21199999999999997
1721 0.21199999999999997
1722 0.21199999999999997
1723 0.21159999999999995
1724 0.21159999999999995
1725 0.21159999999999995
1726 0.21159999999999995
1727 0.21159999999999995
1728 0.21159999999999995
1729 0.21119999999999997
1730 0.21119999999999997
1731 0.21119999999999997
1732 0.21119999999999997
1733 0.21119999999999997
1734 0.21119999999999997
1735 0.21119999999999997
1736 0.21119999999999997
1737 0.21119999999999997
1738 0.21119999999999997
1739 0.21119999999999997
1740 0.21119999999999997
1741 0.21119999999999997
1742 0.21119999999999997
1743 0.21119999999999997
1744 0.21119999999999997
1745 0.21119999999999997
1746 0.21119999999999997
1747 0.21119999999999997
1748 0.21119999999999997
1749 0.21119999999999997
1750 0.21119999999999997
1751 0.21119999999999997
1752 0.21119999999999997
1753 0.21119999999999997
1754 0.21119999999999997
1755 0.21119999999999997
1756 0.2108
1757 0.2108
1758 0.2104
1759 0.2104
1760 0.2104
1761 0.2104
1762 0.2104
1763 0.2104
1764 0.2104
1765 0.2104
1766 0.2104
1767 0.2104
1768 0.2104
1769 0.2104
1770 0.2104
1771 0.2104
1772 0.2104
1773 0.2104
1774 0.2104
1775 0.2104
1776 0.2104
1777 0.2104
1778 0.2104
1779 0.2104
1780 0.20999999999999996
1781 0.20959999999999998
1782 0.20959999999999998
1783 0.20959999999999998
1784 0.20959999999999998
1785 0.20959999999999998
1786 0.20959999999999998
1787 0.20959999999999998
1788 0.20959999999999998
1789 0.20959999999999998
1790 0.20959999999999998
1791 0.20959999999999998
1792 0.20959999999999998
1793 0.20959999999999998
1794 0.20959999999999998
1795 0.20959999999999998
1796 0.20959999999999998
1797 0.20959999999999998
1798 0.20959999999999998
1799 0.20959999999999998
1800 0.20959999999999998
1801 0.20879999999999996
1802 0.20879999999999996
1803 0.20879999999999996
1804 0.20879999999999996
1805 0.20879999999999996
1806 0.20879999999999996
1807 0.20879999999999996
1808 0.20879999999999996
1809 0.20879999999999996
1810 0.20879999999999996
1811 0.20879999999999996
1812 0.20879999999999996
1813 0.20879999999999996
1814 0.20879999999999996
1815 0.20879999999999996
1816 0.20879999999999996
1817 0.20879999999999996
1818 0.20879999999999996
1819 0.20879999999999996
1820 0.20879999999999996
1821 0.20879999999999996
1822 0.20879999999999996
1823 0.20879999999999996
1824 0.20879999999999996
1825 0.20879999999999996
1826 0.20879999999999996
1827 0.20879999999999996
1828 0.20879999999999996
1829 0.20879999999999996
1830 0.20879999999999996
1831 0.20879999999999996
1832 0.20879999999999996
1833 0.20879999999999996
1834 0.20879999999999996
1835 0.20879999999999996
1836 0.20879999999999996
1837 0.20879999999999996
1838 0.20879999999999996
1839 0.20879999999999996
1840 0.20879999999999996
1841 0.20879999999999996
1842 0.20879999999999996
1843 0.20879999999999996
1844 0.20879999999999996
1845 0.20839999999999997
1846 0.20839999999999997
1847 0.20839999999999997
1848 0.20839999999999997
1849 0.20839999999999997
1850 0.20839999999999997
1851 0.20839999999999997
1852 0.20839999999999997
1853 0.20839999999999997
1854 0.20839999999999997
1855 0.20839999999999997
1856 0.20839999999999997
1857 0.20839999999999997
1858 0.20839999999999997
1859 0.20839999999999997
1860 0.20839999999999997
1861 0.20839999999999997
1862 0.20839999999999997
1863 0.20839999999999997
1864 0.20839999999999997
1865 0.20839999999999997
1866 0.20839999999999997
1867 0.20839999999999997
1868 0.20839999999999997
1869 0.20839999999999997
1870 0.20839999999999997
1871 0.20839999999999997
1872 0.20799999999999996
1873 0.20799999999999996
1874 0.20799999999999996
1875 0.20799999999999996
1876 0.20799999999999996
1877 0.20759999999999995
1878 0.20759999999999995
1879 0.20759999999999995
1880 0.20759999999999995
1881 0.20759999999999995
1882 0.20759999999999995
1883 0.20759999999999995
1884 0.20759999999999995
1885 0.20759999999999995
1886 0.20759999999999995
1887 0.20759999999999995
1888 0.20759999999999995
1889 0.20759999999999995
1890 0.20759999999999995
1891 0.20759999999999995
1892 0.20759999999999995
1893 0.20759999999999995
1894 0.20759999999999995
1895 0.20759999999999995
1896 0.20759999999999995
1897 0.20759999999999995
1898 0.20759999999999995
1899 0.20759999999999995
1900 0.20759999999999995
1901 0.20759999999999995
1902 0.20759999999999995
1903 0.20759999999999995
1904 0.20759999999999995
1905 0.20759999999999995
1906 0.20759999999999995
1907 0.20759999999999995
1908 0.20719999999999994
1909 0.20719999999999994
1910 0.20719999999999994
1911 0.20719999999999994
1912 0.20719999999999994
1913 0.20719999999999994
1914 0.20719999999999994
1915 0.20719999999999994
1916 0.20719999999999994
1917 0.20719999999999994
1918 0.20719999999999994
1919 0.20719999999999994
1920 0.20639999999999994
1921 0.20639999999999994
1922 0.20639999999999994
1923 0.20639999999999994
1924 0.20639999999999994
1925 0.20639999999999994
1926 0.20639999999999994
1927 0.2059999999999999
1928 0.2059999999999999
1929 0.2059999999999999
1930 0.20559999999999992
1931 0.20559999999999992
1932 0.20559999999999992
1933 0.20559999999999992
1934 0.20559999999999992
1935 0.20559999999999992
1936 0.20559999999999992
1937 0.20559999999999992
1938 0.20559999999999992
1939 0.20559999999999992
1940 0.20559999999999992
1941 0.20559999999999992
1942 0.20559999999999992
1943 0.20559999999999992
1944 0.20559999999999992
1945 0.20559999999999992
1946 0.20559999999999992
1947 0.20559999999999992
1948 0.20559999999999992
1949 0.20559999999999992
1950 0.20559999999999992
1951 0.20559999999999992
1952 0.20559999999999992
1953 0.20559999999999992
1954 0.20559999999999992
1955 0.20559999999999992
1956 0.20559999999999992
1957 0.20559999999999992
1958 0.20559999999999992
1959 0.20559999999999992
1960 0.20559999999999992
1961 0.20519999999999994
1962 0.20519999999999994
1963 0.20519999999999994
1964 0.20519999999999994
1965 0.20519999999999994
1966 0.20519999999999994
1967 0.20519999999999994
1968 0.20519999999999994
1969 0.20519999999999994
1970 0.20519999999999994
1971 0.20519999999999994
1972 0.20519999999999994
1973 0.20519999999999994
1974 0.20519999999999994
1975 0.20519999999999994
1976 0.20519999999999994
1977 0.20519999999999994
1978 0.20519999999999994
1979 0.20519999999999994
1980 0.20519999999999994
1981 0.20519999999999994
1982 0.20519999999999994
1983 0.20519999999999994
1984 0.20519999999999994
1985 0.20519999999999994
1986 0.20479999999999993
1987 0.20479999999999993
1988 0.20479999999999993
1989 0.20479999999999993
1990 0.20479999999999993
1991 0.20479999999999993
1992 0.20439999999999994
1993 0.20439999999999994
1994 0.20439999999999994
1995 0.20439999999999994
1996 0.20439999999999994
1997 0.20439999999999994
1998 0.20439999999999994
1999 0.20439999999999994
