1 1.0
2 1.0
3 1.0
4 0.998
5 0.9936
6 0.9891999999999999
7 0.9875999999999999
8 0.982
9 0.9803999999999999
10 0.9751999999999998
11 0.972
12 0.9684000000000001
13 0.9652000000000003
14 0.9611999999999999
15 0.9536
16 0.95
17 0.9472
18 0.946
19 0.9428
20 0.9384
21 0.9332000000000003
22 0.9316000000000001
23 0.9288000000000003
24 0.9244000000000001
25 0.9215999999999999
26 0.9163999999999999
27 0.9139999999999999
28 0.9112
29 0.9076
30 0.9052
31 0.9024
32 0.8996000000000001
33 0.8972
34 0.8936
35 0.8904000000000001
36 0.8868
37 0.8852000000000001
38 0.8844
39 0.8796
40 0.8768
41 0.8720000000000003
42 0.8696000000000004
43 0.8672000000000001
44 0.8632000000000002
45 0.8588000000000001
46 0.8548000000000002
47 0.8516000000000001
48 0.8476000000000002
49 0.8448000000000003
50 0.8416000000000001
51 0.8396000000000002
52 0.8348000000000003
53 0.8308000000000001
54 0.8288000000000001
55 0.8280000000000001
56 0.8251999999999998
57 0.8219999999999997
58 0.8187999999999996
59 0.8175999999999997
60 0.8159999999999998
61 0.8127999999999999
62 0.8107999999999999
63 0.8079999999999998
64 0.8056
65 0.8039999999999999
66 0.8011999999999999
67 0.7980000000000002
68 0.7956
69 0.7928000000000002
70 0.7879999999999999
71 0.7872
72 0.7855999999999999
73 0.7852
74 0.7824000000000001
75 0.7812
76 0.7788
77 0.7772000000000002
78 0.774
79 0.7716000000000001
80 0.7688000000000001
81 0.7660000000000001
82 0.7612000000000002
83 0.7584000000000002
84 0.7564000000000002
85 0.7552000000000001
86 0.752
87 0.75
88 0.7496
89 0.7472000000000001
90 0.7456
91 0.7432000000000002
92 0.7412000000000002
93 0.7404000000000002
94 0.7372000000000001
95 0.7368000000000002
96 0.7364000000000003
97 0.7336000000000001
98 0.7316000000000003
99 0.7276000000000002
100 0.7244000000000002
101 0.7223999999999999
102 0.72
103 0.7172
104 0.7148000000000002
105 0.7132000000000002
106 0.7084000000000001
107 0.7072000000000002
108 0.7040000000000002
109 0.7012
110 0.7
111 0.6940000000000002
112 0.6920000000000002
113 0.6896000000000001
114 0.6872
115 0.6856
116 0.6844
117 0.6816000000000001
118 0.6808000000000001
119 0.6796000000000001
120 0.6772000000000001
121 0.6740000000000002
122 0.6712000000000002
123 0.6704000000000002
124 0.6680000000000003
125 0.6668000000000002
126 0.6656000000000002
127 0.6632000000000001
128 0.6604000000000001
129 0.6600000000000001
130 0.6592000000000001
131 0.6564000000000001
132 0.6560000000000002
133 0.6552000000000001
134 0.6536
135 0.6528
136 0.6496
137 0.648
138 0.6472
139 0.6452
140 0.6439999999999999
141 0.6427999999999998
142 0.6411999999999999
143 0.6395999999999998
144 0.6367999999999999
145 0.6355999999999998
146 0.6332
147 0.6327999999999999
148 0.6315999999999999
149 0.6296
150 0.6287999999999999
151 0.6284
152 0.6264
153 0.6259999999999999
154 0.6248
155 0.6232
156 0.6219999999999999
157 0.6195999999999999
158 0.6187999999999999
159 0.616
160 0.6156
161 0.6140000000000001
162 0.6116
163 0.6096
164 0.6092000000000001
165 0.6068
166 0.6056
167 0.6048
168 0.6015999999999999
169 0.6
170 0.5976
171 0.5956000000000001
172 0.5932000000000001
173 0.5924
174 0.5904
175 0.5900000000000001
176 0.5892000000000001
177 0.5884000000000001
178 0.5864000000000001
179 0.5852
180 0.5848000000000001
181 0.5840000000000001
182 0.5824000000000001
183 0.5808000000000001
184 0.5784000000000001
185 0.5768000000000001
186 0.5756
187 0.5728
188 0.5716
189 0.5696000000000001
190 0.5684
191 0.5668
192 0.5660000000000001
193 0.5636000000000001
194 0.5624
195 0.562
196 0.56
197 0.5592000000000001
198 0.5572000000000001
199 0.5556000000000001
200 0.5544
201 0.5524
202 0.552
203 0.5508000000000001
204 0.55
205 0.5492
206 0.5484
207 0.5484
208 0.5464000000000001
209 0.5464000000000001
210 0.5448000000000001
211 0.5428000000000001
212 0.5416000000000001
213 0.5396000000000001
214 0.5388000000000001
215 0.536
216 0.5352000000000001
217 0.5344000000000001
218 0.5328
219 0.5328
220 0.5316000000000001
221 0.53
222 0.5291999999999999
223 0.528
224 0.5252
225 0.522
226 0.5216
227 0.5196000000000001
228 0.5188
229 0.5184000000000001
230 0.518
231 0.5172000000000001
232 0.5172000000000001
233 0.5156000000000001
234 0.5128
235 0.5112000000000001
236 0.5108
237 0.5108
238 0.51
239 0.5087999999999999
240 0.5059999999999999
241 0.5059999999999999
242 0.5055999999999998
243 0.5047999999999999
244 0.5044
245 0.5023999999999998
246 0.5019999999999999
247 0.5011999999999999
248 0.49999999999999983
249 0.4967999999999998
250 0.4955999999999998
251 0.4951999999999998
252 0.4923999999999998
253 0.4899999999999999
254 0.4887999999999998
255 0.48839999999999983
256 0.4879999999999998
257 0.48719999999999986
258 0.48719999999999986
259 0.48719999999999986
260 0.48719999999999986
261 0.4863999999999999
262 0.4859999999999999
263 0.4851999999999999
264 0.4835999999999999
265 0.48279999999999995
266 0.4816
267 0.4816
268 0.4808
269 0.4808
270 0.47919999999999996
271 0.4783999999999999
272 0.4779999999999999
273 0.4775999999999999
274 0.4775999999999999
275 0.4771999999999999
276 0.47639999999999993
277 0.4759999999999999
278 0.4759999999999999
279 0.47519999999999996
280 0.4744
281 0.4736
282 0.4732
283 0.47279999999999994
284 0.47119999999999984
285 0.47079999999999983
286 0.4703999999999999
287 0.46999999999999986
288 0.4687999999999999
289 0.4687999999999999
290 0.4687999999999999
291 0.4687999999999999
292 0.46839999999999987
293 0.4671999999999999
294 0.4671999999999999
295 0.46559999999999996
296 0.46559999999999996
297 0.4648
298 0.4648
299 0.46399999999999997
300 0.4635999999999999
301 0.46279999999999993
302 0.46279999999999993
303 0.46279999999999993
304 0.46199999999999997
305 0.46159999999999995
306 0.4612
307 0.4612
308 0.4604
309 0.45959999999999995
310 0.45879999999999993
311 0.4579999999999999
312 0.4579999999999999
313 0.4575999999999999
314 0.45719999999999994
315 0.45679999999999993
316 0.4563999999999999
317 0.45599999999999996
318 0.45599999999999996
319 0.45439999999999997
320 0.4524
321 0.4512
322 0.45039999999999997
323 0.45039999999999997
324 0.45039999999999997
325 0.4496
326 0.44880000000000003
327 0.44839999999999997
328 0.4476
329 0.446
330 0.4456
331 0.44400000000000006
332 0.4432000000000001
333 0.4416
334 0.43920000000000003
335 0.4384
336 0.43720000000000003
337 0.43640000000000007
338 0.436
339 0.4348
340 0.43400000000000005
341 0.4324000000000001
342 0.4320000000000001
343 0.4320000000000001
344 0.4316000000000001
345 0.43040000000000006
346 0.43000000000000005
347 0.43000000000000005
348 0.4296000000000001
349 0.4292000000000001
350 0.4284000000000001
351 0.4280000000000001
352 0.4280000000000001
353 0.42760000000000015
354 0.42720000000000014
355 0.4260000000000001
356 0.4252000000000001
357 0.42440000000000005
358 0.42440000000000005
359 0.42440000000000005
360 0.4236000000000001
361 0.4232000000000001
362 0.42200000000000004
363 0.42160000000000003
364 0.42160000000000003
365 0.4212
366 0.42080000000000006
367 0.42080000000000006
368 0.4200000000000001
369 0.4200000000000001
370 0.4196000000000001
371 0.4196000000000001
372 0.4192000000000001
373 0.4176
374 0.4168
375 0.4164
376 0.41600000000000004
377 0.4152
378 0.4144
379 0.4144
380 0.4128
381 0.41240000000000004
382 0.4108
383 0.40959999999999996
384 0.40919999999999995
385 0.40879999999999994
386 0.408
387 0.4068
388 0.406
389 0.4052
390 0.40480000000000005
391 0.4039999999999999
392 0.4039999999999999
393 0.40319999999999995
394 0.4023999999999999
395 0.40199999999999997
396 0.40199999999999997
397 0.40079999999999993
398 0.4003999999999999
399 0.4003999999999999
400 0.3999999999999999
401 0.3991999999999999
402 0.39839999999999987
403 0.3967999999999999
404 0.3967999999999999
405 0.39639999999999986
406 0.39639999999999986
407 0.3955999999999999
408 0.3955999999999999
409 0.3951999999999999
410 0.3943999999999999
411 0.3943999999999999
412 0.3939999999999999
413 0.39359999999999995
414 0.39319999999999994
415 0.3927999999999999
416 0.39199999999999996
417 0.39199999999999996
418 0.39159999999999995
419 0.39159999999999995
420 0.3912
421 0.3908
422 0.39039999999999997
423 0.39
424 0.3896
425 0.3892
426 0.3892
427 0.38880000000000003
428 0.38880000000000003
429 0.3884
430 0.38720000000000004
431 0.3868000000000001
432 0.38600000000000007
433 0.38600000000000007
434 0.38600000000000007
435 0.3856000000000001
436 0.3848000000000001
437 0.3844000000000001
438 0.38400000000000006
439 0.38400000000000006
440 0.38400000000000006
441 0.38400000000000006
442 0.38400000000000006
443 0.3832000000000001
444 0.38280000000000003
445 0.38280000000000003
446 0.38280000000000003
447 0.3820000000000001
448 0.3820000000000001
449 0.38160000000000005
450 0.38160000000000005
451 0.3808
452 0.38000000000000006
453 0.3792000000000001
454 0.3792000000000001
455 0.3792000000000001
456 0.3788000000000001
457 0.3784000000000001
458 0.3780000000000001
459 0.3780000000000001
460 0.3776000000000001
461 0.37720000000000015
462 0.37720000000000015
463 0.37720000000000015
464 0.3768000000000001
465 0.37640000000000007
466 0.37640000000000007
467 0.37640000000000007
468 0.3752000000000001
469 0.3752000000000001
470 0.37480000000000013
471 0.37480000000000013
472 0.3740000000000001
473 0.3732000000000001
474 0.3732000000000001
475 0.37240000000000006
476 0.3720000000000001
477 0.37080000000000013
478 0.37000000000000016
479 0.37000000000000016
480 0.36920000000000014
481 0.3688000000000002
482 0.3688000000000002
483 0.36840000000000017
484 0.3680000000000001
485 0.3680000000000001
486 0.3680000000000001
487 0.3680000000000001
488 0.3680000000000001
489 0.3680000000000001
490 0.36760000000000015
491 0.36760000000000015
492 0.36720000000000014
493 0.36720000000000014
494 0.36720000000000014
495 0.36720000000000014
496 0.36640000000000017
497 0.3656000000000001
498 0.3652000000000001
499 0.3648000000000001
500 0.3648000000000001
501 0.3632000000000001
502 0.3620000000000001
503 0.3620000000000001
504 0.3616000000000001
505 0.3616000000000001
506 0.3616000000000001
507 0.3616000000000001
508 0.3616000000000001
509 0.36120000000000013
510 0.36120000000000013
511 0.36120000000000013
512 0.36120000000000013
513 0.36120000000000013
514 0.3608000000000001
515 0.3604000000000001
516 0.36000000000000015
517 0.35960000000000014
518 0.3588000000000002
519 0.3588000000000002
520 0.3588000000000002
521 0.3584000000000001
522 0.3584000000000001
523 0.3580000000000001
524 0.35760000000000014
525 0.35760000000000014
526 0.35760000000000014
527 0.35720000000000013
528 0.35720000000000013
529 0.3568000000000001
530 0.3568000000000001
531 0.3568000000000001
532 0.3568000000000001
533 0.3568000000000001
534 0.35600000000000015
535 0.35600000000000015
536 0.3552000000000001
537 0.3548000000000001
538 0.35360000000000014
539 0.3532000000000001
540 0.35280000000000017
541 0.35280000000000017
542 0.35280000000000017
543 0.35240000000000016
544 0.35200000000000015
545 0.35200000000000015
546 0.3512000000000001
547 0.3508000000000001
548 0.35000000000000014
549 0.35000000000000014
550 0.3496000000000001
551 0.3496000000000001
552 0.34920000000000007
553 0.34920000000000007
554 0.3488000000000001
555 0.3488000000000001
556 0.3488000000000001
557 0.3484000000000001
558 0.3484000000000001
559 0.3484000000000001
560 0.3480000000000001
561 0.3480000000000001
562 0.3476000000000001
563 0.34720000000000006
564 0.34720000000000006
565 0.34720000000000006
566 0.3460000000000001
567 0.3460000000000001
568 0.3460000000000001
569 0.3452
570 0.34480000000000005
571 0.34480000000000005
572 0.34480000000000005
573 0.34440000000000004
574 0.3440000000000001
575 0.3432
576 0.3428
577 0.3428
578 0.34240000000000004
579 0.34240000000000004
580 0.34240000000000004
581 0.34240000000000004
582 0.34240000000000004
583 0.34240000000000004
584 0.34240000000000004
585 0.34240000000000004
586 0.342
587 0.342
588 0.342
589 0.3416
590 0.3416
591 0.34120000000000006
592 0.34120000000000006
593 0.34120000000000006
594 0.34120000000000006
595 0.34080000000000005
596 0.34080000000000005
597 0.34080000000000005
598 0.34040000000000004
599 0.34040000000000004
600 0.34040000000000004
601 0.3400000000000001
602 0.33960000000000007
603 0.33960000000000007
604 0.33880000000000005
605 0.33840000000000003
606 0.338
607 0.338
608 0.338
609 0.33760000000000007
610 0.33760000000000007
611 0.33720000000000006
612 0.3364000000000001
613 0.3364000000000001
614 0.3364000000000001
615 0.3364000000000001
616 0.3360000000000001
617 0.3360000000000001
618 0.3352000000000001
619 0.3352000000000001
620 0.3348000000000001
621 0.33400000000000013
622 0.33400000000000013
623 0.33400000000000013
624 0.3336000000000001
625 0.3336000000000001
626 0.3336000000000001
627 0.33280000000000015
628 0.33280000000000015
629 0.33240000000000014
630 0.33240000000000014
631 0.33240000000000014
632 0.3320000000000001
633 0.3316000000000001
634 0.3312000000000001
635 0.33080000000000015
636 0.33040000000000014
637 0.3292000000000001
638 0.3280000000000001
639 0.3280000000000001
640 0.3280000000000001
641 0.3280000000000001
642 0.3272
643 0.3272
644 0.3268
645 0.3256
646 0.3256
647 0.3256
648 0.32520000000000004
649 0.32520000000000004
650 0.32520000000000004
651 0.32520000000000004
652 0.3244
653 0.3244
654 0.3244
655 0.3236
656 0.32280000000000003
657 0.3224
658 0.32160000000000005
659 0.32160000000000005
660 0.32000000000000006
661 0.32000000000000006
662 0.32000000000000006
663 0.32000000000000006
664 0.31960000000000005
665 0.31960000000000005
666 0.31960000000000005
667 0.31960000000000005
668 0.3184
669 0.3184
670 0.3184
671 0.3184
672 0.3184
673 0.318
674 0.318
675 0.318
676 0.318
677 0.318
678 0.318
679 0.3176
680 0.3176
681 0.31720000000000004
682 0.31720000000000004
683 0.3168
684 0.3168
685 0.3168
686 0.3164
687 0.3164
688 0.3164
689 0.31600000000000006
690 0.31600000000000006
691 0.31600000000000006
692 0.31560000000000005
693 0.3152000000000001
694 0.3152000000000001
695 0.3152000000000001
696 0.3152000000000001
697 0.3148000000000001
698 0.31440000000000007
699 0.31440000000000007
700 0.31440000000000007
701 0.31440000000000007
702 0.314
703 0.31360000000000005
704 0.31360000000000005
705 0.31360000000000005
706 0.31240000000000007
707 0.31160000000000004
708 0.31160000000000004
709 0.31160000000000004
710 0.31160000000000004
711 0.31160000000000004
712 0.31160000000000004
713 0.31160000000000004
714 0.31120000000000003
715 0.31120000000000003
716 0.31120000000000003
717 0.3108000000000001
718 0.3108000000000001
719 0.3108000000000001
720 0.30920000000000003
721 0.30920000000000003
722 0.30920000000000003
723 0.30920000000000003
724 0.30840000000000006
725 0.3076000000000001
726 0.3076000000000001
727 0.3072000000000001
728 0.3072000000000001
729 0.3072000000000001
730 0.3072000000000001
731 0.3068000000000001
732 0.3068000000000001
733 0.3068000000000001
734 0.30640000000000006
735 0.3060000000000001
736 0.3060000000000001
737 0.3048000000000001
738 0.3048000000000001
739 0.3048000000000001
740 0.3048000000000001
741 0.3048000000000001
742 0.30440000000000006
743 0.30440000000000006
744 0.3040000000000001
745 0.3040000000000001
746 0.3036000000000001
747 0.3036000000000001
748 0.3036000000000001
749 0.30320000000000014
750 0.30320000000000014
751 0.30320000000000014
752 0.30320000000000014
753 0.30320000000000014
754 0.3020000000000001
755 0.3016000000000001
756 0.3016000000000001
757 0.3016000000000001
758 0.3016000000000001
759 0.30120000000000013
760 0.3008000000000001
761 0.3004000000000001
762 0.2996000000000001
763 0.2996000000000001
764 0.2996000000000001
765 0.2996000000000001
766 0.2996000000000001
767 0.2996000000000001
768 0.2996000000000001
769 0.2996000000000001
770 0.2996000000000001
771 0.2992000000000001
772 0.2988000000000001
773 0.2988000000000001
774 0.2988000000000001
775 0.2988000000000001
776 0.2980000000000001
777 0.2980000000000001
778 0.2976000000000001
779 0.2972000000000001
780 0.2972000000000001
781 0.2968000000000001
782 0.2964000000000001
783 0.2960000000000001
784 0.2956000000000001
785 0.2956000000000001
786 0.2956000000000001
787 0.2956000000000001
788 0.2956000000000001
789 0.2956000000000001
790 0.2956000000000001
791 0.2956000000000001
792 0.2956000000000001
793 0.29520000000000013
794 0.2948000000000001
795 0.29400000000000015
796 0.29400000000000015
797 0.29400000000000015
798 0.29400000000000015
799 0.29400000000000015
800 0.29400000000000015
801 0.29400000000000015
802 0.29400000000000015
803 0.29360000000000014
804 0.29360000000000014
805 0.29360000000000014
806 0.29360000000000014
807 0.2932000000000001
808 0.29280000000000017
809 0.29280000000000017
810 0.29280000000000017
811 0.29280000000000017
812 0.29280000000000017
813 0.29280000000000017
814 0.29280000000000017
815 0.29280000000000017
816 0.29240000000000016
817 0.29240000000000016
818 0.29200000000000015
819 0.29200000000000015
820 0.29200000000000015
821 0.29200000000000015
822 0.29160000000000014
823 0.29160000000000014
824 0.29160000000000014
825 0.2912000000000001
826 0.2912000000000001
827 0.2912000000000001
828 0.2912000000000001
829 0.2912000000000001
830 0.2912000000000001
831 0.2908000000000001
832 0.2908000000000001
833 0.2908000000000001
834 0.2908000000000001
835 0.29040000000000016
836 0.2900000000000001
837 0.2900000000000001
838 0.2888000000000001
839 0.2888000000000001
840 0.2888000000000001
841 0.2884000000000001
842 0.2884000000000001
843 0.2884000000000001
844 0.2884000000000001
845 0.2880000000000001
846 0.2880000000000001
847 0.2880000000000001
848 0.2880000000000001
849 0.28760000000000013
850 0.28760000000000013
851 0.28760000000000013
852 0.2872000000000001
853 0.2872000000000001
854 0.2868000000000001
855 0.2868000000000001
856 0.2868000000000001
857 0.2860000000000001
858 0.2860000000000001
859 0.2860000000000001
860 0.2860000000000001
861 0.2860000000000001
862 0.2860000000000001
863 0.2860000000000001
864 0.2856000000000001
865 0.2852
866 0.2852
867 0.2852
868 0.2852
869 0.2852
870 0.2852
871 0.2852
872 0.2844
873 0.28400000000000003
874 0.28400000000000003
875 0.28400000000000003
876 0.28400000000000003
877 0.28400000000000003
878 0.28400000000000003
879 0.2836
880 0.2836
881 0.2836
882 0.2836
883 0.2836
884 0.2832
885 0.2832
886 0.2832
887 0.2828
888 0.2828
889 0.2828
890 0.2828
891 0.2828
892 0.2828
893 0.282
894 0.282
895 0.282
896 0.282
897 0.282
898 0.282
899 0.282
900 0.2816
901 0.28119999999999995
902 0.28119999999999995
903 0.28119999999999995
904 0.28119999999999995
905 0.28119999999999995
906 0.2808
907 0.2804
908 0.2804
909 0.2804
910 0.2804
911 0.2804
912 0.2804
913 0.2804
914 0.2804
915 0.2804
916 0.2804
917 0.2796
918 0.2796
919 0.2796
920 0.2796
921 0.2796
922 0.2792
923 0.2792
924 0.2784
925 0.2784
926 0.278
927 0.2776
928 0.2776
929 0.2776
930 0.2776
931 0.2776
932 0.2776
933 0.2764
934 0.2764
935 0.2764
936 0.2764
937 0.276
938 0.276
939 0.2756
940 0.2756
941 0.2756
942 0.2756
943 0.2756
944 0.2756
945 0.2756
946 0.2756
947 0.2756
948 0.2752
949 0.2748
950 0.2748
951 0.2748
952 0.27440000000000003
953 0.27440000000000003
954 0.274
955 0.274
956 0.2736
957 0.2736
958 0.27320000000000005
959 0.27320000000000005
960 0.27320000000000005
961 0.27320000000000005
962 0.27320000000000005
963 0.2728
964 0.2728
965 0.2728
966 0.2728
967 0.2728
968 0.2728
969 0.2728
970 0.2728
971 0.2728
972 0.27240000000000003
973 0.27240000000000003
974 0.272
975 0.272
976 0.272
977 0.272
978 0.272
979 0.272
980 0.27160000000000006
981 0.27160000000000006
982 0.27160000000000006
983 0.27160000000000006
984 0.27160000000000006
985 0.27160000000000006
986 0.27160000000000006
987 0.27160000000000006
988 0.27080000000000004
989 0.27080000000000004
990 0.27
991 0.27
992 0.2692
993 0.2688
994 0.2688
995 0.26839999999999997
996 0.26839999999999997
997 0.26839999999999997
998 0.26839999999999997
999 0.26839999999999997
1000 0.26839999999999997
1001 0.26839999999999997
1002 0.26839999999999997
1003 0.26839999999999997
1004 0.26839999999999997
1005 0.26839999999999997
1006 0.26839999999999997
1007 0.26839999999999997
1008 0.268
1009 0.268
1010 0.268
1011 0.268
1012 0.268
1013 0.268
1014 0.268
1015 0.2676
1016 0.2672
1017 0.2672
1018 0.2672
1019 0.2672
1020 0.2668
1021 0.2668
1022 0.2668
1023 0.2668
1024 0.2668
1025 0.2668
1026 0.2668
1027 0.2668
1028 0.2668
1029 0.26639999999999997
1030 0.26639999999999997
1031 0.26639999999999997
1032 0.26599999999999996
1033 0.26599999999999996
1034 0.26599999999999996
1035 0.2656
1036 0.2656
1037 0.2656
1038 0.2656
1039 0.2656
1040 0.2656
1041 0.2656
1042 0.2656
1043 0.2656
1044 0.2656
1045 0.2656
1046 0.2652
1047 0.2648
1048 0.2648
1049 0.2648
1050 0.2648
1051 0.2648
1052 0.2648
1053 0.2648
1054 0.2648
1055 0.2644
1056 0.2644
1057 0.2644
1058 0.264
1059 0.264
1060 0.264
1061 0.26360000000000006
1062 0.26360000000000006
1063 0.26360000000000006
1064 0.26360000000000006
1065 0.2632
1066 0.26280000000000003
1067 0.26280000000000003
1068 0.26280000000000003
1069 0.26280000000000003
1070 0.26280000000000003
1071 0.262
1072 0.262
1073 0.262
1074 0.262
1075 0.262
1076 0.262
1077 0.262
1078 0.262
1079 0.26160000000000005
1080 0.26160000000000005
1081 0.26160000000000005
1082 0.26080000000000003
1083 0.26080000000000003
1084 0.26080000000000003
1085 0.2604
1086 0.26
1087 0.26
1088 0.26
1089 0.25960000000000005
1090 0.25920000000000004
1091 0.25920000000000004
1092 0.25920000000000004
1093 0.25920000000000004
1094 0.25920000000000004
1095 0.25920000000000004
1096 0.25880000000000003
1097 0.25880000000000003
1098 0.258
1099 0.258
1100 0.258
1101 0.258
1102 0.258
1103 0.258
1104 0.258
1105 0.258
1106 0.258
1107 0.258
1108 0.258
1109 0.258
1110 0.258
1111 0.2576
1112 0.2576
1113 0.2576
1114 0.2576
1115 0.2576
1116 0.2576
1117 0.25720000000000004
1118 0.25720000000000004
1119 0.25720000000000004
1120 0.25720000000000004
1121 0.25720000000000004
1122 0.25720000000000004
1123 0.25720000000000004
1124 0.25720000000000004
1125 0.25720000000000004
1126 0.25720000000000004
1127 0.25720000000000004
1128 0.25720000000000004
1129 0.25720000000000004
1130 0.25720000000000004
1131 0.25680000000000003
1132 0.2564
1133 0.2564
1134 0.256
1135 0.256
1136 0.256
1137 0.256
1138 0.256
1139 0.256
1140 0.256
1141 0.256
1142 0.256
1143 0.256
1144 0.256
1145 0.256
1146 0.256
1147 0.256
1148 0.256
1149 0.256
1150 0.256
1151 0.256
1152 0.256
1153 0.256
1154 0.256
1155 0.256
1156 0.25560000000000005
1157 0.25560000000000005
1158 0.25560000000000005
1159 0.25560000000000005
1160 0.25560000000000005
1161 0.25560000000000005
1162 0.25560000000000005
1163 0.25560000000000005
1164 0.25520000000000004
1165 0.25520000000000004
1166 0.25520000000000004
1167 0.25520000000000004
1168 0.25520000000000004
1169 0.25520000000000004
1170 0.25520000000000004
1171 0.25520000000000004
1172 0.25520000000000004
1173 0.25520000000000004
1174 0.25520000000000004
1175 0.25520000000000004
1176 0.25520000000000004
1177 0.2548
1178 0.2548
1179 0.2548
1180 0.2548
1181 0.2548
1182 0.2548
1183 0.2548
1184 0.2548
1185 0.2548
1186 0.2548
1187 0.2544
1188 0.254
1189 0.254
1190 0.254
1191 0.25360000000000005
1192 0.25360000000000005
1193 0.25360000000000005
1194 0.25360000000000005
1195 0.2532
1196 0.2532
1197 0.2528
1198 0.2528
1199 0.2528
1200 0.2528
1201 0.2528
1202 0.2528
1203 0.2528
1204 0.2528
1205 0.2528
1206 0.2528
1207 0.2528
1208 0.2528
1209 0.2528
1210 0.2528
1211 0.2528
1212 0.2528
1213 0.2528
1214 0.2528
1215 0.2528
1216 0.2524
1217 0.2524
1218 0.2524
1219 0.2524
1220 0.2524
1221 0.252
1222 0.2516
1223 0.2516
1224 0.2516
1225 0.2516
1226 0.2516
1227 0.2516
1228 0.2516
1229 0.2516
1230 0.2516
1231 0.2516
1232 0.2516
1233 0.2516
1234 0.2516
1235 0.2516
1236 0.2516
1237 0.25120000000000003
1238 0.25120000000000003
1239 0.25120000000000003
1240 0.25120000000000003
1241 0.25120000000000003
1242 0.25120000000000003
1243 0.25120000000000003
1244 0.2508
1245 0.2508
1246 0.2508
1247 0.2508
1248 0.2508
1249 0.2508
1250 0.2504
1251 0.2504
1252 0.2504
1253 0.2504
1254 0.2504
1255 0.2504
1256 0.2504
1257 0.2504
1258 0.2504
1259 0.2504
1260 0.2504
1261 0.2504
1262 0.25
1263 0.25
1264 0.25
1265 0.25
1266 0.25
1267 0.25
1268 0.25
1269 0.25
1270 0.25
1271 0.25
1272 0.25
1273 0.25
1274 0.25
1275 0.25
1276 0.24959999999999996
1277 0.2488
1278 0.2488
1279 0.2488
1280 0.2488
1281 0.2488
1282 0.2488
1283 0.2488
1284 0.2488
1285 0.2488
1286 0.2488
1287 0.2488
1288 0.2488
1289 0.2488
1290 0.2488
1291 0.2488
1292 0.2488
1293 0.24839999999999995
1294 0.24839999999999995
1295 0.24839999999999995
1296 0.24839999999999995
1297 0.24839999999999995
1298 0.24839999999999995
1299 0.24839999999999995
1300 0.24839999999999995
1301 0.24839999999999995
1302 0.24839999999999995
1303 0.24839999999999995
1304 0.24839999999999995
1305 0.24839999999999995
1306 0.24839999999999995
1307 0.24839999999999995
1308 0.24839999999999995
1309 0.24839999999999995
1310 0.24839999999999995
1311 0.24839999999999995
1312 0.24839999999999995
1313 0.24839999999999995
1314 0.24839999999999995
1315 0.24839999999999995
1316 0.24839999999999995
1317 0.24839999999999995
1318 0.24799999999999997
1319 0.24799999999999997
1320 0.24799999999999997
1321 0.24799999999999997
1322 0.24799999999999997
1323 0.24799999999999997
1324 0.24799999999999997
1325 0.24799999999999997
1326 0.24799999999999997
1327 0.24799999999999997
1328 0.2476
1329 0.2476
1330 0.2476
1331 0.24719999999999998
1332 0.24719999999999998
1333 0.24719999999999998
1334 0.24719999999999998
1335 0.24719999999999998
1336 0.24679999999999996
1337 0.24679999999999996
1338 0.24679999999999996
1339 0.24639999999999998
1340 0.24639999999999998
1341 0.24639999999999998
1342 0.24639999999999998
1343 0.24639999999999998
1344 0.24639999999999998
1345 0.24639999999999998
1346 0.24639999999999998
1347 0.24639999999999998
1348 0.24599999999999997
1349 0.24599999999999997
1350 0.24599999999999997
1351 0.24599999999999997
1352 0.24599999999999997
1353 0.24599999999999997
1354 0.24599999999999997
1355 0.24599999999999997
1356 0.24599999999999997
1357 0.24599999999999997
1358 0.24599999999999997
1359 0.24599999999999997
1360 0.24599999999999997
1361 0.24599999999999997
1362 0.24599999999999997
1363 0.24599999999999997
1364 0.24599999999999997
1365 0.24599999999999997
1366 0.24599999999999997
1367 0.24599999999999997
1368 0.24599999999999997
1369 0.24599999999999997
1370 0.24599999999999997
1371 0.24599999999999997
1372 0.24599999999999997
1373 0.24559999999999996
1374 0.24559999999999996
1375 0.24559999999999996
1376 0.24559999999999996
1377 0.24559999999999996
1378 0.24559999999999996
1379 0.24559999999999996
1380 0.24559999999999996
1381 0.24559999999999996
1382 0.24559999999999996
1383 0.24559999999999996
1384 0.24559999999999996
1385 0.24559999999999996
1386 0.24559999999999996
1387 0.24559999999999996
1388 0.24559999999999996
1389 0.24559999999999996
1390 0.24519999999999997
1391 0.24479999999999996
1392 0.24479999999999996
1393 0.24479999999999996
1394 0.24479999999999996
1395 0.24479999999999996
1396 0.24479999999999996
1397 0.24479999999999996
1398 0.24479999999999996
1399 0.24479999999999996
1400 0.24479999999999996
1401 0.24479999999999996
1402 0.24479999999999996
1403 0.24439999999999998
1404 0.24359999999999998
1405 0.24359999999999998
1406 0.24359999999999998
1407 0.24359999999999998
1408 0.2432
1409 0.2432
1410 0.24280000000000002
1411 0.24280000000000002
1412 0.24280000000000002
1413 0.24280000000000002
1414 0.24280000000000002
1415 0.24280000000000002
1416 0.24280000000000002
1417 0.24280000000000002
1418 0.24280000000000002
1419 0.24240000000000003
1420 0.24240000000000003
1421 0.24240000000000003
1422 0.24240000000000003
1423 0.24240000000000003
1424 0.24200000000000002
1425 0.24200000000000002
1426 0.24200000000000002
1427 0.24200000000000002
1428 0.24200000000000002
1429 0.24200000000000002
1430 0.24200000000000002
1431 0.24200000000000002
1432 0.24200000000000002
1433 0.24200000000000002
1434 0.24200000000000002
1435 0.24200000000000002
1436 0.24200000000000002
1437 0.24200000000000002
1438 0.24200000000000002
1439 0.24200000000000002
1440 0.24200000000000002
1441 0.24200000000000002
1442 0.24200000000000002
1443 0.24200000000000002
1444 0.24200000000000002
1445 0.24200000000000002
1446 0.24200000000000002
1447 0.24200000000000002
1448 0.24200000000000002
1449 0.24200000000000002
1450 0.24200000000000002
1451 0.24200000000000002
1452 0.24200000000000002
1453 0.24200000000000002
1454 0.24200000000000002
1455 0.24200000000000002
1456 0.24200000000000002
1457 0.24200000000000002
1458 0.24200000000000002
1459 0.24200000000000002
1460 0.24200000000000002
1461 0.24200000000000002
1462 0.24200000000000002
1463 0.24200000000000002
1464 0.24200000000000002
1465 0.24200000000000002
1466 0.24200000000000002
1467 0.24160000000000004
1468 0.24160000000000004
1469 0.24160000000000004
1470 0.24160000000000004
1471 0.24080000000000001
1472 0.24080000000000001
1473 0.24080000000000001
1474 0.24080000000000001
1475 0.24080000000000001
1476 0.24080000000000001
1477 0.24080000000000001
1478 0.24080000000000001
1479 0.24080000000000001
1480 0.24080000000000001
1481 0.24080000000000001
1482 0.24080000000000001
1483 0.24080000000000001
1484 0.24080000000000001
1485 0.24040000000000003
1486 0.24040000000000003
1487 0.24040000000000003
1488 0.24040000000000003
1489 0.24040000000000003
1490 0.24040000000000003
1491 0.24040000000000003
1492 0.24040000000000003
1493 0.24040000000000003
1494 0.24000000000000005
1495 0.24000000000000005
1496 0.24000000000000005
1497 0.24000000000000005
1498 0.24000000000000005
1499 0.24000000000000005
1500 0.24000000000000005
1501 0.24000000000000005
1502 0.24000000000000005
1503 0.24000000000000005
1504 0.24000000000000005
1505 0.24000000000000005
1506 0.23960000000000004
1507 0.23920000000000005
1508 0.23920000000000005
1509 0.23920000000000005
1510 0.23920000000000005
1511 0.23920000000000005
1512 0.23920000000000005
1513 0.23920000000000005
1514 0.23920000000000005
1515 0.23920000000000005
1516 0.23920000000000005
1517 0.23920000000000005
1518 0.23920000000000005
1519 0.23920000000000005
1520 0.23920000000000005
1521 0.23920000000000005
1522 0.23920000000000005
1523 0.23920000000000005
1524 0.23920000000000005
1525 0.23920000000000005
1526 0.2388
1527 0.2388
1528 0.2388
1529 0.2388
1530 0.2388
1531 0.2388
1532 0.2388
1533 0.2388
1534 0.2388
1535 0.2388
1536 0.2388
1537 0.2388
1538 0.2388
1539 0.23840000000000003
1540 0.23840000000000003
1541 0.23840000000000003
1542 0.23840000000000003
1543 0.23800000000000004
1544 0.23760000000000006
1545 0.23760000000000006
1546 0.23720000000000005
1547 0.23720000000000005
1548 0.23720000000000005
1549 0.23720000000000005
1550 0.23720000000000005
1551 0.23720000000000005
1552 0.23720000000000005
1553 0.23640000000000005
1554 0.23600000000000004
1555 0.23600000000000004
1556 0.23560000000000006
1557 0.23560000000000006
1558 0.23560000000000006
1559 0.23560000000000006
1560 0.23560000000000006
1561 0.23560000000000006
1562 0.23560000000000006
1563 0.23560000000000006
1564 0.23560000000000006
1565 0.23560000000000006
1566 0.23560000000000006
1567 0.23560000000000006
1568 0.23560000000000006
1569 0.23560000000000006
1570 0.23560000000000006
1571 0.23520000000000008
1572 0.23520000000000008
1573 0.23520000000000008
1574 0.23520000000000008
1575 0.23520000000000008
1576 0.23520000000000008
1577 0.23520000000000008
1578 0.23520000000000008
1579 0.23520000000000008
1580 0.23520000000000008
1581 0.23520000000000008
1582 0.23520000000000008
1583 0.23520000000000008
1584 0.23520000000000008
1585 0.23520000000000008
1586 0.23520000000000008
1587 0.23520000000000008
1588 0.23520000000000008
1589 0.23520000000000008
1590 0.23520000000000008
1591 0.23520000000000008
1592 0.23520000000000008
1593 0.23520000000000008
1594 0.23520000000000008
1595 0.23520000000000008
1596 0.23520000000000008
1597 0.23480000000000004
1598 0.23480000000000004
1599 0.23480000000000004
1600 0.23480000000000004
1601 0.23480000000000004
1602 0.23480000000000004
1603 0.23440000000000005
1604 0.23440000000000005
1605 0.23440000000000005
1606 0.23440000000000005
1607 0.23440000000000005
1608 0.23440000000000005
1609 0.23440000000000005
1610 0.23440000000000005
1611 0.23440000000000005
1612 0.23440000000000005
1613 0.23440000000000005
1614 0.23440000000000005
1615 0.23440000000000005
1616 0.23440000000000005
1617 0.23440000000000005
1618 0.23440000000000005
1619 0.23440000000000005
1620 0.23440000000000005
1621 0.23440000000000005
1622 0.23440000000000005
1623 0.23440000000000005
1624 0.23440000000000005
1625 0.23400000000000007
1626 0.23400000000000007
1627 0.23400000000000007
1628 0.23320000000000007
1629 0.23320000000000007
1630 0.23320000000000007
1631 0.23320000000000007
1632 0.23320000000000007
1633 0.23320000000000007
1634 0.23320000000000007
1635 0.23320000000000007
1636 0.23320000000000007
1637 0.23320000000000007
1638 0.23320000000000007
1639 0.23320000000000007
1640 0.23320000000000007
1641 0.23320000000000007
1642 0.23240000000000005
1643 0.23240000000000005
1644 0.23200000000000007
1645 0.23200000000000007
1646 0.23120000000000004
1647 0.23120000000000004
1648 0.23120000000000004
1649 0.23120000000000004
1650 0.23120000000000004
1651 0.23120000000000004
1652 0.23120000000000004
1653 0.23120000000000004
1654 0.23120000000000004
1655 0.2304
1656 0.2304
1657 0.2304
1658 0.2304
1659 0.2304
1660 0.2304
1661 0.2304
1662 0.2304
1663 0.2304
1664 0.2304
1665 0.2304
1666 0.2304
1667 0.2304
1668 0.2304
1669 0.2304
1670 0.2304
1671 0.2304
1672 0.2304
1673 0.23
1674 0.23
1675 0.23
1676 0.23
1677 0.23
1678 0.23
1679 0.23
1680 0.23
1681 0.23
1682 0.23
1683 0.23
1684 0.23
1685 0.23
1686 0.23
1687 0.2296
1688 0.2296
1689 0.2296
1690 0.2296
1691 0.2296
1692 0.2296
1693 0.2296
1694 0.2296
1695 0.2296
1696 0.2296
1697 0.22920000000000001
1698 0.22920000000000001
1699 0.22920000000000001
1700 0.22920000000000001
1701 0.22920000000000001
1702 0.22920000000000001
1703 0.22880000000000003
1704 0.22880000000000003
1705 0.22880000000000003
1706 0.22880000000000003
1707 0.22880000000000003
1708 0.22880000000000003
1709 0.22880000000000003
1710 0.22880000000000003
1711 0.22880000000000003
1712 0.22880000000000003
1713 0.2284
1714 0.2284
1715 0.2284
1716 0.2284
1717 0.2284
1718 0.2284
1719 0.2284
1720 0.228
1721 0.228
1722 0.228
1723 0.22760000000000002
1724 0.22760000000000002
1725 0.22760000000000002
1726 0.22760000000000002
1727 0.22760000000000002
1728 0.22719999999999999
1729 0.22719999999999999
1730 0.22719999999999999
1731 0.22719999999999999
1732 0.22719999999999999
1733 0.22719999999999999
1734 0.22719999999999999
1735 0.22719999999999999
1736 0.22719999999999999
1737 0.22719999999999999
1738 0.22719999999999999
1739 0.22719999999999999
1740 0.22719999999999999
1741 0.22719999999999999
1742 0.2268
1743 0.2268
1744 0.2268
1745 0.2268
1746 0.2268
1747 0.2268
1748 0.2268
1749 0.2268
1750 0.2268
1751 0.2268
1752 0.2268
1753 0.2268
1754 0.2268
1755 0.2268
1756 0.2268
1757 0.2268
1758 0.2268
1759 0.22640000000000002
1760 0.226
1761 0.226
1762 0.226
1763 0.226
1764 0.22560000000000002
1765 0.22560000000000002
1766 0.22560000000000002
1767 0.22560000000000002
1768 0.22560000000000002
1769 0.22560000000000002
1770 0.22560000000000002
1771 0.22560000000000002
1772 0.22560000000000002
1773 0.22520000000000004
1774 0.22520000000000004
1775 0.22520000000000004
1776 0.22520000000000004
1777 0.22520000000000004
1778 0.22520000000000004
1779 0.22520000000000004
1780 0.22520000000000004
1781 0.22520000000000004
1782 0.22520000000000004
1783 0.22520000000000004
1784 0.22520000000000004
1785 0.22520000000000004
1786 0.22520000000000004
1787 0.22520000000000004
1788 0.22520000000000004
1789 0.22520000000000004
1790 0.22520000000000004
1791 0.22520000000000004
1792 0.22520000000000004
1793 0.22520000000000004
1794 0.22520000000000004
1795 0.22520000000000004
1796 0.22520000000000004
1797 0.22520000000000004
1798 0.22520000000000004
1799 0.22520000000000004
1800 0.22520000000000004
1801 0.2248
1802 0.2248
1803 0.2248
1804 0.2248
1805 0.2248
1806 0.2248
1807 0.2248
1808 0.2248
1809 0.2248
1810 0.2248
1811 0.22440000000000002
1812 0.22440000000000002
1813 0.22440000000000002
1814 0.22440000000000002
1815 0.22440000000000002
1816 0.22440000000000002
1817 0.22440000000000002
1818 0.22440000000000002
1819 0.22440000000000002
1820 0.22440000000000002
1821 0.22440000000000002
1822 0.22440000000000002
1823 0.22440000000000002
1824 0.22440000000000002
1825 0.22440000000000002
1826 0.22440000000000002
1827 0.22440000000000002
1828 0.22440000000000002
1829 0.22400000000000003
1830 0.22400000000000003
1831 0.22360000000000002
1832 0.22360000000000002
1833 0.22360000000000002
1834 0.22360000000000002
1835 0.22360000000000002
1836 0.22360000000000002
1837 0.22360000000000002
1838 0.22360000000000002
1839 0.22360000000000002
1840 0.2232
1841 0.2232
1842 0.2232
1843 0.2232
1844 0.2232
1845 0.2232
1846 0.22279999999999997
1847 0.22279999999999997
1848 0.22239999999999996
1849 0.22239999999999996
1850 0.22239999999999996
1851 0.22239999999999996
1852 0.22239999999999996
1853 0.22239999999999996
1854 0.22239999999999996
1855 0.22239999999999996
1856 0.22199999999999995
1857 0.22199999999999995
1858 0.22199999999999995
1859 0.22199999999999995
1860 0.22199999999999995
1861 0.22199999999999995
1862 0.22199999999999995
1863 0.22199999999999995
1864 0.22159999999999996
1865 0.22159999999999996
1866 0.22159999999999996
1867 0.22159999999999996
1868 0.22159999999999996
1869 0.22159999999999996
1870 0.22159999999999996
1871 0.22159999999999996
1872 0.22159999999999996
1873 0.22119999999999998
1874 0.22119999999999998
1875 0.22119999999999998
1876 0.22119999999999998
1877 0.22119999999999998
1878 0.22119999999999998
1879 0.22119999999999998
1880 0.22119999999999998
1881 0.22119999999999998
1882 0.22119999999999998
1883 0.22119999999999998
1884 0.22119999999999998
1885 0.22079999999999994
1886 0.22079999999999994
1887 0.22079999999999994
1888 0.22079999999999994
1889 0.22079999999999994
1890 0.22079999999999994
1891 0.22079999999999994
1892 0.22079999999999994
1893 0.22079999999999994
1894 0.22079999999999994
1895 0.22079999999999994
1896 0.22079999999999994
1897 0.22079999999999994
1898 0.22079999999999994
1899 0.22039999999999996
1900 0.22039999999999996
1901 0.22039999999999996
1902 0.22039999999999996
1903 0.22039999999999996
1904 0.22039999999999996
1905 0.22039999999999996
1906 0.22039999999999996
1907 0.22039999999999996
1908 0.22039999999999996
1909 0.22039999999999996
1910 0.22039999999999996
1911 0.22039999999999996
1912 0.22039999999999996
1913 0.22039999999999996
1914 0.22039999999999996
1915 0.22039999999999996
1916 0.22039999999999996
1917 0.22039999999999996
1918 0.22039999999999996
1919 0.22039999999999996
1920 0.22039999999999996
1921 0.22039999999999996
1922 0.22039999999999996
1923 0.22039999999999996
1924 0.21999999999999997
1925 0.21999999999999997
1926 0.21999999999999997
1927 0.21999999999999997
1928 0.21999999999999997
1929 0.21999999999999997
1930 0.21999999999999997
1931 0.21999999999999997
1932 0.21999999999999997
1933 0.21959999999999996
1934 0.21959999999999996
1935 0.21959999999999996
1936 0.21959999999999996
1937 0.21919999999999998
1938 0.21879999999999997
1939 0.21879999999999997
1940 0.21879999999999997
1941 0.21879999999999997
1942 0.21879999999999997
1943 0.21879999999999997
1944 0.21839999999999996
1945 0.21839999999999996
1946 0.21799999999999997
1947 0.21799999999999997
1948 0.21799999999999997
1949 0.21799999999999997
1950 0.21799999999999997
1951 0.21799999999999997
1952 0.21799999999999997
1953 0.21799999999999997
1954 0.21799999999999997
1955 0.21799999999999997
1956 0.21799999999999997
1957 0.21799999999999997
1958 0.21799999999999997
1959 0.21799999999999997
1960 0.21799999999999997
1961 0.21799999999999997
1962 0.21799999999999997
1963 0.21799999999999997
1964 0.21799999999999997
1965 0.21799999999999997
1966 0.21799999999999997
1967 0.21799999999999997
1968 0.21799999999999997
1969 0.21799999999999997
1970 0.21799999999999997
1971 0.21799999999999997
1972 0.21799999999999997
1973 0.2176
1974 0.2176
1975 0.2176
1976 0.2176
1977 0.2176
1978 0.2176
1979 0.2176
1980 0.2176
1981 0.2176
1982 0.2176
1983 0.2176
1984 0.2176
1985 0.2176
1986 0.2176
1987 0.2176
1988 0.2176
1989 0.2176
1990 0.2176
1991 0.2176
1992 0.2176
1993 0.2176
1994 0.2176
1995 0.2176
1996 0.2176
1997 0.21719999999999998
1998 0.21719999999999998
1999 0.21719999999999998
