1 1.0
2 1.0
3 1.0
4 1.0
5 1.0
6 1.0
7 1.0
8 1.0
9 1.0
10 1.0
11 1.0
12 1.0
13 1.0
14 1.0
15 1.0
16 0.9940000000000001
17 0.9940000000000001
18 0.9940000000000001
19 0.9940000000000001
20 0.9940000000000001
21 0.9940000000000001
22 0.9940000000000001
23 0.9940000000000001
24 0.9940000000000001
25 0.9940000000000001
26 0.9940000000000001
27 0.9940000000000001
28 0.9940000000000001
29 0.9940000000000001
30 0.9940000000000001
31 0.9940000000000001
32 0.9940000000000001
33 0.9940000000000001
34 0.9940000000000001
35 0.9940000000000001
36 0.9940000000000001
37 0.9940000000000001
38 0.9940000000000001
39 0.9940000000000001
40 0.9940000000000001
41 0.9940000000000001
42 0.9940000000000001
43 0.9940000000000001
44 0.9940000000000001
45 0.9940000000000001
46 0.9940000000000001
47 0.9940000000000001
48 0.9920000000000002
49 0.9920000000000002
50 0.9920000000000002
51 0.9920000000000002
52 0.9920000000000002
53 0.9920000000000002
54 0.9920000000000002
55 0.9920000000000002
56 0.9920000000000002
57 0.9920000000000002
58 0.9920000000000002
59 0.9920000000000002
60 0.9920000000000002
61 0.9920000000000002
62 0.9920000000000002
63 0.9920000000000002
64 0.9920000000000002
65 0.9920000000000002
66 0.9920000000000002
67 0.9920000000000002
68 0.9920000000000002
69 0.9920000000000002
70 0.9920000000000002
71 0.9920000000000002
72 0.9920000000000002
73 0.9920000000000002
74 0.9920000000000002
75 0.9920000000000002
76 0.9920000000000002
77 0.9920000000000002
78 0.9920000000000002
79 0.9920000000000002
80 0.9920000000000002
81 0.9920000000000002
82 0.9920000000000002
83 0.9920000000000002
84 0.9920000000000002
85 0.9920000000000002
86 0.9920000000000002
87 0.9920000000000002
88 0.9920000000000002
89 0.9920000000000002
90 0.9920000000000002
91 0.9920000000000002
92 0.9920000000000002
93 0.9920000000000002
94 0.9920000000000002
95 0.9920000000000002
96 0.9920000000000002
97 0.9920000000000002
98 0.9920000000000002
99 0.9920000000000002
100 0.9920000000000002
101 0.9920000000000002
102 0.9920000000000002
103 0.9920000000000002
104 0.9920000000000002
105 0.9920000000000002
106 0.9920000000000002
107 0.9920000000000002
108 0.9920000000000002
109 0.9920000000000002
110 0.9920000000000002
111 0.9920000000000002
112 0.9920000000000002
113 0.9920000000000002
114 0.9920000000000002
115 0.9920000000000002
116 0.9920000000000002
117 0.9920000000000002
118 0.9920000000000002
119 0.9920000000000002
120 0.9920000000000002
121 0.9920000000000002
122 0.9920000000000002
123 0.9920000000000002
124 0.9920000000000002
125 0.9920000000000002
126 0.9920000000000002
127 0.9920000000000002
128 0.9920000000000002
129 0.9920000000000002
130 0.9920000000000002
131 0.9920000000000002
132 0.9920000000000002
133 0.9920000000000002
134 0.9920000000000002
135 0.9920000000000002
136 0.9920000000000002
137 0.9920000000000002
138 0.9920000000000002
139 0.9920000000000002
140 0.9920000000000002
141 0.9920000000000002
142 0.9920000000000002
143 0.9920000000000002
144 0.9920000000000002
145 0.9920000000000002
146 0.9920000000000002
147 0.9920000000000002
148 0.9920000000000002
149 0.9920000000000002
150 0.9920000000000002
151 0.9920000000000002
152 0.9920000000000002
153 0.9920000000000002
154 0.9920000000000002
155 0.9920000000000002
156 0.9920000000000002
157 0.9920000000000002
158 0.9920000000000002
159 0.9920000000000002
160 0.9920000000000002
161 0.9920000000000002
162 0.9920000000000002
163 0.9920000000000002
164 0.9920000000000002
165 0.9920000000000002
166 0.9920000000000002
167 0.9920000000000002
168 0.9920000000000002
169 0.9920000000000002
170 0.9920000000000002
171 0.9920000000000002
172 0.9920000000000002
173 0.9920000000000002
174 0.9920000000000002
175 0.9920000000000002
176 0.9920000000000002
177 0.9920000000000002
178 0.9920000000000002
179 0.9920000000000002
180 0.9920000000000002
181 0.9920000000000002
182 0.9920000000000002
183 0.9920000000000002
184 0.9920000000000002
185 0.9920000000000002
186 0.9920000000000002
187 0.9920000000000002
188 0.9920000000000002
189 0.9920000000000002
190 0.9920000000000002
191 0.9920000000000002
192 0.9920000000000002
193 0.9920000000000002
194 0.9920000000000002
195 0.9920000000000002
196 0.9920000000000002
197 0.9920000000000002
198 0.9920000000000002
199 0.9920000000000002
200 0.9920000000000002
201 0.9920000000000002
202 0.9920000000000002
203 0.9920000000000002
204 0.9920000000000002
205 0.9920000000000002
206 0.9920000000000002
207 0.9920000000000002
208 0.9920000000000002
209 0.9920000000000002
210 0.9920000000000002
211 0.9920000000000002
212 0.9920000000000002
213 0.9920000000000002
214 0.9920000000000002
215 0.9920000000000002
216 0.9920000000000002
217 0.9920000000000002
218 0.9920000000000002
219 0.9920000000000002
220 0.9920000000000002
221 0.9920000000000002
222 0.9920000000000002
223 0.9920000000000002
224 0.9920000000000002
225 0.9920000000000002
226 0.9920000000000002
227 0.9920000000000002
228 0.9920000000000002
229 0.9920000000000002
230 0.9920000000000002
231 0.9920000000000002
232 0.9920000000000002
233 0.9920000000000002
234 0.9920000000000002
235 0.9920000000000002
236 0.9920000000000002
237 0.9920000000000002
238 0.9920000000000002
239 0.9920000000000002
240 0.9920000000000002
241 0.9920000000000002
242 0.9920000000000002
243 0.9920000000000002
244 0.9920000000000002
245 0.9920000000000002
246 0.9920000000000002
247 0.9920000000000002
248 0.9920000000000002
249 0.9920000000000002
250 0.9920000000000002
251 0.9920000000000002
252 0.9920000000000002
253 0.9920000000000002
254 0.9920000000000002
255 0.9920000000000002
256 0.9920000000000002
257 0.9920000000000002
258 0.9920000000000002
259 0.9920000000000002
260 0.9920000000000002
261 0.9920000000000002
262 0.9920000000000002
263 0.9920000000000002
264 0.9920000000000002
265 0.9920000000000002
266 0.9920000000000002
267 0.9920000000000002
268 0.9920000000000002
269 0.9920000000000002
270 0.9920000000000002
271 0.9920000000000002
272 0.9920000000000002
273 0.9920000000000002
274 0.9920000000000002
275 0.9920000000000002
276 0.9920000000000002
277 0.9920000000000002
278 0.9920000000000002
279 0.9920000000000002
280 0.9920000000000002
281 0.9920000000000002
282 0.9920000000000002
283 0.9920000000000002
284 0.9920000000000002
285 0.9920000000000002
286 0.9920000000000002
287 0.9920000000000002
288 0.9920000000000002
289 0.9920000000000002
290 0.9920000000000002
291 0.9920000000000002
292 0.9920000000000002
293 0.9920000000000002
294 0.9920000000000002
295 0.9920000000000002
296 0.9920000000000002
297 0.9920000000000002
298 0.9920000000000002
299 0.9920000000000002
300 0.9920000000000002
301 0.9920000000000002
302 0.9920000000000002
303 0.9920000000000002
304 0.9920000000000002
305 0.9920000000000002
306 0.9920000000000002
307 0.9920000000000002
308 0.9920000000000002
309 0.9920000000000002
310 0.9920000000000002
311 0.9920000000000002
312 0.9920000000000002
313 0.9920000000000002
314 0.9920000000000002
315 0.9920000000000002
316 0.9920000000000002
317 0.9920000000000002
318 0.9920000000000002
319 0.9920000000000002
320 0.9920000000000002
321 0.9920000000000002
322 0.9920000000000002
323 0.9920000000000002
324 0.9920000000000002
325 0.9920000000000002
326 0.9920000000000002
327 0.9920000000000002
328 0.9920000000000002
329 0.9920000000000002
330 0.9920000000000002
331 0.9920000000000002
332 0.9920000000000002
333 0.9920000000000002
334 0.9920000000000002
335 0.9920000000000002
336 0.9920000000000002
337 0.9920000000000002
338 0.9920000000000002
339 0.9920000000000002
340 0.9920000000000002
341 0.9920000000000002
342 0.9920000000000002
343 0.9920000000000002
344 0.9920000000000002
345 0.9920000000000002
346 0.9920000000000002
347 0.9920000000000002
348 0.9920000000000002
349 0.9920000000000002
350 0.9920000000000002
351 0.9920000000000002
352 0.9920000000000002
353 0.9920000000000002
354 0.9920000000000002
355 0.9920000000000002
356 0.9920000000000002
357 0.9920000000000002
358 0.9920000000000002
359 0.9920000000000002
360 0.9920000000000002
361 0.9920000000000002
362 0.9920000000000002
363 0.9920000000000002
364 0.9920000000000002
365 0.9920000000000002
366 0.9920000000000002
367 0.9920000000000002
368 0.9920000000000002
369 0.9920000000000002
370 0.9920000000000002
371 0.9920000000000002
372 0.9920000000000002
373 0.9920000000000002
374 0.9920000000000002
375 0.9920000000000002
376 0.9920000000000002
377 0.9920000000000002
378 0.9920000000000002
379 0.9920000000000002
380 0.9920000000000002
381 0.9920000000000002
382 0.9920000000000002
383 0.9920000000000002
384 0.9920000000000002
385 0.9920000000000002
386 0.9920000000000002
387 0.9920000000000002
388 0.9920000000000002
389 0.9920000000000002
390 0.9920000000000002
391 0.9920000000000002
392 0.9920000000000002
393 0.9920000000000002
394 0.9920000000000002
395 0.9920000000000002
396 0.9920000000000002
397 0.9920000000000002
398 0.9920000000000002
399 0.9920000000000002
400 0.9920000000000002
401 0.9920000000000002
402 0.9920000000000002
403 0.9920000000000002
404 0.9920000000000002
405 0.9920000000000002
406 0.9920000000000002
407 0.9920000000000002
408 0.9920000000000002
409 0.9920000000000002
410 0.9920000000000002
411 0.9920000000000002
412 0.9920000000000002
413 0.9920000000000002
414 0.9920000000000002
415 0.9920000000000002
416 0.9920000000000002
417 0.9920000000000002
418 0.9920000000000002
419 0.9920000000000002
420 0.9920000000000002
421 0.9920000000000002
422 0.9920000000000002
423 0.9920000000000002
424 0.9920000000000002
425 0.9920000000000002
426 0.9920000000000002
427 0.9920000000000002
428 0.9920000000000002
429 0.9920000000000002
430 0.9920000000000002
431 0.9920000000000002
432 0.9920000000000002
433 0.9920000000000002
434 0.9920000000000002
435 0.9920000000000002
436 0.9920000000000002
437 0.9920000000000002
438 0.9920000000000002
439 0.9920000000000002
440 0.9920000000000002
441 0.9920000000000002
442 0.9920000000000002
443 0.9920000000000002
444 0.9920000000000002
445 0.9920000000000002
446 0.9920000000000002
447 0.9920000000000002
448 0.9920000000000002
449 0.9920000000000002
450 0.9920000000000002
451 0.9920000000000002
452 0.9920000000000002
453 0.9920000000000002
454 0.9920000000000002
455 0.9920000000000002
456 0.9920000000000002
457 0.9920000000000002
458 0.9920000000000002
459 0.9920000000000002
460 0.9920000000000002
461 0.9920000000000002
462 0.9920000000000002
463 0.9920000000000002
464 0.9920000000000002
465 0.9920000000000002
466 0.9920000000000002
467 0.9920000000000002
468 0.9920000000000002
469 0.9920000000000002
470 0.9920000000000002
471 0.9920000000000002
472 0.9920000000000002
473 0.9920000000000002
474 0.9920000000000002
475 0.9920000000000002
476 0.9920000000000002
477 0.9920000000000002
478 0.9920000000000002
479 0.9920000000000002
480 0.9920000000000002
481 0.9920000000000002
482 0.9920000000000002
483 0.9920000000000002
484 0.9920000000000002
485 0.9920000000000002
486 0.9920000000000002
487 0.9920000000000002
488 0.9920000000000002
489 0.9920000000000002
490 0.9920000000000002
491 0.9920000000000002
492 0.9920000000000002
493 0.9920000000000002
494 0.9920000000000002
495 0.9920000000000002
496 0.9920000000000002
497 0.9920000000000002
498 0.9920000000000002
499 0.9920000000000002
500 0.9920000000000002
501 0.9920000000000002
502 0.9920000000000002
503 0.9920000000000002
504 0.9920000000000002
505 0.9920000000000002
506 0.9920000000000002
507 0.9920000000000002
508 0.9920000000000002
509 0.9920000000000002
510 0.9920000000000002
511 0.9920000000000002
512 0.9920000000000002
513 0.9920000000000002
514 0.9920000000000002
515 0.9920000000000002
516 0.9920000000000002
517 0.9920000000000002
518 0.9920000000000002
519 0.9920000000000002
520 0.9920000000000002
521 0.9920000000000002
522 0.9920000000000002
523 0.9920000000000002
524 0.9920000000000002
525 0.9920000000000002
526 0.9920000000000002
527 0.9920000000000002
528 0.9920000000000002
529 0.9920000000000002
530 0.9920000000000002
531 0.9920000000000002
532 0.9920000000000002
533 0.9920000000000002
534 0.9920000000000002
535 0.9920000000000002
536 0.9920000000000002
537 0.9920000000000002
538 0.9920000000000002
539 0.9920000000000002
540 0.9920000000000002
541 0.9920000000000002
542 0.9920000000000002
543 0.9920000000000002
544 0.9920000000000002
545 0.9920000000000002
546 0.9920000000000002
547 0.9920000000000002
548 0.9920000000000002
549 0.9920000000000002
550 0.9920000000000002
551 0.9920000000000002
552 0.9920000000000002
553 0.9920000000000002
554 0.9920000000000002
555 0.9920000000000002
556 0.9920000000000002
557 0.9920000000000002
558 0.9920000000000002
559 0.9920000000000002
560 0.9920000000000002
561 0.9920000000000002
562 0.9920000000000002
563 0.9920000000000002
564 0.9920000000000002
565 0.9920000000000002
566 0.9920000000000002
567 0.9920000000000002
568 0.9920000000000002
569 0.9920000000000002
570 0.9920000000000002
571 0.9920000000000002
572 0.9920000000000002
573 0.9920000000000002
574 0.9920000000000002
575 0.9920000000000002
576 0.9900000000000002
577 0.9900000000000002
578 0.9900000000000002
579 0.9900000000000002
580 0.9900000000000002
581 0.9900000000000002
582 0.9900000000000002
583 0.9900000000000002
584 0.9900000000000002
585 0.9900000000000002
586 0.9900000000000002
587 0.9900000000000002
588 0.9900000000000002
589 0.9900000000000002
590 0.9900000000000002
591 0.9900000000000002
592 0.9900000000000002
593 0.9900000000000002
594 0.9900000000000002
595 0.9900000000000002
596 0.9900000000000002
597 0.9900000000000002
598 0.9900000000000002
599 0.9900000000000002
600 0.9900000000000002
601 0.9900000000000002
602 0.9900000000000002
603 0.9900000000000002
604 0.9900000000000002
605 0.9900000000000002
606 0.9900000000000002
607 0.9900000000000002
608 0.9900000000000002
609 0.9900000000000002
610 0.9900000000000002
611 0.9900000000000002
612 0.9900000000000002
613 0.9900000000000002
614 0.9900000000000002
615 0.9900000000000002
616 0.9900000000000002
617 0.9900000000000002
618 0.9900000000000002
619 0.9900000000000002
620 0.9900000000000002
621 0.9900000000000002
622 0.9900000000000002
623 0.9900000000000002
624 0.9900000000000002
625 0.9900000000000002
626 0.9900000000000002
627 0.9900000000000002
628 0.9900000000000002
629 0.9900000000000002
630 0.9900000000000002
631 0.9900000000000002
632 0.9900000000000002
633 0.9900000000000002
634 0.9900000000000002
635 0.9900000000000002
636 0.9900000000000002
637 0.9900000000000002
638 0.9900000000000002
639 0.9900000000000002
640 0.9900000000000002
641 0.9900000000000002
642 0.9900000000000002
643 0.9900000000000002
644 0.9900000000000002
645 0.9900000000000002
646 0.9900000000000002
647 0.9900000000000002
648 0.9900000000000002
649 0.9900000000000002
650 0.9900000000000002
651 0.9900000000000002
652 0.9900000000000002
653 0.9900000000000002
654 0.9900000000000002
655 0.9900000000000002
656 0.9900000000000002
657 0.9900000000000002
658 0.9900000000000002
659 0.9900000000000002
660 0.9900000000000002
661 0.9900000000000002
662 0.9900000000000002
663 0.9900000000000002
664 0.9900000000000002
665 0.9900000000000002
666 0.9900000000000002
667 0.9900000000000002
668 0.9900000000000002
669 0.9900000000000002
670 0.9900000000000002
671 0.9900000000000002
672 0.9900000000000002
673 0.9900000000000002
674 0.9900000000000002
675 0.9900000000000002
676 0.9900000000000002
677 0.9900000000000002
678 0.9900000000000002
679 0.9900000000000002
680 0.9900000000000002
681 0.9900000000000002
682 0.9900000000000002
683 0.9900000000000002
684 0.9900000000000002
685 0.9900000000000002
686 0.9900000000000002
687 0.9900000000000002
688 0.9900000000000002
689 0.9900000000000002
690 0.9900000000000002
691 0.9900000000000002
692 0.9900000000000002
693 0.9900000000000002
694 0.9900000000000002
695 0.9900000000000002
696 0.9900000000000002
697 0.9900000000000002
698 0.9900000000000002
699 0.9900000000000002
700 0.9900000000000002
701 0.9900000000000002
702 0.9900000000000002
703 0.9900000000000002
704 0.9900000000000002
705 0.9900000000000002
706 0.9900000000000002
707 0.9900000000000002
708 0.9900000000000002
709 0.9900000000000002
710 0.9900000000000002
711 0.9900000000000002
712 0.9900000000000002
713 0.9900000000000002
714 0.9900000000000002
715 0.9900000000000002
716 0.9900000000000002
717 0.9900000000000002
718 0.9900000000000002
719 0.9900000000000002
720 0.9900000000000002
721 0.9900000000000002
722 0.9900000000000002
723 0.9900000000000002
724 0.9900000000000002
725 0.9900000000000002
726 0.9900000000000002
727 0.9900000000000002
728 0.9900000000000002
729 0.9900000000000002
730 0.9900000000000002
731 0.9900000000000002
732 0.9900000000000002
733 0.9900000000000002
734 0.9900000000000002
735 0.9900000000000002
736 0.9900000000000002
737 0.9900000000000002
738 0.9900000000000002
739 0.9900000000000002
740 0.9900000000000002
741 0.9900000000000002
742 0.9900000000000002
743 0.9900000000000002
744 0.9900000000000002
745 0.9900000000000002
746 0.9900000000000002
747 0.9900000000000002
748 0.9900000000000002
749 0.9900000000000002
750 0.9900000000000002
751 0.9900000000000002
752 0.9900000000000002
753 0.9900000000000002
754 0.9900000000000002
755 0.9900000000000002
756 0.9900000000000002
757 0.9900000000000002
758 0.9900000000000002
759 0.986
760 0.986
761 0.986
762 0.986
763 0.986
764 0.986
765 0.986
766 0.986
767 0.986
768 0.986
769 0.986
770 0.986
771 0.986
772 0.986
773 0.986
774 0.986
775 0.986
776 0.986
777 0.986
778 0.986
779 0.986
780 0.986
781 0.986
782 0.986
783 0.986
784 0.984
785 0.984
786 0.984
787 0.984
788 0.984
789 0.984
790 0.984
791 0.984
792 0.984
793 0.984
794 0.984
795 0.984
796 0.984
797 0.984
798 0.984
799 0.984
800 0.984
801 0.984
802 0.984
803 0.984
804 0.984
805 0.984
806 0.984
807 0.984
808 0.984
809 0.984
810 0.984
811 0.984
812 0.984
813 0.984
814 0.984
815 0.984
816 0.984
817 0.984
818 0.984
819 0.984
820 0.984
821 0.984
822 0.984
823 0.984
824 0.984
825 0.984
826 0.984
827 0.984
828 0.984
829 0.984
830 0.984
831 0.984
832 0.984
833 0.984
834 0.984
835 0.984
836 0.984
837 0.984
838 0.984
839 0.984
840 0.984
841 0.984
842 0.984
843 0.984
844 0.984
845 0.984
846 0.984
847 0.984
848 0.984
849 0.984
850 0.984
851 0.984
852 0.984
853 0.984
854 0.984
855 0.984
856 0.984
857 0.984
858 0.984
859 0.984
860 0.984
861 0.984
862 0.984
863 0.984
864 0.984
865 0.984
866 0.984
867 0.984
868 0.982
869 0.982
870 0.982
871 0.982
872 0.982
873 0.982
874 0.982
875 0.982
876 0.982
877 0.982
878 0.982
879 0.982
880 0.982
881 0.982
882 0.982
883 0.982
884 0.982
885 0.982
886 0.982
887 0.982
888 0.982
889 0.982
890 0.982
891 0.982
892 0.982
893 0.982
894 0.982
895 0.982
896 0.982
897 0.982
898 0.982
899 0.982
900 0.982
901 0.982
902 0.982
903 0.982
904 0.982
905 0.982
906 0.982
907 0.982
908 0.982
909 0.982
910 0.982
911 0.982
912 0.982
913 0.982
914 0.982
915 0.982
916 0.982
917 0.982
918 0.982
919 0.982
920 0.982
921 0.982
922 0.982
923 0.982
924 0.982
925 0.982
926 0.982
927 0.982
928 0.982
929 0.982
930 0.982
931 0.982
932 0.982
933 0.982
934 0.982
935 0.982
936 0.982
937 0.982
938 0.982
939 0.982
940 0.982
941 0.982
942 0.982
943 0.982
944 0.982
945 0.982
946 0.982
947 0.982
948 0.982
949 0.982
950 0.982
951 0.982
952 0.982
953 0.982
954 0.982
955 0.982
956 0.982
957 0.982
958 0.982
959 0.982
960 0.982
961 0.982
962 0.982
963 0.982
964 0.982
965 0.982
966 0.982
967 0.982
968 0.982
969 0.982
970 0.982
971 0.982
972 0.982
973 0.982
974 0.982
975 0.982
976 0.982
977 0.982
978 0.982
979 0.982
980 0.982
981 0.982
982 0.982
983 0.982
984 0.982
985 0.982
986 0.982
987 0.982
988 0.982
989 0.982
990 0.982
991 0.982
992 0.982
993 0.982
994 0.982
995 0.982
996 0.982
997 0.982
998 0.982
999 0.982
