1 1.0
2 1.0
3 1.0
4 1.0
5 1.0
6 1.0
7 1.0
8 1.0
9 1.0
10 1.0
11 1.0
12 1.0
13 1.0
14 1.0
15 1.0
16 1.0
17 1.0
18 0.998
19 0.998
20 0.99
21 0.99
22 0.99
23 0.99
24 0.99
25 0.99
26 0.9879999999999999
27 0.9879999999999999
28 0.9879999999999999
29 0.9879999999999999
30 0.9879999999999999
31 0.9879999999999999
32 0.984
33 0.984
34 0.984
35 0.984
36 0.984
37 0.984
38 0.9800000000000001
39 0.9800000000000001
40 0.978
41 0.978
42 0.978
43 0.978
44 0.974
45 0.974
46 0.9720000000000001
47 0.9720000000000001
48 0.9700000000000001
49 0.9639999999999999
50 0.962
51 0.958
52 0.958
53 0.958
54 0.9540000000000001
55 0.9540000000000001
56 0.9520000000000002
57 0.95
58 0.95
59 0.95
60 0.9480000000000001
61 0.9480000000000001
62 0.9480000000000001
63 0.944
64 0.942
65 0.942
66 0.9400000000000001
67 0.938
68 0.9339999999999999
69 0.9339999999999999
70 0.93
71 0.93
72 0.93
73 0.9259999999999999
74 0.9259999999999999
75 0.924
76 0.9179999999999999
77 0.9179999999999999
78 0.9179999999999999
79 0.9179999999999999
80 0.914
81 0.9120000000000001
82 0.9099999999999999
83 0.9099999999999999
84 0.908
85 0.908
86 0.908
87 0.908
88 0.906
89 0.9040000000000001
90 0.9
91 0.8940000000000001
92 0.8920000000000001
93 0.8900000000000002
94 0.8879999999999999
95 0.884
96 0.882
97 0.8780000000000001
98 0.8739999999999999
99 0.8739999999999999
100 0.8699999999999999
101 0.868
102 0.8640000000000001
103 0.8620000000000001
104 0.8600000000000001
105 0.8600000000000001
106 0.8600000000000001
107 0.8600000000000001
108 0.8600000000000001
109 0.8600000000000001
110 0.8580000000000002
111 0.8539999999999999
112 0.852
113 0.85
114 0.844
115 0.844
116 0.8400000000000001
117 0.8400000000000001
118 0.8380000000000001
119 0.8380000000000001
120 0.8380000000000001
121 0.8360000000000001
122 0.8340000000000002
123 0.8340000000000002
124 0.8340000000000002
125 0.8320000000000001
126 0.8300000000000001
127 0.8300000000000001
128 0.8280000000000001
129 0.8260000000000002
130 0.8260000000000002
131 0.8260000000000002
132 0.8260000000000002
133 0.8240000000000001
134 0.8220000000000001
135 0.8220000000000001
136 0.8220000000000001
137 0.8200000000000001
138 0.8200000000000001
139 0.8200000000000001
140 0.8200000000000001
141 0.8200000000000001
142 0.8160000000000001
143 0.8140000000000001
144 0.806
145 0.804
146 0.8020000000000002
147 0.8020000000000002
148 0.8000000000000002
149 0.796
150 0.792
151 0.788
152 0.7859999999999999
153 0.7859999999999999
154 0.782
155 0.782
156 0.776
157 0.774
158 0.772
159 0.768
160 0.768
161 0.764
162 0.764
163 0.764
164 0.764
165 0.764
166 0.76
167 0.76
168 0.758
169 0.758
170 0.754
171 0.754
172 0.75
173 0.7460000000000001
174 0.7460000000000001
175 0.742
176 0.74
177 0.738
178 0.738
179 0.738
180 0.738
181 0.738
182 0.738
183 0.736
184 0.736
185 0.734
186 0.732
187 0.732
188 0.73
189 0.73
190 0.73
191 0.73
192 0.73
193 0.73
194 0.728
195 0.728
196 0.728
197 0.728
198 0.728
199 0.728
200 0.726
201 0.726
202 0.724
203 0.724
204 0.7220000000000001
205 0.72
206 0.718
207 0.714
208 0.714
209 0.712
210 0.71
211 0.71
212 0.71
213 0.71
214 0.71
215 0.71
216 0.706
217 0.704
218 0.702
219 0.7
220 0.7
221 0.7
222 0.7
223 0.7
224 0.7
225 0.7
226 0.7
227 0.696
228 0.696
229 0.696
230 0.694
231 0.694
232 0.694
233 0.692
234 0.688
235 0.6859999999999999
236 0.6839999999999999
237 0.682
238 0.682
239 0.682
240 0.682
241 0.682
242 0.682
243 0.682
244 0.682
245 0.682
246 0.682
247 0.682
248 0.678
249 0.678
250 0.678
251 0.6759999999999999
252 0.6739999999999999
253 0.6739999999999999
254 0.6739999999999999
255 0.6719999999999999
256 0.67
257 0.668
258 0.6659999999999999
259 0.6659999999999999
260 0.6659999999999999
261 0.6619999999999999
262 0.6599999999999999
263 0.6599999999999999
264 0.6599999999999999
265 0.6599999999999999
266 0.6599999999999999
267 0.6599999999999999
268 0.6599999999999999
269 0.6599999999999999
270 0.6599999999999999
271 0.6599999999999999
272 0.6599999999999999
273 0.658
274 0.656
275 0.656
276 0.656
277 0.656
278 0.656
279 0.656
280 0.656
281 0.656
282 0.6520000000000001
283 0.6520000000000001
284 0.6520000000000001
285 0.6520000000000001
286 0.6500000000000001
287 0.6500000000000001
288 0.648
289 0.648
290 0.648
291 0.646
292 0.644
293 0.644
294 0.644
295 0.644
296 0.644
297 0.644
298 0.642
299 0.642
300 0.642
301 0.642
302 0.642
303 0.642
304 0.642
305 0.642
306 0.642
307 0.642
308 0.642
309 0.642
310 0.642
311 0.642
312 0.642
313 0.64
314 0.6359999999999999
315 0.6359999999999999
316 0.6359999999999999
317 0.6339999999999999
318 0.6339999999999999
319 0.6339999999999999
320 0.6339999999999999
321 0.6339999999999999
322 0.6339999999999999
323 0.6299999999999999
324 0.6299999999999999
325 0.6259999999999999
326 0.6259999999999999
327 0.6259999999999999
328 0.6259999999999999
329 0.6259999999999999
330 0.6259999999999999
331 0.6239999999999999
332 0.6239999999999999
333 0.6239999999999999
334 0.6239999999999999
335 0.622
336 0.622
337 0.6199999999999999
338 0.6199999999999999
339 0.6179999999999999
340 0.6159999999999999
341 0.6139999999999999
342 0.6139999999999999
343 0.6119999999999999
344 0.6119999999999999
345 0.6119999999999999
346 0.6099999999999999
347 0.6099999999999999
348 0.6099999999999999
349 0.6099999999999999
350 0.6099999999999999
351 0.6099999999999999
352 0.6099999999999999
353 0.6099999999999999
354 0.6099999999999999
355 0.6099999999999999
356 0.6079999999999999
357 0.6079999999999999
358 0.6079999999999999
359 0.6079999999999999
360 0.6079999999999999
361 0.606
362 0.606
363 0.606
364 0.606
365 0.606
366 0.606
367 0.606
368 0.606
369 0.606
370 0.606
371 0.606
372 0.606
373 0.606
374 0.606
375 0.6039999999999999
376 0.6039999999999999
377 0.6039999999999999
378 0.6039999999999999
379 0.6039999999999999
380 0.6039999999999999
381 0.6039999999999999
382 0.602
383 0.602
384 0.602
385 0.602
386 0.602
387 0.602
388 0.602
389 0.5999999999999999
390 0.5999999999999999
391 0.5999999999999999
392 0.598
393 0.598
394 0.598
395 0.598
396 0.598
397 0.598
398 0.598
399 0.598
400 0.598
401 0.598
402 0.598
403 0.598
404 0.598
405 0.598
406 0.598
407 0.596
408 0.596
409 0.596
410 0.596
411 0.594
412 0.594
413 0.594
414 0.5919999999999999
415 0.5919999999999999
416 0.5919999999999999
417 0.59
418 0.59
419 0.59
420 0.5879999999999999
421 0.5879999999999999
422 0.5879999999999999
423 0.5879999999999999
424 0.5879999999999999
425 0.5879999999999999
426 0.5879999999999999
427 0.5879999999999999
428 0.586
429 0.586
430 0.586
431 0.586
432 0.586
433 0.586
434 0.586
435 0.5820000000000001
436 0.58
437 0.578
438 0.576
439 0.576
440 0.5720000000000001
441 0.568
442 0.5660000000000001
443 0.5660000000000001
444 0.5660000000000001
445 0.5640000000000001
446 0.5640000000000001
447 0.5640000000000001
448 0.5640000000000001
449 0.5640000000000001
450 0.562
451 0.562
452 0.562
453 0.562
454 0.562
455 0.562
456 0.562
457 0.562
458 0.562
459 0.562
460 0.562
461 0.56
462 0.56
463 0.56
464 0.56
465 0.56
466 0.56
467 0.56
468 0.56
469 0.56
470 0.56
471 0.558
472 0.558
473 0.5559999999999999
474 0.554
475 0.554
476 0.554
477 0.554
478 0.554
479 0.554
480 0.554
481 0.5519999999999999
482 0.55
483 0.55
484 0.55
485 0.55
486 0.548
487 0.548
488 0.548
489 0.548
490 0.548
491 0.548
492 0.546
493 0.5439999999999999
494 0.5439999999999999
495 0.542
496 0.54
497 0.54
498 0.54
499 0.54
500 0.538
501 0.536
502 0.536
503 0.536
504 0.536
505 0.532
506 0.532
507 0.532
508 0.53
509 0.53
510 0.53
511 0.53
512 0.53
513 0.53
514 0.53
515 0.53
516 0.53
517 0.53
518 0.53
519 0.53
520 0.53
521 0.53
522 0.53
523 0.53
524 0.528
525 0.524
526 0.524
527 0.524
528 0.524
529 0.524
530 0.524
531 0.522
532 0.522
533 0.52
534 0.518
535 0.516
536 0.516
537 0.516
538 0.516
539 0.516
540 0.516
541 0.516
542 0.516
543 0.516
544 0.516
545 0.516
546 0.514
547 0.514
548 0.514
549 0.514
550 0.5119999999999999
551 0.5119999999999999
552 0.5119999999999999
553 0.5119999999999999
554 0.5119999999999999
555 0.5119999999999999
556 0.5119999999999999
557 0.51
558 0.51
559 0.51
560 0.51
561 0.51
562 0.51
563 0.51
564 0.51
565 0.51
566 0.51
567 0.51
568 0.51
569 0.508
570 0.508
571 0.508
572 0.508
573 0.508
574 0.508
575 0.506
576 0.506
577 0.5039999999999999
578 0.5039999999999999
579 0.5039999999999999
580 0.5039999999999999
581 0.502
582 0.502
583 0.5
584 0.5
585 0.5
586 0.5
587 0.5
588 0.49800000000000005
589 0.49800000000000005
590 0.4960000000000001
591 0.4960000000000001
592 0.4960000000000001
593 0.4940000000000001
594 0.492
595 0.49000000000000005
596 0.49000000000000005
597 0.49000000000000005
598 0.49000000000000005
599 0.49000000000000005
600 0.4880000000000001
601 0.4880000000000001
602 0.4860000000000001
603 0.4860000000000001
604 0.4860000000000001
605 0.4860000000000001
606 0.4860000000000001
607 0.484
608 0.484
609 0.484
610 0.484
611 0.484
612 0.484
613 0.484
614 0.484
615 0.484
616 0.484
617 0.484
618 0.484
619 0.484
620 0.484
621 0.484
622 0.484
623 0.484
624 0.48200000000000004
625 0.48200000000000004
626 0.48200000000000004
627 0.48200000000000004
628 0.48200000000000004
629 0.48200000000000004
630 0.48200000000000004
631 0.4800000000000001
632 0.4800000000000001
633 0.4780000000000001
634 0.4780000000000001
635 0.4780000000000001
636 0.4780000000000001
637 0.476
638 0.476
639 0.476
640 0.476
641 0.47400000000000003
642 0.47400000000000003
643 0.47400000000000003
644 0.47400000000000003
645 0.47400000000000003
646 0.47400000000000003
647 0.47400000000000003
648 0.4720000000000001
649 0.4720000000000001
650 0.4720000000000001
651 0.4700000000000001
652 0.4700000000000001
653 0.4700000000000001
654 0.4700000000000001
655 0.4700000000000001
656 0.4700000000000001
657 0.4700000000000001
658 0.4700000000000001
659 0.4700000000000001
660 0.4700000000000001
661 0.4700000000000001
662 0.46799999999999997
663 0.46799999999999997
664 0.46799999999999997
665 0.46799999999999997
666 0.46799999999999997
667 0.46799999999999997
668 0.46799999999999997
669 0.466
670 0.466
671 0.466
672 0.4640000000000001
673 0.4640000000000001
674 0.4640000000000001
675 0.4640000000000001
676 0.4620000000000001
677 0.45999999999999996
678 0.45999999999999996
679 0.45999999999999996
680 0.45999999999999996
681 0.45999999999999996
682 0.45999999999999996
683 0.45999999999999996
684 0.458
685 0.458
686 0.458
687 0.45600000000000007
688 0.45600000000000007
689 0.45600000000000007
690 0.45600000000000007
691 0.45400000000000007
692 0.45400000000000007
693 0.45400000000000007
694 0.45400000000000007
695 0.45400000000000007
696 0.45400000000000007
697 0.45400000000000007
698 0.45400000000000007
699 0.45400000000000007
700 0.45199999999999996
701 0.45199999999999996
702 0.45199999999999996
703 0.45199999999999996
704 0.45199999999999996
705 0.45199999999999996
706 0.45199999999999996
707 0.45199999999999996
708 0.45199999999999996
709 0.45199999999999996
710 0.45199999999999996
711 0.45
712 0.45
713 0.45
714 0.45
715 0.45
716 0.45
717 0.45
718 0.45
719 0.45
720 0.45
721 0.45
722 0.45
723 0.45
724 0.45
725 0.45
726 0.45
727 0.45
728 0.45
729 0.45
730 0.45
731 0.45
732 0.44800000000000006
733 0.44800000000000006
734 0.44800000000000006
735 0.44800000000000006
736 0.44399999999999995
737 0.44399999999999995
738 0.44399999999999995
739 0.44399999999999995
740 0.44399999999999995
741 0.44399999999999995
742 0.44399999999999995
743 0.44399999999999995
744 0.44399999999999995
745 0.44399999999999995
746 0.44399999999999995
747 0.44399999999999995
748 0.442
749 0.442
750 0.442
751 0.442
752 0.442
753 0.442
754 0.442
755 0.442
756 0.442
757 0.442
758 0.442
759 0.44000000000000006
760 0.44000000000000006
761 0.44000000000000006
762 0.44000000000000006
763 0.44000000000000006
764 0.44000000000000006
765 0.44000000000000006
766 0.44000000000000006
767 0.44000000000000006
768 0.44000000000000006
769 0.44000000000000006
770 0.44000000000000006
771 0.44000000000000006
772 0.44000000000000006
773 0.44000000000000006
774 0.44000000000000006
775 0.44000000000000006
776 0.44000000000000006
777 0.44000000000000006
778 0.438
779 0.438
780 0.43599999999999994
781 0.43599999999999994
782 0.43599999999999994
783 0.43599999999999994
784 0.43599999999999994
785 0.43599999999999994
786 0.43599999999999994
787 0.43599999999999994
788 0.43599999999999994
789 0.43599999999999994
790 0.43599999999999994
791 0.43599999999999994
792 0.434
793 0.434
794 0.434
795 0.434
796 0.434
797 0.434
798 0.434
799 0.434
800 0.434
801 0.434
802 0.43200000000000005
803 0.43200000000000005
804 0.43200000000000005
805 0.43200000000000005
806 0.43200000000000005
807 0.43200000000000005
808 0.43200000000000005
809 0.43200000000000005
810 0.43200000000000005
811 0.43200000000000005
812 0.43200000000000005
813 0.43200000000000005
814 0.43200000000000005
815 0.43200000000000005
816 0.43200000000000005
817 0.43200000000000005
818 0.43200000000000005
819 0.43200000000000005
820 0.43200000000000005
821 0.43200000000000005
822 0.43
823 0.43
824 0.426
825 0.426
826 0.426
827 0.426
828 0.426
829 0.426
830 0.426
831 0.426
832 0.426
833 0.426
834 0.426
835 0.426
836 0.422
837 0.422
838 0.422
839 0.422
840 0.422
841 0.422
842 0.422
843 0.422
844 0.422
845 0.422
846 0.422
847 0.422
848 0.422
849 0.422
850 0.41999999999999993
851 0.41999999999999993
852 0.41999999999999993
853 0.41999999999999993
854 0.41999999999999993
855 0.41999999999999993
856 0.41999999999999993
857 0.41999999999999993
858 0.41999999999999993
859 0.41999999999999993
860 0.41999999999999993
861 0.41999999999999993
862 0.418
863 0.418
864 0.418
865 0.418
866 0.41600000000000004
867 0.41600000000000004
868 0.41600000000000004
869 0.41600000000000004
870 0.41600000000000004
871 0.41600000000000004
872 0.41600000000000004
873 0.41600000000000004
874 0.41600000000000004
875 0.41600000000000004
876 0.41600000000000004
877 0.414
878 0.414
879 0.414
880 0.4119999999999999
881 0.4119999999999999
882 0.4119999999999999
883 0.4119999999999999
884 0.4119999999999999
885 0.4119999999999999
886 0.4119999999999999
887 0.4119999999999999
888 0.41
889 0.41
890 0.41
891 0.41
892 0.41
893 0.41
894 0.41
895 0.41
896 0.41
897 0.41
898 0.41
899 0.41
900 0.41
901 0.41
902 0.41
903 0.41
904 0.41
905 0.41
906 0.41
907 0.41
908 0.41
909 0.41
910 0.41
911 0.41
912 0.41
913 0.41
914 0.41
915 0.41
916 0.41
917 0.41
918 0.41
919 0.41
920 0.41
921 0.41
922 0.41
923 0.40800000000000003
924 0.40800000000000003
925 0.40800000000000003
926 0.40800000000000003
927 0.40800000000000003
928 0.40800000000000003
929 0.40800000000000003
930 0.40599999999999997
931 0.40599999999999997
932 0.40599999999999997
933 0.40599999999999997
934 0.40599999999999997
935 0.40599999999999997
936 0.40599999999999997
937 0.40599999999999997
938 0.40599999999999997
939 0.40599999999999997
940 0.40599999999999997
941 0.40599999999999997
942 0.40599999999999997
943 0.40599999999999997
944 0.40599999999999997
945 0.40599999999999997
946 0.40599999999999997
947 0.40599999999999997
948 0.40599999999999997
949 0.40599999999999997
950 0.40599999999999997
951 0.40599999999999997
952 0.40599999999999997
953 0.40599999999999997
954 0.40599999999999997
955 0.40599999999999997
956 0.40599999999999997
957 0.40599999999999997
958 0.40599999999999997
959 0.40599999999999997
960 0.40599999999999997
961 0.40599999999999997
962 0.40599999999999997
963 0.4039999999999999
964 0.4039999999999999
965 0.4039999999999999
966 0.4039999999999999
967 0.4039999999999999
968 0.4039999999999999
969 0.4039999999999999
970 0.4039999999999999
971 0.4039999999999999
972 0.4039999999999999
973 0.4039999999999999
974 0.4039999999999999
975 0.40199999999999997
976 0.40199999999999997
977 0.40199999999999997
978 0.39999999999999997
979 0.39799999999999996
980 0.39599999999999996
981 0.39599999999999996
982 0.39599999999999996
983 0.39599999999999996
984 0.39599999999999996
985 0.39599999999999996
986 0.39599999999999996
987 0.39599999999999996
988 0.39599999999999996
989 0.39599999999999996
990 0.39599999999999996
991 0.39599999999999996
992 0.39599999999999996
993 0.39599999999999996
994 0.39399999999999996
995 0.39399999999999996
996 0.39399999999999996
997 0.39399999999999996
998 0.39399999999999996
999 0.39399999999999996
