1 1.0
2 1.0
3 1.0
4 1.0
5 1.0
6 1.0
7 1.0
8 0.998
9 0.998
10 0.998
11 0.998
12 0.998
13 0.998
14 0.998
15 0.998
16 0.998
17 0.998
18 0.998
19 0.998
20 0.998
21 0.9960000000000001
22 0.9960000000000001
23 0.9960000000000001
24 0.9960000000000001
25 0.994
26 0.992
27 0.992
28 0.992
29 0.992
30 0.99
31 0.9879999999999999
32 0.9879999999999999
33 0.984
34 0.984
35 0.982
36 0.982
37 0.982
38 0.982
39 0.982
40 0.9780000000000001
41 0.976
42 0.976
43 0.9719999999999999
44 0.9719999999999999
45 0.97
46 0.97
47 0.97
48 0.97
49 0.97
50 0.97
51 0.966
52 0.966
53 0.9640000000000001
54 0.9640000000000001
55 0.9640000000000001
56 0.9640000000000001
57 0.9600000000000002
58 0.9600000000000002
59 0.9600000000000002
60 0.9600000000000002
61 0.9600000000000002
62 0.9600000000000002
63 0.9600000000000002
64 0.9600000000000002
65 0.9579999999999999
66 0.9579999999999999
67 0.9579999999999999
68 0.9559999999999998
69 0.954
70 0.952
71 0.952
72 0.9480000000000001
73 0.9480000000000001
74 0.9460000000000001
75 0.9419999999999998
76 0.9419999999999998
77 0.9399999999999998
78 0.9399999999999998
79 0.9399999999999998
80 0.9399999999999998
81 0.938
82 0.938
83 0.938
84 0.938
85 0.938
86 0.9359999999999999
87 0.9359999999999999
88 0.9339999999999999
89 0.9339999999999999
90 0.9339999999999999
91 0.93
92 0.93
93 0.9240000000000002
94 0.9219999999999999
95 0.9199999999999999
96 0.9199999999999999
97 0.9179999999999999
98 0.9179999999999999
99 0.916
100 0.916
101 0.916
102 0.914
103 0.914
104 0.914
105 0.914
106 0.906
107 0.906
108 0.906
109 0.9019999999999999
110 0.9
111 0.8960000000000001
112 0.8960000000000001
113 0.8960000000000001
114 0.8939999999999999
115 0.89
116 0.8880000000000001
117 0.8880000000000001
118 0.8880000000000001
119 0.8859999999999999
120 0.884
121 0.8819999999999999
122 0.8819999999999999
123 0.8819999999999999
124 0.8819999999999999
125 0.8819999999999999
126 0.8819999999999999
127 0.8819999999999999
128 0.8799999999999999
129 0.8799999999999999
130 0.8799999999999999
131 0.8779999999999999
132 0.874
133 0.874
134 0.874
135 0.8699999999999999
136 0.8699999999999999
137 0.8699999999999999
138 0.8699999999999999
139 0.8699999999999999
140 0.866
141 0.866
142 0.8640000000000001
143 0.8640000000000001
144 0.8619999999999999
145 0.8619999999999999
146 0.8619999999999999
147 0.8619999999999999
148 0.8619999999999999
149 0.8619999999999999
150 0.86
151 0.8560000000000001
152 0.8540000000000001
153 0.8520000000000001
154 0.8520000000000001
155 0.85
156 0.85
157 0.85
158 0.8460000000000001
159 0.8460000000000001
160 0.8460000000000001
161 0.8460000000000001
162 0.844
163 0.8419999999999999
164 0.8379999999999999
165 0.834
166 0.834
167 0.834
168 0.834
169 0.834
170 0.8320000000000001
171 0.828
172 0.828
173 0.828
174 0.8240000000000001
175 0.8219999999999998
176 0.82
177 0.8160000000000001
178 0.8160000000000001
179 0.8139999999999998
180 0.8139999999999998
181 0.8119999999999999
182 0.8119999999999999
183 0.8059999999999998
184 0.8059999999999998
185 0.8039999999999999
186 0.8039999999999999
187 0.8019999999999999
188 0.798
189 0.796
190 0.796
191 0.792
192 0.792
193 0.792
194 0.788
195 0.788
196 0.788
197 0.786
198 0.786
199 0.786
200 0.784
201 0.784
202 0.784
203 0.784
204 0.784
205 0.7820000000000001
206 0.7820000000000001
207 0.7820000000000001
208 0.78
209 0.78
210 0.7780000000000001
211 0.7780000000000001
212 0.7780000000000001
213 0.7780000000000001
214 0.7780000000000001
215 0.776
216 0.776
217 0.776
218 0.7740000000000001
219 0.7720000000000001
220 0.7700000000000001
221 0.764
222 0.762
223 0.76
224 0.76
225 0.76
226 0.76
227 0.76
228 0.76
229 0.76
230 0.76
231 0.758
232 0.756
233 0.756
234 0.756
235 0.756
236 0.756
237 0.752
238 0.752
239 0.75
240 0.7460000000000001
241 0.7460000000000001
242 0.744
243 0.744
244 0.7420000000000001
245 0.7420000000000001
246 0.7420000000000001
247 0.7380000000000002
248 0.7380000000000002
249 0.7380000000000002
250 0.7380000000000002
251 0.7380000000000002
252 0.7360000000000001
253 0.734
254 0.734
255 0.734
256 0.732
257 0.732
258 0.732
259 0.73
260 0.726
261 0.726
262 0.726
263 0.724
264 0.722
265 0.722
266 0.722
267 0.72
268 0.72
269 0.72
270 0.7180000000000001
271 0.7180000000000001
272 0.7160000000000001
273 0.7140000000000001
274 0.7140000000000001
275 0.7140000000000001
276 0.7140000000000001
277 0.7120000000000001
278 0.7120000000000001
279 0.7100000000000002
280 0.7100000000000002
281 0.7100000000000002
282 0.7080000000000002
283 0.7060000000000002
284 0.7060000000000002
285 0.7060000000000002
286 0.704
287 0.702
288 0.702
289 0.702
290 0.702
291 0.7
292 0.6980000000000001
293 0.6980000000000001
294 0.6980000000000001
295 0.6980000000000001
296 0.6980000000000001
297 0.6980000000000001
298 0.6960000000000001
299 0.694
300 0.694
301 0.6900000000000001
302 0.6880000000000001
303 0.6880000000000001
304 0.6859999999999999
305 0.6859999999999999
306 0.6859999999999999
307 0.6839999999999999
308 0.68
309 0.6759999999999999
310 0.674
311 0.674
312 0.674
313 0.6700000000000002
314 0.6700000000000002
315 0.6700000000000002
316 0.6700000000000002
317 0.6700000000000002
318 0.6700000000000002
319 0.6700000000000002
320 0.6700000000000002
321 0.6700000000000002
322 0.6680000000000001
323 0.6680000000000001
324 0.6680000000000001
325 0.6680000000000001
326 0.6680000000000001
327 0.6680000000000001
328 0.664
329 0.664
330 0.664
331 0.664
332 0.664
333 0.664
334 0.664
335 0.6620000000000001
336 0.6600000000000001
337 0.6580000000000001
338 0.6580000000000001
339 0.6580000000000001
340 0.656
341 0.6540000000000001
342 0.6540000000000001
343 0.6540000000000001
344 0.652
345 0.6500000000000001
346 0.6500000000000001
347 0.6500000000000001
348 0.6500000000000001
349 0.6500000000000001
350 0.6500000000000001
351 0.6500000000000001
352 0.6500000000000001
353 0.6480000000000001
354 0.6460000000000001
355 0.644
356 0.644
357 0.644
358 0.6420000000000001
359 0.6420000000000001
360 0.6420000000000001
361 0.6420000000000001
362 0.6400000000000001
363 0.6400000000000001
364 0.6380000000000001
365 0.6380000000000001
366 0.636
367 0.636
368 0.636
369 0.636
370 0.634
371 0.634
372 0.634
373 0.634
374 0.634
375 0.634
376 0.634
377 0.634
378 0.634
379 0.634
380 0.632
381 0.632
382 0.628
383 0.628
384 0.628
385 0.628
386 0.628
387 0.6260000000000001
388 0.6260000000000001
389 0.6260000000000001
390 0.6260000000000001
391 0.624
392 0.622
393 0.618
394 0.618
395 0.618
396 0.618
397 0.618
398 0.616
399 0.616
400 0.616
401 0.616
402 0.616
403 0.616
404 0.616
405 0.616
406 0.614
407 0.614
408 0.614
409 0.614
410 0.614
411 0.612
412 0.612
413 0.612
414 0.612
415 0.612
416 0.612
417 0.612
418 0.612
419 0.612
420 0.612
421 0.612
422 0.612
423 0.612
424 0.612
425 0.612
426 0.612
427 0.612
428 0.612
429 0.612
430 0.612
431 0.608
432 0.608
433 0.604
434 0.5980000000000001
435 0.5980000000000001
436 0.5940000000000001
437 0.5940000000000001
438 0.5940000000000001
439 0.5940000000000001
440 0.5940000000000001
441 0.5940000000000001
442 0.592
443 0.592
444 0.5900000000000001
445 0.5900000000000001
446 0.5900000000000001
447 0.5900000000000001
448 0.5900000000000001
449 0.5900000000000001
450 0.5880000000000001
451 0.5880000000000001
452 0.5880000000000001
453 0.5880000000000001
454 0.5860000000000001
455 0.5860000000000001
456 0.5860000000000001
457 0.5860000000000001
458 0.5840000000000001
459 0.5840000000000001
460 0.5840000000000001
461 0.5840000000000001
462 0.5840000000000001
463 0.5840000000000001
464 0.5820000000000001
465 0.5820000000000001
466 0.5820000000000001
467 0.5820000000000001
468 0.5800000000000001
469 0.5800000000000001
470 0.5800000000000001
471 0.5780000000000001
472 0.5780000000000001
473 0.5780000000000001
474 0.5780000000000001
475 0.5780000000000001
476 0.5780000000000001
477 0.5780000000000001
478 0.5780000000000001
479 0.5760000000000001
480 0.5760000000000001
481 0.5740000000000001
482 0.5740000000000001
483 0.5740000000000001
484 0.5740000000000001
485 0.5720000000000001
486 0.5720000000000001
487 0.5720000000000001
488 0.5720000000000001
489 0.5700000000000001
490 0.5660000000000001
491 0.5660000000000001
492 0.5660000000000001
493 0.5660000000000001
494 0.5660000000000001
495 0.5660000000000001
496 0.5660000000000001
497 0.5660000000000001
498 0.5660000000000001
499 0.5660000000000001
500 0.5660000000000001
501 0.5640000000000001
502 0.5640000000000001
503 0.5640000000000001
504 0.5640000000000001
505 0.562
506 0.562
507 0.56
508 0.56
509 0.56
510 0.56
511 0.56
512 0.558
513 0.558
514 0.558
515 0.558
516 0.556
517 0.556
518 0.554
519 0.554
520 0.554
521 0.554
522 0.554
523 0.554
524 0.554
525 0.554
526 0.554
527 0.554
528 0.554
529 0.554
530 0.552
531 0.552
532 0.552
533 0.55
534 0.55
535 0.55
536 0.55
537 0.55
538 0.55
539 0.548
540 0.548
541 0.548
542 0.548
543 0.548
544 0.548
545 0.548
546 0.548
547 0.548
548 0.548
549 0.548
550 0.546
551 0.546
552 0.546
553 0.546
554 0.546
555 0.546
556 0.544
557 0.544
558 0.544
559 0.544
560 0.544
561 0.544
562 0.542
563 0.542
564 0.542
565 0.54
566 0.54
567 0.538
568 0.538
569 0.536
570 0.536
571 0.536
572 0.536
573 0.536
574 0.536
575 0.536
576 0.534
577 0.532
578 0.532
579 0.532
580 0.528
581 0.526
582 0.522
583 0.522
584 0.522
585 0.522
586 0.522
587 0.522
588 0.522
589 0.522
590 0.522
591 0.522
592 0.522
593 0.522
594 0.522
595 0.522
596 0.522
597 0.522
598 0.522
599 0.522
600 0.522
601 0.52
602 0.518
603 0.518
604 0.518
605 0.518
606 0.516
607 0.516
608 0.516
609 0.516
610 0.516
611 0.516
612 0.516
613 0.516
614 0.516
615 0.516
616 0.516
617 0.516
618 0.516
619 0.516
620 0.516
621 0.516
622 0.516
623 0.516
624 0.516
625 0.516
626 0.516
627 0.516
628 0.516
629 0.516
630 0.516
631 0.516
632 0.516
633 0.516
634 0.516
635 0.516
636 0.516
637 0.516
638 0.516
639 0.516
640 0.516
641 0.516
642 0.514
643 0.514
644 0.514
645 0.514
646 0.514
647 0.514
648 0.514
649 0.514
650 0.514
651 0.514
652 0.514
653 0.514
654 0.514
655 0.514
656 0.514
657 0.514
658 0.512
659 0.51
660 0.51
661 0.51
662 0.508
663 0.508
664 0.508
665 0.508
666 0.508
667 0.508
668 0.508
669 0.508
670 0.508
671 0.508
672 0.508
673 0.508
674 0.508
675 0.508
676 0.508
677 0.508
678 0.508
679 0.508
680 0.508
681 0.508
682 0.508
683 0.508
684 0.506
685 0.506
686 0.506
687 0.506
688 0.506
689 0.506
690 0.504
691 0.504
692 0.504
693 0.504
694 0.504
695 0.504
696 0.504
697 0.504
698 0.504
699 0.504
700 0.504
701 0.504
702 0.504
703 0.504
704 0.502
705 0.502
706 0.502
707 0.502
708 0.502
709 0.502
710 0.502
711 0.502
712 0.502
713 0.502
714 0.502
715 0.502
716 0.502
717 0.502
718 0.49799999999999994
719 0.49799999999999994
720 0.49799999999999994
721 0.496
722 0.496
723 0.496
724 0.496
725 0.496
726 0.496
727 0.496
728 0.49399999999999994
729 0.49399999999999994
730 0.49399999999999994
731 0.49399999999999994
732 0.49399999999999994
733 0.49399999999999994
734 0.49399999999999994
735 0.49399999999999994
736 0.4919999999999999
737 0.4919999999999999
738 0.4919999999999999
739 0.4919999999999999
740 0.4919999999999999
741 0.4919999999999999
742 0.4919999999999999
743 0.4919999999999999
744 0.4919999999999999
745 0.4919999999999999
746 0.4919999999999999
747 0.4919999999999999
748 0.4919999999999999
749 0.48999999999999994
750 0.48999999999999994
751 0.48999999999999994
752 0.48999999999999994
753 0.48999999999999994
754 0.48999999999999994
755 0.48999999999999994
756 0.48999999999999994
757 0.48999999999999994
758 0.48999999999999994
759 0.48999999999999994
760 0.48999999999999994
761 0.48999999999999994
762 0.48999999999999994
763 0.48999999999999994
764 0.48999999999999994
765 0.48999999999999994
766 0.48999999999999994
767 0.488
768 0.488
769 0.488
770 0.488
771 0.488
772 0.488
773 0.488
774 0.488
775 0.488
776 0.48599999999999993
777 0.48599999999999993
778 0.484
779 0.484
780 0.484
781 0.484
782 0.484
783 0.484
784 0.484
785 0.484
786 0.484
787 0.484
788 0.48199999999999993
789 0.48199999999999993
790 0.48199999999999993
791 0.48199999999999993
792 0.48199999999999993
793 0.48199999999999993
794 0.48199999999999993
795 0.48199999999999993
796 0.48199999999999993
797 0.48199999999999993
798 0.48199999999999993
799 0.48199999999999993
800 0.48199999999999993
801 0.48199999999999993
802 0.48199999999999993
803 0.48199999999999993
804 0.48199999999999993
805 0.48199999999999993
806 0.48199999999999993
807 0.48199999999999993
808 0.48
809 0.48
810 0.48
811 0.48
812 0.47800000000000004
813 0.47800000000000004
814 0.47800000000000004
815 0.47800000000000004
816 0.47800000000000004
817 0.47800000000000004
818 0.47800000000000004
819 0.47800000000000004
820 0.47800000000000004
821 0.476
822 0.476
823 0.476
824 0.476
825 0.476
826 0.476
827 0.476
828 0.47400000000000003
829 0.47400000000000003
830 0.47400000000000003
831 0.47400000000000003
832 0.47400000000000003
833 0.47400000000000003
834 0.47400000000000003
835 0.47400000000000003
836 0.47400000000000003
837 0.47400000000000003
838 0.47400000000000003
839 0.47400000000000003
840 0.47400000000000003
841 0.47400000000000003
842 0.47000000000000003
843 0.47000000000000003
844 0.47000000000000003
845 0.46799999999999997
846 0.46799999999999997
847 0.46799999999999997
848 0.466
849 0.466
850 0.466
851 0.466
852 0.466
853 0.466
854 0.466
855 0.466
856 0.466
857 0.466
858 0.466
859 0.466
860 0.466
861 0.466
862 0.466
863 0.466
864 0.466
865 0.466
866 0.466
867 0.466
868 0.466
869 0.466
870 0.466
871 0.466
872 0.466
873 0.466
874 0.466
875 0.466
876 0.466
877 0.466
878 0.466
879 0.46399999999999997
880 0.46399999999999997
881 0.46399999999999997
882 0.46399999999999997
883 0.46399999999999997
884 0.46399999999999997
885 0.46399999999999997
886 0.46399999999999997
887 0.46399999999999997
888 0.46399999999999997
889 0.46399999999999997
890 0.46399999999999997
891 0.46399999999999997
892 0.46399999999999997
893 0.46399999999999997
894 0.46399999999999997
895 0.46399999999999997
896 0.46399999999999997
897 0.46399999999999997
898 0.46399999999999997
899 0.46399999999999997
900 0.46399999999999997
901 0.46399999999999997
902 0.46399999999999997
903 0.462
904 0.462
905 0.462
906 0.462
907 0.462
908 0.462
909 0.462
910 0.462
911 0.462
912 0.462
913 0.462
914 0.462
915 0.462
916 0.45999999999999996
917 0.45999999999999996
918 0.45999999999999996
919 0.45999999999999996
920 0.45999999999999996
921 0.45999999999999996
922 0.45999999999999996
923 0.45999999999999996
924 0.45999999999999996
925 0.45999999999999996
926 0.45999999999999996
927 0.45999999999999996
928 0.45999999999999996
929 0.45999999999999996
930 0.45999999999999996
931 0.45999999999999996
932 0.45999999999999996
933 0.45999999999999996
934 0.458
935 0.45599999999999996
936 0.45599999999999996
937 0.45599999999999996
938 0.45599999999999996
939 0.45599999999999996
940 0.45599999999999996
941 0.45599999999999996
942 0.45599999999999996
943 0.45599999999999996
944 0.45599999999999996
945 0.45599999999999996
946 0.45599999999999996
947 0.45599999999999996
948 0.45599999999999996
949 0.45599999999999996
950 0.45599999999999996
951 0.45599999999999996
952 0.45599999999999996
953 0.45599999999999996
954 0.45599999999999996
955 0.45599999999999996
956 0.45599999999999996
957 0.45599999999999996
958 0.454
959 0.454
960 0.454
961 0.454
962 0.45199999999999996
963 0.45
964 0.44799999999999995
965 0.44799999999999995
966 0.44799999999999995
967 0.44799999999999995
968 0.44799999999999995
969 0.44799999999999995
970 0.44799999999999995
971 0.44799999999999995
972 0.446
973 0.446
974 0.446
975 0.446
976 0.446
977 0.446
978 0.446
979 0.446
980 0.446
981 0.446
982 0.446
983 0.446
984 0.446
985 0.446
986 0.446
987 0.446
988 0.446
989 0.446
990 0.446
991 0.446
992 0.446
993 0.446
994 0.446
995 0.446
996 0.446
997 0.446
998 0.446
999 0.446
