1 1.0
2 1.0
3 1.0
4 0.9992
5 0.9924
6 0.986
7 0.9815999999999998
8 0.9775999999999996
9 0.9707999999999997
10 0.9667999999999998
11 0.9623999999999999
12 0.9588
13 0.9560000000000001
14 0.9516
15 0.9488000000000001
16 0.95
17 0.9516000000000001
18 0.9531999999999999
19 0.9524000000000001
20 0.9504
21 0.9464
22 0.9423999999999999
23 0.9384
24 0.9348000000000003
25 0.9300000000000003
26 0.9280000000000003
27 0.9232000000000002
28 0.9216000000000001
29 0.9188000000000003
30 0.9148000000000001
31 0.9120000000000001
32 0.9096000000000004
33 0.9060000000000002
34 0.9052000000000003
35 0.9060000000000002
36 0.9039999999999999
37 0.9044
38 0.9060000000000001
39 0.9099999999999998
40 0.9179999999999999
41 0.9256000000000003
42 0.9300000000000002
43 0.9276000000000001
44 0.9236000000000001
45 0.9192
46 0.9148000000000001
47 0.9084000000000003
48 0.9060000000000002
49 0.9016
50 0.8987999999999999
51 0.8952
52 0.8911999999999998
53 0.8899999999999997
54 0.8863999999999997
55 0.8843999999999999
56 0.8807999999999997
57 0.8776
58 0.8764000000000002
59 0.878
60 0.8812000000000003
61 0.8864000000000002
62 0.8924000000000001
63 0.8987999999999999
64 0.9067999999999999
65 0.9120000000000004
66 0.9180000000000003
67 0.9200000000000002
68 0.9172000000000001
69 0.9152000000000001
70 0.9084000000000003
71 0.9036000000000002
72 0.9000000000000001
73 0.8956000000000001
74 0.8928000000000001
75 0.8884000000000001
76 0.8835999999999999
77 0.8811999999999998
78 0.8764
79 0.8712000000000001
80 0.8700000000000003
81 0.8660000000000001
82 0.8668000000000003
83 0.8708000000000002
84 0.8744000000000001
85 0.8816000000000003
86 0.888
87 0.8923999999999996
88 0.8976000000000001
89 0.9083999999999998
90 0.9096
91 0.9116
92 0.9116000000000001
93 0.9023999999999998
94 0.8984000000000001
95 0.8936000000000002
96 0.8852
97 0.8787999999999998
98 0.8732
99 0.8704000000000002
100 0.8672000000000003
101 0.8648000000000003
102 0.8612000000000001
103 0.8575999999999999
104 0.8559999999999998
105 0.8503999999999996
106 0.8499999999999998
107 0.8552
108 0.8603999999999999
109 0.8655999999999999
110 0.8684000000000001
111 0.8772
112 0.8864
113 0.8943999999999999
114 0.9012
115 0.9047999999999997
116 0.9011999999999998
117 0.8952000000000001
118 0.8860000000000001
119 0.8828000000000001
120 0.8764
121 0.8724000000000001
122 0.8671999999999999
123 0.8632
124 0.86
125 0.8556000000000001
126 0.8524
127 0.8504
128 0.8476000000000002
129 0.8444000000000003
130 0.8408000000000001
131 0.8444000000000002
132 0.8556
133 0.8648000000000002
134 0.8704000000000002
135 0.8740000000000004
136 0.8820000000000001
137 0.8912
138 0.9003999999999998
139 0.8964
140 0.8952000000000002
141 0.8900000000000001
142 0.882
143 0.8808000000000004
144 0.8752000000000002
145 0.8704000000000004
146 0.8664000000000004
147 0.8624000000000004
148 0.8592000000000003
149 0.8544000000000003
150 0.8516000000000002
151 0.8484000000000003
152 0.8468000000000002
153 0.8484000000000002
154 0.8456000000000001
155 0.852
156 0.8584
157 0.8632000000000001
158 0.8687999999999999
159 0.8755999999999999
160 0.8828000000000003
161 0.8912000000000002
162 0.9031999999999999
163 0.9036000000000003
164 0.9032000000000002
165 0.8940000000000002
166 0.8864000000000003
167 0.8792000000000002
168 0.8728
169 0.8652
170 0.862
171 0.8588
172 0.8560000000000002
173 0.8512000000000001
174 0.8468000000000001
175 0.8424000000000003
176 0.8380000000000001
177 0.8355999999999999
178 0.8367999999999999
179 0.8372000000000003
180 0.8472000000000003
181 0.8528000000000001
182 0.8604000000000002
183 0.8676
184 0.8772
185 0.8832000000000003
186 0.8916
187 0.8920000000000003
188 0.8908000000000001
189 0.8864000000000003
190 0.8816000000000002
191 0.8720000000000002
192 0.8672000000000003
193 0.8596000000000003
194 0.8572000000000003
195 0.8515999999999999
196 0.8448000000000003
197 0.8388000000000002
198 0.8332000000000002
199 0.8312000000000002
200 0.8296000000000002
201 0.8280000000000001
202 0.8276000000000002
203 0.8336000000000001
204 0.8436000000000001
205 0.8540000000000002
206 0.8548000000000002
207 0.8640000000000001
208 0.8708000000000001
209 0.8800000000000001
210 0.8872
211 0.8843999999999999
212 0.8808000000000002
213 0.8744
214 0.8676
215 0.858
216 0.8523999999999999
217 0.8476000000000002
218 0.8452000000000003
219 0.8416000000000002
220 0.8376000000000003
221 0.8328000000000003
222 0.8272000000000002
223 0.8256000000000001
224 0.8232
225 0.8204000000000002
226 0.8212000000000004
227 0.8260000000000004
228 0.8348000000000003
229 0.8484
230 0.8596
231 0.872
232 0.8799999999999997
233 0.8896000000000001
234 0.8984000000000003
235 0.8952
236 0.8900000000000002
237 0.8876000000000004
238 0.8844000000000003
239 0.8780000000000002
240 0.8712000000000001
241 0.8656
242 0.8584000000000002
243 0.8536
244 0.8516000000000001
245 0.8456000000000001
246 0.8424
247 0.8404000000000003
248 0.8371999999999999
249 0.8356
250 0.8340000000000001
251 0.8368000000000001
252 0.8443999999999999
253 0.8548000000000002
254 0.8592
255 0.8636000000000003
256 0.8716000000000002
257 0.8816000000000003
258 0.8835999999999998
259 0.8835999999999998
260 0.8808000000000001
261 0.8804000000000001
262 0.8715999999999999
263 0.8687999999999998
264 0.8616000000000003
265 0.8576000000000001
266 0.8544000000000003
267 0.8476000000000004
268 0.8392000000000003
269 0.8364000000000001
270 0.8328000000000002
271 0.8316000000000002
272 0.8288000000000001
273 0.8248000000000001
274 0.8279999999999998
275 0.8336
276 0.8455999999999999
277 0.8484
278 0.8596
279 0.8668
280 0.8804
281 0.8964
282 0.9036000000000002
283 0.9048000000000002
284 0.8968000000000003
285 0.8892
286 0.8843999999999999
287 0.8796
288 0.8732
289 0.8684000000000001
290 0.8636000000000003
291 0.8588000000000002
292 0.8552000000000003
293 0.8516000000000004
294 0.8480000000000003
295 0.8448000000000003
296 0.8384000000000004
297 0.8348000000000004
298 0.8372000000000004
299 0.8440000000000003
300 0.8492000000000003
301 0.8540000000000002
302 0.8564000000000002
303 0.8572000000000002
304 0.8652000000000004
305 0.8812000000000002
306 0.8884000000000002
307 0.8896000000000004
308 0.8896000000000002
309 0.8832000000000003
310 0.8780000000000001
311 0.8675999999999999
312 0.8623999999999996
313 0.8579999999999997
314 0.8512000000000001
315 0.8472
316 0.8436
317 0.8388000000000001
318 0.8360000000000001
319 0.8336000000000002
320 0.8320000000000002
321 0.8288000000000001
322 0.8304000000000002
323 0.8344000000000003
324 0.8412000000000001
325 0.8496000000000002
326 0.8603999999999999
327 0.8668
328 0.8796
329 0.8872000000000001
330 0.8956000000000002
331 0.8980000000000001
332 0.8936000000000003
333 0.8844000000000001
334 0.8796000000000003
335 0.8748000000000004
336 0.8716000000000004
337 0.8668000000000002
338 0.8632000000000002
339 0.8596
340 0.8552000000000003
341 0.8512000000000002
342 0.8448000000000002
343 0.8436000000000001
344 0.8416
345 0.84
346 0.836
347 0.8380000000000003
348 0.8464000000000002
349 0.8548000000000002
350 0.8628000000000003
351 0.8692000000000002
352 0.8796
353 0.8939999999999999
354 0.8987999999999999
355 0.9024000000000002
356 0.9004000000000001
357 0.8888000000000001
358 0.8804000000000001
359 0.8776
360 0.8708000000000006
361 0.8624000000000004
362 0.8572000000000003
363 0.8508000000000002
364 0.8456000000000004
365 0.8416000000000002
366 0.8388000000000004
367 0.8340000000000002
368 0.8324000000000003
369 0.8316000000000001
370 0.8312000000000004
371 0.8319999999999999
372 0.8384000000000004
373 0.8516000000000004
374 0.8576000000000001
375 0.8632000000000001
376 0.8800000000000001
377 0.892
378 0.8948
379 0.8960000000000002
380 0.8940000000000003
381 0.8888000000000003
382 0.8808000000000002
383 0.8736000000000003
384 0.8692
385 0.8639999999999998
386 0.8575999999999998
387 0.8532
388 0.8492000000000001
389 0.8452000000000001
390 0.8424
391 0.8388
392 0.8371999999999999
393 0.8340000000000001
394 0.8295999999999999
395 0.8336
396 0.8464000000000005
397 0.8544000000000004
398 0.8580000000000001
399 0.8584
400 0.8672000000000003
401 0.8748
402 0.8864
403 0.8852000000000004
404 0.8872000000000003
405 0.8812000000000002
406 0.8760000000000002
407 0.8712000000000001
408 0.8675999999999999
409 0.8635999999999998
410 0.8568000000000001
411 0.8488000000000002
412 0.8436000000000001
413 0.8396000000000001
414 0.8372000000000002
415 0.8351999999999999
416 0.8327999999999999
417 0.8320000000000001
418 0.8316000000000002
419 0.8352000000000003
420 0.8448000000000003
421 0.8532
422 0.8592000000000002
423 0.8660000000000005
424 0.8760000000000002
425 0.8876000000000002
426 0.8968000000000003
427 0.8940000000000003
428 0.8888000000000001
429 0.8840000000000002
430 0.8784000000000005
431 0.8736000000000003
432 0.8720000000000002
433 0.8664000000000002
434 0.8615999999999999
435 0.8572000000000002
436 0.8524
437 0.8496000000000001
438 0.8452
439 0.8423999999999998
440 0.8403999999999999
441 0.8412
442 0.8396000000000002
443 0.8432000000000002
444 0.8475999999999999
445 0.8548
446 0.8600000000000001
447 0.8656000000000005
448 0.8748000000000005
449 0.8788000000000004
450 0.8868000000000004
451 0.8860000000000003
452 0.8824000000000002
453 0.8780000000000004
454 0.872
455 0.8676
456 0.8632000000000002
457 0.8596
458 0.8536000000000001
459 0.8492000000000001
460 0.8452000000000001
461 0.8412
462 0.8388
463 0.836
464 0.8335999999999999
465 0.8316
466 0.8295999999999998
467 0.8328
468 0.8432000000000002
469 0.8543999999999999
470 0.8628000000000001
471 0.8700000000000003
472 0.8760000000000001
473 0.8896000000000004
474 0.9004000000000001
475 0.8963999999999999
476 0.89
477 0.8848000000000001
478 0.8772000000000001
479 0.8720000000000002
480 0.8664000000000002
481 0.8616000000000001
482 0.8536000000000001
483 0.8460000000000002
484 0.8428000000000001
485 0.8408000000000004
486 0.8380000000000004
487 0.8344000000000001
488 0.8328000000000003
489 0.8300000000000003
490 0.8296000000000002
491 0.8304000000000002
492 0.8408000000000001
493 0.8503999999999998
494 0.8604000000000002
495 0.8672000000000003
496 0.8724000000000003
497 0.8864000000000002
498 0.8936
499 0.8963999999999998
500 0.8932000000000003
501 0.8864000000000002
502 0.878
503 0.8700000000000003
504 0.8632000000000004
505 0.8612000000000003
506 0.8552000000000004
507 0.8516000000000001
508 0.8428000000000001
509 0.8376000000000002
510 0.8340000000000002
511 0.8312
512 0.8280000000000001
513 0.828
514 0.8308
515 0.8344
516 0.8412000000000002
517 0.8491999999999998
518 0.8572
519 0.8652000000000001
520 0.8712000000000003
521 0.88
522 0.8848
523 0.8864000000000004
524 0.8828000000000001
525 0.8784000000000002
526 0.8756000000000003
527 0.8688000000000003
528 0.8628000000000003
529 0.8540000000000003
530 0.8480000000000001
531 0.8436
532 0.8371999999999999
533 0.8319999999999999
534 0.8268
535 0.8228
536 0.8184000000000001
537 0.8156
538 0.8164
539 0.8212
540 0.8268000000000001
541 0.8308
542 0.8392000000000003
543 0.8440000000000003
544 0.8584
545 0.8708000000000001
546 0.8728000000000002
547 0.8748000000000001
548 0.8712000000000003
549 0.8664000000000002
550 0.8624
551 0.8580000000000001
552 0.8548000000000002
553 0.8483999999999999
554 0.8432000000000001
555 0.8388
556 0.8367999999999999
557 0.8320000000000001
558 0.8251999999999999
559 0.8220000000000001
560 0.8200000000000002
561 0.8160000000000001
562 0.8112000000000001
563 0.8144000000000001
564 0.8228
565 0.8320000000000003
566 0.8420000000000002
567 0.8536000000000002
568 0.8612000000000002
569 0.8772000000000003
570 0.8904000000000001
571 0.8928
572 0.8868000000000003
573 0.8788000000000001
574 0.8720000000000002
575 0.8668000000000003
576 0.8632000000000005
577 0.8572000000000004
578 0.8468000000000002
579 0.8408000000000004
580 0.8364000000000003
581 0.8288000000000002
582 0.8232
583 0.8212
584 0.8144
585 0.8104
586 0.8108
587 0.8147999999999999
588 0.8212
589 0.8284
590 0.8360000000000002
591 0.8420000000000003
592 0.8472000000000004
593 0.8592000000000003
594 0.8695999999999998
595 0.8739999999999999
596 0.8708000000000005
597 0.8636000000000006
598 0.8556
599 0.8464000000000003
600 0.8424
601 0.8348000000000003
602 0.8284000000000001
603 0.8172000000000001
604 0.8127999999999999
605 0.8064
606 0.8036
607 0.8011999999999999
608 0.7991999999999999
609 0.7996000000000003
610 0.8024000000000002
611 0.804
612 0.8116
613 0.8212
614 0.8268000000000002
615 0.8411999999999997
616 0.8488000000000001
617 0.8572000000000002
618 0.8688000000000006
619 0.8764000000000002
620 0.8740000000000001
621 0.8672
622 0.8628000000000001
623 0.8528000000000003
624 0.8476000000000002
625 0.8416000000000001
626 0.8328
627 0.8296000000000001
628 0.8232000000000003
629 0.8192000000000003
630 0.8132000000000003
631 0.8100000000000004
632 0.8052000000000004
633 0.8028000000000004
634 0.8047999999999998
635 0.8131999999999999
636 0.8236000000000001
637 0.8331999999999999
638 0.8388000000000001
639 0.8403999999999998
640 0.85
641 0.8608
642 0.8724
643 0.8688000000000001
644 0.8628000000000001
645 0.8564
646 0.8496000000000002
647 0.8440000000000002
648 0.8344000000000001
649 0.8280000000000001
650 0.8220000000000002
651 0.8140000000000002
652 0.8068000000000002
653 0.8016000000000002
654 0.7984000000000002
655 0.794
656 0.7928000000000002
657 0.7916000000000003
658 0.7939999999999999
659 0.7980000000000002
660 0.806
661 0.82
662 0.8308000000000003
663 0.8392000000000002
664 0.8467999999999998
665 0.8632000000000002
666 0.8672000000000001
667 0.8692000000000002
668 0.8700000000000003
669 0.8628000000000005
670 0.8544000000000004
671 0.8468000000000003
672 0.8404000000000003
673 0.8344000000000003
674 0.8292000000000005
675 0.8248000000000004
676 0.8184000000000005
677 0.8136000000000005
678 0.8104000000000003
679 0.8080000000000002
680 0.8052000000000001
681 0.8016000000000002
682 0.8044000000000001
683 0.8084
684 0.8192
685 0.8256
686 0.8332
687 0.8420000000000001
688 0.8532
689 0.8676000000000001
690 0.8715999999999999
691 0.8752000000000002
692 0.8720000000000002
693 0.8644000000000004
694 0.8576
695 0.8512000000000001
696 0.8400000000000002
697 0.8344
698 0.8279999999999998
699 0.8247999999999999
700 0.8195999999999998
701 0.8144
702 0.8104
703 0.8076000000000002
704 0.8052000000000002
705 0.8044000000000001
706 0.8056
707 0.8079999999999999
708 0.8148000000000002
709 0.8208000000000001
710 0.8299999999999998
711 0.8416000000000001
712 0.8540000000000001
713 0.8688000000000001
714 0.8780000000000001
715 0.8759999999999999
716 0.8720000000000002
717 0.8664000000000003
718 0.8591999999999999
719 0.8548
720 0.8452
721 0.8380000000000001
722 0.8328000000000002
723 0.8264000000000001
724 0.8196000000000002
725 0.8148000000000001
726 0.8108
727 0.8075999999999999
728 0.8027999999999998
729 0.8008
730 0.8028000000000002
731 0.8096000000000001
732 0.8195999999999997
733 0.8288000000000001
734 0.8352000000000004
735 0.8380000000000004
736 0.8512000000000003
737 0.8644000000000003
738 0.8740000000000001
739 0.8716000000000002
740 0.8728000000000001
741 0.8644000000000002
742 0.8552000000000003
743 0.8480000000000004
744 0.8412000000000001
745 0.8388
746 0.8344
747 0.8271999999999998
748 0.8216
749 0.8172
750 0.8140000000000002
751 0.8140000000000004
752 0.8124000000000002
753 0.8080000000000002
754 0.8083999999999999
755 0.8088
756 0.8136
757 0.82
758 0.8272000000000002
759 0.8387999999999997
760 0.8516000000000001
761 0.8624000000000004
762 0.8720000000000003
763 0.8768000000000005
764 0.8732000000000005
765 0.8660000000000002
766 0.8596000000000004
767 0.8524000000000005
768 0.8448000000000002
769 0.8368000000000003
770 0.8336000000000001
771 0.8296000000000001
772 0.8252000000000002
773 0.8212000000000002
774 0.8160000000000003
775 0.8096000000000002
776 0.8096000000000003
777 0.8064000000000003
778 0.8076000000000001
779 0.8108000000000001
780 0.8216000000000001
781 0.8308000000000001
782 0.8348
783 0.8443999999999999
784 0.8588
785 0.8732000000000002
786 0.8828000000000001
787 0.8848000000000001
788 0.8804
789 0.8768000000000004
790 0.8680000000000001
791 0.8628000000000003
792 0.8540000000000002
793 0.8464000000000002
794 0.8380000000000001
795 0.8316000000000003
796 0.8280000000000001
797 0.8216000000000001
798 0.8168
799 0.8116
800 0.8091999999999999
801 0.8075999999999999
802 0.8092000000000001
803 0.8119999999999998
804 0.8176000000000001
805 0.8232000000000003
806 0.8316000000000001
807 0.8384000000000004
808 0.8440000000000005
809 0.8556000000000004
810 0.8615999999999999
811 0.8636000000000001
812 0.8620000000000003
813 0.8567999999999999
814 0.8500000000000001
815 0.8428000000000003
816 0.8356
817 0.8312000000000002
818 0.8264000000000001
819 0.8180000000000001
820 0.8144
821 0.8072
822 0.8028000000000002
823 0.7979999999999998
824 0.7975999999999999
825 0.7924
826 0.7959999999999999
827 0.8016000000000001
828 0.8132
829 0.8280000000000001
830 0.8403999999999999
831 0.8503999999999999
832 0.8644
833 0.8780000000000001
834 0.8832
835 0.8844000000000003
836 0.8808000000000001
837 0.8759999999999999
838 0.8667999999999998
839 0.8576
840 0.8503999999999999
841 0.8440000000000001
842 0.8344000000000001
843 0.8308
844 0.8204
845 0.8148000000000002
846 0.8108000000000003
847 0.8088000000000004
848 0.8068000000000004
849 0.8024000000000002
850 0.8032000000000004
851 0.8048000000000002
852 0.8136000000000003
853 0.8228
854 0.8283999999999999
855 0.8347999999999999
856 0.8456000000000005
857 0.8648000000000002
858 0.8708000000000001
859 0.8692
860 0.8655999999999999
861 0.8588000000000001
862 0.8540000000000002
863 0.8484000000000002
864 0.8440000000000002
865 0.8384000000000004
866 0.8340000000000003
867 0.8296000000000001
868 0.8256000000000001
869 0.8148000000000003
870 0.8140000000000004
871 0.8096000000000002
872 0.8072000000000001
873 0.8051999999999999
874 0.8072000000000001
875 0.8103999999999999
876 0.8184
877 0.8272000000000002
878 0.8395999999999999
879 0.8472000000000002
880 0.8575999999999998
881 0.8744
882 0.8807999999999998
883 0.8815999999999998
884 0.8780000000000002
885 0.8684000000000005
886 0.8644000000000004
887 0.8572000000000004
888 0.8504000000000002
889 0.8440000000000005
890 0.8384000000000004
891 0.8332000000000002
892 0.8316000000000002
893 0.8264000000000001
894 0.8220000000000001
895 0.8159999999999998
896 0.8124000000000001
897 0.8096000000000001
898 0.8076000000000001
899 0.8071999999999998
900 0.8143999999999998
901 0.8236
902 0.8308000000000001
903 0.8379999999999999
904 0.8500000000000001
905 0.8652000000000004
906 0.8708000000000005
907 0.8696000000000003
908 0.8680000000000002
909 0.8632000000000002
910 0.8552000000000004
911 0.8504000000000002
912 0.8420000000000004
913 0.8388000000000004
914 0.8352000000000003
915 0.8316000000000001
916 0.8276000000000003
917 0.8208000000000004
918 0.8172000000000004
919 0.8148000000000002
920 0.8136000000000001
921 0.8104000000000002
922 0.8108000000000001
923 0.8164000000000001
924 0.8284
925 0.8360000000000002
926 0.8452
927 0.8544000000000002
928 0.8608
929 0.8720000000000003
930 0.8815999999999997
931 0.8791999999999998
932 0.8739999999999997
933 0.8691999999999996
934 0.8632
935 0.8596
936 0.8512000000000002
937 0.8460000000000001
938 0.8416000000000003
939 0.8352000000000003
940 0.8272000000000002
941 0.8240000000000001
942 0.8203999999999999
943 0.8144
944 0.8136000000000003
945 0.8100000000000002
946 0.8132000000000003
947 0.8136000000000001
948 0.8184000000000001
949 0.8312
950 0.8391999999999998
951 0.8468000000000001
952 0.8588000000000002
953 0.8748000000000001
954 0.8836000000000003
955 0.8811999999999999
956 0.8772000000000001
957 0.8687999999999999
958 0.8644
959 0.8615999999999999
960 0.8484
961 0.8443999999999999
962 0.8412000000000001
963 0.8368000000000001
964 0.8291999999999998
965 0.8227999999999999
966 0.8196000000000001
967 0.8144000000000002
968 0.8104000000000005
969 0.8060000000000004
970 0.8092000000000003
971 0.8131999999999998
972 0.818
973 0.8252000000000002
974 0.8312000000000002
975 0.8408000000000001
976 0.8515999999999998
977 0.8648
978 0.8771999999999999
979 0.8804000000000002
980 0.8756
981 0.8695999999999999
982 0.8631999999999997
983 0.8556
984 0.8488
985 0.8423999999999999
986 0.8351999999999999
987 0.8287999999999998
988 0.8244
989 0.8191999999999999
990 0.8156000000000002
991 0.8104
992 0.8084
993 0.8024000000000002
994 0.8032
995 0.8040000000000004
996 0.8088000000000001
997 0.8200000000000002
998 0.8339999999999997
999 0.8428
1000 0.8519999999999999
1001 0.8656000000000001
1002 0.8756000000000003
1003 0.8748000000000001
1004 0.8692000000000003
1005 0.8604
1006 0.8472000000000002
1007 0.8396000000000001
1008 0.8331999999999999
1009 0.8296000000000001
1010 0.8240000000000001
1011 0.8188000000000001
1012 0.8144
1013 0.8060000000000003
1014 0.8020000000000003
1015 0.7996000000000001
1016 0.7987999999999998
1017 0.7972
1018 0.7948
1019 0.7980000000000003
1020 0.8020000000000003
1021 0.8104
1022 0.8168
1023 0.8320000000000001
1024 0.8439999999999995
1025 0.8628000000000003
1026 0.8680000000000004
1027 0.8692000000000006
1028 0.8664000000000006
1029 0.8620000000000004
1030 0.8520000000000004
1031 0.8436000000000002
1032 0.8372000000000003
1033 0.8332000000000002
1034 0.8280000000000001
1035 0.8220000000000002
1036 0.8192000000000003
1037 0.8140000000000002
1038 0.8096000000000002
1039 0.8060000000000004
1040 0.8016000000000004
1041 0.8000000000000003
1042 0.8032
1043 0.8072
1044 0.8156000000000002
1045 0.8236000000000001
1046 0.8288000000000002
1047 0.8404
1048 0.8520000000000006
1049 0.8668000000000003
1050 0.8732000000000003
1051 0.8752000000000001
1052 0.8728
1053 0.872
1054 0.8676000000000001
1055 0.8612000000000001
1056 0.8548000000000002
1057 0.8468000000000002
1058 0.8404000000000004
1059 0.8356000000000001
1060 0.8288000000000001
1061 0.8264000000000001
1062 0.8240000000000002
1063 0.8160000000000004
1064 0.8140000000000001
1065 0.8088000000000001
1066 0.8092
1067 0.8136000000000001
1068 0.8244000000000002
1069 0.8292000000000003
1070 0.8324000000000005
1071 0.8396000000000002
1072 0.8452000000000003
1073 0.8564000000000002
1074 0.8636000000000003
1075 0.8640000000000001
1076 0.8644000000000003
1077 0.8560000000000003
1078 0.8532000000000002
1079 0.8448
1080 0.8392000000000002
1081 0.8312000000000002
1082 0.8260000000000002
1083 0.8192000000000003
1084 0.8156000000000003
1085 0.8100000000000003
1086 0.8024000000000002
1087 0.8016000000000002
1088 0.8016000000000001
1089 0.7992000000000001
1090 0.7988000000000003
1091 0.8036
1092 0.8112
1093 0.8175999999999999
1094 0.8252000000000002
1095 0.8395999999999998
1096 0.8484000000000003
1097 0.8652000000000002
1098 0.8735999999999998
1099 0.8768
1100 0.8752000000000004
1101 0.8704000000000001
1102 0.8644000000000003
1103 0.8512000000000001
1104 0.8464000000000002
1105 0.8424
1106 0.8384
1107 0.8319999999999997
1108 0.8287999999999996
1109 0.8227999999999999
1110 0.8187999999999996
1111 0.8155999999999998
1112 0.8159999999999998
1113 0.8163999999999999
1114 0.8168
1115 0.8275999999999999
1116 0.836
1117 0.8408
1118 0.8467999999999999
1119 0.856
1120 0.8664000000000003
1121 0.8732000000000002
1122 0.8812000000000001
1123 0.8832000000000001
1124 0.8788000000000002
1125 0.872
1126 0.8640000000000001
1127 0.8595999999999999
1128 0.8519999999999999
1129 0.8467999999999999
1130 0.8391999999999998
1131 0.8323999999999999
1132 0.8276
1133 0.8228
1134 0.8168000000000001
1135 0.8140000000000001
1136 0.8128
1137 0.81
1138 0.8084
1139 0.8124000000000001
1140 0.8176000000000001
1141 0.8295999999999999
1142 0.8388
1143 0.8468000000000001
1144 0.8588000000000002
1145 0.8724000000000003
1146 0.8796
1147 0.8836000000000002
1148 0.8787999999999999
1149 0.8760000000000003
1150 0.8656000000000003
1151 0.8588000000000002
1152 0.8488000000000001
1153 0.84
1154 0.8320000000000001
1155 0.8275999999999999
1156 0.8203999999999999
1157 0.816
1158 0.8112000000000001
1159 0.8100000000000002
1160 0.806
1161 0.8008000000000002
1162 0.8020000000000003
1163 0.8024000000000002
1164 0.8084
1165 0.8132000000000004
1166 0.8175999999999999
1167 0.8248000000000001
1168 0.8392000000000002
1169 0.8524
1170 0.8576
1171 0.8608000000000001
1172 0.8608000000000002
1173 0.8543999999999999
1174 0.8488
1175 0.8404
1176 0.8320000000000001
1177 0.8228000000000002
1178 0.8152000000000001
1179 0.8108000000000001
1180 0.8068000000000001
1181 0.8024000000000001
1182 0.7984000000000002
1183 0.7976000000000001
1184 0.794
1185 0.7904000000000001
1186 0.7948000000000001
1187 0.8084
1188 0.818
1189 0.8255999999999999
1190 0.8308000000000003
1191 0.8404000000000004
1192 0.8552000000000003
1193 0.8636000000000001
1194 0.8715999999999999
1195 0.8727999999999999
1196 0.8667999999999999
1197 0.8608000000000002
1198 0.8552000000000001
1199 0.8484000000000002
1200 0.8424
1201 0.8360000000000001
1202 0.8316000000000001
1203 0.8252000000000002
1204 0.8220000000000003
1205 0.8168000000000003
1206 0.8108000000000003
1207 0.806
1208 0.8020000000000002
1209 0.7996000000000001
1210 0.7960000000000003
1211 0.7996000000000002
1212 0.8064
1213 0.8103999999999999
1214 0.8176000000000002
1215 0.8288
1216 0.8452000000000001
1217 0.8604000000000002
1218 0.8676
1219 0.8664000000000001
1220 0.8668000000000003
1221 0.8572000000000003
1222 0.8472000000000002
1223 0.8404000000000003
1224 0.8344000000000001
1225 0.824
1226 0.82
1227 0.8156000000000002
1228 0.8052000000000001
1229 0.7992000000000001
1230 0.7964
1231 0.7928000000000002
1232 0.7896000000000001
1233 0.7895999999999997
1234 0.7895999999999997
1235 0.7924
1236 0.8028000000000002
1237 0.8116000000000001
1238 0.8124000000000002
1239 0.8208000000000001
1240 0.8336000000000002
1241 0.8464
1242 0.8604000000000004
1243 0.8644000000000003
1244 0.8623999999999999
1245 0.8616000000000003
1246 0.8536000000000001
1247 0.8443999999999998
1248 0.838
1249 0.8312
1250 0.8252000000000003
1251 0.8204000000000004
1252 0.8164000000000001
1253 0.8123999999999999
1254 0.8091999999999999
1255 0.8072
1256 0.8052000000000001
1257 0.8032
1258 0.8048000000000002
1259 0.8092000000000001
1260 0.8176000000000001
1261 0.826
1262 0.8332000000000004
1263 0.8432000000000002
1264 0.8532
1265 0.8636000000000001
1266 0.8788000000000001
1267 0.8816000000000003
1268 0.8787999999999999
1269 0.8740000000000001
1270 0.8656000000000001
1271 0.8552000000000004
1272 0.8480000000000001
1273 0.8388
1274 0.8312
1275 0.8251999999999999
1276 0.8176000000000002
1277 0.8104000000000003
1278 0.8068000000000004
1279 0.8036000000000003
1280 0.8012000000000001
1281 0.7976000000000003
1282 0.8020000000000002
1283 0.8056
1284 0.8124000000000002
1285 0.8208
1286 0.83
1287 0.8344
1288 0.8420000000000002
1289 0.8580000000000001
1290 0.87
1291 0.8719999999999998
1292 0.8699999999999997
1293 0.8631999999999997
1294 0.8560000000000002
1295 0.8500000000000001
1296 0.8444000000000003
1297 0.8388000000000001
1298 0.8364000000000001
1299 0.8292000000000005
1300 0.8208000000000004
1301 0.8164000000000002
1302 0.8116000000000002
1303 0.8064000000000003
1304 0.8012000000000001
1305 0.7996000000000001
1306 0.7984
1307 0.8
1308 0.8088000000000001
1309 0.82
1310 0.83
1311 0.838
1312 0.8443999999999998
1313 0.8568000000000001
1314 0.8672000000000001
1315 0.8692000000000003
1316 0.8644000000000004
1317 0.8596000000000004
1318 0.8512000000000003
1319 0.8424000000000004
1320 0.8344000000000003
1321 0.8296000000000001
1322 0.8248000000000002
1323 0.8204
1324 0.8136000000000003
1325 0.8064
1326 0.8012000000000001
1327 0.7988000000000001
1328 0.7972
1329 0.7936
1330 0.7919999999999999
1331 0.8000000000000002
1332 0.8068000000000001
1333 0.8168000000000001
1334 0.8260000000000002
1335 0.8368000000000001
1336 0.8488000000000002
1337 0.8616000000000003
1338 0.8680000000000004
1339 0.8667999999999999
1340 0.8636
1341 0.8595999999999999
1342 0.8508000000000001
1343 0.8464000000000002
1344 0.8412000000000002
1345 0.8336000000000001
1346 0.8260000000000001
1347 0.8211999999999999
1348 0.8167999999999997
1349 0.8083999999999999
1350 0.8051999999999998
1351 0.8008
1352 0.7980000000000002
1353 0.7928000000000001
1354 0.7948000000000002
1355 0.8028
1356 0.8111999999999999
1357 0.824
1358 0.828
1359 0.8319999999999999
1360 0.8431999999999996
1361 0.8543999999999999
1362 0.8615999999999998
1363 0.8620000000000003
1364 0.8600000000000003
1365 0.8548
1366 0.8492000000000002
1367 0.8432000000000001
1368 0.8368000000000002
1369 0.8291999999999998
1370 0.8224000000000001
1371 0.8176000000000001
1372 0.8128
1373 0.8088
1374 0.8051999999999999
1375 0.7992
1376 0.7992
1377 0.7959999999999999
1378 0.7948
1379 0.7980000000000002
1380 0.8064000000000001
1381 0.8172000000000001
1382 0.8268000000000001
1383 0.8367999999999997
1384 0.8519999999999998
1385 0.8664000000000002
1386 0.8740000000000001
1387 0.8788000000000002
1388 0.8724000000000001
1389 0.8656
1390 0.8611999999999999
1391 0.8532000000000001
1392 0.8480000000000001
1393 0.8424
1394 0.8344000000000003
1395 0.8256000000000001
1396 0.8188000000000002
1397 0.8128000000000003
1398 0.8084000000000002
1399 0.8024
1400 0.8016000000000001
1401 0.802
1402 0.7996000000000002
1403 0.8016
1404 0.8083999999999999
1405 0.8183999999999998
1406 0.8235999999999999
1407 0.8336000000000002
1408 0.8512000000000001
1409 0.8640000000000001
1410 0.8724000000000003
1411 0.8764000000000004
1412 0.8732000000000002
1413 0.8652000000000002
1414 0.8572000000000004
1415 0.8500000000000003
1416 0.8452000000000004
1417 0.8396000000000001
1418 0.8331999999999999
1419 0.8260000000000001
1420 0.8224000000000001
1421 0.8136
1422 0.8092
1423 0.8036
1424 0.7988
1425 0.7904000000000001
1426 0.7920000000000001
1427 0.7992
1428 0.8039999999999998
1429 0.8123999999999999
1430 0.8184000000000001
1431 0.8292000000000002
1432 0.8396000000000002
1433 0.8548000000000002
1434 0.8608
1435 0.8612000000000002
1436 0.8592000000000002
1437 0.8544000000000002
1438 0.8467999999999999
1439 0.8391999999999997
1440 0.836
1441 0.8271999999999999
1442 0.8196000000000001
1443 0.8156000000000002
1444 0.8128
1445 0.8059999999999998
1446 0.8015999999999999
1447 0.7975999999999999
1448 0.7944000000000001
1449 0.7952000000000002
1450 0.7964000000000003
1451 0.8044000000000001
1452 0.8112000000000004
1453 0.8280000000000001
1454 0.8392000000000003
1455 0.8460000000000004
1456 0.8636000000000001
1457 0.8772000000000004
1458 0.8832000000000002
1459 0.8843999999999999
1460 0.8848
1461 0.8772
1462 0.8708000000000001
1463 0.8640000000000002
1464 0.8560000000000002
1465 0.8476000000000002
1466 0.8412000000000003
1467 0.8372000000000004
1468 0.8272000000000003
1469 0.8188000000000001
1470 0.8128000000000002
1471 0.8092000000000001
1472 0.8048000000000002
1473 0.8039999999999999
1474 0.7992000000000001
1475 0.8048000000000002
1476 0.8136
1477 0.82
1478 0.8260000000000001
1479 0.8364
1480 0.8476
1481 0.8552000000000003
1482 0.8616000000000001
1483 0.8664000000000004
1484 0.8604
1485 0.8560000000000002
1486 0.8528000000000001
1487 0.8451999999999998
1488 0.8347999999999999
1489 0.8308
1490 0.8252000000000003
1491 0.8188000000000002
1492 0.8136
1493 0.8108000000000001
1494 0.8036000000000003
1495 0.8004000000000003
1496 0.7984000000000003
1497 0.7940000000000002
1498 0.7976000000000001
1499 0.802
1500 0.8116000000000005
1501 0.8204000000000002
1502 0.8328000000000002
1503 0.8428000000000003
1504 0.8524000000000003
1505 0.8608000000000006
1506 0.8704000000000002
1507 0.8716000000000002
1508 0.8652000000000001
1509 0.858
1510 0.848
1511 0.8428000000000001
1512 0.8376
1513 0.8324000000000004
1514 0.8264000000000002
1515 0.8232
1516 0.8196000000000002
1517 0.812
1518 0.8088
1519 0.8072000000000001
1520 0.8043999999999998
1521 0.8016
1522 0.8012
1523 0.8036
1524 0.8131999999999999
1525 0.8247999999999999
1526 0.8312000000000002
1527 0.8384000000000001
1528 0.8488000000000001
1529 0.8584
1530 0.8675999999999999
1531 0.8643999999999998
1532 0.8624000000000005
1533 0.8532000000000002
1534 0.8472000000000002
1535 0.8423999999999999
1536 0.8388
1537 0.8332000000000002
1538 0.8272000000000006
1539 0.8232000000000005
1540 0.8176000000000003
1541 0.8108000000000005
1542 0.8080000000000004
1543 0.8044000000000002
1544 0.8004000000000002
1545 0.7960000000000003
1546 0.7988000000000003
1547 0.8012
1548 0.8115999999999997
1549 0.8188000000000002
1550 0.8248000000000001
1551 0.8376
1552 0.8496000000000005
1553 0.8636
1554 0.8667999999999999
1555 0.8696000000000003
1556 0.8652000000000004
1557 0.8596000000000003
1558 0.8536000000000001
1559 0.8444000000000004
1560 0.8348000000000003
1561 0.8272000000000003
1562 0.8220000000000003
1563 0.8152000000000001
1564 0.8079999999999999
1565 0.8008
1566 0.7956000000000002
1567 0.7908
1568 0.7871999999999997
1569 0.7863999999999998
1570 0.7891999999999999
1571 0.7944000000000001
1572 0.8035999999999999
1573 0.8156
1574 0.8240000000000002
1575 0.8344000000000001
1576 0.8479999999999999
1577 0.8588
1578 0.8676
1579 0.8664000000000001
1580 0.8632000000000002
1581 0.8548000000000002
1582 0.8432
1583 0.8364
1584 0.8316
1585 0.8256
1586 0.8212
1587 0.8188000000000001
1588 0.8160000000000003
1589 0.8084000000000002
1590 0.8051999999999999
1591 0.7984000000000002
1592 0.7952000000000001
1593 0.7944000000000001
1594 0.7948
1595 0.8019999999999999
1596 0.8120000000000002
1597 0.8140000000000004
1598 0.8240000000000001
1599 0.8352000000000003
1600 0.8472000000000003
1601 0.8639999999999999
1602 0.8688000000000002
1603 0.8687999999999999
1604 0.8672000000000003
1605 0.8576000000000001
1606 0.8528000000000003
1607 0.8456000000000001
1608 0.8396000000000002
1609 0.8372000000000003
1610 0.8312000000000005
1611 0.8232000000000005
1612 0.8192000000000005
1613 0.8140000000000004
1614 0.8096000000000003
1615 0.8080000000000004
1616 0.8052000000000002
1617 0.8024000000000002
1618 0.8059999999999999
1619 0.8128000000000003
1620 0.8168000000000002
1621 0.8256000000000003
1622 0.8340000000000002
1623 0.8420000000000003
1624 0.8548000000000002
1625 0.862
1626 0.8732000000000002
1627 0.8708000000000005
1628 0.8652000000000002
1629 0.8592000000000002
1630 0.8508000000000001
1631 0.8416000000000002
1632 0.8352000000000003
1633 0.8324000000000004
1634 0.8224000000000002
1635 0.8160000000000004
1636 0.8100000000000003
1637 0.8052000000000002
1638 0.8004000000000003
1639 0.7972000000000005
1640 0.7936000000000003
1641 0.7908000000000002
1642 0.7920000000000001
1643 0.7960000000000004
1644 0.8012000000000004
1645 0.8092000000000001
1646 0.8228
1647 0.8339999999999997
1648 0.848
1649 0.8584000000000003
1650 0.8656000000000005
1651 0.868
1652 0.8675999999999999
1653 0.8632000000000001
1654 0.8572000000000002
1655 0.8496000000000001
1656 0.8436000000000002
1657 0.8364000000000003
1658 0.8304000000000002
1659 0.8268000000000002
1660 0.8224000000000001
1661 0.8152000000000003
1662 0.8096000000000001
1663 0.8052000000000002
1664 0.8068000000000001
1665 0.8079999999999999
1666 0.8072
1667 0.8131999999999998
1668 0.8224000000000001
1669 0.8276000000000004
1670 0.8376
1671 0.8412000000000001
1672 0.8488000000000003
1673 0.8604000000000002
1674 0.8656000000000001
1675 0.866
1676 0.8612000000000003
1677 0.8548000000000003
1678 0.8464
1679 0.8392000000000002
1680 0.8308000000000003
1681 0.8268000000000002
1682 0.8208000000000003
1683 0.8144000000000001
1684 0.8092000000000001
1685 0.8052000000000001
1686 0.8016000000000002
1687 0.7984000000000002
1688 0.7976000000000001
1689 0.7948000000000002
1690 0.7976000000000001
1691 0.8027999999999998
1692 0.8116
1693 0.8228000000000003
1694 0.8348000000000003
1695 0.8388000000000002
1696 0.8432000000000001
1697 0.8556000000000004
1698 0.8672000000000003
1699 0.8704000000000004
1700 0.8684000000000006
1701 0.8604000000000002
1702 0.8560000000000003
1703 0.8484000000000002
1704 0.8416
1705 0.8364
1706 0.8296000000000001
1707 0.8232
1708 0.8192
1709 0.8139999999999997
1710 0.8079999999999998
1711 0.8055999999999998
1712 0.8059999999999998
1713 0.8023999999999998
1714 0.8023999999999998
1715 0.806
1716 0.8144
1717 0.826
1718 0.8380000000000003
1719 0.8464000000000002
1720 0.8528000000000001
1721 0.8668
1722 0.8748
1723 0.8736000000000004
1724 0.8728000000000001
1725 0.8672
1726 0.8620000000000005
1727 0.8528000000000004
1728 0.8468000000000001
1729 0.8416000000000002
1730 0.8352000000000003
1731 0.8264000000000002
1732 0.8200000000000002
1733 0.8140000000000004
1734 0.8128000000000004
1735 0.8096000000000003
1736 0.8092000000000003
1737 0.8052000000000002
1738 0.7992
1739 0.8016000000000002
1740 0.8076000000000002
1741 0.8176000000000002
1742 0.8284000000000004
1743 0.8352000000000004
1744 0.8428000000000001
1745 0.8560000000000002
1746 0.8615999999999999
1747 0.8676
1748 0.8643999999999997
1749 0.8564
1750 0.8472000000000003
1751 0.8384000000000001
1752 0.8308
1753 0.8232
1754 0.8140000000000001
1755 0.8075999999999999
1756 0.8044
1757 0.8
1758 0.7968000000000001
1759 0.7932000000000001
1760 0.7896
1761 0.7872
1762 0.7888
1763 0.7928000000000001
1764 0.802
1765 0.812
1766 0.8208
1767 0.8288000000000004
1768 0.8436
1769 0.8504
1770 0.8576000000000008
1771 0.8560000000000002
1772 0.8540000000000001
1773 0.8476000000000002
1774 0.8420000000000003
1775 0.8320000000000002
1776 0.8252000000000002
1777 0.8180000000000003
1778 0.8116000000000001
1779 0.8055999999999999
1780 0.7988
1781 0.79
1782 0.7867999999999999
1783 0.7824000000000001
1784 0.7812000000000002
1785 0.7803999999999999
1786 0.7796
1787 0.7876000000000002
1788 0.796
1789 0.8039999999999999
1790 0.8128000000000003
1791 0.8204000000000004
1792 0.8300000000000002
1793 0.8512000000000001
1794 0.8632000000000002
1795 0.866
1796 0.8628000000000003
1797 0.8588000000000002
1798 0.8492000000000001
1799 0.8484000000000002
1800 0.8412000000000002
1801 0.8364000000000003
1802 0.8336000000000002
1803 0.8276000000000004
1804 0.8240000000000003
1805 0.8180000000000003
1806 0.8139999999999997
1807 0.8103999999999997
1808 0.8083999999999999
1809 0.8079999999999999
1810 0.8116
1811 0.8140000000000002
1812 0.8244
1813 0.8340000000000002
1814 0.8396000000000002
1815 0.8448000000000003
1816 0.8544000000000002
1817 0.8628000000000001
1818 0.8656
1819 0.866
1820 0.8572
1821 0.8467999999999997
1822 0.8436
1823 0.8364
1824 0.8288
1825 0.8228
1826 0.8171999999999998
1827 0.8132
1828 0.8072000000000001
1829 0.8040000000000002
1830 0.8000000000000002
1831 0.796
1832 0.792
1833 0.7916
1834 0.7944
1835 0.7975999999999998
1836 0.8051999999999999
1837 0.8151999999999999
1838 0.8183999999999999
1839 0.8296000000000002
1840 0.8464000000000002
1841 0.8612000000000001
1842 0.8720000000000004
1843 0.8744000000000003
1844 0.8696
1845 0.8596000000000003
1846 0.8536000000000002
1847 0.8508000000000002
1848 0.8452000000000001
1849 0.8420000000000001
1850 0.8348
1851 0.8284
1852 0.8208000000000001
1853 0.8128
1854 0.8056000000000002
1855 0.8016000000000001
1856 0.7976000000000002
1857 0.7972000000000001
1858 0.7940000000000004
1859 0.8000000000000002
1860 0.8104000000000003
1861 0.8196000000000001
1862 0.8219999999999998
1863 0.8263999999999999
1864 0.8368000000000003
1865 0.8508000000000001
1866 0.862
1867 0.8564000000000002
1868 0.8512000000000001
1869 0.8448
1870 0.8404
1871 0.8344000000000003
1872 0.8272000000000003
1873 0.8220000000000002
1874 0.8151999999999999
1875 0.8104000000000002
1876 0.8072
1877 0.7999999999999998
1878 0.7944
1879 0.7875999999999999
1880 0.7839999999999999
1881 0.7772000000000001
1882 0.7792000000000001
1883 0.7855999999999999
1884 0.7928000000000002
1885 0.8063999999999997
1886 0.8148000000000001
1887 0.8256000000000001
1888 0.8412000000000001
1889 0.8552
1890 0.8652
1891 0.8664000000000002
1892 0.8668000000000002
1893 0.8632000000000001
1894 0.8555999999999999
1895 0.8468000000000001
1896 0.8352
1897 0.8288
1898 0.8256
1899 0.8200000000000002
1900 0.8096
1901 0.8023999999999998
1902 0.7959999999999999
1903 0.7924
1904 0.7903999999999999
1905 0.7859999999999999
1906 0.7871999999999997
1907 0.7915999999999999
1908 0.7988000000000001
1909 0.804
1910 0.8088
1911 0.8176000000000001
1912 0.8328
1913 0.846
1914 0.8504000000000002
1915 0.8520000000000006
1916 0.8492000000000004
1917 0.8436000000000005
1918 0.8376000000000003
1919 0.8300000000000003
1920 0.8236000000000003
1921 0.8140000000000002
1922 0.8076000000000001
1923 0.7992000000000001
1924 0.7956
1925 0.7912
1926 0.7844000000000001
1927 0.7800000000000002
1928 0.7792000000000003
1929 0.7732000000000002
1930 0.7756000000000001
1931 0.7848
1932 0.7956
1933 0.8079999999999999
1934 0.8144
1935 0.8271999999999998
1936 0.8460000000000002
1937 0.8547999999999998
1938 0.8615999999999999
1939 0.8636000000000003
1940 0.8596000000000004
1941 0.8560000000000002
1942 0.8520000000000002
1943 0.8424
1944 0.8343999999999998
1945 0.8255999999999999
1946 0.8168
1947 0.8087999999999999
1948 0.8027999999999997
1949 0.7951999999999997
1950 0.7891999999999999
1951 0.7872
1952 0.7824000000000001
1953 0.7800000000000001
1954 0.7788000000000004
1955 0.7840000000000004
1956 0.7908000000000003
1957 0.8012000000000001
1958 0.8052000000000001
1959 0.8172
1960 0.8323999999999998
1961 0.8468000000000002
1962 0.8536
1963 0.8556000000000001
1964 0.8476
1965 0.8356
1966 0.8279999999999998
1967 0.8239999999999997
1968 0.8168000000000001
1969 0.8084000000000003
1970 0.8036000000000003
1971 0.7976000000000003
1972 0.7920000000000003
1973 0.7884000000000003
1974 0.7844000000000004
1975 0.7784000000000003
1976 0.7760000000000001
1977 0.7736000000000002
1978 0.7736000000000003
1979 0.7784
1980 0.7856000000000002
1981 0.8016000000000001
1982 0.8131999999999999
1983 0.8236000000000003
1984 0.8332000000000004
1985 0.8495999999999999
1986 0.8588
1987 0.8612000000000002
1988 0.8556000000000001
1989 0.8495999999999999
1990 0.8428000000000001
1991 0.8328000000000003
1992 0.8276000000000003
1993 0.8228000000000003
1994 0.8172000000000004
1995 0.8116000000000005
1996 0.8024000000000002
1997 0.7968000000000001
1998 0.7919999999999997
1999 0.7887999999999997
