1 1.0
2 1.0
3 1.0
4 0.9992
5 0.9972
6 0.996
7 0.9939999999999999
8 0.9903999999999997
9 0.9871999999999997
10 0.9847999999999998
11 0.9807999999999999
12 0.9783999999999997
13 0.9755999999999999
14 0.9723999999999999
15 0.9675999999999998
16 0.9647999999999998
17 0.9635999999999996
18 0.9591999999999997
19 0.9575999999999999
20 0.9556
21 0.9528
22 0.9515999999999998
23 0.9451999999999998
24 0.9396
25 0.9356
26 0.9296
27 0.9224
28 0.9148000000000001
29 0.9064
30 0.9007999999999999
31 0.8952000000000002
32 0.8900000000000001
33 0.8824000000000002
34 0.8772000000000001
35 0.8752000000000002
36 0.8740000000000003
37 0.8712000000000002
38 0.8736000000000003
39 0.8768000000000002
40 0.8876000000000002
41 0.9008000000000002
42 0.9076
43 0.9068
44 0.9044000000000001
45 0.8984000000000001
46 0.8899999999999999
47 0.8835999999999999
48 0.8767999999999999
49 0.8672000000000001
50 0.8576000000000001
51 0.8448
52 0.8376
53 0.8280000000000001
54 0.8232000000000003
55 0.8175999999999999
56 0.8127999999999999
57 0.8075999999999999
58 0.8003999999999999
59 0.8031999999999998
60 0.8075999999999999
61 0.8148000000000001
62 0.8183999999999999
63 0.8311999999999999
64 0.8468000000000001
65 0.8668000000000002
66 0.8776000000000002
67 0.8876000000000001
68 0.8848
69 0.8764
70 0.866
71 0.8547999999999999
72 0.8420000000000002
73 0.8284
74 0.8188000000000001
75 0.8104
76 0.8004000000000001
77 0.7908
78 0.7824000000000002
79 0.7760000000000002
80 0.7716000000000001
81 0.7656000000000002
82 0.7664000000000002
83 0.7736
84 0.7824
85 0.7928000000000001
86 0.8008
87 0.8064000000000001
88 0.8268
89 0.8496000000000004
90 0.8644000000000003
91 0.8700000000000004
92 0.8656000000000001
93 0.8632000000000002
94 0.8556000000000001
95 0.846
96 0.8351999999999998
97 0.8240000000000001
98 0.8108000000000001
99 0.7984000000000003
100 0.7872000000000002
101 0.7804000000000001
102 0.7716
103 0.7672
104 0.7628000000000001
105 0.7572
106 0.7580000000000001
107 0.7636000000000003
108 0.7708000000000002
109 0.7787999999999999
110 0.7919999999999999
111 0.8059999999999998
112 0.8276000000000003
113 0.8440000000000001
114 0.858
115 0.8628
116 0.8632000000000001
117 0.8572000000000002
118 0.8488000000000002
119 0.8372000000000002
120 0.8252000000000004
121 0.812
122 0.8008000000000002
123 0.7883999999999999
124 0.7724
125 0.7588000000000001
126 0.7463999999999998
127 0.7420000000000002
128 0.7328000000000001
129 0.7268000000000001
130 0.7256
131 0.7295999999999999
132 0.7404000000000002
133 0.752
134 0.7611999999999998
135 0.7736
136 0.7964000000000001
137 0.8212
138 0.8384000000000001
139 0.8472
140 0.8412000000000002
141 0.8380000000000001
142 0.8299999999999998
143 0.8184000000000001
144 0.8032000000000002
145 0.794
146 0.7815999999999999
147 0.7667999999999999
148 0.7559999999999998
149 0.7403999999999997
150 0.7275999999999998
151 0.7211999999999997
152 0.7152
153 0.7123999999999998
154 0.7147999999999999
155 0.7211999999999996
156 0.7295999999999999
157 0.7432
158 0.7559999999999998
159 0.7707999999999998
160 0.7959999999999998
161 0.8240000000000002
162 0.8452
163 0.852
164 0.8584000000000003
165 0.8524000000000004
166 0.8420000000000003
167 0.8312
168 0.8203999999999999
169 0.8059999999999998
170 0.7859999999999999
171 0.7692
172 0.7520000000000002
173 0.7432000000000001
174 0.7316000000000003
175 0.7200000000000002
176 0.7123999999999999
177 0.7075999999999998
178 0.7116000000000001
179 0.7172000000000002
180 0.728
181 0.7439999999999999
182 0.7536
183 0.7676
184 0.7927999999999998
185 0.8260000000000001
186 0.8495999999999999
187 0.8560000000000001
188 0.8572
189 0.8503999999999999
190 0.8432
191 0.8316
192 0.8187999999999999
193 0.8031999999999999
194 0.7876000000000001
195 0.7707999999999999
196 0.758
197 0.7504
198 0.7431999999999997
199 0.7359999999999998
200 0.7287999999999998
201 0.7204
202 0.72
203 0.7252
204 0.7352000000000001
205 0.7444000000000003
206 0.7572000000000001
207 0.7739999999999999
208 0.7919999999999999
209 0.8191999999999999
210 0.8336000000000001
211 0.8468000000000003
212 0.8424000000000003
213 0.8316000000000001
214 0.8216
215 0.8116000000000001
216 0.7984000000000002
217 0.7848000000000002
218 0.7652
219 0.7511999999999999
220 0.7356000000000001
221 0.7228
222 0.7088
223 0.7019999999999998
224 0.694
225 0.6884000000000001
226 0.6864000000000001
227 0.6964
228 0.7071999999999999
229 0.7232
230 0.7392000000000002
231 0.7632000000000001
232 0.7816000000000001
233 0.8107999999999999
234 0.8336
235 0.8448
236 0.8432000000000001
237 0.8303999999999998
238 0.8192000000000002
239 0.8072000000000003
240 0.7919999999999997
241 0.7803999999999998
242 0.7639999999999999
243 0.7504000000000001
244 0.7343999999999999
245 0.7219999999999999
246 0.7108
247 0.7007999999999999
248 0.6943999999999998
249 0.6875999999999999
250 0.6896000000000001
251 0.6976
252 0.7096000000000002
253 0.7264
254 0.7404000000000002
255 0.7544000000000001
256 0.7767999999999999
257 0.8020000000000002
258 0.8228000000000002
259 0.8308000000000004
260 0.8300000000000003
261 0.8244000000000001
262 0.8152000000000003
263 0.7996000000000002
264 0.7896000000000001
265 0.7747999999999999
266 0.7615999999999999
267 0.7468000000000004
268 0.7348000000000003
269 0.7216000000000004
270 0.7088000000000002
271 0.7000000000000003
272 0.69
273 0.6852000000000001
274 0.6875999999999999
275 0.6975999999999999
276 0.7103999999999998
277 0.7264000000000002
278 0.7424
279 0.7555999999999997
280 0.7748000000000002
281 0.8059999999999998
282 0.8303999999999998
283 0.8364
284 0.8412000000000001
285 0.8324000000000001
286 0.8224000000000001
287 0.8039999999999999
288 0.7879999999999999
289 0.7691999999999999
290 0.7592
291 0.7420000000000003
292 0.7296
293 0.7159999999999996
294 0.7051999999999997
295 0.6951999999999999
296 0.6892
297 0.6844000000000001
298 0.6864000000000001
299 0.7008
300 0.7063999999999999
301 0.7227999999999999
302 0.7315999999999999
303 0.7504000000000001
304 0.7659999999999998
305 0.7976000000000002
306 0.8136
307 0.8251999999999998
308 0.8228
309 0.8187999999999999
310 0.8083999999999999
311 0.7944000000000001
312 0.7796
313 0.7636000000000002
314 0.7436000000000001
315 0.7328000000000001
316 0.7176000000000003
317 0.7048000000000001
318 0.696
319 0.6875999999999999
320 0.6831999999999999
321 0.6788
322 0.6724
323 0.6796000000000001
324 0.6884
325 0.7068000000000001
326 0.7192000000000001
327 0.7347999999999998
328 0.7656000000000002
329 0.7904000000000002
330 0.8104000000000002
331 0.8172
332 0.8200000000000002
333 0.8156000000000003
334 0.8044000000000002
335 0.7872000000000001
336 0.7708000000000003
337 0.7524
338 0.7432000000000002
339 0.7296
340 0.7172
341 0.7040000000000001
342 0.6927999999999997
343 0.6824000000000001
344 0.6739999999999999
345 0.6679999999999999
346 0.6683999999999999
347 0.6792
348 0.6971999999999998
349 0.7143999999999999
350 0.7247999999999999
351 0.7452
352 0.7696
353 0.7972
354 0.8216000000000004
355 0.8328000000000003
356 0.8348000000000002
357 0.8276000000000003
358 0.8184
359 0.8071999999999997
360 0.7899999999999998
361 0.7695999999999998
362 0.7548
363 0.7404000000000001
364 0.7212000000000002
365 0.71
366 0.698
367 0.6856
368 0.6708
369 0.6639999999999999
370 0.6603999999999999
371 0.6692000000000001
372 0.6831999999999999
373 0.7008
374 0.7111999999999997
375 0.7207999999999999
376 0.7444
377 0.7739999999999999
378 0.7936
379 0.8064000000000003
380 0.8043999999999998
381 0.7975999999999999
382 0.7868
383 0.7732000000000002
384 0.7528
385 0.738
386 0.7196000000000001
387 0.7023999999999999
388 0.6864
389 0.6779999999999999
390 0.6684
391 0.6600000000000001
392 0.6516000000000001
393 0.6484000000000001
394 0.6487999999999999
395 0.6560000000000001
396 0.6755999999999999
397 0.6975999999999998
398 0.7147999999999998
399 0.7327999999999999
400 0.7567999999999999
401 0.7944
402 0.8095999999999997
403 0.8231999999999999
404 0.8240000000000001
405 0.8188000000000002
406 0.8032000000000005
407 0.7932000000000003
408 0.7752
409 0.7552000000000001
410 0.7372
411 0.7243999999999998
412 0.7107999999999999
413 0.6956000000000002
414 0.6839999999999999
415 0.6728000000000002
416 0.6596000000000001
417 0.6519999999999999
418 0.6523999999999996
419 0.6624
420 0.6788
421 0.704
422 0.7147999999999999
423 0.7304
424 0.7532000000000001
425 0.7812000000000003
426 0.8024
427 0.8112
428 0.8107999999999999
429 0.8024000000000001
430 0.7904000000000002
431 0.7740000000000002
432 0.7568
433 0.7424
434 0.7224
435 0.7108000000000001
436 0.7023999999999999
437 0.69
438 0.6771999999999998
439 0.6652
440 0.6548
441 0.6487999999999999
442 0.6483999999999999
443 0.6600000000000001
444 0.6836
445 0.6915999999999998
446 0.7132
447 0.7263999999999998
448 0.7539999999999999
449 0.7828
450 0.8051999999999997
451 0.8164000000000001
452 0.8151999999999998
453 0.8068000000000002
454 0.7935999999999998
455 0.7811999999999999
456 0.7651999999999998
457 0.7467999999999998
458 0.7303999999999999
459 0.7132000000000001
460 0.6935999999999997
461 0.6815999999999999
462 0.6688
463 0.6592000000000001
464 0.6535999999999997
465 0.6484000000000001
466 0.648
467 0.6528
468 0.6648000000000002
469 0.6768000000000001
470 0.6932
471 0.7152
472 0.7396000000000003
473 0.7704000000000002
474 0.7944000000000001
475 0.8068
476 0.8083999999999999
477 0.8036000000000003
478 0.7928000000000003
479 0.7792000000000001
480 0.7616000000000003
481 0.7415999999999999
482 0.7195999999999999
483 0.7036000000000001
484 0.6872000000000003
485 0.6728000000000001
486 0.6644000000000001
487 0.6528000000000002
488 0.6428
489 0.6384000000000003
490 0.6416
491 0.6528
492 0.6664000000000001
493 0.6928000000000002
494 0.7064
495 0.7219999999999999
496 0.7436
497 0.7840000000000003
498 0.8040000000000002
499 0.8120000000000002
500 0.8107999999999999
501 0.7988
502 0.7899999999999998
503 0.7787999999999999
504 0.7595999999999999
505 0.7467999999999999
506 0.7339999999999998
507 0.7131999999999998
508 0.6935999999999999
509 0.6795999999999998
510 0.6687999999999998
511 0.6607999999999998
512 0.6515999999999998
513 0.6451999999999998
514 0.6456000000000001
515 0.6491999999999999
516 0.6679999999999999
517 0.6764000000000001
518 0.6924000000000001
519 0.7095999999999998
520 0.7352
521 0.7616
522 0.7868
523 0.8055999999999998
524 0.8048000000000001
525 0.7951999999999999
526 0.7876000000000002
527 0.7736
528 0.7627999999999997
529 0.7439999999999999
530 0.7267999999999998
531 0.7095999999999998
532 0.6947999999999998
533 0.6799999999999998
534 0.6695999999999998
535 0.6627999999999996
536 0.6575999999999997
537 0.6507999999999998
538 0.654
539 0.6675999999999997
540 0.6855999999999999
541 0.6995999999999998
542 0.7167999999999997
543 0.7332000000000001
544 0.7588000000000003
545 0.7896
546 0.8024000000000001
547 0.8127999999999999
548 0.812
549 0.8032000000000002
550 0.794
551 0.7772000000000001
552 0.7636000000000002
553 0.7476
554 0.7320000000000002
555 0.7164
556 0.7024000000000001
557 0.6875999999999999
558 0.6759999999999999
559 0.6627999999999998
560 0.6504000000000001
561 0.644
562 0.6387999999999999
563 0.6448
564 0.6595999999999997
565 0.6791999999999999
566 0.6951999999999997
567 0.7187999999999998
568 0.7520000000000003
569 0.7788
570 0.8031999999999999
571 0.8107999999999999
572 0.8112
573 0.8035999999999999
574 0.7848000000000002
575 0.7667999999999999
576 0.7496
577 0.7335999999999998
578 0.7188
579 0.7067999999999999
580 0.6900000000000002
581 0.6796
582 0.6719999999999999
583 0.6648000000000001
584 0.6544
585 0.6511999999999999
586 0.6544
587 0.6632000000000001
588 0.6779999999999998
589 0.6899999999999998
590 0.7032
591 0.7263999999999998
592 0.7575999999999999
593 0.7824000000000001
594 0.8072000000000001
595 0.8124000000000001
596 0.8088000000000004
597 0.7968000000000001
598 0.7839999999999999
599 0.77
600 0.7519999999999999
601 0.7292000000000002
602 0.716
603 0.7007999999999996
604 0.6859999999999996
605 0.6719999999999999
606 0.6592
607 0.6472
608 0.6428
609 0.6348
610 0.632
611 0.6428
612 0.6599999999999997
613 0.6804000000000001
614 0.6907999999999997
615 0.7143999999999998
616 0.7440000000000002
617 0.77
618 0.7924000000000001
619 0.8008000000000002
620 0.8008000000000002
621 0.7972000000000001
622 0.7792000000000001
623 0.7652000000000001
624 0.7456000000000002
625 0.7288000000000001
626 0.7136000000000001
627 0.6992000000000002
628 0.6836
629 0.6696
630 0.6608000000000002
631 0.6528000000000002
632 0.6476000000000001
633 0.644
634 0.6411999999999999
635 0.6476
636 0.6639999999999998
637 0.6852000000000001
638 0.7012
639 0.72
640 0.7508000000000001
641 0.7755999999999998
642 0.7928000000000001
643 0.8040000000000002
644 0.7991999999999999
645 0.7936
646 0.7748000000000004
647 0.7588000000000001
648 0.7411999999999999
649 0.7243999999999999
650 0.7071999999999998
651 0.6960000000000001
652 0.6812
653 0.6704000000000002
654 0.6628000000000002
655 0.6576000000000001
656 0.6496
657 0.6411999999999999
658 0.64
659 0.6495999999999998
660 0.6639999999999999
661 0.674
662 0.6919999999999998
663 0.7120000000000001
664 0.7444000000000003
665 0.7740000000000004
666 0.7944
667 0.8000000000000003
668 0.7932000000000001
669 0.7848
670 0.7756000000000003
671 0.7576
672 0.7439999999999999
673 0.7239999999999999
674 0.7036
675 0.6871999999999998
676 0.6696
677 0.6556000000000001
678 0.6424000000000002
679 0.6316000000000002
680 0.6172
681 0.6103999999999999
682 0.6132
683 0.6168
684 0.6316
685 0.6551999999999998
686 0.6711999999999998
687 0.6836000000000001
688 0.7152000000000001
689 0.7512000000000002
690 0.7768000000000002
691 0.786
692 0.7872000000000002
693 0.7832000000000002
694 0.7724000000000002
695 0.7540000000000002
696 0.74
697 0.7188000000000001
698 0.6992
699 0.6796
700 0.6664
701 0.6528000000000002
702 0.6408
703 0.6335999999999999
704 0.6259999999999999
705 0.6215999999999999
706 0.6244
707 0.6347999999999999
708 0.6431999999999999
709 0.6652000000000001
710 0.6811999999999999
711 0.6991999999999998
712 0.7339999999999999
713 0.7644000000000003
714 0.7847999999999999
715 0.7935999999999999
716 0.7903999999999999
717 0.7807999999999999
718 0.7712000000000002
719 0.7564000000000003
720 0.74
721 0.722
722 0.7028000000000002
723 0.682
724 0.6668000000000001
725 0.6512
726 0.6412
727 0.6272
728 0.6159999999999998
729 0.6127999999999999
730 0.6135999999999998
731 0.6212000000000001
732 0.6396000000000001
733 0.6608000000000002
734 0.6832000000000003
735 0.6956
736 0.7219999999999998
737 0.7508
738 0.7736000000000002
739 0.7856000000000003
740 0.7848
741 0.7764000000000002
742 0.7639999999999999
743 0.7455999999999999
744 0.7256
745 0.7156
746 0.6971999999999998
747 0.6787999999999998
748 0.6567999999999999
749 0.638
750 0.6272
751 0.6187999999999999
752 0.6144
753 0.6087999999999999
754 0.6151999999999999
755 0.628
756 0.648
757 0.6743999999999999
758 0.6895999999999997
759 0.7044
760 0.7320000000000002
761 0.7660000000000001
762 0.782
763 0.7972
764 0.8004000000000001
765 0.7896000000000004
766 0.7764000000000004
767 0.7544000000000001
768 0.7372
769 0.7223999999999999
770 0.7032
771 0.6868
772 0.6716000000000001
773 0.6604000000000001
774 0.6472000000000001
775 0.6344000000000001
776 0.6275999999999999
777 0.6231999999999999
778 0.6200000000000001
779 0.634
780 0.6588000000000003
781 0.6751999999999999
782 0.6847999999999999
783 0.7007999999999999
784 0.7327999999999999
785 0.7687999999999998
786 0.7899999999999997
787 0.7988
788 0.8032000000000002
789 0.7992000000000001
790 0.7804000000000001
791 0.764
792 0.7495999999999999
793 0.7372000000000001
794 0.7144000000000001
795 0.6944000000000001
796 0.6759999999999999
797 0.6571999999999999
798 0.6455999999999998
799 0.6384000000000001
800 0.6328
801 0.6288000000000001
802 0.6232
803 0.6356000000000002
804 0.6444000000000001
805 0.66
806 0.674
807 0.7007999999999999
808 0.7252000000000003
809 0.7592
810 0.7784
811 0.7908
812 0.7928000000000001
813 0.7839999999999996
814 0.7680000000000001
815 0.754
816 0.7344000000000002
817 0.7164
818 0.6976000000000002
819 0.6780000000000003
820 0.6660000000000003
821 0.6524000000000001
822 0.6372
823 0.6287999999999999
824 0.6227999999999999
825 0.6163999999999998
826 0.6171999999999999
827 0.6303999999999998
828 0.6451999999999998
829 0.6651999999999998
830 0.6816
831 0.7004
832 0.7347999999999999
833 0.7659999999999999
834 0.7924
835 0.8059999999999999
836 0.8000000000000002
837 0.7903999999999999
838 0.7783999999999999
839 0.7639999999999998
840 0.7399999999999999
841 0.7203999999999999
842 0.7040000000000001
843 0.6776000000000003
844 0.6664000000000001
845 0.6552000000000001
846 0.6459999999999999
847 0.6347999999999999
848 0.6235999999999999
849 0.6184000000000001
850 0.6183999999999998
851 0.6264
852 0.6404
853 0.6636
854 0.68
855 0.6912
856 0.7188000000000001
857 0.7580000000000002
858 0.7856000000000002
859 0.8016000000000001
860 0.8068000000000001
861 0.7979999999999999
862 0.7812
863 0.7664
864 0.7499999999999999
865 0.7332
866 0.7148000000000002
867 0.6928
868 0.6715999999999996
869 0.6547999999999997
870 0.6459999999999999
871 0.6335999999999999
872 0.6204000000000001
873 0.6132000000000001
874 0.6104
875 0.6252
876 0.6435999999999998
877 0.664
878 0.6803999999999999
879 0.6988
880 0.7256
881 0.758
882 0.7824
883 0.796
884 0.7972000000000001
885 0.7856000000000001
886 0.7748000000000002
887 0.7567999999999998
888 0.7431999999999997
889 0.7304
890 0.7132000000000001
891 0.6907999999999999
892 0.6727999999999998
893 0.6539999999999999
894 0.6439999999999998
895 0.6311999999999999
896 0.6192
897 0.6111999999999999
898 0.6116
899 0.6211999999999999
900 0.6351999999999998
901 0.6531999999999998
902 0.6724
903 0.6875999999999999
904 0.7199999999999999
905 0.7519999999999998
906 0.7812000000000002
907 0.7916
908 0.7911999999999999
909 0.7792
910 0.7615999999999999
911 0.7460000000000002
912 0.73
913 0.714
914 0.6916000000000001
915 0.6747999999999998
916 0.6591999999999999
917 0.6436000000000002
918 0.6248
919 0.6136
920 0.6099999999999999
921 0.6052000000000001
922 0.6039999999999999
923 0.6144000000000002
924 0.6264
925 0.6396000000000001
926 0.6552000000000001
927 0.6752000000000001
928 0.7059999999999998
929 0.7524000000000001
930 0.7687999999999998
931 0.7696
932 0.7760000000000001
933 0.7632000000000001
934 0.7424
935 0.7252000000000001
936 0.7096000000000001
937 0.6936000000000001
938 0.6776000000000001
939 0.6636000000000002
940 0.6504000000000001
941 0.6363999999999999
942 0.6259999999999999
943 0.6168
944 0.6096
945 0.6028
946 0.6035999999999999
947 0.6175999999999999
948 0.6383999999999999
949 0.6560000000000001
950 0.6751999999999999
951 0.6923999999999999
952 0.7336
953 0.7667999999999999
954 0.7856000000000001
955 0.7931999999999998
956 0.7899999999999998
957 0.7803999999999999
958 0.7664000000000002
959 0.7412000000000001
960 0.718
961 0.7004000000000002
962 0.6832
963 0.6652
964 0.6424000000000002
965 0.6308000000000002
966 0.6192000000000002
967 0.6088000000000001
968 0.6043999999999999
969 0.5948
970 0.5967999999999999
971 0.6012000000000001
972 0.6155999999999999
973 0.6372000000000001
974 0.654
975 0.6716
976 0.7012
977 0.736
978 0.7659999999999998
979 0.7804000000000001
980 0.7772
981 0.7667999999999999
982 0.7528
983 0.7327999999999999
984 0.7068000000000001
985 0.688
986 0.6707999999999998
987 0.6519999999999999
988 0.6388000000000001
989 0.6276000000000002
990 0.6164000000000001
991 0.6072
992 0.5967999999999998
993 0.5903999999999998
994 0.592
995 0.6048
996 0.6316
997 0.6483999999999999
998 0.6652
999 0.684
1000 0.7143999999999999
1001 0.7523999999999998
1002 0.7724
1003 0.7816000000000003
1004 0.7788
1005 0.7671999999999999
1006 0.7536
1007 0.7404000000000004
1008 0.7208000000000001
1009 0.7084
1010 0.6883999999999999
1011 0.6719999999999999
1012 0.6539999999999999
1013 0.6424
1014 0.6307999999999999
1015 0.6207999999999997
1016 0.6099999999999998
1017 0.6023999999999998
1018 0.6072
1019 0.6256
1020 0.6444000000000001
1021 0.6664
1022 0.6787999999999998
1023 0.6987999999999999
1024 0.7239999999999999
1025 0.7524000000000001
1026 0.7764000000000003
1027 0.7844000000000002
1028 0.7812
1029 0.7680000000000001
1030 0.754
1031 0.7364000000000002
1032 0.7172000000000002
1033 0.6947999999999999
1034 0.6716
1035 0.6560000000000001
1036 0.6395999999999998
1037 0.6224000000000001
1038 0.6084
1039 0.6032
1040 0.592
1041 0.5848
1042 0.5871999999999999
1043 0.5948
1044 0.6088000000000001
1045 0.6304
1046 0.6412
1047 0.6587999999999999
1048 0.6968
1049 0.7384
1050 0.7556000000000002
1051 0.7615999999999997
1052 0.7640000000000002
1053 0.7508
1054 0.7343999999999998
1055 0.7188
1056 0.698
1057 0.6823999999999999
1058 0.6644000000000001
1059 0.644
1060 0.6280000000000002
1061 0.6128
1062 0.598
1063 0.5888
1064 0.5816
1065 0.5736000000000001
1066 0.5735999999999999
1067 0.59
1068 0.604
1069 0.6235999999999998
1070 0.6444
1071 0.6692
1072 0.7104
1073 0.7504000000000001
1074 0.7716000000000001
1075 0.7856000000000001
1076 0.7883999999999999
1077 0.7787999999999999
1078 0.7652000000000001
1079 0.7436
1080 0.7248
1081 0.7076000000000002
1082 0.6908
1083 0.6731999999999998
1084 0.6571999999999997
1085 0.6419999999999999
1086 0.6308
1087 0.6223999999999998
1088 0.6147999999999998
1089 0.6051999999999998
1090 0.6051999999999998
1091 0.6127999999999999
1092 0.6332
1093 0.6491999999999999
1094 0.6651999999999998
1095 0.6887999999999999
1096 0.7191999999999998
1097 0.752
1098 0.774
1099 0.7855999999999997
1100 0.7888
1101 0.7719999999999999
1102 0.754
1103 0.742
1104 0.7203999999999999
1105 0.7044
1106 0.6868000000000001
1107 0.6716
1108 0.6531999999999999
1109 0.6336000000000002
1110 0.6192
1111 0.6064
1112 0.6015999999999999
1113 0.5927999999999998
1114 0.6003999999999998
1115 0.6115999999999999
1116 0.6224
1117 0.6419999999999999
1118 0.6568
1119 0.6772000000000001
1120 0.7155999999999999
1121 0.7516000000000002
1122 0.7807999999999999
1123 0.7907999999999997
1124 0.7892
1125 0.7780000000000001
1126 0.754
1127 0.7380000000000002
1128 0.7168000000000001
1129 0.7004
1130 0.6748000000000001
1131 0.66
1132 0.6464
1133 0.6240000000000001
1134 0.6176000000000001
1135 0.606
1136 0.5968
1137 0.5904
1138 0.5916000000000001
1139 0.6032000000000001
1140 0.6288000000000001
1141 0.6428
1142 0.6628000000000001
1143 0.6771999999999998
1144 0.7067999999999999
1145 0.7432000000000001
1146 0.7675999999999997
1147 0.7792
1148 0.7776000000000001
1149 0.7676000000000001
1150 0.7424
1151 0.7212000000000002
1152 0.7056
1153 0.6884000000000001
1154 0.6664
1155 0.6452
1156 0.6280000000000001
1157 0.6163999999999998
1158 0.6063999999999998
1159 0.5935999999999999
1160 0.5895999999999999
1161 0.588
1162 0.5932
1163 0.6064
1164 0.6240000000000001
1165 0.6404
1166 0.6579999999999998
1167 0.68
1168 0.7091999999999997
1169 0.7452000000000001
1170 0.7724
1171 0.7788
1172 0.774
1173 0.764
1174 0.7484000000000001
1175 0.7263999999999998
1176 0.7072000000000002
1177 0.6896
1178 0.6735999999999999
1179 0.6559999999999998
1180 0.6435999999999998
1181 0.6292
1182 0.6164000000000001
1183 0.6108
1184 0.6043999999999999
1185 0.5996
1186 0.6044
1187 0.6144
1188 0.638
1189 0.6576000000000001
1190 0.6671999999999998
1191 0.6887999999999996
1192 0.7143999999999998
1193 0.7471999999999999
1194 0.7731999999999999
1195 0.7792
1196 0.7756000000000001
1197 0.7663999999999999
1198 0.7500000000000001
1199 0.7300000000000001
1200 0.7088
1201 0.6947999999999998
1202 0.6748000000000001
1203 0.6531999999999999
1204 0.6315999999999999
1205 0.618
1206 0.6076
1207 0.5956
1208 0.5832
1209 0.5784
1210 0.5804
1211 0.5916000000000001
1212 0.6103999999999999
1213 0.6320000000000001
1214 0.6508000000000002
1215 0.672
1216 0.7024000000000001
1217 0.7399999999999999
1218 0.7615999999999999
1219 0.7716000000000003
1220 0.7652000000000002
1221 0.7604000000000001
1222 0.7475999999999999
1223 0.732
1224 0.7156000000000001
1225 0.6976000000000002
1226 0.6768000000000001
1227 0.6576000000000001
1228 0.6364
1229 0.624
1230 0.6148
1231 0.6032
1232 0.5952000000000001
1233 0.5888
1234 0.5943999999999999
1235 0.6099999999999999
1236 0.624
1237 0.6452
1238 0.6563999999999999
1239 0.6811999999999999
1240 0.708
1241 0.7468
1242 0.7639999999999999
1243 0.7692000000000001
1244 0.7732000000000001
1245 0.7640000000000003
1246 0.7516000000000003
1247 0.7276000000000002
1248 0.7067999999999999
1249 0.6847999999999999
1250 0.6648000000000001
1251 0.6455999999999998
1252 0.628
1253 0.6104000000000002
1254 0.6
1255 0.5840000000000001
1256 0.5760000000000001
1257 0.5708000000000001
1258 0.5752
1259 0.5812
1260 0.6067999999999999
1261 0.6296
1262 0.6399999999999999
1263 0.6620000000000001
1264 0.6919999999999998
1265 0.7288000000000001
1266 0.7584000000000001
1267 0.7696000000000002
1268 0.7616000000000003
1269 0.7495999999999999
1270 0.7328
1271 0.7155999999999999
1272 0.7000000000000002
1273 0.6816
1274 0.6596
1275 0.6436
1276 0.6268
1277 0.6152000000000001
1278 0.6072000000000001
1279 0.5964
1280 0.5844
1281 0.5775999999999999
1282 0.5775999999999999
1283 0.5856
1284 0.6068
1285 0.6252
1286 0.6448
1287 0.6687999999999998
1288 0.7003999999999999
1289 0.7456
1290 0.7716000000000001
1291 0.7820000000000001
1292 0.7764000000000002
1293 0.7680000000000003
1294 0.7568000000000003
1295 0.742
1296 0.7264000000000002
1297 0.7128000000000001
1298 0.6888
1299 0.6683999999999999
1300 0.6499999999999999
1301 0.6295999999999998
1302 0.6199999999999999
1303 0.6099999999999999
1304 0.6048
1305 0.5983999999999999
1306 0.6007999999999999
1307 0.6143999999999998
1308 0.6271999999999999
1309 0.6447999999999997
1310 0.6567999999999998
1311 0.6803999999999998
1312 0.7136
1313 0.7436
1314 0.7676000000000001
1315 0.7804000000000001
1316 0.7728000000000002
1317 0.7564000000000003
1318 0.7392000000000002
1319 0.7203999999999999
1320 0.7027999999999999
1321 0.6844
1322 0.6671999999999998
1323 0.6491999999999999
1324 0.6267999999999999
1325 0.6144
1326 0.6019999999999999
1327 0.5912
1328 0.5816
1329 0.5768
1330 0.5775999999999999
1331 0.5887999999999999
1332 0.606
1333 0.628
1334 0.6419999999999999
1335 0.6679999999999999
1336 0.6964000000000001
1337 0.7356000000000001
1338 0.7612000000000001
1339 0.7728
1340 0.7740000000000002
1341 0.7604000000000001
1342 0.7476
1343 0.7279999999999999
1344 0.7040000000000001
1345 0.6884000000000003
1346 0.6676000000000001
1347 0.6467999999999999
1348 0.6315999999999999
1349 0.6132000000000002
1350 0.6004000000000004
1351 0.5916000000000001
1352 0.5816
1353 0.5720000000000001
1354 0.5744
1355 0.5852000000000003
1356 0.6060000000000002
1357 0.6232
1358 0.6432000000000002
1359 0.6712
1360 0.7004
1361 0.7387999999999999
1362 0.7536000000000002
1363 0.7668
1364 0.7608
1365 0.7447999999999998
1366 0.7271999999999998
1367 0.7135999999999999
1368 0.6927999999999997
1369 0.6739999999999999
1370 0.6619999999999997
1371 0.6447999999999999
1372 0.6292
1373 0.6084
1374 0.5960000000000002
1375 0.5864
1376 0.5771999999999999
1377 0.5724
1378 0.5708000000000001
1379 0.5848
1380 0.6075999999999999
1381 0.6264
1382 0.6352
1383 0.6552000000000001
1384 0.6884
1385 0.7248
1386 0.7495999999999999
1387 0.7544
1388 0.7440000000000002
1389 0.7312000000000002
1390 0.7188000000000001
1391 0.7036
1392 0.6783999999999998
1393 0.6555999999999998
1394 0.6371999999999999
1395 0.6184000000000001
1396 0.6032000000000002
1397 0.5864
1398 0.5759999999999998
1399 0.5703999999999999
1400 0.5644
1401 0.5596000000000001
1402 0.5579999999999999
1403 0.5707999999999999
1404 0.5888
1405 0.6135999999999999
1406 0.6324
1407 0.6503999999999999
1408 0.6876000000000001
1409 0.72
1410 0.7455999999999997
1411 0.7551999999999999
1412 0.7567999999999997
1413 0.7412000000000001
1414 0.7284
1415 0.7084
1416 0.6888
1417 0.6724000000000001
1418 0.6507999999999999
1419 0.6272
1420 0.6080000000000001
1421 0.5915999999999998
1422 0.5763999999999999
1423 0.57
1424 0.5588000000000001
1425 0.5468
1426 0.5539999999999999
1427 0.5700000000000001
1428 0.5932000000000001
1429 0.6144
1430 0.6359999999999997
1431 0.6559999999999997
1432 0.6907999999999999
1433 0.7260000000000001
1434 0.7536
1435 0.7648000000000001
1436 0.7704000000000001
1437 0.7595999999999998
1438 0.7411999999999999
1439 0.7224000000000003
1440 0.6980000000000003
1441 0.6800000000000002
1442 0.6576
1443 0.6376000000000001
1444 0.6196
1445 0.6048
1446 0.5932
1447 0.5808000000000001
1448 0.5772000000000002
1449 0.5720000000000002
1450 0.5768000000000001
1451 0.5860000000000001
1452 0.6
1453 0.6263999999999998
1454 0.6431999999999999
1455 0.6611999999999998
1456 0.6935999999999999
1457 0.7400000000000003
1458 0.7696000000000002
1459 0.7787999999999998
1460 0.7719999999999999
1461 0.7568000000000003
1462 0.7411999999999999
1463 0.7267999999999998
1464 0.7092000000000003
1465 0.6864
1466 0.66
1467 0.6419999999999999
1468 0.6211999999999999
1469 0.606
1470 0.5975999999999999
1471 0.5836
1472 0.5755999999999999
1473 0.5663999999999999
1474 0.5711999999999999
1475 0.5851999999999999
1476 0.6076
1477 0.6299999999999999
1478 0.6483999999999999
1479 0.6675999999999999
1480 0.6968000000000001
1481 0.7328
1482 0.7619999999999998
1483 0.7739999999999999
1484 0.7716
1485 0.7576
1486 0.7379999999999999
1487 0.7191999999999998
1488 0.7007999999999999
1489 0.6768000000000001
1490 0.6552
1491 0.6419999999999999
1492 0.6271999999999998
1493 0.6151999999999997
1494 0.5987999999999999
1495 0.5932
1496 0.5843999999999999
1497 0.5795999999999999
1498 0.5815999999999999
1499 0.5896
1500 0.6092000000000002
1501 0.6316
1502 0.6508000000000002
1503 0.6691999999999997
1504 0.6992
1505 0.7387999999999999
1506 0.7652
1507 0.7763999999999999
1508 0.7731999999999999
1509 0.7560000000000001
1510 0.7404000000000002
1511 0.7248000000000003
1512 0.7048000000000001
1513 0.6831999999999999
1514 0.6579999999999997
1515 0.6384
1516 0.6176
1517 0.602
1518 0.5864
1519 0.5783999999999999
1520 0.5704
1521 0.564
1522 0.5671999999999999
1523 0.5776
1524 0.5987999999999999
1525 0.6196000000000003
1526 0.636
1527 0.6499999999999999
1528 0.6755999999999999
1529 0.7191999999999998
1530 0.7456
1531 0.7551999999999999
1532 0.7524
1533 0.7395999999999999
1534 0.7223999999999999
1535 0.7067999999999999
1536 0.6892
1537 0.6751999999999999
1538 0.6532000000000001
1539 0.6352000000000001
1540 0.6160000000000001
1541 0.6040000000000001
1542 0.5920000000000002
1543 0.5852
1544 0.5792
1545 0.5736000000000001
1546 0.5736000000000001
1547 0.5840000000000001
1548 0.6096
1549 0.6324
1550 0.6484000000000001
1551 0.6708
1552 0.7103999999999998
1553 0.7532000000000002
1554 0.7756000000000001
1555 0.7843999999999999
1556 0.7828
1557 0.7656000000000001
1558 0.7491999999999999
1559 0.7268000000000001
1560 0.7036
1561 0.68
1562 0.6568
1563 0.6364
1564 0.6148
1565 0.5984
1566 0.5888
1567 0.58
1568 0.5751999999999999
1569 0.5724
1570 0.5744
1571 0.5864
1572 0.6
1573 0.6100000000000001
1574 0.6283999999999998
1575 0.6432000000000001
1576 0.684
1577 0.7248000000000002
1578 0.7476
1579 0.7636
1580 0.7648
1581 0.7503999999999997
1582 0.7363999999999998
1583 0.7179999999999999
1584 0.6931999999999998
1585 0.6748000000000001
1586 0.6544
1587 0.634
1588 0.6132
1589 0.5996000000000001
1590 0.5804000000000001
1591 0.5712
1592 0.5648
1593 0.5588000000000002
1594 0.5652
1595 0.5751999999999999
1596 0.5932
1597 0.6123999999999998
1598 0.6368
1599 0.6576000000000001
1600 0.6979999999999998
1601 0.7343999999999998
1602 0.7580000000000001
1603 0.7687999999999998
1604 0.7639999999999998
1605 0.7467999999999998
1606 0.7308
1607 0.7044
1608 0.6815999999999997
1609 0.6648
1610 0.6460000000000001
1611 0.6267999999999999
1612 0.6067999999999999
1613 0.5907999999999999
1614 0.5751999999999999
1615 0.5647999999999999
1616 0.556
1617 0.5532
1618 0.5576
1619 0.57
1620 0.5915999999999999
1621 0.6139999999999999
1622 0.6355999999999998
1623 0.6668000000000001
1624 0.6948000000000001
1625 0.738
1626 0.7635999999999998
1627 0.7764000000000002
1628 0.7744000000000004
1629 0.7636000000000002
1630 0.7463999999999998
1631 0.73
1632 0.7028
1633 0.6788
1634 0.6587999999999999
1635 0.6435999999999998
1636 0.6215999999999999
1637 0.6027999999999999
1638 0.5912
1639 0.5843999999999999
1640 0.5716
1641 0.5691999999999999
1642 0.572
1643 0.5883999999999999
1644 0.6019999999999999
1645 0.6147999999999998
1646 0.6359999999999999
1647 0.6632000000000001
1648 0.6920000000000001
1649 0.7176
1650 0.7420000000000002
1651 0.7503999999999997
1652 0.7484000000000002
1653 0.7364000000000002
1654 0.7219999999999999
1655 0.708
1656 0.6799999999999998
1657 0.6595999999999997
1658 0.6415999999999998
1659 0.626
1660 0.6119999999999999
1661 0.596
1662 0.5823999999999999
1663 0.5684
1664 0.5584
1665 0.5543999999999998
1666 0.5599999999999998
1667 0.5739999999999998
1668 0.5892
1669 0.6172000000000001
1670 0.6364000000000002
1671 0.6560000000000004
1672 0.6928
1673 0.7239999999999999
1674 0.7463999999999997
1675 0.7515999999999998
1676 0.7427999999999999
1677 0.7243999999999999
1678 0.7088
1679 0.6900000000000002
1680 0.6692000000000001
1681 0.6444000000000001
1682 0.6284000000000001
1683 0.6116000000000001
1684 0.5964000000000002
1685 0.5836000000000001
1686 0.5732000000000003
1687 0.5604000000000001
1688 0.5552000000000002
1689 0.5516000000000002
1690 0.5508000000000002
1691 0.5692
1692 0.5891999999999998
1693 0.6152000000000001
1694 0.6332000000000001
1695 0.6492
1696 0.6916
1697 0.7351999999999999
1698 0.762
1699 0.7704000000000001
1700 0.7696000000000001
1701 0.7531999999999998
1702 0.7387999999999998
1703 0.7207999999999997
1704 0.6955999999999999
1705 0.6712
1706 0.6552000000000002
1707 0.6376000000000002
1708 0.6248000000000001
1709 0.6132000000000002
1710 0.6027999999999999
1711 0.5952
1712 0.5828
1713 0.5712000000000002
1714 0.5716000000000001
1715 0.5799999999999998
1716 0.6000000000000001
1717 0.6248
1718 0.6412
1719 0.6584
1720 0.6836
1721 0.7216000000000002
1722 0.7412000000000001
1723 0.7556
1724 0.7479999999999997
1725 0.7355999999999999
1726 0.7136000000000001
1727 0.6960000000000004
1728 0.672
1729 0.6503999999999999
1730 0.6324000000000001
1731 0.6087999999999999
1732 0.5903999999999997
1733 0.5811999999999997
1734 0.5628
1735 0.5512
1736 0.5464000000000001
1737 0.5404000000000001
1738 0.5464
1739 0.5672
1740 0.5868
1741 0.6116000000000001
1742 0.6367999999999999
1743 0.6595999999999997
1744 0.6907999999999997
1745 0.7200000000000002
1746 0.7448000000000001
1747 0.7544000000000001
1748 0.7508000000000001
1749 0.7455999999999999
1750 0.7216
1751 0.7020000000000001
1752 0.6808
1753 0.6607999999999998
1754 0.6424
1755 0.6304000000000001
1756 0.6139999999999999
1757 0.5983999999999999
1758 0.584
1759 0.5759999999999998
1760 0.5667999999999999
1761 0.5619999999999998
1762 0.562
1763 0.5744
1764 0.5916000000000002
1765 0.6136
1766 0.6355999999999999
1767 0.6655999999999997
1768 0.6923999999999997
1769 0.7344000000000002
1770 0.7524
1771 0.7631999999999999
1772 0.7563999999999997
1773 0.7395999999999997
1774 0.7216000000000001
1775 0.7048000000000001
1776 0.6880000000000003
1777 0.6664
1778 0.6424000000000001
1779 0.6204000000000002
1780 0.6048000000000001
1781 0.5884000000000001
1782 0.5708000000000001
1783 0.5604
1784 0.5496
1785 0.5404
1786 0.5432
1787 0.5576000000000001
1788 0.5764000000000001
1789 0.5996
1790 0.6188000000000001
1791 0.6372
1792 0.6755999999999999
1793 0.7083999999999999
1794 0.7360000000000001
1795 0.7416000000000001
1796 0.7384000000000001
1797 0.7247999999999998
1798 0.71
1799 0.6940000000000001
1800 0.6748000000000001
1801 0.6564
1802 0.6372000000000001
1803 0.6192
1804 0.6019999999999999
1805 0.5908000000000001
1806 0.5792
1807 0.5752
1808 0.5664
1809 0.5579999999999999
1810 0.5635999999999999
1811 0.58
1812 0.6076000000000001
1813 0.6288
1814 0.6524000000000001
1815 0.6711999999999999
1816 0.7040000000000001
1817 0.7395999999999998
1818 0.7607999999999998
1819 0.7636
1820 0.7636000000000004
1821 0.748
1822 0.7248000000000002
1823 0.7011999999999999
1824 0.6828
1825 0.6616
1826 0.644
1827 0.6296
1828 0.6136
1829 0.5948000000000001
1830 0.5804000000000001
1831 0.5672
1832 0.5576000000000001
1833 0.5479999999999999
1834 0.5512
1835 0.5632000000000003
1836 0.5840000000000002
1837 0.6080000000000002
1838 0.6244000000000002
1839 0.6404000000000002
1840 0.6672
1841 0.6971999999999997
1842 0.7279999999999996
1843 0.7367999999999998
1844 0.7276
1845 0.7232000000000001
1846 0.7095999999999998
1847 0.6895999999999998
1848 0.6723999999999998
1849 0.6575999999999996
1850 0.6383999999999999
1851 0.6183999999999998
1852 0.5987999999999999
1853 0.5843999999999999
1854 0.5776
1855 0.5684
1856 0.5640000000000002
1857 0.56
1858 0.5712
1859 0.5828
1860 0.6032
1861 0.6264
1862 0.6484000000000002
1863 0.6652000000000001
1864 0.6971999999999998
1865 0.7387999999999998
1866 0.764
1867 0.7691999999999999
1868 0.7540000000000002
1869 0.742
1870 0.7228000000000003
1871 0.7052000000000003
1872 0.6880000000000002
1873 0.6684000000000002
1874 0.6484000000000001
1875 0.6291999999999999
1876 0.6095999999999999
1877 0.5956
1878 0.5796000000000001
1879 0.5692
1880 0.5604000000000001
1881 0.5552000000000001
1882 0.558
1883 0.5672
1884 0.5860000000000001
1885 0.6088
1886 0.6283999999999998
1887 0.6479999999999998
1888 0.6763999999999999
1889 0.7188000000000001
1890 0.7432
1891 0.7524000000000002
1892 0.7488000000000001
1893 0.7328
1894 0.716
1895 0.6988
1896 0.6832
1897 0.6627999999999998
1898 0.638
1899 0.6187999999999999
1900 0.6012000000000001
1901 0.5856
1902 0.5728000000000002
1903 0.5656
1904 0.5584
1905 0.548
1906 0.5508000000000001
1907 0.5667999999999999
1908 0.5875999999999998
1909 0.608
1910 0.6224000000000002
1911 0.6511999999999999
1912 0.6819999999999999
1913 0.7236
1914 0.7404
1915 0.7483999999999998
1916 0.746
1917 0.7340000000000003
1918 0.72
1919 0.6992000000000002
1920 0.6771999999999998
1921 0.6539999999999999
1922 0.6348
1923 0.6184000000000002
1924 0.6004
1925 0.5884000000000001
1926 0.5736000000000001
1927 0.5632
1928 0.5536000000000001
1929 0.55
1930 0.5508000000000001
1931 0.564
1932 0.59
1933 0.6120000000000001
1934 0.6204000000000001
1935 0.6424000000000001
1936 0.6624
1937 0.7023999999999999
1938 0.7291999999999998
1939 0.742
1940 0.7396
1941 0.7288000000000001
1942 0.7168000000000002
1943 0.6996000000000001
1944 0.6752000000000001
1945 0.6515999999999998
1946 0.6347999999999998
1947 0.616
1948 0.5968
1949 0.5824
1950 0.5672
1951 0.5584000000000001
1952 0.5484
1953 0.5444
1954 0.5476000000000001
1955 0.5568000000000002
1956 0.5784000000000002
1957 0.6056000000000001
1958 0.6239999999999999
1959 0.6544
1960 0.6896000000000001
1961 0.7176
1962 0.7440000000000001
1963 0.7548000000000001
1964 0.7504000000000001
1965 0.7360000000000001
1966 0.7152000000000001
1967 0.6956
1968 0.6744000000000001
1969 0.6563999999999999
1970 0.6376
1971 0.6156000000000001
1972 0.5984
1973 0.584
1974 0.5700000000000002
1975 0.5652000000000001
1976 0.5588
1977 0.5504
1978 0.5452
1979 0.5575999999999999
1980 0.582
1981 0.6135999999999998
1982 0.6284
1983 0.6596000000000001
1984 0.6868000000000001
1985 0.7191999999999998
1986 0.7367999999999999
1987 0.7484000000000003
1988 0.7456
1989 0.7323999999999999
1990 0.7224
1991 0.7007999999999999
1992 0.6771999999999997
1993 0.6484000000000001
1994 0.6260000000000001
1995 0.6080000000000002
1996 0.5964000000000003
1997 0.5824000000000001
1998 0.5692
1999 0.5576
