1 1.0
2 1.0
3 1.0
4 0.9996
5 0.9960000000000001
6 0.992
7 0.9887999999999998
8 0.9839999999999997
9 0.9799999999999998
10 0.9767999999999997
11 0.9735999999999996
12 0.9703999999999996
13 0.9683999999999996
14 0.9663999999999997
15 0.9655999999999998
16 0.9660000000000001
17 0.9663999999999997
18 0.9663999999999998
19 0.9655999999999998
20 0.9603999999999999
21 0.9568000000000001
22 0.9527999999999999
23 0.9479999999999998
24 0.9451999999999998
25 0.9419999999999997
26 0.9391999999999999
27 0.9363999999999999
28 0.9335999999999999
29 0.9295999999999998
30 0.9283999999999999
31 0.9243999999999999
32 0.9235999999999999
33 0.9231999999999999
34 0.9239999999999999
35 0.9244
36 0.9255999999999999
37 0.926
38 0.9268000000000001
39 0.9300000000000002
40 0.9388000000000002
41 0.9420000000000001
42 0.9472000000000002
43 0.9488000000000002
44 0.9448000000000001
45 0.9436
46 0.9388000000000002
47 0.9364000000000001
48 0.9328000000000002
49 0.9279999999999999
50 0.9244000000000001
51 0.9212
52 0.9156
53 0.9116
54 0.9076000000000001
55 0.9036
56 0.9003999999999999
57 0.8992
58 0.8987999999999999
59 0.8992
60 0.9015999999999998
61 0.9032000000000001
62 0.9064000000000001
63 0.9104000000000001
64 0.92
65 0.9251999999999999
66 0.9304000000000003
67 0.9352000000000003
68 0.9355999999999999
69 0.9316000000000002
70 0.9292000000000001
71 0.9248000000000001
72 0.9192
73 0.9168
74 0.9127999999999998
75 0.9096
76 0.9056000000000001
77 0.9035999999999998
78 0.898
79 0.8952
80 0.8927999999999998
81 0.892
82 0.8924
83 0.8976
84 0.8987999999999998
85 0.9024
86 0.9060000000000002
87 0.912
88 0.9208000000000003
89 0.9284
90 0.9356000000000002
91 0.9336
92 0.9319999999999999
93 0.9279999999999999
94 0.9284
95 0.9236
96 0.9179999999999999
97 0.9135999999999999
98 0.9092000000000001
99 0.9052000000000001
100 0.898
101 0.8932000000000001
102 0.8892000000000002
103 0.8848000000000001
104 0.8820000000000001
105 0.8796000000000003
106 0.8768
107 0.8811999999999999
108 0.8856000000000003
109 0.8892000000000004
110 0.8904
111 0.8951999999999998
112 0.9048
113 0.9136000000000002
114 0.9196000000000001
115 0.9235999999999999
116 0.9247999999999998
117 0.9216
118 0.9152
119 0.9103999999999999
120 0.9044
121 0.8996000000000001
122 0.8936000000000002
123 0.8880000000000001
124 0.8836000000000002
125 0.8792
126 0.8775999999999999
127 0.8739999999999999
128 0.8732
129 0.8704000000000002
130 0.872
131 0.8732000000000002
132 0.8712000000000001
133 0.8760000000000001
134 0.8784000000000002
135 0.8860000000000001
136 0.8991999999999998
137 0.9059999999999998
138 0.9091999999999998
139 0.9171999999999998
140 0.9164
141 0.9136
142 0.9116
143 0.9084000000000002
144 0.9016
145 0.8991999999999999
146 0.8928000000000001
147 0.8884000000000001
148 0.8835999999999999
149 0.8792
150 0.8740000000000001
151 0.8692000000000002
152 0.8648
153 0.8620000000000002
154 0.8632000000000002
155 0.8687999999999999
156 0.8728
157 0.8787999999999999
158 0.8828000000000001
159 0.8868
160 0.8932000000000003
161 0.9059999999999999
162 0.9116
163 0.9132000000000001
164 0.9107999999999998
165 0.9076
166 0.9056000000000001
167 0.9064
168 0.8999999999999999
169 0.8955999999999998
170 0.8879999999999997
171 0.8835999999999999
172 0.8804
173 0.8775999999999997
174 0.8740000000000002
175 0.8704000000000001
176 0.8615999999999999
177 0.86
178 0.8624
179 0.8640000000000001
180 0.8672000000000001
181 0.8764000000000003
182 0.8844000000000001
183 0.8887999999999999
184 0.9011999999999997
185 0.9144
186 0.9224000000000001
187 0.9259999999999998
188 0.9263999999999999
189 0.9223999999999998
190 0.9179999999999999
191 0.9124
192 0.9076
193 0.9016
194 0.8956000000000001
195 0.8875999999999997
196 0.8831999999999998
197 0.8775999999999997
198 0.8739999999999998
199 0.8699999999999996
200 0.8667999999999998
201 0.8623999999999999
202 0.8652
203 0.8672
204 0.8716000000000002
205 0.8772
206 0.8779999999999998
207 0.8872000000000001
208 0.8956000000000003
209 0.9084
210 0.9136000000000002
211 0.9156
212 0.9104000000000002
213 0.9084
214 0.9056000000000001
215 0.9004000000000002
216 0.8951999999999998
217 0.8915999999999998
218 0.8832
219 0.8760000000000001
220 0.8691999999999999
221 0.8655999999999999
222 0.862
223 0.86
224 0.8564000000000003
225 0.8516000000000002
226 0.8500000000000001
227 0.8540000000000001
228 0.8596000000000004
229 0.8676000000000001
230 0.8720000000000003
231 0.8804000000000001
232 0.8964
233 0.9103999999999999
234 0.9180000000000001
235 0.9188000000000001
236 0.9196000000000001
237 0.9164000000000003
238 0.9132000000000003
239 0.9084000000000003
240 0.9028000000000003
241 0.8980000000000002
242 0.8952000000000002
243 0.8892000000000002
244 0.8848000000000005
245 0.8824000000000004
246 0.8768
247 0.8736000000000003
248 0.8696000000000003
249 0.8676000000000001
250 0.8672000000000003
251 0.8696000000000004
252 0.8748000000000001
253 0.8848
254 0.8852000000000001
255 0.8884000000000001
256 0.8968
257 0.9127999999999998
258 0.9216000000000001
259 0.9235999999999999
260 0.9211999999999999
261 0.9188
262 0.9132000000000002
263 0.9032000000000001
264 0.898
265 0.8943999999999999
266 0.8900000000000001
267 0.8852000000000002
268 0.8792000000000003
269 0.8736000000000002
270 0.8688000000000002
271 0.8616000000000001
272 0.8612000000000002
273 0.8596
274 0.86
275 0.8632000000000001
276 0.866
277 0.8711999999999999
278 0.8736
279 0.8804000000000001
280 0.8887999999999998
281 0.9016000000000001
282 0.9100000000000001
283 0.9092000000000001
284 0.9100000000000001
285 0.904
286 0.8988000000000003
287 0.8936
288 0.8880000000000003
289 0.8844000000000001
290 0.8792000000000003
291 0.8748000000000004
292 0.8680000000000002
293 0.8648
294 0.8608000000000001
295 0.8580000000000002
296 0.8552
297 0.8500000000000003
298 0.8472000000000002
299 0.8496000000000002
300 0.8540000000000002
301 0.8628000000000001
302 0.868
303 0.8712000000000001
304 0.8803999999999997
305 0.8884000000000001
306 0.8988000000000004
307 0.9044000000000001
308 0.9076000000000001
309 0.9084
310 0.9019999999999999
311 0.8960000000000001
312 0.8904
313 0.884
314 0.8764
315 0.8695999999999997
316 0.8667999999999998
317 0.8587999999999998
318 0.8560000000000001
319 0.8536
320 0.8492000000000002
321 0.8488000000000002
322 0.8468000000000003
323 0.8500000000000005
324 0.8612000000000003
325 0.8648000000000002
326 0.8692000000000002
327 0.8756000000000002
328 0.8832000000000001
329 0.8896000000000002
330 0.8940000000000003
331 0.9003999999999999
332 0.9
333 0.8984000000000002
334 0.8955999999999998
335 0.8912000000000002
336 0.8860000000000002
337 0.8800000000000001
338 0.8752000000000001
339 0.8684000000000002
340 0.8636000000000003
341 0.8588000000000003
342 0.8544000000000005
343 0.8532000000000004
344 0.8488000000000003
345 0.8480000000000004
346 0.8464000000000003
347 0.8464000000000002
348 0.8520000000000002
349 0.8612000000000002
350 0.8688000000000002
351 0.8792000000000003
352 0.8872000000000001
353 0.8984000000000001
354 0.9132000000000001
355 0.9136000000000002
356 0.9124
357 0.9103999999999999
358 0.9075999999999997
359 0.9031999999999999
360 0.9007999999999998
361 0.8959999999999998
362 0.8915999999999997
363 0.8855999999999997
364 0.8819999999999999
365 0.8783999999999998
366 0.8744000000000001
367 0.8708000000000001
368 0.8676000000000004
369 0.8660000000000002
370 0.8680000000000001
371 0.8688000000000002
372 0.8712000000000003
373 0.8780000000000001
374 0.8824000000000004
375 0.8872000000000001
376 0.8976000000000005
377 0.9112000000000005
378 0.9183999999999998
379 0.9155999999999997
380 0.9159999999999998
381 0.912
382 0.9067999999999998
383 0.8971999999999997
384 0.8916000000000001
385 0.8848
386 0.8803999999999997
387 0.8727999999999999
388 0.8679999999999999
389 0.8608
390 0.8544000000000002
391 0.8512000000000002
392 0.8472000000000003
393 0.8408
394 0.838
395 0.8408
396 0.8448
397 0.8519999999999999
398 0.8576
399 0.8664000000000001
400 0.8779999999999998
401 0.892
402 0.8983999999999999
403 0.9
404 0.9032000000000001
405 0.9019999999999999
406 0.9007999999999997
407 0.9003999999999999
408 0.8979999999999998
409 0.8931999999999998
410 0.8899999999999999
411 0.8856
412 0.8824000000000001
413 0.8752000000000001
414 0.8680000000000004
415 0.8620000000000004
416 0.8584000000000005
417 0.8580000000000004
418 0.8612000000000003
419 0.8680000000000001
420 0.8772000000000004
421 0.8828000000000003
422 0.8884000000000002
423 0.8944000000000001
424 0.9087999999999999
425 0.9168000000000004
426 0.9196000000000001
427 0.9192000000000001
428 0.9188000000000003
429 0.9168000000000002
430 0.9132000000000002
431 0.9080000000000001
432 0.9047999999999997
433 0.8991999999999998
434 0.8923999999999995
435 0.8863999999999996
436 0.8807999999999997
437 0.8759999999999998
438 0.8711999999999999
439 0.8655999999999996
440 0.8647999999999999
441 0.8615999999999998
442 0.8615999999999998
443 0.8652
444 0.8687999999999999
445 0.8728
446 0.8767999999999999
447 0.8820000000000001
448 0.8896000000000001
449 0.8972000000000001
450 0.9068000000000004
451 0.9108000000000002
452 0.9120000000000004
453 0.9108000000000002
454 0.9080000000000001
455 0.8987999999999999
456 0.8884000000000001
457 0.8844000000000001
458 0.8784000000000002
459 0.8712000000000001
460 0.8672000000000003
461 0.8624000000000004
462 0.8588000000000003
463 0.8532000000000002
464 0.8516000000000006
465 0.8484000000000002
466 0.8512000000000002
467 0.8596000000000003
468 0.8660000000000002
469 0.8744000000000004
470 0.8800000000000001
471 0.8824000000000001
472 0.8939999999999998
473 0.9055999999999997
474 0.9144
475 0.9155999999999999
476 0.9128000000000001
477 0.9103999999999998
478 0.9015999999999998
479 0.8996
480 0.8907999999999996
481 0.8847999999999998
482 0.8763999999999998
483 0.8691999999999998
484 0.8659999999999998
485 0.8603999999999999
486 0.8556
487 0.8532
488 0.8523999999999999
489 0.8508
490 0.8491999999999997
491 0.8499999999999999
492 0.8527999999999999
493 0.8611999999999999
494 0.8692000000000002
495 0.8715999999999999
496 0.8772000000000001
497 0.8904000000000002
498 0.8987999999999998
499 0.8968
500 0.8948
501 0.8916000000000001
502 0.8864
503 0.8816000000000002
504 0.8752000000000001
505 0.8700000000000003
506 0.8644000000000003
507 0.8580000000000001
508 0.8540000000000002
509 0.8500000000000001
510 0.8456000000000004
511 0.8440000000000002
512 0.8412000000000002
513 0.8420000000000002
514 0.8420000000000002
515 0.8460000000000002
516 0.8552000000000001
517 0.862
518 0.8675999999999998
519 0.8752000000000001
520 0.8835999999999999
521 0.8936000000000002
522 0.8991999999999999
523 0.9036
524 0.9055999999999998
525 0.9011999999999999
526 0.8987999999999999
527 0.8931999999999999
528 0.8887999999999999
529 0.8783999999999998
530 0.8716000000000002
531 0.8644000000000002
532 0.8592000000000002
533 0.8512000000000002
534 0.8448000000000002
535 0.8375999999999999
536 0.8340000000000001
537 0.8308
538 0.8331999999999999
539 0.8351999999999999
540 0.8427999999999999
541 0.8467999999999999
542 0.8579999999999999
543 0.8652
544 0.8808
545 0.8919999999999999
546 0.9
547 0.9052000000000001
548 0.9059999999999999
549 0.9032000000000001
550 0.9016
551 0.8959999999999998
552 0.8880000000000001
553 0.8824000000000001
554 0.8756000000000003
555 0.8680000000000004
556 0.8632000000000004
557 0.8560000000000002
558 0.8532000000000002
559 0.8504000000000002
560 0.8448000000000002
561 0.8444000000000002
562 0.8460000000000001
563 0.8455999999999999
564 0.8512
565 0.8588
566 0.8664000000000003
567 0.8768000000000002
568 0.8876000000000002
569 0.8924000000000002
570 0.8976000000000001
571 0.9012000000000002
572 0.9028000000000002
573 0.8984000000000002
574 0.8940000000000003
575 0.8860000000000003
576 0.8816000000000004
577 0.8752000000000001
578 0.8696
579 0.8652000000000004
580 0.8556000000000001
581 0.8488000000000001
582 0.8452000000000001
583 0.8396000000000003
584 0.8360000000000001
585 0.8328
586 0.8315999999999998
587 0.8331999999999999
588 0.8384
589 0.8412000000000001
590 0.8495999999999999
591 0.8592000000000002
592 0.8692
593 0.8812000000000002
594 0.8876000000000001
595 0.8932000000000002
596 0.8948
597 0.8928000000000001
598 0.8896000000000001
599 0.8844
600 0.8808
601 0.8764000000000002
602 0.8724
603 0.8668
604 0.8592000000000002
605 0.8552000000000004
606 0.8508000000000002
607 0.8480000000000004
608 0.8412000000000003
609 0.8360000000000002
610 0.8356000000000003
611 0.8428
612 0.8524000000000003
613 0.8600000000000001
614 0.8656
615 0.8720000000000002
616 0.8800000000000001
617 0.8920000000000003
618 0.8996000000000004
619 0.9000000000000002
620 0.9000000000000001
621 0.8968
622 0.8948
623 0.8884000000000001
624 0.884
625 0.8787999999999999
626 0.8744000000000001
627 0.8672000000000001
628 0.8615999999999999
629 0.8560000000000001
630 0.8488000000000001
631 0.8456000000000001
632 0.8424
633 0.8376000000000003
634 0.8384000000000001
635 0.8432000000000002
636 0.8488000000000003
637 0.8568000000000002
638 0.8623999999999999
639 0.8696
640 0.8784000000000003
641 0.8944000000000003
642 0.9064000000000001
643 0.9068
644 0.9060000000000002
645 0.9040000000000002
646 0.8992
647 0.8924
648 0.8847999999999999
649 0.8787999999999999
650 0.8727999999999999
651 0.8684000000000001
652 0.8648
653 0.8592
654 0.8576
655 0.8540000000000002
656 0.8488000000000001
657 0.8436
658 0.846
659 0.8467999999999999
660 0.8512000000000001
661 0.8615999999999999
662 0.8684000000000002
663 0.8744000000000003
664 0.8803999999999997
665 0.8955999999999997
666 0.9031999999999998
667 0.9063999999999998
668 0.9023999999999998
669 0.8992
670 0.8983999999999999
671 0.8955999999999998
672 0.8904000000000001
673 0.8844
674 0.8792
675 0.8692000000000003
676 0.8632000000000002
677 0.8596000000000003
678 0.8572000000000002
679 0.8540000000000001
680 0.852
681 0.8484
682 0.8500000000000003
683 0.8536000000000002
684 0.8628000000000001
685 0.8715999999999999
686 0.8772000000000001
687 0.8784000000000001
688 0.89
689 0.8943999999999996
690 0.9024
691 0.9072000000000001
692 0.9028000000000002
693 0.8988
694 0.8944
695 0.8876
696 0.8819999999999999
697 0.8772000000000001
698 0.8720000000000003
699 0.8660000000000003
700 0.8624000000000004
701 0.8548000000000003
702 0.8512000000000003
703 0.8504000000000002
704 0.8500000000000003
705 0.8468000000000002
706 0.8488000000000001
707 0.852
708 0.8568000000000001
709 0.8632000000000002
710 0.8684000000000002
711 0.8712000000000001
712 0.8808000000000004
713 0.8920000000000001
714 0.8951999999999998
715 0.8948
716 0.8931999999999998
717 0.8883999999999999
718 0.8844
719 0.88
720 0.8756
721 0.8724
722 0.866
723 0.8603999999999998
724 0.8575999999999998
725 0.8515999999999997
726 0.8427999999999999
727 0.8340000000000001
728 0.8308000000000003
729 0.8268
730 0.8312
731 0.8340000000000002
732 0.8412000000000001
733 0.8464
734 0.8539999999999999
735 0.8611999999999999
736 0.8696
737 0.8800000000000003
738 0.892
739 0.8924000000000001
740 0.8928
741 0.8876000000000001
742 0.8819999999999998
743 0.8739999999999999
744 0.8700000000000001
745 0.8624
746 0.8548
747 0.8455999999999999
748 0.8379999999999999
749 0.8303999999999999
750 0.826
751 0.8219999999999997
752 0.8151999999999997
753 0.8124000000000001
754 0.8124000000000002
755 0.8148000000000001
756 0.8231999999999999
757 0.8327999999999999
758 0.8380000000000001
759 0.8424
760 0.8580000000000001
761 0.8727999999999999
762 0.8852000000000004
763 0.8928000000000001
764 0.8952000000000004
765 0.8936000000000004
766 0.8896000000000005
767 0.8836000000000002
768 0.8791999999999999
769 0.8755999999999999
770 0.8707999999999997
771 0.866
772 0.8623999999999999
773 0.8544000000000002
774 0.8528
775 0.8472
776 0.8408
777 0.8379999999999999
778 0.8384
779 0.8444000000000002
780 0.8504000000000002
781 0.856
782 0.8628000000000005
783 0.8704000000000004
784 0.8800000000000001
785 0.8939999999999999
786 0.9016000000000003
787 0.9024000000000001
788 0.9011999999999999
789 0.9004000000000001
790 0.8956000000000001
791 0.8896000000000001
792 0.8844000000000003
793 0.8804000000000002
794 0.8744000000000003
795 0.8700000000000001
796 0.8648
797 0.8576000000000004
798 0.8524000000000004
799 0.8424
800 0.8328000000000002
801 0.8271999999999999
802 0.8244000000000001
803 0.8228000000000003
804 0.8280000000000003
805 0.8388000000000002
806 0.8460000000000004
807 0.8552000000000004
808 0.8712000000000002
809 0.8888000000000003
810 0.8971999999999999
811 0.9011999999999999
812 0.8999999999999999
813 0.8980000000000001
814 0.892
815 0.8852000000000002
816 0.8772000000000001
817 0.8679999999999999
818 0.8604
819 0.8532000000000002
820 0.8492000000000003
821 0.8420000000000003
822 0.8388000000000002
823 0.8368000000000003
824 0.8348000000000002
825 0.8308000000000001
826 0.83
827 0.8340000000000002
828 0.8360000000000001
829 0.8460000000000002
830 0.8548
831 0.8628000000000001
832 0.8724
833 0.8883999999999997
834 0.8999999999999999
835 0.9019999999999997
836 0.9039999999999996
837 0.9015999999999997
838 0.8956000000000001
839 0.8895999999999998
840 0.8844
841 0.8776000000000002
842 0.8720000000000002
843 0.8664000000000002
844 0.862
845 0.8560000000000002
846 0.8496000000000002
847 0.8460000000000004
848 0.8416000000000002
849 0.8360000000000002
850 0.8356000000000003
851 0.8416000000000002
852 0.8460000000000002
853 0.8508000000000001
854 0.8572000000000002
855 0.8628000000000001
856 0.8724000000000003
857 0.8824
858 0.8892000000000002
859 0.8968000000000003
860 0.8940000000000003
861 0.8896000000000002
862 0.8836000000000002
863 0.8776000000000002
864 0.8692000000000003
865 0.8612000000000005
866 0.8528000000000003
867 0.8492000000000002
868 0.8460000000000001
869 0.8404
870 0.8376000000000002
871 0.8308000000000001
872 0.8256000000000003
873 0.8240000000000005
874 0.8268000000000003
875 0.8308000000000003
876 0.8420000000000003
877 0.8500000000000003
878 0.8580000000000004
879 0.8648000000000003
880 0.8776
881 0.8896000000000001
882 0.8928000000000001
883 0.894
884 0.894
885 0.8864
886 0.8820000000000001
887 0.8804000000000001
888 0.8704000000000004
889 0.8608000000000001
890 0.8520000000000002
891 0.8448
892 0.8396000000000001
893 0.8320000000000002
894 0.8275999999999998
895 0.8236
896 0.8184
897 0.8128000000000002
898 0.8128
899 0.8148000000000003
900 0.8220000000000002
901 0.8288000000000004
902 0.8368000000000001
903 0.8456000000000001
904 0.8592
905 0.8740000000000003
906 0.8880000000000003
907 0.8924
908 0.8928
909 0.8864000000000003
910 0.8828
911 0.878
912 0.8732000000000001
913 0.8691999999999999
914 0.8655999999999997
915 0.8611999999999997
916 0.8552000000000001
917 0.8468000000000001
918 0.8408000000000002
919 0.8308000000000001
920 0.8236000000000001
921 0.8204000000000002
922 0.8240000000000002
923 0.8312000000000004
924 0.8388
925 0.8468000000000002
926 0.8576
927 0.8623999999999998
928 0.8735999999999998
929 0.8843999999999999
930 0.8928000000000001
931 0.8964000000000002
932 0.8980000000000002
933 0.8952000000000001
934 0.8872000000000001
935 0.8800000000000003
936 0.8736000000000002
937 0.8668
938 0.8568000000000002
939 0.8484
940 0.8388000000000002
941 0.8320000000000001
942 0.8299999999999998
943 0.8232
944 0.8212
945 0.8188000000000001
946 0.8175999999999999
947 0.8220000000000001
948 0.8324000000000001
949 0.8428000000000003
950 0.8484000000000005
951 0.8528000000000001
952 0.8684000000000001
953 0.8832000000000001
954 0.8948000000000004
955 0.8952000000000004
956 0.8968
957 0.8944
958 0.8900000000000001
959 0.8820000000000001
960 0.8768000000000002
961 0.8696000000000003
962 0.8600000000000004
963 0.8524
964 0.8444000000000002
965 0.8356000000000001
966 0.8304000000000002
967 0.8208000000000004
968 0.8152000000000001
969 0.8124000000000002
970 0.8108000000000004
971 0.8116000000000004
972 0.8180000000000003
973 0.8248000000000003
974 0.8316000000000003
975 0.8396000000000001
976 0.8556
977 0.8728
978 0.8835999999999999
979 0.8900000000000002
980 0.8899999999999999
981 0.8879999999999998
982 0.8867999999999996
983 0.8815999999999998
984 0.8727999999999997
985 0.866
986 0.8604
987 0.8540000000000001
988 0.8503999999999999
989 0.8412000000000002
990 0.8376000000000002
991 0.8320000000000001
992 0.8300000000000002
993 0.8271999999999999
994 0.8284
995 0.8344000000000001
996 0.8392000000000001
997 0.8531999999999997
998 0.8555999999999999
999 0.8667999999999999
1000 0.8800000000000001
1001 0.8876000000000004
1002 0.8932000000000002
1003 0.8976000000000002
1004 0.8964000000000003
1005 0.892
1006 0.8848
1007 0.8792
1008 0.8752000000000002
1009 0.8672
1010 0.8624
1011 0.8540000000000001
1012 0.8471999999999998
1013 0.8408
1014 0.8348
1015 0.8276000000000002
1016 0.8224000000000001
1017 0.8172
1018 0.8179999999999997
1019 0.8211999999999999
1020 0.8252000000000002
1021 0.8360000000000001
1022 0.8399999999999997
1023 0.8483999999999996
1024 0.8627999999999999
1025 0.8820000000000001
1026 0.8931999999999998
1027 0.9012
1028 0.904
1029 0.902
1030 0.8959999999999999
1031 0.8904
1032 0.8835999999999999
1033 0.878
1034 0.8724
1035 0.868
1036 0.8619999999999998
1037 0.8527999999999998
1038 0.8455999999999999
1039 0.8416000000000001
1040 0.8371999999999999
1041 0.8324000000000001
1042 0.8304
1043 0.8332
1044 0.8392000000000002
1045 0.8496000000000001
1046 0.8536
1047 0.8647999999999998
1048 0.8759999999999999
1049 0.8891999999999999
1050 0.8999999999999999
1051 0.9044
1052 0.9060000000000001
1053 0.9007999999999998
1054 0.8959999999999998
1055 0.8916
1056 0.8844
1057 0.8796
1058 0.8708000000000005
1059 0.8628000000000006
1060 0.8516000000000002
1061 0.8436000000000005
1062 0.8396000000000003
1063 0.8336000000000005
1064 0.8260000000000004
1065 0.8228000000000003
1066 0.8248000000000004
1067 0.8292000000000003
1068 0.8320000000000003
1069 0.8372000000000003
1070 0.8444000000000004
1071 0.8512000000000002
1072 0.8628000000000001
1073 0.8756
1074 0.8835999999999997
1075 0.8899999999999997
1076 0.8924
1077 0.8904
1078 0.8876
1079 0.8832000000000001
1080 0.8756
1081 0.8684000000000001
1082 0.8592
1083 0.8532000000000002
1084 0.8476
1085 0.8423999999999999
1086 0.8376
1087 0.8328
1088 0.8307999999999999
1089 0.8219999999999998
1090 0.8216
1091 0.8248000000000001
1092 0.8344000000000003
1093 0.8380000000000003
1094 0.8475999999999999
1095 0.8564
1096 0.8648000000000002
1097 0.8772000000000003
1098 0.8868000000000003
1099 0.8912000000000002
1100 0.8892000000000002
1101 0.8860000000000003
1102 0.8828000000000001
1103 0.8752
1104 0.8660000000000002
1105 0.8604000000000002
1106 0.8528000000000001
1107 0.8476000000000002
1108 0.8372000000000002
1109 0.8295999999999999
1110 0.8251999999999999
1111 0.8184
1112 0.8127999999999999
1113 0.8103999999999999
1114 0.8107999999999999
1115 0.8136000000000001
1116 0.8236000000000001
1117 0.8359999999999999
1118 0.8415999999999998
1119 0.8519999999999999
1120 0.8644
1121 0.8767999999999997
1122 0.8876000000000001
1123 0.8864
1124 0.8876000000000001
1125 0.8808000000000001
1126 0.8740000000000001
1127 0.8684000000000001
1128 0.8603999999999999
1129 0.8548000000000002
1130 0.85
1131 0.8467999999999999
1132 0.8427999999999999
1133 0.8396000000000001
1134 0.8328000000000003
1135 0.8264000000000002
1136 0.8204000000000002
1137 0.8184000000000001
1138 0.8208
1139 0.8236
1140 0.8292
1141 0.8364
1142 0.8444000000000003
1143 0.8544000000000002
1144 0.8664000000000002
1145 0.8815999999999999
1146 0.8943999999999996
1147 0.8952000000000001
1148 0.8944
1149 0.892
1150 0.8900000000000001
1151 0.8816000000000003
1152 0.8736000000000002
1153 0.8656
1154 0.8600000000000001
1155 0.8564
1156 0.852
1157 0.846
1158 0.84
1159 0.8340000000000001
1160 0.8295999999999999
1161 0.8248000000000002
1162 0.8240000000000001
1163 0.8312
1164 0.8336000000000001
1165 0.8419999999999999
1166 0.8492000000000002
1167 0.8608000000000001
1168 0.8756
1169 0.8904
1170 0.8967999999999998
1171 0.9043999999999999
1172 0.9055999999999997
1173 0.9028
1174 0.8996000000000001
1175 0.8904
1176 0.8844
1177 0.8755999999999999
1178 0.8695999999999997
1179 0.8595999999999997
1180 0.8515999999999999
1181 0.8468000000000002
1182 0.8428000000000003
1183 0.8364000000000001
1184 0.8292000000000002
1185 0.8236000000000001
1186 0.8232
1187 0.8244000000000001
1188 0.8284
1189 0.8327999999999999
1190 0.8423999999999999
1191 0.8520000000000002
1192 0.8615999999999999
1193 0.8768
1194 0.8856000000000002
1195 0.8928000000000001
1196 0.8956000000000001
1197 0.8928
1198 0.8880000000000002
1199 0.8836000000000003
1200 0.8776000000000004
1201 0.8724000000000001
1202 0.8676
1203 0.8608
1204 0.8532
1205 0.8443999999999999
1206 0.834
1207 0.8296000000000001
1208 0.8256000000000001
1209 0.8220000000000001
1210 0.8243999999999997
1211 0.8268
1212 0.8343999999999998
1213 0.8439999999999999
1214 0.8503999999999999
1215 0.8592
1216 0.87
1217 0.8812000000000001
1218 0.8899999999999997
1219 0.8955999999999998
1220 0.8899999999999999
1221 0.8863999999999999
1222 0.882
1223 0.8747999999999999
1224 0.8727999999999997
1225 0.8663999999999998
1226 0.8599999999999999
1227 0.8515999999999999
1228 0.846
1229 0.8380000000000001
1230 0.8323999999999999
1231 0.8283999999999999
1232 0.8227999999999999
1233 0.8188
1234 0.8204
1235 0.8268000000000003
1236 0.8328
1237 0.8408000000000001
1238 0.8467999999999999
1239 0.8536
1240 0.8676000000000005
1241 0.8835999999999998
1242 0.8916
1243 0.8931999999999999
1244 0.89
1245 0.8908
1246 0.8852
1247 0.8804000000000003
1248 0.8724000000000001
1249 0.8676000000000001
1250 0.8616000000000003
1251 0.8548000000000003
1252 0.8447999999999999
1253 0.8375999999999999
1254 0.8320000000000001
1255 0.8284000000000004
1256 0.8231999999999999
1257 0.8184
1258 0.818
1259 0.8236
1260 0.8316
1261 0.8388000000000001
1262 0.8440000000000001
1263 0.8515999999999998
1264 0.8647999999999999
1265 0.8795999999999998
1266 0.8883999999999997
1267 0.8948000000000002
1268 0.8940000000000002
1269 0.8936000000000002
1270 0.8892000000000002
1271 0.8835999999999999
1272 0.8724000000000001
1273 0.8644
1274 0.8580000000000001
1275 0.8524
1276 0.8440000000000001
1277 0.8356
1278 0.8296000000000001
1279 0.8260000000000002
1280 0.8244000000000002
1281 0.8220000000000001
1282 0.8196000000000001
1283 0.8192000000000002
1284 0.8264000000000002
1285 0.8387999999999997
1286 0.8472000000000002
1287 0.8564000000000003
1288 0.8668000000000002
1289 0.8824
1290 0.8948
1291 0.8987999999999999
1292 0.902
1293 0.8972000000000001
1294 0.8936000000000003
1295 0.8876000000000002
1296 0.8824
1297 0.8751999999999999
1298 0.8672
1299 0.8615999999999999
1300 0.8499999999999999
1301 0.8408000000000001
1302 0.8372000000000003
1303 0.8328000000000002
1304 0.8240000000000001
1305 0.8188
1306 0.8204
1307 0.8252000000000003
1308 0.8264
1309 0.8344000000000001
1310 0.8384
1311 0.8480000000000003
1312 0.8604
1313 0.8696000000000004
1314 0.8760000000000001
1315 0.8799999999999999
1316 0.8751999999999996
1317 0.8732000000000001
1318 0.8691999999999998
1319 0.8655999999999999
1320 0.8600000000000001
1321 0.8544000000000002
1322 0.8475999999999999
1323 0.8420000000000001
1324 0.8348000000000002
1325 0.8280000000000001
1326 0.8208
1327 0.8164000000000001
1328 0.8104
1329 0.8072
1330 0.8080000000000003
1331 0.8120000000000005
1332 0.8248000000000002
1333 0.8348000000000002
1334 0.8440000000000003
1335 0.8548
1336 0.8692
1337 0.8792000000000003
1338 0.8896000000000004
1339 0.8908
1340 0.8896000000000001
1341 0.8852000000000001
1342 0.8783999999999998
1343 0.87
1344 0.8635999999999998
1345 0.8583999999999997
1346 0.8535999999999998
1347 0.8487999999999998
1348 0.8440000000000001
1349 0.8347999999999999
1350 0.8316
1351 0.8288
1352 0.8223999999999999
1353 0.8175999999999999
1354 0.8203999999999999
1355 0.8240000000000001
1356 0.8320000000000002
1357 0.8332
1358 0.8380000000000003
1359 0.8480000000000001
1360 0.8608000000000001
1361 0.8787999999999999
1362 0.8880000000000002
1363 0.8871999999999999
1364 0.8875999999999997
1365 0.8867999999999999
1366 0.8823999999999999
1367 0.8768
1368 0.8704
1369 0.8655999999999999
1370 0.8607999999999998
1371 0.8512
1372 0.8436
1373 0.8340000000000001
1374 0.8291999999999998
1375 0.8295999999999999
1376 0.8200000000000002
1377 0.8168000000000001
1378 0.8136
1379 0.8183999999999999
1380 0.8251999999999999
1381 0.838
1382 0.8436
1383 0.8468000000000002
1384 0.8624
1385 0.8744000000000003
1386 0.8919999999999998
1387 0.8976
1388 0.8984000000000001
1389 0.8992000000000001
1390 0.8944000000000001
1391 0.8884000000000002
1392 0.8820000000000001
1393 0.8752000000000001
1394 0.8656000000000001
1395 0.8644000000000003
1396 0.8552000000000001
1397 0.8492000000000002
1398 0.8416000000000002
1399 0.8396000000000002
1400 0.8340000000000001
1401 0.8328000000000002
1402 0.8296000000000001
1403 0.8295999999999999
1404 0.8388000000000001
1405 0.8428
1406 0.8524000000000003
1407 0.8624
1408 0.8708000000000001
1409 0.8852000000000001
1410 0.8927999999999998
1411 0.8984000000000003
1412 0.9012000000000003
1413 0.9007999999999999
1414 0.8968
1415 0.8912
1416 0.8843999999999999
1417 0.8772
1418 0.8723999999999998
1419 0.8655999999999999
1420 0.8579999999999999
1421 0.8488000000000001
1422 0.846
1423 0.8408
1424 0.836
1425 0.8320000000000001
1426 0.8324000000000001
1427 0.8308000000000001
1428 0.8336
1429 0.8420000000000001
1430 0.8439999999999999
1431 0.8472
1432 0.8592000000000002
1433 0.8740000000000001
1434 0.8835999999999999
1435 0.8836000000000003
1436 0.8840000000000003
1437 0.8812000000000003
1438 0.8760000000000003
1439 0.8712000000000004
1440 0.8648000000000002
1441 0.8575999999999999
1442 0.8491999999999998
1443 0.8427999999999999
1444 0.8375999999999999
1445 0.8323999999999998
1446 0.8264
1447 0.8216
1448 0.8180000000000004
1449 0.8116000000000004
1450 0.8064000000000001
1451 0.8092000000000003
1452 0.8176000000000002
1453 0.8248000000000002
1454 0.8303999999999999
1455 0.8415999999999998
1456 0.8552000000000001
1457 0.8728000000000001
1458 0.8824000000000002
1459 0.8892000000000003
1460 0.8904000000000002
1461 0.8848000000000001
1462 0.8792
1463 0.8736000000000003
1464 0.8680000000000001
1465 0.8615999999999999
1466 0.8528000000000001
1467 0.8476
1468 0.8428
1469 0.8368000000000001
1470 0.8307999999999999
1471 0.826
1472 0.8228
1473 0.8176000000000002
1474 0.8136000000000003
1475 0.8132
1476 0.8216
1477 0.8292000000000002
1478 0.8416
1479 0.8512000000000001
1480 0.8663999999999998
1481 0.88
1482 0.8895999999999998
1483 0.898
1484 0.8936000000000002
1485 0.8908
1486 0.8900000000000001
1487 0.8832000000000001
1488 0.8763999999999998
1489 0.8700000000000001
1490 0.8628000000000001
1491 0.8543999999999999
1492 0.8451999999999998
1493 0.8384
1494 0.8312
1495 0.8239999999999997
1496 0.8184
1497 0.8188
1498 0.8124000000000001
1499 0.814
1500 0.8203999999999998
1501 0.8296000000000001
1502 0.838
1503 0.8460000000000001
1504 0.8592
1505 0.8720000000000002
1506 0.8872000000000003
1507 0.894
1508 0.8940000000000002
1509 0.8864000000000004
1510 0.8792000000000003
1511 0.8740000000000002
1512 0.8692000000000003
1513 0.8616000000000001
1514 0.8543999999999999
1515 0.8467999999999999
1516 0.838
1517 0.8347999999999999
1518 0.83
1519 0.8276
1520 0.8204000000000002
1521 0.8168000000000001
1522 0.8184000000000001
1523 0.8228
1524 0.8292
1525 0.8388000000000002
1526 0.8492000000000001
1527 0.8584000000000003
1528 0.8716000000000002
1529 0.8820000000000003
1530 0.8908000000000001
1531 0.9004000000000002
1532 0.9004000000000002
1533 0.8984000000000002
1534 0.8892
1535 0.8839999999999999
1536 0.8808000000000001
1537 0.8720000000000002
1538 0.8615999999999998
1539 0.8547999999999999
1540 0.8491999999999998
1541 0.8403999999999999
1542 0.8351999999999999
1543 0.8288000000000001
1544 0.8216000000000001
1545 0.8168000000000001
1546 0.8116
1547 0.8120000000000002
1548 0.816
1549 0.8280000000000001
1550 0.8323999999999998
1551 0.8376
1552 0.85
1553 0.8652000000000004
1554 0.8768000000000004
1555 0.8824000000000004
1556 0.8804000000000001
1557 0.8760000000000003
1558 0.8680000000000001
1559 0.8616000000000004
1560 0.8544000000000003
1561 0.8448000000000002
1562 0.8324000000000003
1563 0.8212000000000004
1564 0.8136
1565 0.8064
1566 0.7980000000000002
1567 0.7899999999999998
1568 0.7875999999999999
1569 0.7864
1570 0.7871999999999999
1571 0.7931999999999999
1572 0.8024000000000002
1573 0.8112000000000001
1574 0.8176000000000001
1575 0.8336000000000001
1576 0.8515999999999998
1577 0.8639999999999998
1578 0.8764000000000002
1579 0.8768000000000002
1580 0.8740000000000003
1581 0.8684000000000003
1582 0.8636000000000004
1583 0.8592000000000004
1584 0.8520000000000003
1585 0.8468000000000003
1586 0.8412000000000005
1587 0.8364000000000005
1588 0.8328000000000004
1589 0.8240000000000002
1590 0.8192000000000002
1591 0.8160000000000003
1592 0.8140000000000001
1593 0.8083999999999999
1594 0.8087999999999999
1595 0.8156
1596 0.8212000000000004
1597 0.8256000000000001
1598 0.8340000000000001
1599 0.8392000000000003
1600 0.8508000000000006
1601 0.8656000000000001
1602 0.8712000000000001
1603 0.8736000000000002
1604 0.8696
1605 0.8664000000000003
1606 0.8596000000000005
1607 0.8556000000000004
1608 0.8472000000000003
1609 0.8416000000000003
1610 0.8380000000000004
1611 0.8320000000000003
1612 0.8264000000000002
1613 0.8188000000000001
1614 0.8124000000000001
1615 0.8068000000000004
1616 0.8032
1617 0.8
1618 0.7963999999999999
1619 0.8004000000000001
1620 0.8116
1621 0.8144000000000002
1622 0.8264
1623 0.8344000000000001
1624 0.8472000000000002
1625 0.8644
1626 0.8711999999999999
1627 0.8775999999999999
1628 0.8783999999999998
1629 0.8719999999999999
1630 0.8716000000000002
1631 0.8676
1632 0.8632000000000001
1633 0.8592
1634 0.8532000000000001
1635 0.8456
1636 0.8376
1637 0.8268000000000001
1638 0.8223999999999999
1639 0.8152000000000001
1640 0.8076000000000001
1641 0.8016
1642 0.8047999999999998
1643 0.8103999999999998
1644 0.8183999999999999
1645 0.8263999999999997
1646 0.8323999999999998
1647 0.8444000000000002
1648 0.8584
1649 0.8735999999999998
1650 0.8832000000000002
1651 0.8915999999999997
1652 0.8911999999999999
1653 0.8911999999999998
1654 0.8876000000000001
1655 0.8844000000000001
1656 0.8764000000000002
1657 0.8676
1658 0.8612000000000001
1659 0.8552000000000001
1660 0.8452
1661 0.8324000000000001
1662 0.8284
1663 0.8236
1664 0.8172000000000003
1665 0.8096000000000002
1666 0.8084
1667 0.8096000000000001
1668 0.8172
1669 0.826
1670 0.8379999999999999
1671 0.8467999999999999
1672 0.8579999999999999
1673 0.8759999999999998
1674 0.8856000000000002
1675 0.8884000000000001
1676 0.8892
1677 0.8819999999999998
1678 0.8771999999999999
1679 0.8687999999999999
1680 0.8615999999999999
1681 0.8584
1682 0.8479999999999999
1683 0.84
1684 0.8344
1685 0.8236000000000001
1686 0.8168000000000003
1687 0.8132000000000004
1688 0.8080000000000002
1689 0.8072
1690 0.8068000000000002
1691 0.8120000000000003
1692 0.8208000000000004
1693 0.8332000000000002
1694 0.8416
1695 0.8536000000000001
1696 0.8683999999999998
1697 0.8836000000000002
1698 0.8956000000000001
1699 0.8996000000000004
1700 0.8988
1701 0.8955999999999998
1702 0.8876000000000002
1703 0.8800000000000003
1704 0.8700000000000001
1705 0.8660000000000001
1706 0.8612000000000003
1707 0.8560000000000003
1708 0.8500000000000003
1709 0.8436000000000002
1710 0.8376000000000002
1711 0.8304
1712 0.8216000000000001
1713 0.8148000000000001
1714 0.8136
1715 0.8151999999999999
1716 0.8248000000000002
1717 0.8372000000000004
1718 0.8440000000000001
1719 0.8515999999999999
1720 0.8608
1721 0.8728000000000002
1722 0.88
1723 0.8859999999999998
1724 0.8843999999999997
1725 0.8787999999999998
1726 0.8708
1727 0.8639999999999999
1728 0.8608
1729 0.8536
1730 0.8452
1731 0.8376
1732 0.8276000000000002
1733 0.8188000000000001
1734 0.8108
1735 0.8051999999999999
1736 0.7996000000000002
1737 0.7920000000000003
1738 0.7928000000000003
1739 0.7972
1740 0.8048000000000001
1741 0.8132000000000003
1742 0.8232000000000004
1743 0.8332000000000002
1744 0.85
1745 0.8676
1746 0.8744
1747 0.8819999999999996
1748 0.8776
1749 0.8759999999999999
1750 0.8724
1751 0.8676
1752 0.8584000000000002
1753 0.8520000000000002
1754 0.8447999999999999
1755 0.8359999999999999
1756 0.8279999999999998
1757 0.8219999999999997
1758 0.8159999999999998
1759 0.8123999999999998
1760 0.8088
1761 0.8051999999999999
1762 0.8076000000000001
1763 0.8099999999999998
1764 0.8148000000000001
1765 0.8244000000000001
1766 0.8344000000000006
1767 0.8392000000000002
1768 0.8552000000000001
1769 0.8724
1770 0.882
1771 0.8868000000000003
1772 0.8880000000000001
1773 0.8848000000000004
1774 0.8820000000000003
1775 0.8759999999999999
1776 0.8668
1777 0.8552000000000004
1778 0.8464000000000003
1779 0.8416000000000002
1780 0.8320000000000002
1781 0.8256000000000001
1782 0.8208000000000001
1783 0.8160000000000001
1784 0.8092000000000001
1785 0.8012000000000001
1786 0.8000000000000004
1787 0.8064000000000001
1788 0.8144000000000001
1789 0.8208000000000001
1790 0.8288000000000001
1791 0.8343999999999998
1792 0.8528000000000003
1793 0.8664000000000001
1794 0.8747999999999998
1795 0.8799999999999999
1796 0.8819999999999998
1797 0.8764
1798 0.8719999999999999
1799 0.8655999999999997
1800 0.8611999999999997
1801 0.8563999999999997
1802 0.8507999999999997
1803 0.8427999999999998
1804 0.8351999999999999
1805 0.8280000000000003
1806 0.8216000000000002
1807 0.8156000000000002
1808 0.8092000000000003
1809 0.8016000000000001
1810 0.802
1811 0.8060000000000005
1812 0.8144000000000001
1813 0.8224000000000002
1814 0.8275999999999999
1815 0.8416000000000001
1816 0.856
1817 0.8728
1818 0.8796000000000003
1819 0.8863999999999999
1820 0.8859999999999998
1821 0.8839999999999998
1822 0.8787999999999999
1823 0.8715999999999999
1824 0.866
1825 0.8611999999999999
1826 0.8523999999999999
1827 0.8431999999999998
1828 0.8347999999999994
1829 0.8283999999999996
1830 0.8235999999999996
1831 0.8175999999999998
1832 0.8111999999999998
1833 0.8072000000000001
1834 0.802
1835 0.8008000000000003
1836 0.8016000000000004
1837 0.8080000000000003
1838 0.8171999999999998
1839 0.8259999999999998
1840 0.8388
1841 0.8484000000000002
1842 0.8588
1843 0.8648
1844 0.8671999999999999
1845 0.8675999999999999
1846 0.8620000000000002
1847 0.8548
1848 0.8467999999999999
1849 0.8399999999999999
1850 0.834
1851 0.8244000000000002
1852 0.8208000000000003
1853 0.8132
1854 0.8044
1855 0.7984
1856 0.7948
1857 0.7892000000000003
1858 0.7880000000000003
1859 0.7960000000000003
1860 0.806
1861 0.8183999999999999
1862 0.8308
1863 0.8432
1864 0.8548000000000002
1865 0.872
1866 0.882
1867 0.8859999999999999
1868 0.8892000000000002
1869 0.8876000000000001
1870 0.8855999999999998
1871 0.8796000000000003
1872 0.8708000000000005
1873 0.8616000000000003
1874 0.8552000000000001
1875 0.8492000000000001
1876 0.8416000000000002
1877 0.8328000000000003
1878 0.8276000000000002
1879 0.8236000000000003
1880 0.8200000000000003
1881 0.8152000000000001
1882 0.8164000000000001
1883 0.8200000000000003
1884 0.824
1885 0.8272000000000002
1886 0.8284000000000001
1887 0.8367999999999999
1888 0.8531999999999997
1889 0.8627999999999999
1890 0.8752000000000002
1891 0.8787999999999999
1892 0.8800000000000001
1893 0.8740000000000001
1894 0.868
1895 0.8628
1896 0.8551999999999998
1897 0.8463999999999997
1898 0.8411999999999996
1899 0.8359999999999996
1900 0.8303999999999998
1901 0.8224000000000001
1902 0.8176000000000001
1903 0.8112
1904 0.8047999999999998
1905 0.7992
1906 0.8012
1907 0.8
1908 0.81
1909 0.8195999999999999
1910 0.8271999999999997
1911 0.8348
1912 0.8499999999999999
1913 0.8648
1914 0.8787999999999999
1915 0.8824000000000001
1916 0.8767999999999999
1917 0.872
1918 0.8676000000000001
1919 0.8632000000000004
1920 0.8560000000000005
1921 0.8516000000000002
1922 0.8416000000000001
1923 0.8348000000000003
1924 0.8244000000000001
1925 0.8171999999999997
1926 0.8143999999999998
1927 0.8088
1928 0.8068
1929 0.8024000000000002
1930 0.8048000000000003
1931 0.812
1932 0.8228000000000003
1933 0.8308000000000004
1934 0.8400000000000002
1935 0.8464000000000003
1936 0.8604000000000002
1937 0.8724
1938 0.8836000000000002
1939 0.8836000000000003
1940 0.8820000000000003
1941 0.8772
1942 0.87
1943 0.8623999999999998
1944 0.8547999999999999
1945 0.8467999999999999
1946 0.8411999999999997
1947 0.8347999999999999
1948 0.8271999999999999
1949 0.8195999999999999
1950 0.8168
1951 0.8159999999999998
1952 0.8155999999999999
1953 0.8099999999999998
1954 0.8147999999999999
1955 0.8216000000000002
1956 0.8308
1957 0.8360000000000001
1958 0.8467999999999999
1959 0.8592000000000003
1960 0.8736000000000002
1961 0.8872000000000001
1962 0.8939999999999998
1963 0.8964
1964 0.9000000000000001
1965 0.8912000000000002
1966 0.8840000000000002
1967 0.8808000000000002
1968 0.8752000000000002
1969 0.8708000000000001
1970 0.8676000000000001
1971 0.8616000000000001
1972 0.8520000000000002
1973 0.8452000000000001
1974 0.8367999999999999
1975 0.8336
1976 0.8288000000000001
1977 0.8236000000000001
1978 0.8240000000000001
1979 0.8276000000000002
1980 0.8336000000000002
1981 0.8404
1982 0.8460000000000001
1983 0.8575999999999999
1984 0.8724
1985 0.8856
1986 0.8887999999999998
1987 0.8903999999999997
1988 0.8915999999999998
1989 0.8863999999999999
1990 0.8812000000000002
1991 0.8776
1992 0.8716000000000002
1993 0.8652000000000002
1994 0.8556000000000004
1995 0.8488000000000002
1996 0.8428000000000001
1997 0.8376
1998 0.8268000000000001
1999 0.8196000000000001
