1 1.0
2 1.0
3 1.0
4 1.0
5 0.9992
6 0.9984000000000001
7 0.9956
8 0.9944
9 0.9944
10 0.9936
11 0.9927999999999999
12 0.9919999999999999
13 0.9919999999999999
14 0.9911999999999999
15 0.9899999999999999
16 0.9891999999999997
17 0.9891999999999997
18 0.9891999999999997
19 0.9891999999999997
20 0.9887999999999998
21 0.9883999999999997
22 0.9883999999999997
23 0.9883999999999997
24 0.9879999999999997
25 0.9875999999999998
26 0.9875999999999998
27 0.9875999999999998
28 0.9867999999999998
29 0.9867999999999998
30 0.9867999999999998
31 0.9867999999999998
32 0.9867999999999998
33 0.9863999999999997
34 0.9863999999999997
35 0.9863999999999997
36 0.9859999999999997
37 0.9859999999999997
38 0.9859999999999997
39 0.9855999999999996
40 0.9851999999999995
41 0.9851999999999995
42 0.9851999999999995
43 0.9847999999999996
44 0.9847999999999996
45 0.9847999999999996
46 0.9839999999999998
47 0.9839999999999998
48 0.9839999999999998
49 0.9839999999999998
50 0.9835999999999998
51 0.9835999999999998
52 0.9831999999999997
53 0.9831999999999997
54 0.9823999999999998
55 0.9823999999999998
56 0.9823999999999998
57 0.9819999999999999
58 0.9815999999999998
59 0.9811999999999997
60 0.9807999999999999
61 0.9803999999999999
62 0.9795999999999999
63 0.9795999999999999
64 0.9795999999999999
65 0.9795999999999999
66 0.9795999999999999
67 0.9791999999999998
68 0.9791999999999998
69 0.9791999999999998
70 0.9791999999999998
71 0.9787999999999998
72 0.9787999999999998
73 0.9787999999999998
74 0.9787999999999998
75 0.9787999999999998
76 0.9783999999999999
77 0.9779999999999999
78 0.9779999999999999
79 0.9775999999999999
80 0.9771999999999998
81 0.9771999999999998
82 0.9767999999999999
83 0.9767999999999999
84 0.9767999999999999
85 0.9767999999999999
86 0.9767999999999999
87 0.9759999999999998
88 0.9739999999999998
89 0.9739999999999998
90 0.9735999999999998
91 0.9731999999999998
92 0.9731999999999998
93 0.9727999999999999
94 0.9727999999999999
95 0.9727999999999999
96 0.9727999999999999
97 0.9727999999999999
98 0.9723999999999998
99 0.9719999999999999
100 0.9708
101 0.9704
102 0.9704
103 0.9704
104 0.9704
105 0.97
106 0.9696000000000001
107 0.9692000000000001
108 0.9688000000000001
109 0.9684000000000001
110 0.9676000000000002
111 0.9676000000000002
112 0.9672000000000002
113 0.9672000000000002
114 0.9668000000000001
115 0.9668000000000001
116 0.9660000000000002
117 0.9656000000000003
118 0.9656000000000003
119 0.9648000000000002
120 0.9648000000000002
121 0.9648000000000002
122 0.9636000000000002
123 0.9632000000000002
124 0.9624000000000001
125 0.9620000000000002
126 0.9616000000000002
127 0.9616000000000002
128 0.9616000000000002
129 0.9612000000000002
130 0.9612000000000002
131 0.9604
132 0.9600000000000002
133 0.9600000000000002
134 0.9600000000000002
135 0.9592000000000002
136 0.9584000000000001
137 0.9584000000000001
138 0.9584000000000001
139 0.9576000000000002
140 0.9572000000000002
141 0.9572000000000002
142 0.9568000000000001
143 0.9568000000000001
144 0.9564
145 0.9564
146 0.9556
147 0.9556
148 0.9548000000000001
149 0.9531999999999999
150 0.9523999999999999
151 0.9520000000000001
152 0.9516
153 0.9507999999999999
154 0.9507999999999999
155 0.9507999999999999
156 0.95
157 0.9491999999999998
158 0.9491999999999998
159 0.9488
160 0.948
161 0.9472
162 0.9472
163 0.9451999999999998
164 0.9435999999999997
165 0.9427999999999999
166 0.9427999999999999
167 0.9427999999999999
168 0.9427999999999999
169 0.9427999999999999
170 0.9423999999999998
171 0.9412
172 0.9404
173 0.9404
174 0.94
175 0.94
176 0.94
177 0.94
178 0.9396000000000001
179 0.9388000000000001
180 0.9384
181 0.9375999999999999
182 0.9368000000000001
183 0.9364000000000001
184 0.9364000000000001
185 0.936
186 0.9356
187 0.9352000000000001
188 0.9332
189 0.9328
190 0.9324000000000001
191 0.9319999999999999
192 0.9311999999999999
193 0.9303999999999999
194 0.9303999999999999
195 0.9299999999999998
196 0.9291999999999999
197 0.9291999999999999
198 0.9291999999999999
199 0.9291999999999999
200 0.9291999999999999
201 0.9288
202 0.9279999999999999
203 0.9275999999999999
204 0.9275999999999999
205 0.9268000000000001
206 0.9268000000000001
207 0.9251999999999999
208 0.9239999999999998
209 0.9227999999999998
210 0.9227999999999998
211 0.9224
212 0.9211999999999999
213 0.9211999999999999
214 0.9204000000000001
215 0.92
216 0.9196
217 0.9188
218 0.9180000000000001
219 0.9176000000000001
220 0.9168000000000001
221 0.9168000000000001
222 0.9156
223 0.9156
224 0.9156
225 0.9152
226 0.9148
227 0.9148
228 0.914
229 0.9127999999999998
230 0.9124
231 0.9116000000000001
232 0.9116000000000001
233 0.9116000000000001
234 0.9116000000000001
235 0.9112
236 0.9108000000000002
237 0.9108000000000002
238 0.91
239 0.9092000000000001
240 0.9092000000000001
241 0.9088
242 0.9084000000000002
243 0.9068000000000002
244 0.9052000000000001
245 0.9052000000000001
246 0.9048000000000002
247 0.9032000000000001
248 0.9028000000000002
249 0.9020000000000001
250 0.9012000000000002
251 0.9008000000000003
252 0.9000000000000002
253 0.9000000000000002
254 0.8992000000000003
255 0.8988000000000003
256 0.8984000000000003
257 0.8980000000000002
258 0.8976000000000002
259 0.8972000000000002
260 0.8972000000000002
261 0.8960000000000002
262 0.8960000000000002
263 0.8956000000000002
264 0.8948000000000004
265 0.8936000000000002
266 0.8924000000000002
267 0.8912
268 0.8908
269 0.8904
270 0.8892
271 0.8884000000000001
272 0.888
273 0.888
274 0.8872
275 0.8864
276 0.8843999999999999
277 0.8835999999999999
278 0.8827999999999999
279 0.8824
280 0.8824
281 0.882
282 0.8815999999999999
283 0.8811999999999999
284 0.8811999999999999
285 0.8807999999999998
286 0.8792000000000002
287 0.8780000000000001
288 0.8772
289 0.8760000000000001
290 0.8748000000000001
291 0.8744000000000001
292 0.8744000000000001
293 0.8740000000000001
294 0.8736000000000002
295 0.8728
296 0.8728
297 0.8728
298 0.8728
299 0.8716000000000002
300 0.8708
301 0.8708
302 0.8692
303 0.8688000000000001
304 0.8688000000000001
305 0.8688000000000001
306 0.8675999999999999
307 0.8672
308 0.8667999999999999
309 0.8667999999999999
310 0.8667999999999999
311 0.8667999999999999
312 0.8663999999999998
313 0.8643999999999998
314 0.8643999999999998
315 0.8639999999999998
316 0.8635999999999998
317 0.8631999999999997
318 0.8627999999999997
319 0.8627999999999997
320 0.8627999999999997
321 0.8623999999999998
322 0.8615999999999998
323 0.8611999999999997
324 0.8603999999999999
325 0.8591999999999999
326 0.8583999999999997
327 0.8575999999999998
328 0.8567999999999998
329 0.8567999999999998
330 0.8567999999999998
331 0.8563999999999998
332 0.8555999999999999
333 0.8555999999999999
334 0.8547999999999999
335 0.8543999999999998
336 0.8531999999999997
337 0.8523999999999998
338 0.8519999999999998
339 0.8515999999999997
340 0.8515999999999997
341 0.8515999999999997
342 0.8515999999999997
343 0.8511999999999996
344 0.8507999999999997
345 0.8503999999999998
346 0.8495999999999998
347 0.8495999999999998
348 0.8487999999999998
349 0.8483999999999997
350 0.8483999999999997
351 0.8463999999999997
352 0.8459999999999998
353 0.8455999999999997
354 0.8447999999999998
355 0.8435999999999999
356 0.8427999999999999
357 0.8423999999999999
358 0.8416
359 0.8416
360 0.8408
361 0.84
362 0.8392000000000001
363 0.8392000000000001
364 0.8392000000000001
365 0.8392000000000001
366 0.8392000000000001
367 0.8392000000000001
368 0.8383999999999999
369 0.8379999999999999
370 0.8375999999999999
371 0.8363999999999998
372 0.8355999999999999
373 0.8347999999999999
374 0.8347999999999999
375 0.8347999999999999
376 0.8347999999999999
377 0.834
378 0.8328
379 0.8323999999999999
380 0.8316
381 0.8311999999999999
382 0.8311999999999999
383 0.8311999999999999
384 0.8307999999999999
385 0.8303999999999999
386 0.8283999999999999
387 0.8275999999999998
388 0.8271999999999998
389 0.8263999999999999
390 0.8259999999999998
391 0.8251999999999998
392 0.8247999999999999
393 0.8247999999999999
394 0.8243999999999998
395 0.8243999999999998
396 0.8239999999999997
397 0.8231999999999998
398 0.8223999999999998
399 0.8223999999999998
400 0.8219999999999997
401 0.8211999999999997
402 0.8203999999999998
403 0.8195999999999999
404 0.8188
405 0.818
406 0.8175999999999999
407 0.8160000000000001
408 0.8151999999999999
409 0.8148000000000001
410 0.8140000000000001
411 0.8136
412 0.8136
413 0.8128
414 0.8128
415 0.8128
416 0.8128
417 0.8123999999999999
418 0.812
419 0.8116000000000001
420 0.8100000000000002
421 0.8100000000000002
422 0.8096000000000001
423 0.8092
424 0.8088000000000001
425 0.8084000000000002
426 0.8080000000000003
427 0.8060000000000003
428 0.8060000000000003
429 0.8044000000000002
430 0.8044000000000002
431 0.8028
432 0.8024000000000001
433 0.8012
434 0.8008000000000002
435 0.8000000000000002
436 0.7992000000000001
437 0.7980000000000002
438 0.7980000000000002
439 0.7980000000000002
440 0.796
441 0.7948000000000002
442 0.7948000000000002
443 0.7944000000000001
444 0.7944000000000001
445 0.7940000000000002
446 0.7940000000000002
447 0.7936000000000001
448 0.792
449 0.792
450 0.7916000000000001
451 0.7904000000000002
452 0.7896000000000001
453 0.7892000000000001
454 0.7892000000000001
455 0.7884000000000002
456 0.7880000000000001
457 0.7872
458 0.7859999999999999
459 0.7855999999999999
460 0.7855999999999999
461 0.7855999999999999
462 0.7855999999999999
463 0.7839999999999999
464 0.7827999999999998
465 0.7827999999999998
466 0.7824
467 0.7824
468 0.782
469 0.782
470 0.782
471 0.7816
472 0.7812
473 0.7804000000000001
474 0.7800000000000001
475 0.7796000000000001
476 0.7792000000000001
477 0.7784000000000002
478 0.7772
479 0.7764
480 0.7759999999999999
481 0.7756000000000001
482 0.7756000000000001
483 0.7752
484 0.7739999999999999
485 0.7736
486 0.7732000000000001
487 0.7712
488 0.7707999999999999
489 0.77
490 0.77
491 0.768
492 0.7672
493 0.7659999999999999
494 0.7651999999999998
495 0.7643999999999999
496 0.7639999999999999
497 0.7631999999999999
498 0.7627999999999999
499 0.7624
500 0.762
501 0.762
502 0.7615999999999999
503 0.7604000000000001
504 0.7604000000000001
505 0.7596
506 0.7592
507 0.7592
508 0.7588000000000001
509 0.7584000000000001
510 0.7584000000000001
511 0.7584000000000001
512 0.7584000000000001
513 0.7575999999999999
514 0.7564
515 0.7560000000000001
516 0.7560000000000001
517 0.7556
518 0.7552000000000001
519 0.7544
520 0.754
521 0.754
522 0.7536
523 0.7528
524 0.7512000000000001
525 0.7508000000000001
526 0.7500000000000001
527 0.7492000000000002
528 0.7492000000000002
529 0.7488000000000001
530 0.7484000000000002
531 0.7480000000000001
532 0.7476000000000002
533 0.7472000000000001
534 0.7472000000000001
535 0.7464000000000002
536 0.7460000000000002
537 0.7456000000000002
538 0.7456000000000002
539 0.7456000000000002
540 0.7452000000000001
541 0.7452000000000001
542 0.7444000000000002
543 0.7436
544 0.7432000000000001
545 0.7424000000000001
546 0.7412000000000001
547 0.7412000000000001
548 0.7395999999999999
549 0.7395999999999999
550 0.7392
551 0.7392
552 0.738
553 0.7376
554 0.7367999999999999
555 0.7364
556 0.7364
557 0.736
558 0.7356
559 0.7348
560 0.7348
561 0.7340000000000001
562 0.7336000000000001
563 0.7324
564 0.7324
565 0.7324
566 0.7324
567 0.7324
568 0.7316000000000001
569 0.7316000000000001
570 0.7312000000000002
571 0.7312000000000002
572 0.7308000000000001
573 0.7300000000000001
574 0.7300000000000001
575 0.7288000000000001
576 0.7280000000000001
577 0.7280000000000001
578 0.7276
579 0.7276
580 0.7272000000000002
581 0.7268000000000001
582 0.7268000000000001
583 0.7256000000000001
584 0.7240000000000001
585 0.7236
586 0.7219999999999999
587 0.7219999999999999
588 0.7219999999999999
589 0.7219999999999999
590 0.7219999999999999
591 0.7212
592 0.7203999999999999
593 0.7195999999999999
594 0.7192000000000001
595 0.7192000000000001
596 0.7188
597 0.7184
598 0.718
599 0.7175999999999999
600 0.7172
601 0.7167999999999999
602 0.7167999999999999
603 0.7167999999999999
604 0.7155999999999999
605 0.7143999999999998
606 0.7143999999999998
607 0.7143999999999998
608 0.7143999999999998
609 0.714
610 0.7135999999999999
611 0.7132
612 0.7132
613 0.7123999999999999
614 0.7123999999999999
615 0.7123999999999999
616 0.7123999999999999
617 0.7123999999999999
618 0.7111999999999999
619 0.7099999999999999
620 0.7099999999999999
621 0.7095999999999999
622 0.7095999999999999
623 0.7095999999999999
624 0.7095999999999999
625 0.7095999999999999
626 0.7087999999999998
627 0.7087999999999998
628 0.7075999999999999
629 0.7071999999999998
630 0.7063999999999999
631 0.7051999999999999
632 0.7044
633 0.7044
634 0.7044
635 0.7040000000000001
636 0.7036
637 0.7031999999999999
638 0.7023999999999999
639 0.7023999999999999
640 0.7020000000000001
641 0.7016
642 0.7008
643 0.6996000000000001
644 0.6988
645 0.6988
646 0.6984
647 0.6984
648 0.6984
649 0.698
650 0.6975999999999999
651 0.6968
652 0.6968
653 0.6968
654 0.6968
655 0.696
656 0.6947999999999999
657 0.6944
658 0.694
659 0.694
660 0.6931999999999999
661 0.6931999999999999
662 0.6923999999999998
663 0.6919999999999998
664 0.6911999999999999
665 0.6907999999999999
666 0.6903999999999999
667 0.6899999999999998
668 0.6899999999999998
669 0.6899999999999998
670 0.6896
671 0.6896
672 0.6896
673 0.6887999999999999
674 0.6887999999999999
675 0.6887999999999999
676 0.6887999999999999
677 0.6883999999999999
678 0.6871999999999998
679 0.6871999999999998
680 0.6871999999999998
681 0.6863999999999999
682 0.6859999999999998
683 0.6847999999999999
684 0.6847999999999999
685 0.6847999999999999
686 0.6847999999999999
687 0.6847999999999999
688 0.6839999999999999
689 0.6828
690 0.6819999999999999
691 0.6804000000000001
692 0.6792
693 0.6792
694 0.6788000000000001
695 0.6784
696 0.6780000000000002
697 0.6776000000000001
698 0.6776000000000001
699 0.6772000000000001
700 0.6768000000000001
701 0.676
702 0.6756000000000002
703 0.6752000000000001
704 0.6752000000000001
705 0.6752000000000001
706 0.6744000000000002
707 0.6728000000000002
708 0.6728000000000002
709 0.6716000000000001
710 0.6716000000000001
711 0.6716000000000001
712 0.6716000000000001
713 0.6716000000000001
714 0.6708000000000002
715 0.6708000000000002
716 0.6700000000000002
717 0.6696000000000001
718 0.6696000000000001
719 0.6696000000000001
720 0.6696000000000001
721 0.6692000000000001
722 0.6688000000000001
723 0.6688000000000001
724 0.6688000000000001
725 0.6688000000000001
726 0.6684000000000002
727 0.6676000000000001
728 0.6676000000000001
729 0.6672000000000001
730 0.6672000000000001
731 0.6668000000000001
732 0.6668000000000001
733 0.6668000000000001
734 0.6664000000000001
735 0.6660000000000003
736 0.6660000000000003
737 0.6656000000000002
738 0.6652000000000002
739 0.6644000000000002
740 0.6644000000000002
741 0.6644000000000002
742 0.6644000000000002
743 0.6640000000000001
744 0.6636000000000003
745 0.6636000000000003
746 0.6624000000000002
747 0.6624000000000002
748 0.6620000000000001
749 0.6616000000000003
750 0.6604000000000002
751 0.6592000000000001
752 0.6584000000000002
753 0.6572000000000001
754 0.6564000000000001
755 0.6560000000000001
756 0.6548000000000002
757 0.6548000000000002
758 0.6544000000000001
759 0.6544000000000001
760 0.6540000000000002
761 0.6540000000000002
762 0.6536000000000002
763 0.6536000000000002
764 0.6524000000000002
765 0.6520000000000001
766 0.6516000000000001
767 0.6516000000000001
768 0.6516000000000001
769 0.6516000000000001
770 0.6516000000000001
771 0.6508000000000002
772 0.65
773 0.6487999999999999
774 0.6484000000000001
775 0.6484000000000001
776 0.648
777 0.6472
778 0.6468
779 0.6468
780 0.6456000000000001
781 0.6456000000000001
782 0.6456000000000001
783 0.6452
784 0.6452
785 0.6452
786 0.6452
787 0.6448
788 0.6444
789 0.6444
790 0.6444
791 0.6444
792 0.6444
793 0.6444
794 0.644
795 0.644
796 0.6432000000000001
797 0.6432000000000001
798 0.6428
799 0.642
800 0.642
801 0.642
802 0.6416
803 0.6412
804 0.6408
805 0.6404000000000001
806 0.6396000000000001
807 0.6392
808 0.6384000000000001
809 0.638
810 0.6368
811 0.6364
812 0.6359999999999999
813 0.6352
814 0.6347999999999999
815 0.6344
816 0.6344
817 0.6344
818 0.634
819 0.634
820 0.634
821 0.634
822 0.634
823 0.6335999999999999
824 0.6332
825 0.6332
826 0.6332
827 0.6332
828 0.6324000000000001
829 0.6324000000000001
830 0.6316
831 0.6308
832 0.6304000000000001
833 0.6304000000000001
834 0.6304000000000001
835 0.6304000000000001
836 0.6300000000000001
837 0.6296
838 0.6296
839 0.6296
840 0.6296
841 0.6288000000000001
842 0.6284000000000001
843 0.628
844 0.6276
845 0.6268
846 0.6268
847 0.6268
848 0.6268
849 0.6264000000000001
850 0.6264000000000001
851 0.626
852 0.6244
853 0.6244
854 0.624
855 0.6236
856 0.6236
857 0.6228
858 0.6224000000000001
859 0.6224000000000001
860 0.6224000000000001
861 0.622
862 0.622
863 0.6216
864 0.6216
865 0.6216
866 0.6216
867 0.6216
868 0.6212000000000001
869 0.6208
870 0.6204
871 0.6192
872 0.6184000000000001
873 0.618
874 0.618
875 0.6176
876 0.6172000000000001
877 0.6164000000000001
878 0.6148
879 0.6144
880 0.614
881 0.6124
882 0.6124
883 0.612
884 0.612
885 0.612
886 0.6108
887 0.6108
888 0.6108
889 0.6108
890 0.6104
891 0.6096
892 0.6092000000000001
893 0.6092000000000001
894 0.6092000000000001
895 0.6092000000000001
896 0.6088000000000001
897 0.6088000000000001
898 0.6088000000000001
899 0.6084
900 0.6084
901 0.6084
902 0.6084
903 0.6076
904 0.6072000000000001
905 0.6072000000000001
906 0.6072000000000001
907 0.6072000000000001
908 0.6068000000000001
909 0.6068000000000001
910 0.6064
911 0.6060000000000001
912 0.6060000000000001
913 0.6060000000000001
914 0.6060000000000001
915 0.6052000000000001
916 0.6052000000000001
917 0.6048000000000001
918 0.6048000000000001
919 0.6048000000000001
920 0.6048000000000001
921 0.6048000000000001
922 0.6048000000000001
923 0.6048000000000001
924 0.6040000000000001
925 0.6032000000000002
926 0.6032000000000002
927 0.6024000000000002
928 0.6020000000000002
929 0.6020000000000002
930 0.6016000000000001
931 0.6012000000000001
932 0.6008000000000001
933 0.6008000000000001
934 0.6000000000000001
935 0.5996000000000001
936 0.5988000000000002
937 0.5988000000000002
938 0.5984000000000002
939 0.5984000000000002
940 0.5980000000000002
941 0.5976000000000002
942 0.5968000000000002
943 0.5968000000000002
944 0.5964000000000003
945 0.5964000000000003
946 0.5964000000000003
947 0.5964000000000003
948 0.5956000000000002
949 0.5956000000000002
950 0.5956000000000002
951 0.5956000000000002
952 0.5952000000000003
953 0.5952000000000003
954 0.5948000000000002
955 0.5944000000000002
956 0.5940000000000002
957 0.5940000000000002
958 0.5932000000000002
959 0.5924000000000001
960 0.5920000000000002
961 0.5916000000000001
962 0.5916000000000001
963 0.5912000000000002
964 0.5908000000000002
965 0.5904000000000003
966 0.5888000000000002
967 0.5888000000000002
968 0.5888000000000002
969 0.5888000000000002
970 0.5888000000000002
971 0.5884000000000001
972 0.5880000000000002
973 0.5880000000000002
974 0.5876000000000001
975 0.5872000000000002
976 0.5872000000000002
977 0.5872000000000002
978 0.5872000000000002
979 0.5868000000000001
980 0.5868000000000001
981 0.5868000000000001
982 0.5864000000000001
983 0.5864000000000001
984 0.5860000000000002
985 0.5856000000000001
986 0.5852000000000002
987 0.5852000000000002
988 0.5852000000000002
989 0.5852000000000002
990 0.5848000000000002
991 0.5840000000000002
992 0.5832000000000002
993 0.5832000000000002
994 0.5828000000000002
995 0.5828000000000002
996 0.5828000000000002
997 0.5824000000000001
998 0.5816000000000001
999 0.5816000000000001
1000 0.5816000000000001
1001 0.5816000000000001
1002 0.5816000000000001
1003 0.5816000000000001
1004 0.5808000000000001
1005 0.5808000000000001
1006 0.5808000000000001
1007 0.5808000000000001
1008 0.5804000000000001
1009 0.5804000000000001
1010 0.5804000000000001
1011 0.5804000000000001
1012 0.5800000000000002
1013 0.5800000000000002
1014 0.5792000000000002
1015 0.5788000000000002
1016 0.5784000000000001
1017 0.5780000000000001
1018 0.5776000000000001
1019 0.5768000000000001
1020 0.5768000000000001
1021 0.5768000000000001
1022 0.5764000000000001
1023 0.5756000000000001
1024 0.5752000000000002
1025 0.5752000000000002
1026 0.5744000000000001
1027 0.5736000000000001
1028 0.5736000000000001
1029 0.5736000000000001
1030 0.5736000000000001
1031 0.5732000000000002
1032 0.5732000000000002
1033 0.5732000000000002
1034 0.5732000000000002
1035 0.5732000000000002
1036 0.5732000000000002
1037 0.5732000000000002
1038 0.5732000000000002
1039 0.5732000000000002
1040 0.5720000000000002
1041 0.5716000000000002
1042 0.5712000000000002
1043 0.5700000000000002
1044 0.5700000000000002
1045 0.5692000000000003
1046 0.5688000000000002
1047 0.5680000000000002
1048 0.5672000000000003
1049 0.5672000000000003
1050 0.5672000000000003
1051 0.5660000000000002
1052 0.5656000000000002
1053 0.5652000000000001
1054 0.5648000000000002
1055 0.5644000000000002
1056 0.5644000000000002
1057 0.5640000000000002
1058 0.5640000000000002
1059 0.5640000000000002
1060 0.5636000000000001
1061 0.5636000000000001
1062 0.5636000000000001
1063 0.5632000000000001
1064 0.5632000000000001
1065 0.5624000000000001
1066 0.5624000000000001
1067 0.5624000000000001
1068 0.562
1069 0.562
1070 0.562
1071 0.5616000000000001
1072 0.5612000000000001
1073 0.5608000000000002
1074 0.5608000000000002
1075 0.5608000000000002
1076 0.5608000000000002
1077 0.5608000000000002
1078 0.5604000000000002
1079 0.5604000000000002
1080 0.5604000000000002
1081 0.5592000000000001
1082 0.5584000000000002
1083 0.5584000000000002
1084 0.5584000000000002
1085 0.5580000000000002
1086 0.5580000000000002
1087 0.5580000000000002
1088 0.5576000000000001
1089 0.5564000000000001
1090 0.5564000000000001
1091 0.5560000000000002
1092 0.5560000000000002
1093 0.5560000000000002
1094 0.5560000000000002
1095 0.5556000000000002
1096 0.5552000000000001
1097 0.5552000000000001
1098 0.5548000000000002
1099 0.5544000000000002
1100 0.5540000000000002
1101 0.5536000000000001
1102 0.5532000000000001
1103 0.5532000000000001
1104 0.552
1105 0.5516000000000001
1106 0.5508000000000002
1107 0.5508000000000002
1108 0.5508000000000002
1109 0.5508000000000002
1110 0.5508000000000002
1111 0.5504000000000001
1112 0.5504000000000001
1113 0.5492000000000001
1114 0.5488000000000001
1115 0.5488000000000001
1116 0.5484000000000001
1117 0.5480000000000002
1118 0.5480000000000002
1119 0.5480000000000002
1120 0.5476000000000001
1121 0.5472
1122 0.5468000000000001
1123 0.5468000000000001
1124 0.5464000000000001
1125 0.5456000000000001
1126 0.5456000000000001
1127 0.5456000000000001
1128 0.5456000000000001
1129 0.5456000000000001
1130 0.5448000000000001
1131 0.5444000000000001
1132 0.5440000000000002
1133 0.5440000000000002
1134 0.5432000000000001
1135 0.5432000000000001
1136 0.5432000000000001
1137 0.5432000000000001
1138 0.5432000000000001
1139 0.5428000000000002
1140 0.5420000000000001
1141 0.5412000000000002
1142 0.5412000000000002
1143 0.5412000000000002
1144 0.5412000000000002
1145 0.5408000000000002
1146 0.5400000000000001
1147 0.5400000000000001
1148 0.5384000000000002
1149 0.5384000000000002
1150 0.5384000000000002
1151 0.5380000000000001
1152 0.5376000000000002
1153 0.5376000000000002
1154 0.5372000000000002
1155 0.5372000000000002
1156 0.5368000000000002
1157 0.5368000000000002
1158 0.5368000000000002
1159 0.5364000000000001
1160 0.5364000000000001
1161 0.5364000000000001
1162 0.5364000000000001
1163 0.5360000000000001
1164 0.5360000000000001
1165 0.5360000000000001
1166 0.5360000000000001
1167 0.5360000000000001
1168 0.5348000000000002
1169 0.5348000000000002
1170 0.5348000000000002
1171 0.5348000000000002
1172 0.5348000000000002
1173 0.5340000000000003
1174 0.5340000000000003
1175 0.5336000000000002
1176 0.5328000000000003
1177 0.5328000000000003
1178 0.5328000000000003
1179 0.5328000000000003
1180 0.5324000000000002
1181 0.5316000000000001
1182 0.5316000000000001
1183 0.5316000000000001
1184 0.5312
1185 0.5312
1186 0.5312
1187 0.5308
1188 0.5308
1189 0.5308
1190 0.5304000000000001
1191 0.5296000000000001
1192 0.5288
1193 0.5288
1194 0.5288
1195 0.5288
1196 0.5284
1197 0.5284
1198 0.528
1199 0.528
1200 0.528
1201 0.528
1202 0.528
1203 0.528
1204 0.528
1205 0.528
1206 0.528
1207 0.528
1208 0.528
1209 0.528
1210 0.528
1211 0.528
1212 0.528
1213 0.5276000000000001
1214 0.5276000000000001
1215 0.5272000000000001
1216 0.5268
1217 0.5268
1218 0.5264000000000001
1219 0.5264000000000001
1220 0.5260000000000001
1221 0.5260000000000001
1222 0.5260000000000001
1223 0.5256000000000001
1224 0.5256000000000001
1225 0.5256000000000001
1226 0.5256000000000001
1227 0.5256000000000001
1228 0.5252
1229 0.5248
1230 0.5248
1231 0.5244000000000001
1232 0.524
1233 0.524
1234 0.524
1235 0.5236000000000001
1236 0.5236000000000001
1237 0.5236000000000001
1238 0.5228
1239 0.5224
1240 0.5219999999999999
1241 0.5219999999999999
1242 0.5216
1243 0.5216
1244 0.5216
1245 0.5216
1246 0.5212
1247 0.5212
1248 0.5207999999999999
1249 0.5204
1250 0.5204
1251 0.5204
1252 0.5204
1253 0.5204
1254 0.5192
1255 0.5192
1256 0.5192
1257 0.5192
1258 0.5188
1259 0.5188
1260 0.5184000000000001
1261 0.5184000000000001
1262 0.5184000000000001
1263 0.5184000000000001
1264 0.5184000000000001
1265 0.518
1266 0.5176000000000001
1267 0.5176000000000001
1268 0.5176000000000001
1269 0.5176000000000001
1270 0.5176000000000001
1271 0.5176000000000001
1272 0.5176000000000001
1273 0.5176000000000001
1274 0.5176000000000001
1275 0.5176000000000001
1276 0.5176000000000001
1277 0.5176000000000001
1278 0.5176000000000001
1279 0.5176000000000001
1280 0.5176000000000001
1281 0.5176000000000001
1282 0.5159999999999999
1283 0.5159999999999999
1284 0.5159999999999999
1285 0.5159999999999999
1286 0.5159999999999999
1287 0.5156
1288 0.5152
1289 0.5147999999999999
1290 0.5147999999999999
1291 0.5144
1292 0.514
1293 0.5131999999999999
1294 0.5127999999999999
1295 0.5124
1296 0.5124
1297 0.5124
1298 0.512
1299 0.5115999999999999
1300 0.5115999999999999
1301 0.5115999999999999
1302 0.5112
1303 0.5107999999999999
1304 0.5107999999999999
1305 0.5104
1306 0.5104
1307 0.5104
1308 0.5104
1309 0.5095999999999998
1310 0.5095999999999998
1311 0.5095999999999998
1312 0.5095999999999998
1313 0.5095999999999998
1314 0.5095999999999998
1315 0.5091999999999999
1316 0.5091999999999999
1317 0.5091999999999999
1318 0.5087999999999999
1319 0.5087999999999999
1320 0.5087999999999999
1321 0.5083999999999999
1322 0.5079999999999999
1323 0.5079999999999999
1324 0.5079999999999999
1325 0.5079999999999999
1326 0.5079999999999999
1327 0.5075999999999999
1328 0.5075999999999999
1329 0.5071999999999999
1330 0.5071999999999999
1331 0.5071999999999999
1332 0.5071999999999999
1333 0.5071999999999999
1334 0.5067999999999999
1335 0.5067999999999999
1336 0.5064
1337 0.5064
1338 0.5064
1339 0.5064
1340 0.506
1341 0.506
1342 0.506
1343 0.5052
1344 0.5052
1345 0.5044
1346 0.5044
1347 0.5044
1348 0.504
1349 0.504
1350 0.504
1351 0.5035999999999999
1352 0.5035999999999999
1353 0.5032
1354 0.5032
1355 0.5032
1356 0.5032
1357 0.5032
1358 0.5032
1359 0.5032
1360 0.5032
1361 0.5032
1362 0.5027999999999999
1363 0.5027999999999999
1364 0.5019999999999999
1365 0.5019999999999999
1366 0.5019999999999999
1367 0.5019999999999999
1368 0.5019999999999999
1369 0.5019999999999999
1370 0.5015999999999999
1371 0.5011999999999999
1372 0.5011999999999999
1373 0.5007999999999999
1374 0.49999999999999994
1375 0.49959999999999993
1376 0.49959999999999993
1377 0.4991999999999999
1378 0.49879999999999997
1379 0.49879999999999997
1380 0.49879999999999997
1381 0.49839999999999995
1382 0.49839999999999995
1383 0.4976
1384 0.4976
1385 0.4976
1386 0.4976
1387 0.4976
1388 0.4976
1389 0.4976
1390 0.4972
1391 0.4972
1392 0.4972
1393 0.4968
1394 0.4968
1395 0.4964
1396 0.4964
1397 0.4964
1398 0.4964
1399 0.49560000000000004
1400 0.49560000000000004
1401 0.49560000000000004
1402 0.49560000000000004
1403 0.49520000000000003
1404 0.49520000000000003
1405 0.49520000000000003
1406 0.49520000000000003
1407 0.49520000000000003
1408 0.49520000000000003
1409 0.49520000000000003
1410 0.4948
1411 0.49440000000000006
1412 0.49440000000000006
1413 0.49440000000000006
1414 0.4932
1415 0.4932
1416 0.4932
1417 0.4932
1418 0.4932
1419 0.4928
1420 0.4928
1421 0.4928
1422 0.4928
1423 0.4924
1424 0.49200000000000005
1425 0.49200000000000005
1426 0.49160000000000004
1427 0.49119999999999997
1428 0.49079999999999996
1429 0.49079999999999996
1430 0.4904
1431 0.4904
1432 0.48960000000000004
1433 0.48960000000000004
1434 0.48919999999999997
1435 0.48879999999999996
1436 0.48879999999999996
1437 0.48879999999999996
1438 0.48879999999999996
1439 0.48879999999999996
1440 0.48879999999999996
1441 0.488
1442 0.488
1443 0.488
1444 0.48719999999999997
1445 0.4868
1446 0.48599999999999993
1447 0.4856
1448 0.4856
1449 0.48479999999999995
1450 0.4844
1451 0.4844
1452 0.484
1453 0.484
1454 0.484
1455 0.484
1456 0.484
1457 0.484
1458 0.4836
1459 0.4836
1460 0.4836
1461 0.4836
1462 0.4827999999999999
1463 0.4827999999999999
1464 0.4827999999999999
1465 0.4823999999999999
1466 0.4823999999999999
1467 0.4823999999999999
1468 0.4823999999999999
1469 0.4819999999999999
1470 0.4819999999999999
1471 0.4811999999999999
1472 0.4811999999999999
1473 0.4811999999999999
1474 0.4811999999999999
1475 0.4811999999999999
1476 0.4811999999999999
1477 0.4811999999999999
1478 0.4811999999999999
1479 0.4807999999999999
1480 0.4807999999999999
1481 0.48039999999999994
1482 0.48039999999999994
1483 0.48039999999999994
1484 0.48039999999999994
1485 0.48039999999999994
1486 0.48039999999999994
1487 0.48039999999999994
1488 0.48039999999999994
1489 0.48039999999999994
1490 0.4799999999999999
1491 0.4795999999999999
1492 0.47919999999999996
1493 0.47919999999999996
1494 0.47919999999999996
1495 0.47919999999999996
1496 0.47919999999999996
1497 0.47919999999999996
1498 0.47919999999999996
1499 0.47919999999999996
1500 0.4787999999999999
1501 0.4779999999999999
1502 0.4779999999999999
1503 0.4779999999999999
1504 0.4779999999999999
1505 0.4779999999999999
1506 0.4779999999999999
1507 0.4779999999999999
1508 0.4775999999999999
1509 0.4775999999999999
1510 0.4775999999999999
1511 0.47679999999999984
1512 0.47679999999999984
1513 0.47679999999999984
1514 0.47679999999999984
1515 0.4763999999999999
1516 0.4763999999999999
1517 0.4763999999999999
1518 0.4763999999999999
1519 0.4763999999999999
1520 0.47599999999999987
1521 0.47599999999999987
1522 0.47559999999999986
1523 0.47559999999999986
1524 0.47559999999999986
1525 0.47559999999999986
1526 0.47519999999999984
1527 0.47519999999999984
1528 0.47479999999999983
1529 0.47479999999999983
1530 0.4743999999999998
1531 0.47399999999999987
1532 0.47359999999999985
1533 0.47359999999999985
1534 0.47359999999999985
1535 0.47359999999999985
1536 0.47319999999999984
1537 0.47319999999999984
1538 0.47319999999999984
1539 0.4727999999999999
1540 0.4727999999999999
1541 0.4727999999999999
1542 0.4723999999999999
1543 0.4723999999999999
1544 0.4723999999999999
1545 0.4723999999999999
1546 0.4723999999999999
1547 0.47199999999999986
1548 0.47199999999999986
1549 0.47199999999999986
1550 0.47199999999999986
1551 0.4711999999999999
1552 0.4711999999999999
1553 0.4711999999999999
1554 0.4711999999999999
1555 0.4711999999999999
1556 0.4711999999999999
1557 0.47039999999999993
1558 0.46919999999999995
1559 0.46919999999999995
1560 0.46919999999999995
1561 0.46919999999999995
1562 0.46919999999999995
1563 0.46919999999999995
1564 0.46879999999999994
1565 0.46879999999999994
1566 0.46879999999999994
1567 0.46879999999999994
1568 0.46879999999999994
1569 0.4684
1570 0.46799999999999997
1571 0.46799999999999997
1572 0.46759999999999996
1573 0.46759999999999996
1574 0.46759999999999996
1575 0.46759999999999996
1576 0.46759999999999996
1577 0.4672
1578 0.4672
1579 0.4672
1580 0.4668
1581 0.4664
1582 0.4664
1583 0.466
1584 0.466
1585 0.466
1586 0.466
1587 0.4656
1588 0.4656
1589 0.4656
1590 0.4656
1591 0.4656
1592 0.4656
1593 0.46520000000000006
1594 0.46520000000000006
1595 0.46520000000000006
1596 0.46480000000000005
1597 0.4640000000000001
1598 0.4640000000000001
1599 0.4640000000000001
1600 0.4640000000000001
1601 0.46360000000000007
1602 0.46360000000000007
1603 0.46360000000000007
1604 0.46360000000000007
1605 0.46320000000000006
1606 0.4628000000000001
1607 0.4628000000000001
1608 0.4624000000000001
1609 0.462
1610 0.462
1611 0.462
1612 0.462
1613 0.462
1614 0.462
1615 0.462
1616 0.4616
1617 0.4616
1618 0.4608
1619 0.4608
1620 0.4608
1621 0.4608
1622 0.4608
1623 0.4608
1624 0.4608
1625 0.4604
1626 0.46
1627 0.46
1628 0.46
1629 0.46
1630 0.46
1631 0.46
1632 0.46
1633 0.46
1634 0.46
1635 0.4596
1636 0.4596
1637 0.4596
1638 0.4596
1639 0.4596
1640 0.4596
1641 0.4592
1642 0.45880000000000004
1643 0.45880000000000004
1644 0.45840000000000003
1645 0.45760000000000006
1646 0.45760000000000006
1647 0.45760000000000006
1648 0.45760000000000006
1649 0.45720000000000005
1650 0.45720000000000005
1651 0.4568000000000001
1652 0.4568000000000001
1653 0.4568000000000001
1654 0.4568000000000001
1655 0.4564000000000001
1656 0.4564000000000001
1657 0.4564000000000001
1658 0.456
1659 0.456
1660 0.456
1661 0.456
1662 0.456
1663 0.456
1664 0.456
1665 0.456
1666 0.456
1667 0.456
1668 0.456
1669 0.456
1670 0.4556
1671 0.4556
1672 0.45480000000000004
1673 0.45480000000000004
1674 0.4544
1675 0.45400000000000007
1676 0.45360000000000006
1677 0.45360000000000006
1678 0.45320000000000005
1679 0.45320000000000005
1680 0.45320000000000005
1681 0.4524000000000001
1682 0.4524000000000001
1683 0.4520000000000001
1684 0.4520000000000001
1685 0.4520000000000001
1686 0.4520000000000001
1687 0.4520000000000001
1688 0.4520000000000001
1689 0.4516000000000001
1690 0.4516000000000001
1691 0.4516000000000001
1692 0.4516000000000001
1693 0.4516000000000001
1694 0.4516000000000001
1695 0.4516000000000001
1696 0.4516000000000001
1697 0.4516000000000001
1698 0.4512000000000001
1699 0.4512000000000001
1700 0.4512000000000001
1701 0.4512000000000001
1702 0.4512000000000001
1703 0.45040000000000013
1704 0.4500000000000001
1705 0.4500000000000001
1706 0.4500000000000001
1707 0.4500000000000001
1708 0.44960000000000017
1709 0.44960000000000017
1710 0.44920000000000015
1711 0.4488000000000001
1712 0.4484
1713 0.4484
1714 0.4484
1715 0.4484
1716 0.4484
1717 0.4484
1718 0.44800000000000006
1719 0.44800000000000006
1720 0.44800000000000006
1721 0.44800000000000006
1722 0.44800000000000006
1723 0.44760000000000005
1724 0.44760000000000005
1725 0.44760000000000005
1726 0.44720000000000004
1727 0.44720000000000004
1728 0.44720000000000004
1729 0.44720000000000004
1730 0.44720000000000004
1731 0.44720000000000004
1732 0.4468000000000001
1733 0.4468000000000001
1734 0.4464000000000001
1735 0.4464000000000001
1736 0.4464000000000001
1737 0.4464000000000001
1738 0.44600000000000006
1739 0.44600000000000006
1740 0.44600000000000006
1741 0.44600000000000006
1742 0.44600000000000006
1743 0.44600000000000006
1744 0.44600000000000006
1745 0.44600000000000006
1746 0.44600000000000006
1747 0.4456000000000001
1748 0.4456000000000001
1749 0.4448000000000001
1750 0.4448000000000001
1751 0.4448000000000001
1752 0.4448000000000001
1753 0.4448000000000001
1754 0.4448000000000001
1755 0.4448000000000001
1756 0.4448000000000001
1757 0.4448000000000001
1758 0.4448000000000001
1759 0.44440000000000013
1760 0.44440000000000013
1761 0.44440000000000013
1762 0.44440000000000013
1763 0.44440000000000013
1764 0.44440000000000013
1765 0.44440000000000013
1766 0.44440000000000013
1767 0.44440000000000013
1768 0.44360000000000016
1769 0.44360000000000016
1770 0.44360000000000016
1771 0.44360000000000016
1772 0.44320000000000015
1773 0.44320000000000015
1774 0.44280000000000014
1775 0.44280000000000014
1776 0.44280000000000014
1777 0.44280000000000014
1778 0.44280000000000014
1779 0.44240000000000007
1780 0.44240000000000007
1781 0.4420000000000001
1782 0.4420000000000001
1783 0.4420000000000001
1784 0.4420000000000001
1785 0.4416000000000001
1786 0.4416000000000001
1787 0.4416000000000001
1788 0.4416000000000001
1789 0.4416000000000001
1790 0.4412000000000001
1791 0.4412000000000001
1792 0.4412000000000001
1793 0.4412000000000001
1794 0.44080000000000014
1795 0.4404000000000001
1796 0.4404000000000001
1797 0.44000000000000017
1798 0.44000000000000017
1799 0.44000000000000017
1800 0.43960000000000016
1801 0.43960000000000016
1802 0.43960000000000016
1803 0.4388
1804 0.4388
1805 0.43800000000000006
1806 0.43800000000000006
1807 0.43760000000000004
1808 0.43760000000000004
1809 0.43760000000000004
1810 0.43720000000000003
1811 0.43720000000000003
1812 0.43720000000000003
1813 0.4368000000000001
1814 0.43640000000000007
1815 0.43640000000000007
1816 0.436
1817 0.436
1818 0.436
1819 0.436
1820 0.436
1821 0.43560000000000004
1822 0.43560000000000004
1823 0.43520000000000003
1824 0.43520000000000003
1825 0.43520000000000003
1826 0.43520000000000003
1827 0.43520000000000003
1828 0.43520000000000003
1829 0.4348
1830 0.4348
1831 0.4348
1832 0.43440000000000006
1833 0.43400000000000005
1834 0.43360000000000004
1835 0.43360000000000004
1836 0.43360000000000004
1837 0.43360000000000004
1838 0.4328000000000001
1839 0.4328000000000001
1840 0.4328000000000001
1841 0.4328000000000001
1842 0.4328000000000001
1843 0.4328000000000001
1844 0.4328000000000001
1845 0.4328000000000001
1846 0.4328000000000001
1847 0.4324000000000001
1848 0.4320000000000001
1849 0.4320000000000001
1850 0.4320000000000001
1851 0.4320000000000001
1852 0.4320000000000001
1853 0.4320000000000001
1854 0.4320000000000001
1855 0.4320000000000001
1856 0.4316000000000001
1857 0.4316000000000001
1858 0.4316000000000001
1859 0.4316000000000001
1860 0.4316000000000001
1861 0.4316000000000001
1862 0.4316000000000001
1863 0.4316000000000001
1864 0.43120000000000014
1865 0.43120000000000014
1866 0.43120000000000014
1867 0.43120000000000014
1868 0.4308000000000001
1869 0.4308000000000001
1870 0.4308000000000001
1871 0.4308000000000001
1872 0.4308000000000001
1873 0.4308000000000001
1874 0.4308000000000001
1875 0.4304000000000001
1876 0.43000000000000016
1877 0.4296000000000001
1878 0.4296000000000001
1879 0.4296000000000001
1880 0.4296000000000001
1881 0.4296000000000001
1882 0.4296000000000001
1883 0.4296000000000001
1884 0.4292000000000001
1885 0.4292000000000001
1886 0.4292000000000001
1887 0.4292000000000001
1888 0.4292000000000001
1889 0.4292000000000001
1890 0.42880000000000007
1891 0.42880000000000007
1892 0.42880000000000007
1893 0.42880000000000007
1894 0.42880000000000007
1895 0.42880000000000007
1896 0.42880000000000007
1897 0.42880000000000007
1898 0.42880000000000007
1899 0.42880000000000007
1900 0.42880000000000007
1901 0.4284000000000001
1902 0.4284000000000001
1903 0.4284000000000001
1904 0.4284000000000001
1905 0.4284000000000001
1906 0.4284000000000001
1907 0.4284000000000001
1908 0.4284000000000001
1909 0.4280000000000001
1910 0.4280000000000001
1911 0.4280000000000001
1912 0.42760000000000015
1913 0.42760000000000015
1914 0.42760000000000015
1915 0.42760000000000015
1916 0.42760000000000015
1917 0.42760000000000015
1918 0.42760000000000015
1919 0.42760000000000015
1920 0.42760000000000015
1921 0.42760000000000015
1922 0.42760000000000015
1923 0.42720000000000014
1924 0.4268000000000001
1925 0.42600000000000016
1926 0.42600000000000016
1927 0.42560000000000014
1928 0.42560000000000014
1929 0.42560000000000014
1930 0.4252000000000001
1931 0.4248000000000001
1932 0.42440000000000005
1933 0.42440000000000005
1934 0.42440000000000005
1935 0.42440000000000005
1936 0.42400000000000004
1937 0.42400000000000004
1938 0.4232000000000001
1939 0.4232000000000001
1940 0.4232000000000001
1941 0.4232000000000001
1942 0.4232000000000001
1943 0.4232000000000001
1944 0.4232000000000001
1945 0.4232000000000001
1946 0.4224000000000001
1947 0.4224000000000001
1948 0.4224000000000001
1949 0.4224000000000001
1950 0.4224000000000001
1951 0.4224000000000001
1952 0.4224000000000001
1953 0.4224000000000001
1954 0.4224000000000001
1955 0.4224000000000001
1956 0.4224000000000001
1957 0.4224000000000001
1958 0.4224000000000001
1959 0.4224000000000001
1960 0.4224000000000001
1961 0.4224000000000001
1962 0.4220000000000001
1963 0.4220000000000001
1964 0.4220000000000001
1965 0.4220000000000001
1966 0.4220000000000001
1967 0.4220000000000001
1968 0.4220000000000001
1969 0.4220000000000001
1970 0.4220000000000001
1971 0.4220000000000001
1972 0.42120000000000013
1973 0.4208000000000001
1974 0.4208000000000001
1975 0.42040000000000005
1976 0.42040000000000005
1977 0.42040000000000005
1978 0.4200000000000001
1979 0.4196000000000001
1980 0.4196000000000001
1981 0.4196000000000001
1982 0.4196000000000001
1983 0.4196000000000001
1984 0.4196000000000001
1985 0.4192000000000001
1986 0.4188000000000001
1987 0.4184000000000001
1988 0.4180000000000001
1989 0.4180000000000001
1990 0.4180000000000001
1991 0.4180000000000001
1992 0.4180000000000001
1993 0.4180000000000001
1994 0.4180000000000001
1995 0.4180000000000001
1996 0.4180000000000001
1997 0.4180000000000001
1998 0.41760000000000014
1999 0.41760000000000014
