1 1.0
2 1.0
3 1.0
4 1.0
5 0.9992
6 0.9992
7 0.9987999999999999
8 0.9987999999999999
9 0.9983999999999998
10 0.9983999999999998
11 0.9976
12 0.9976
13 0.9967999999999998
14 0.9963999999999997
15 0.9959999999999997
16 0.9955999999999996
17 0.9955999999999996
18 0.9943999999999995
19 0.9939999999999997
20 0.9939999999999997
21 0.9931999999999996
22 0.9931999999999996
23 0.9927999999999997
24 0.9915999999999998
25 0.9915999999999998
26 0.9903999999999997
27 0.9895999999999998
28 0.9895999999999998
29 0.9895999999999998
30 0.9891999999999999
31 0.9883999999999997
32 0.9871999999999997
33 0.9867999999999997
34 0.9855999999999997
35 0.9847999999999996
36 0.9839999999999997
37 0.9831999999999996
38 0.9827999999999997
39 0.9815999999999997
40 0.9803999999999999
41 0.9788
42 0.978
43 0.9767999999999999
44 0.976
45 0.9752
46 0.9736
47 0.9716
48 0.9708
49 0.97
50 0.9691999999999998
51 0.968
52 0.968
53 0.9672
54 0.9647999999999999
55 0.9647999999999999
56 0.9620000000000001
57 0.9599999999999999
58 0.9599999999999999
59 0.9595999999999998
60 0.9571999999999997
61 0.9544
62 0.9531999999999999
63 0.9520000000000001
64 0.9488
65 0.9455999999999998
66 0.9443999999999998
67 0.9431999999999999
68 0.9431999999999999
69 0.9428
70 0.9419999999999998
71 0.94
72 0.9388000000000001
73 0.9360000000000003
74 0.9348000000000002
75 0.9336000000000003
76 0.9308000000000001
77 0.9296000000000001
78 0.9292000000000001
79 0.9284000000000002
80 0.9280000000000002
81 0.9272000000000001
82 0.9244000000000001
83 0.9224000000000002
84 0.9208000000000002
85 0.9200000000000002
86 0.9196000000000002
87 0.9184000000000002
88 0.9168000000000002
89 0.9148000000000002
90 0.9120000000000001
91 0.9100000000000001
92 0.9088000000000003
93 0.9068000000000002
94 0.9056000000000003
95 0.9052000000000002
96 0.9048000000000003
97 0.9036000000000003
98 0.9012000000000003
99 0.8988000000000003
100 0.8980000000000002
101 0.8976000000000002
102 0.8964000000000003
103 0.894
104 0.8936
105 0.8928
106 0.8924
107 0.8911999999999999
108 0.8884000000000001
109 0.8872
110 0.8856
111 0.8832
112 0.8815999999999999
113 0.8804
114 0.8791999999999999
115 0.8779999999999998
116 0.8764
117 0.8744000000000001
118 0.8740000000000001
119 0.8724000000000003
120 0.8704000000000002
121 0.8684000000000002
122 0.8660000000000001
123 0.8648
124 0.8644
125 0.8632
126 0.8623999999999999
127 0.8623999999999999
128 0.8599999999999999
129 0.8588
130 0.8572
131 0.8564
132 0.8548
133 0.8548
134 0.8544000000000002
135 0.8540000000000001
136 0.8524
137 0.8512000000000001
138 0.85
139 0.8476000000000002
140 0.8468000000000001
141 0.8448
142 0.8443999999999999
143 0.8428
144 0.84
145 0.8380000000000003
146 0.8372000000000003
147 0.8360000000000004
148 0.8356000000000003
149 0.8352000000000004
150 0.8336000000000001
151 0.8328000000000003
152 0.8308000000000003
153 0.8308000000000003
154 0.8292000000000002
155 0.8288000000000002
156 0.8268000000000002
157 0.8260000000000001
158 0.8252000000000002
159 0.8248000000000002
160 0.8240000000000002
161 0.8224000000000001
162 0.8220000000000001
163 0.8204
164 0.8195999999999999
165 0.8195999999999999
166 0.8188
167 0.8188
168 0.8179999999999998
169 0.8168
170 0.8151999999999999
171 0.8135999999999999
172 0.8123999999999998
173 0.8119999999999997
174 0.8107999999999999
175 0.8095999999999998
176 0.8075999999999999
177 0.8059999999999999
178 0.8055999999999999
179 0.8031999999999999
180 0.8031999999999999
181 0.8003999999999999
182 0.7996
183 0.7984
184 0.7951999999999999
185 0.7944
186 0.7932000000000001
187 0.7924000000000001
188 0.7908
189 0.7884
190 0.7863999999999999
191 0.7852
192 0.7835999999999999
193 0.7823999999999998
194 0.7811999999999999
195 0.7783999999999999
196 0.7772
197 0.7767999999999999
198 0.7759999999999998
199 0.7735999999999998
200 0.7727999999999998
201 0.7704
202 0.7687999999999999
203 0.7683999999999999
204 0.7676000000000001
205 0.7656000000000002
206 0.764
207 0.7624000000000002
208 0.7620000000000001
209 0.7600000000000001
210 0.7592000000000002
211 0.7584000000000001
212 0.758
213 0.7572
214 0.7560000000000001
215 0.7544000000000001
216 0.7539999999999999
217 0.7536
218 0.7528
219 0.7528
220 0.7524
221 0.7504
222 0.7483999999999998
223 0.7475999999999998
224 0.7463999999999997
225 0.7455999999999997
226 0.7447999999999998
227 0.7435999999999997
228 0.7423999999999996
229 0.7419999999999998
230 0.7403999999999997
231 0.7403999999999997
232 0.7383999999999997
233 0.7371999999999999
234 0.7367999999999998
235 0.7363999999999997
236 0.7347999999999999
237 0.7343999999999998
238 0.7339999999999998
239 0.7331999999999997
240 0.7323999999999998
241 0.7311999999999997
242 0.7299999999999998
243 0.7291999999999997
244 0.7283999999999997
245 0.7267999999999998
246 0.7259999999999998
247 0.7255999999999999
248 0.7247999999999998
249 0.7223999999999999
250 0.7216
251 0.7216
252 0.7212
253 0.7203999999999999
254 0.7188
255 0.718
256 0.7171999999999998
257 0.7171999999999998
258 0.7167999999999999
259 0.7155999999999999
260 0.7143999999999999
261 0.7135999999999999
262 0.7131999999999998
263 0.7127999999999999
264 0.7119999999999999
265 0.7103999999999999
266 0.7083999999999999
267 0.7083999999999999
268 0.7071999999999998
269 0.7067999999999998
270 0.7059999999999998
271 0.7044
272 0.7044
273 0.704
274 0.704
275 0.7028
276 0.7020000000000001
277 0.7
278 0.6992
279 0.6988000000000001
280 0.6984
281 0.6968000000000001
282 0.6964
283 0.6960000000000001
284 0.6948000000000002
285 0.6944000000000001
286 0.6944000000000001
287 0.6932
288 0.6932
289 0.6928
290 0.6924000000000001
291 0.6912
292 0.6896000000000001
293 0.6892
294 0.6888000000000001
295 0.6884
296 0.6880000000000002
297 0.6872
298 0.6864
299 0.6864
300 0.686
301 0.6851999999999999
302 0.6844
303 0.6836
304 0.6823999999999999
305 0.682
306 0.6812
307 0.6804000000000001
308 0.6788
309 0.6779999999999999
310 0.6772
311 0.6764
312 0.6759999999999999
313 0.6751999999999999
314 0.6744
315 0.6736
316 0.6724
317 0.6708
318 0.67
319 0.6688
320 0.6688
321 0.6683999999999999
322 0.6668
323 0.6652
324 0.6636
325 0.6632000000000001
326 0.6632000000000001
327 0.6628000000000001
328 0.6628000000000001
329 0.6624
330 0.6624
331 0.6612
332 0.6612
333 0.6603999999999999
334 0.66
335 0.6583999999999999
336 0.6579999999999999
337 0.6567999999999999
338 0.6559999999999999
339 0.6552000000000001
340 0.6544000000000001
341 0.6527999999999998
342 0.6516
343 0.6511999999999999
344 0.6511999999999999
345 0.6503999999999999
346 0.6503999999999999
347 0.65
348 0.6496
349 0.648
350 0.6468
351 0.6468
352 0.6460000000000001
353 0.6456000000000001
354 0.6452000000000001
355 0.6452000000000001
356 0.6448
357 0.6448
358 0.6448
359 0.6444
360 0.644
361 0.6432000000000001
362 0.6428
363 0.6416000000000001
364 0.6408
365 0.6408
366 0.6396000000000001
367 0.6392
368 0.6384000000000001
369 0.6368
370 0.636
371 0.6356
372 0.6352
373 0.6335999999999999
374 0.6332
375 0.632
376 0.6312
377 0.6308
378 0.6299999999999999
379 0.6295999999999999
380 0.6292
381 0.628
382 0.6275999999999999
383 0.6268
384 0.6264
385 0.6264
386 0.6264
387 0.6259999999999999
388 0.6255999999999999
389 0.6255999999999999
390 0.6252
391 0.6248
392 0.6244
393 0.624
394 0.6236
395 0.6232
396 0.6228
397 0.6228
398 0.6224000000000001
399 0.6212000000000001
400 0.6204000000000001
401 0.6200000000000001
402 0.6196
403 0.6188000000000001
404 0.6184000000000001
405 0.6180000000000001
406 0.6180000000000001
407 0.6176000000000001
408 0.6168
409 0.6164000000000001
410 0.6156000000000001
411 0.6156000000000001
412 0.6152000000000001
413 0.6148000000000001
414 0.6136
415 0.6132000000000001
416 0.6128
417 0.6116
418 0.6104
419 0.6088000000000001
420 0.6084
421 0.6072000000000002
422 0.6068000000000001
423 0.6064
424 0.6056000000000001
425 0.6048000000000001
426 0.6040000000000001
427 0.6036000000000001
428 0.6032000000000002
429 0.6028000000000001
430 0.6028000000000001
431 0.6024
432 0.6016000000000001
433 0.6012000000000001
434 0.6000000000000001
435 0.5984000000000002
436 0.5980000000000001
437 0.5980000000000001
438 0.5976000000000001
439 0.5960000000000001
440 0.5956000000000001
441 0.5956000000000001
442 0.5956000000000001
443 0.5948000000000001
444 0.5944
445 0.5936
446 0.5936
447 0.5924
448 0.5920000000000001
449 0.5912000000000001
450 0.5908000000000001
451 0.5908000000000001
452 0.5908000000000001
453 0.5900000000000001
454 0.5892000000000001
455 0.5888000000000001
456 0.5884000000000001
457 0.5876000000000001
458 0.5872000000000002
459 0.5864
460 0.5860000000000001
461 0.5860000000000001
462 0.5860000000000001
463 0.5860000000000001
464 0.5860000000000001
465 0.5856
466 0.5856
467 0.5856
468 0.5856
469 0.5856
470 0.5840000000000001
471 0.5824000000000001
472 0.5824000000000001
473 0.5820000000000001
474 0.5816000000000001
475 0.5816000000000001
476 0.5816000000000001
477 0.5812000000000002
478 0.5808000000000001
479 0.5804
480 0.5796000000000001
481 0.5796000000000001
482 0.5792
483 0.5792
484 0.5792
485 0.5784
486 0.5780000000000001
487 0.5776
488 0.5771999999999999
489 0.5764
490 0.5764
491 0.5760000000000001
492 0.5760000000000001
493 0.5756
494 0.5756
495 0.5756
496 0.5752
497 0.5752
498 0.5752
499 0.5748000000000001
500 0.5744
501 0.5740000000000001
502 0.5736000000000001
503 0.5732
504 0.5728000000000001
505 0.5728000000000001
506 0.5720000000000001
507 0.5712000000000002
508 0.5712000000000002
509 0.5708000000000001
510 0.5700000000000001
511 0.5692
512 0.5688000000000001
513 0.5676000000000001
514 0.5672000000000001
515 0.5668000000000002
516 0.5660000000000001
517 0.5656000000000001
518 0.5656000000000001
519 0.5648000000000001
520 0.5644000000000001
521 0.5640000000000002
522 0.5636000000000001
523 0.5632000000000001
524 0.5632000000000001
525 0.5632000000000001
526 0.5632000000000001
527 0.5628000000000001
528 0.5628000000000001
529 0.5628000000000001
530 0.5628000000000001
531 0.5616000000000001
532 0.5612000000000001
533 0.5608000000000001
534 0.5608000000000001
535 0.56
536 0.56
537 0.5588000000000001
538 0.5576000000000001
539 0.5576000000000001
540 0.5572000000000001
541 0.5572000000000001
542 0.5568000000000002
543 0.5564000000000001
544 0.5560000000000002
545 0.5560000000000002
546 0.5560000000000002
547 0.5552000000000001
548 0.5544000000000002
549 0.5536000000000001
550 0.5532
551 0.5532
552 0.5532
553 0.5528000000000001
554 0.5528000000000001
555 0.5524000000000001
556 0.5516000000000001
557 0.5512000000000001
558 0.5512000000000001
559 0.5512000000000001
560 0.5512000000000001
561 0.55
562 0.55
563 0.5492
564 0.5492
565 0.5484
566 0.548
567 0.548
568 0.548
569 0.5476000000000001
570 0.5463999999999999
571 0.5451999999999999
572 0.5444
573 0.544
574 0.544
575 0.5436
576 0.5431999999999999
577 0.5428
578 0.5424
579 0.5424
580 0.5416
581 0.5416
582 0.5412
583 0.5408
584 0.5404
585 0.54
586 0.5396
587 0.5392
588 0.5388000000000001
589 0.5384
590 0.538
591 0.538
592 0.5372
593 0.5372
594 0.5368
595 0.5368
596 0.536
597 0.5356000000000001
598 0.5348
599 0.5348
600 0.5344
601 0.5344
602 0.5344
603 0.534
604 0.534
605 0.534
606 0.534
607 0.534
608 0.534
609 0.5331999999999999
610 0.5327999999999999
611 0.5319999999999999
612 0.5319999999999999
613 0.5319999999999999
614 0.5319999999999999
615 0.5316
616 0.5316
617 0.5316
618 0.5307999999999999
619 0.5307999999999999
620 0.5299999999999999
621 0.5299999999999999
622 0.5296
623 0.5291999999999999
624 0.5287999999999999
625 0.528
626 0.5271999999999999
627 0.5267999999999999
628 0.5264
629 0.5256
630 0.5256
631 0.5244
632 0.524
633 0.5236
634 0.5227999999999999
635 0.5219999999999999
636 0.5219999999999999
637 0.5219999999999999
638 0.5219999999999999
639 0.5219999999999999
640 0.5219999999999999
641 0.5215999999999998
642 0.5207999999999999
643 0.5204
644 0.5204
645 0.5199999999999999
646 0.5199999999999999
647 0.5196
648 0.5196
649 0.5191999999999999
650 0.5191999999999999
651 0.5187999999999999
652 0.5183999999999999
653 0.5183999999999999
654 0.5179999999999999
655 0.5179999999999999
656 0.5179999999999999
657 0.5176
658 0.5164
659 0.5164
660 0.5164
661 0.5151999999999999
662 0.5147999999999999
663 0.5147999999999999
664 0.5143999999999999
665 0.5143999999999999
666 0.5139999999999999
667 0.5136
668 0.5131999999999999
669 0.5124
670 0.512
671 0.5115999999999999
672 0.5112
673 0.5099999999999999
674 0.5095999999999999
675 0.5092
676 0.5092
677 0.5092
678 0.5092
679 0.5092
680 0.5092
681 0.5087999999999999
682 0.5084
683 0.508
684 0.508
685 0.5075999999999999
686 0.5068
687 0.5064
688 0.5064
689 0.506
690 0.5052
691 0.5044000000000001
692 0.5036
693 0.5032000000000001
694 0.5032000000000001
695 0.5032000000000001
696 0.5032000000000001
697 0.5032000000000001
698 0.5032000000000001
699 0.5032000000000001
700 0.5032000000000001
701 0.5028
702 0.502
703 0.5008
704 0.5008
705 0.5008
706 0.5008
707 0.5004
708 0.5004
709 0.5
710 0.5
711 0.5
712 0.49920000000000003
713 0.49920000000000003
714 0.49920000000000003
715 0.49920000000000003
716 0.49920000000000003
717 0.49920000000000003
718 0.49920000000000003
719 0.49920000000000003
720 0.49920000000000003
721 0.49920000000000003
722 0.4988
723 0.4988
724 0.4988
725 0.4988
726 0.4988
727 0.49839999999999995
728 0.49839999999999995
729 0.49759999999999993
730 0.49759999999999993
731 0.49759999999999993
732 0.4971999999999999
733 0.49639999999999995
734 0.49639999999999995
735 0.49639999999999995
736 0.49639999999999995
737 0.49599999999999994
738 0.49599999999999994
739 0.49599999999999994
740 0.49559999999999993
741 0.49559999999999993
742 0.49399999999999994
743 0.49399999999999994
744 0.49399999999999994
745 0.4931999999999999
746 0.4931999999999999
747 0.4931999999999999
748 0.49279999999999996
749 0.49279999999999996
750 0.49279999999999996
751 0.49239999999999995
752 0.49239999999999995
753 0.49239999999999995
754 0.49119999999999997
755 0.49
756 0.4892
757 0.48879999999999996
758 0.48839999999999995
759 0.48839999999999995
760 0.4876
761 0.4876
762 0.4876
763 0.4876
764 0.4868
765 0.486
766 0.486
767 0.48560000000000003
768 0.48519999999999996
769 0.48519999999999996
770 0.4844
771 0.4844
772 0.484
773 0.484
774 0.4836
775 0.4828
776 0.4811999999999999
777 0.4811999999999999
778 0.4807999999999999
779 0.48039999999999994
780 0.4795999999999999
781 0.4795999999999999
782 0.4783999999999999
783 0.4779999999999999
784 0.4779999999999999
785 0.4775999999999999
786 0.47719999999999985
787 0.4763999999999999
788 0.47559999999999986
789 0.4751999999999999
790 0.47439999999999993
791 0.4739999999999999
792 0.4739999999999999
793 0.4739999999999999
794 0.4739999999999999
795 0.47359999999999985
796 0.47359999999999985
797 0.47319999999999984
798 0.47319999999999984
799 0.47319999999999984
800 0.47319999999999984
801 0.4727999999999999
802 0.4727999999999999
803 0.4727999999999999
804 0.4727999999999999
805 0.4723999999999999
806 0.4723999999999999
807 0.4723999999999999
808 0.4723999999999999
809 0.47199999999999986
810 0.47199999999999986
811 0.4715999999999999
812 0.4715999999999999
813 0.4703999999999999
814 0.46999999999999986
815 0.46959999999999985
816 0.46959999999999985
817 0.46959999999999985
818 0.46959999999999985
819 0.46959999999999985
820 0.4687999999999999
821 0.46839999999999987
822 0.4679999999999999
823 0.4679999999999999
824 0.4679999999999999
825 0.4675999999999999
826 0.4675999999999999
827 0.4675999999999999
828 0.4675999999999999
829 0.4671999999999999
830 0.4671999999999999
831 0.4671999999999999
832 0.4663999999999999
833 0.4663999999999999
834 0.4663999999999999
835 0.46599999999999997
836 0.46559999999999996
837 0.46559999999999996
838 0.46559999999999996
839 0.4648
840 0.4644
841 0.4644
842 0.4644
843 0.4644
844 0.4644
845 0.4644
846 0.4644
847 0.4644
848 0.4644
849 0.4636
850 0.4636
851 0.4636
852 0.4636
853 0.4636
854 0.4636
855 0.46319999999999995
856 0.46319999999999995
857 0.46319999999999995
858 0.46319999999999995
859 0.46319999999999995
860 0.46319999999999995
861 0.46319999999999995
862 0.46319999999999995
863 0.46319999999999995
864 0.46279999999999993
865 0.46279999999999993
866 0.4619999999999999
867 0.4619999999999999
868 0.4615999999999999
869 0.4603999999999999
870 0.4599999999999999
871 0.4599999999999999
872 0.4599999999999999
873 0.4599999999999999
874 0.4599999999999999
875 0.4599999999999999
876 0.4599999999999999
877 0.45959999999999995
878 0.45919999999999994
879 0.45879999999999993
880 0.45799999999999996
881 0.45799999999999996
882 0.4576
883 0.4572
884 0.4572
885 0.4563999999999999
886 0.45599999999999996
887 0.45519999999999994
888 0.45519999999999994
889 0.45519999999999994
890 0.45519999999999994
891 0.4548
892 0.45439999999999997
893 0.4536
894 0.4532
895 0.4532
896 0.4527999999999999
897 0.4527999999999999
898 0.4527999999999999
899 0.4527999999999999
900 0.45239999999999997
901 0.45239999999999997
902 0.4512
903 0.45039999999999997
904 0.45
905 0.45
906 0.45
907 0.45
908 0.45
909 0.45
910 0.45
911 0.45
912 0.45
913 0.4496
914 0.44919999999999993
915 0.44919999999999993
916 0.44919999999999993
917 0.44919999999999993
918 0.44919999999999993
919 0.44919999999999993
920 0.4488
921 0.4488
922 0.4488
923 0.4488
924 0.4488
925 0.44839999999999997
926 0.44839999999999997
927 0.44839999999999997
928 0.44839999999999997
929 0.4479999999999999
930 0.4479999999999999
931 0.4475999999999999
932 0.4475999999999999
933 0.4475999999999999
934 0.44719999999999993
935 0.44719999999999993
936 0.44719999999999993
937 0.4467999999999999
938 0.4467999999999999
939 0.44559999999999994
940 0.4452
941 0.4452
942 0.4452
943 0.4452
944 0.4448
945 0.4448
946 0.4448
947 0.44439999999999996
948 0.44439999999999996
949 0.44439999999999996
950 0.44439999999999996
951 0.44439999999999996
952 0.44439999999999996
953 0.444
954 0.4431999999999999
955 0.4431999999999999
956 0.4431999999999999
957 0.4431999999999999
958 0.4427999999999999
959 0.4427999999999999
960 0.4427999999999999
961 0.4427999999999999
962 0.44239999999999996
963 0.44239999999999996
964 0.44239999999999996
965 0.44199999999999995
966 0.44199999999999995
967 0.44199999999999995
968 0.44199999999999995
969 0.4412
970 0.4412
971 0.4404
972 0.44
973 0.44
974 0.44
975 0.44
976 0.4396
977 0.4396
978 0.43920000000000003
979 0.43920000000000003
980 0.43879999999999997
981 0.43879999999999997
982 0.43879999999999997
983 0.43879999999999997
984 0.43879999999999997
985 0.43839999999999996
986 0.43839999999999996
987 0.43839999999999996
988 0.43839999999999996
989 0.43839999999999996
990 0.43839999999999996
991 0.43839999999999996
992 0.43799999999999994
993 0.4372
994 0.4372
995 0.4372
996 0.4372
997 0.4372
998 0.4372
999 0.4372
1000 0.4372
1001 0.4372
1002 0.4372
1003 0.4372
1004 0.4372
1005 0.4372
1006 0.4372
1007 0.4372
1008 0.4372
1009 0.4368
1010 0.4364
1011 0.436
1012 0.43560000000000004
1013 0.43560000000000004
1014 0.4352
1015 0.43479999999999996
1016 0.43479999999999996
1017 0.43439999999999995
1018 0.43439999999999995
1019 0.434
1020 0.4336
1021 0.4336
1022 0.43320000000000003
1023 0.43320000000000003
1024 0.43320000000000003
1025 0.4328
1026 0.4328
1027 0.4324000000000001
1028 0.4324000000000001
1029 0.4324000000000001
1030 0.4324000000000001
1031 0.43200000000000005
1032 0.4316
1033 0.43119999999999997
1034 0.4307999999999999
1035 0.4307999999999999
1036 0.4307999999999999
1037 0.4295999999999999
1038 0.42879999999999996
1039 0.42879999999999996
1040 0.42879999999999996
1041 0.4275999999999999
1042 0.4275999999999999
1043 0.4275999999999999
1044 0.4275999999999999
1045 0.4275999999999999
1046 0.4275999999999999
1047 0.4271999999999999
1048 0.4267999999999999
1049 0.4267999999999999
1050 0.4267999999999999
1051 0.4267999999999999
1052 0.4267999999999999
1053 0.4267999999999999
1054 0.42639999999999995
1055 0.42639999999999995
1056 0.42639999999999995
1057 0.42599999999999993
1058 0.42599999999999993
1059 0.42599999999999993
1060 0.4256
1061 0.4247999999999999
1062 0.4243999999999999
1063 0.4243999999999999
1064 0.4243999999999999
1065 0.4243999999999999
1066 0.42399999999999993
1067 0.42399999999999993
1068 0.42399999999999993
1069 0.42399999999999993
1070 0.42399999999999993
1071 0.42399999999999993
1072 0.4235999999999999
1073 0.4235999999999999
1074 0.4235999999999999
1075 0.4235999999999999
1076 0.4235999999999999
1077 0.4235999999999999
1078 0.4235999999999999
1079 0.4235999999999999
1080 0.4231999999999999
1081 0.4223999999999999
1082 0.4223999999999999
1083 0.4223999999999999
1084 0.4219999999999999
1085 0.4219999999999999
1086 0.4219999999999999
1087 0.4219999999999999
1088 0.4215999999999999
1089 0.4215999999999999
1090 0.4211999999999999
1091 0.4211999999999999
1092 0.4211999999999999
1093 0.4211999999999999
1094 0.4211999999999999
1095 0.4211999999999999
1096 0.4211999999999999
1097 0.4211999999999999
1098 0.4211999999999999
1099 0.4211999999999999
1100 0.4211999999999999
1101 0.4211999999999999
1102 0.4211999999999999
1103 0.4211999999999999
1104 0.4211999999999999
1105 0.4207999999999999
1106 0.4207999999999999
1107 0.42039999999999994
1108 0.42039999999999994
1109 0.42039999999999994
1110 0.42039999999999994
1111 0.42039999999999994
1112 0.41999999999999993
1113 0.4195999999999999
1114 0.4195999999999999
1115 0.41919999999999996
1116 0.41919999999999996
1117 0.41919999999999996
1118 0.41919999999999996
1119 0.41919999999999996
1120 0.41879999999999995
1121 0.41839999999999994
1122 0.418
1123 0.418
1124 0.418
1125 0.418
1126 0.418
1127 0.418
1128 0.418
1129 0.41759999999999997
1130 0.41759999999999997
1131 0.41759999999999997
1132 0.41759999999999997
1133 0.4172
1134 0.4172
1135 0.4172
1136 0.4172
1137 0.41600000000000004
1138 0.41600000000000004
1139 0.41600000000000004
1140 0.41559999999999997
1141 0.41559999999999997
1142 0.41559999999999997
1143 0.41559999999999997
1144 0.41519999999999996
1145 0.41519999999999996
1146 0.41519999999999996
1147 0.41519999999999996
1148 0.41519999999999996
1149 0.41519999999999996
1150 0.41519999999999996
1151 0.41519999999999996
1152 0.41519999999999996
1153 0.41519999999999996
1154 0.41519999999999996
1155 0.41519999999999996
1156 0.41519999999999996
1157 0.4144
1158 0.414
1159 0.414
1160 0.414
1161 0.414
1162 0.4132
1163 0.4132
1164 0.4132
1165 0.4128
1166 0.4128
1167 0.41200000000000003
1168 0.41200000000000003
1169 0.41200000000000003
1170 0.41200000000000003
1171 0.41200000000000003
1172 0.41200000000000003
1173 0.41200000000000003
1174 0.41200000000000003
1175 0.41200000000000003
1176 0.4116
1177 0.4116
1178 0.41120000000000007
1179 0.41120000000000007
1180 0.41120000000000007
1181 0.41080000000000005
1182 0.41080000000000005
1183 0.41080000000000005
1184 0.41080000000000005
1185 0.41080000000000005
1186 0.41080000000000005
1187 0.41080000000000005
1188 0.41080000000000005
1189 0.41040000000000004
1190 0.41040000000000004
1191 0.41040000000000004
1192 0.41040000000000004
1193 0.4096
1194 0.4092
1195 0.40880000000000005
1196 0.40880000000000005
1197 0.40880000000000005
1198 0.40880000000000005
1199 0.40840000000000004
1200 0.40840000000000004
1201 0.40840000000000004
1202 0.40840000000000004
1203 0.40840000000000004
1204 0.40800000000000003
1205 0.4076000000000001
1206 0.4076000000000001
1207 0.40720000000000006
1208 0.40720000000000006
1209 0.40720000000000006
1210 0.40680000000000005
1211 0.4064000000000001
1212 0.4064000000000001
1213 0.4064000000000001
1214 0.4064000000000001
1215 0.4060000000000001
1216 0.4060000000000001
1217 0.4060000000000001
1218 0.4052000000000001
1219 0.4052000000000001
1220 0.4052000000000001
1221 0.4052000000000001
1222 0.4052000000000001
1223 0.4048000000000001
1224 0.40400000000000014
1225 0.40400000000000014
1226 0.40400000000000014
1227 0.4036000000000001
1228 0.4036000000000001
1229 0.4036000000000001
1230 0.4036000000000001
1231 0.4028000000000001
1232 0.4028000000000001
1233 0.4028000000000001
1234 0.4028000000000001
1235 0.4024000000000001
1236 0.402
1237 0.402
1238 0.402
1239 0.402
1240 0.4016
1241 0.4016
1242 0.4016
1243 0.40120000000000006
1244 0.40080000000000005
1245 0.40080000000000005
1246 0.40080000000000005
1247 0.4000000000000001
1248 0.4000000000000001
1249 0.4000000000000001
1250 0.3992000000000001
1251 0.3988000000000001
1252 0.3988000000000001
1253 0.3988000000000001
1254 0.3988000000000001
1255 0.3988000000000001
1256 0.3984000000000001
1257 0.3984000000000001
1258 0.39800000000000013
1259 0.39800000000000013
1260 0.39800000000000013
1261 0.39800000000000013
1262 0.39800000000000013
1263 0.39800000000000013
1264 0.3976000000000001
1265 0.3972000000000001
1266 0.39680000000000015
1267 0.39680000000000015
1268 0.39680000000000015
1269 0.39680000000000015
1270 0.3964000000000001
1271 0.3964000000000001
1272 0.3964000000000001
1273 0.3964000000000001
1274 0.3964000000000001
1275 0.3964000000000001
1276 0.3964000000000001
1277 0.3964000000000001
1278 0.3964000000000001
1279 0.3964000000000001
1280 0.3964000000000001
1281 0.3964000000000001
1282 0.3964000000000001
1283 0.3964000000000001
1284 0.3964000000000001
1285 0.3964000000000001
1286 0.3964000000000001
1287 0.3964000000000001
1288 0.3964000000000001
1289 0.3964000000000001
1290 0.3964000000000001
1291 0.3960000000000001
1292 0.3960000000000001
1293 0.3960000000000001
1294 0.3960000000000001
1295 0.3960000000000001
1296 0.3960000000000001
1297 0.3960000000000001
1298 0.3960000000000001
1299 0.3956
1300 0.3956
1301 0.3956
1302 0.39520000000000005
1303 0.39520000000000005
1304 0.39520000000000005
1305 0.39520000000000005
1306 0.39520000000000005
1307 0.39520000000000005
1308 0.39520000000000005
1309 0.39520000000000005
1310 0.39520000000000005
1311 0.39480000000000004
1312 0.39480000000000004
1313 0.39440000000000003
1314 0.39440000000000003
1315 0.3940000000000001
1316 0.3940000000000001
1317 0.3940000000000001
1318 0.3940000000000001
1319 0.39360000000000006
1320 0.39360000000000006
1321 0.39320000000000005
1322 0.39320000000000005
1323 0.39320000000000005
1324 0.39320000000000005
1325 0.39320000000000005
1326 0.39320000000000005
1327 0.39320000000000005
1328 0.39320000000000005
1329 0.39320000000000005
1330 0.39320000000000005
1331 0.39320000000000005
1332 0.39320000000000005
1333 0.39320000000000005
1334 0.39320000000000005
1335 0.39320000000000005
1336 0.3928000000000001
1337 0.3928000000000001
1338 0.3928000000000001
1339 0.3928000000000001
1340 0.3928000000000001
1341 0.3928000000000001
1342 0.3924000000000001
1343 0.3924000000000001
1344 0.3924000000000001
1345 0.3924000000000001
1346 0.3924000000000001
1347 0.3920000000000001
1348 0.3920000000000001
1349 0.3920000000000001
1350 0.3920000000000001
1351 0.3920000000000001
1352 0.3920000000000001
1353 0.3920000000000001
1354 0.3920000000000001
1355 0.3920000000000001
1356 0.3920000000000001
1357 0.3920000000000001
1358 0.3920000000000001
1359 0.39120000000000005
1360 0.39120000000000005
1361 0.39120000000000005
1362 0.39120000000000005
1363 0.3908
1364 0.39
1365 0.39
1366 0.39
1367 0.39
1368 0.39
1369 0.3896
1370 0.3896
1371 0.3896
1372 0.3892
1373 0.3892
1374 0.3892
1375 0.3892
1376 0.3892
1377 0.3892
1378 0.3892
1379 0.3892
1380 0.3888
1381 0.3888
1382 0.3888
1383 0.3888
1384 0.3888
1385 0.3888
1386 0.3888
1387 0.3888
1388 0.3888
1389 0.3888
1390 0.3888
1391 0.3888
1392 0.3888
1393 0.3888
1394 0.3888
1395 0.3888
1396 0.3888
1397 0.3888
1398 0.3888
1399 0.3888
1400 0.3888
1401 0.3888
1402 0.3888
1403 0.3888
1404 0.38799999999999996
1405 0.38799999999999996
1406 0.3876
1407 0.3876
1408 0.3872
1409 0.3872
1410 0.3868
1411 0.3864
1412 0.3864
1413 0.3864
1414 0.3864
1415 0.3864
1416 0.3864
1417 0.3864
1418 0.3864
1419 0.3864
1420 0.3864
1421 0.386
1422 0.386
1423 0.386
1424 0.38520000000000004
1425 0.38520000000000004
1426 0.38520000000000004
1427 0.38520000000000004
1428 0.3848
1429 0.3848
1430 0.38439999999999996
1431 0.38439999999999996
1432 0.38439999999999996
1433 0.38439999999999996
1434 0.384
1435 0.384
1436 0.3832
1437 0.3832
1438 0.3832
1439 0.3832
1440 0.3832
1441 0.3832
1442 0.38280000000000003
1443 0.3824
1444 0.3824
1445 0.3824
1446 0.382
1447 0.382
1448 0.38160000000000005
1449 0.38160000000000005
1450 0.38160000000000005
1451 0.38120000000000004
1452 0.38120000000000004
1453 0.3808
1454 0.38040000000000007
1455 0.38040000000000007
1456 0.38040000000000007
1457 0.38040000000000007
1458 0.38
1459 0.3796
1460 0.3796
1461 0.3796
1462 0.37879999999999997
1463 0.37839999999999996
1464 0.37839999999999996
1465 0.37839999999999996
1466 0.37839999999999996
1467 0.37839999999999996
1468 0.3776
1469 0.3776
1470 0.3776
1471 0.3776
1472 0.3776
1473 0.3776
1474 0.3776
1475 0.3776
1476 0.3776
1477 0.3776
1478 0.3776
1479 0.3776
1480 0.3776
1481 0.3776
1482 0.3776
1483 0.3776
1484 0.3776
1485 0.3776
1486 0.3776
1487 0.3771999999999999
1488 0.3767999999999999
1489 0.3767999999999999
1490 0.3767999999999999
1491 0.37639999999999996
1492 0.37599999999999995
1493 0.37599999999999995
1494 0.37599999999999995
1495 0.3755999999999999
1496 0.3755999999999999
1497 0.3755999999999999
1498 0.3755999999999999
1499 0.3755999999999999
1500 0.3755999999999999
1501 0.3755999999999999
1502 0.3755999999999999
1503 0.3755999999999999
1504 0.3755999999999999
1505 0.3755999999999999
1506 0.37519999999999987
1507 0.37519999999999987
1508 0.37519999999999987
1509 0.3747999999999999
1510 0.3747999999999999
1511 0.3747999999999999
1512 0.3743999999999999
1513 0.3743999999999999
1514 0.3743999999999999
1515 0.3743999999999999
1516 0.3743999999999999
1517 0.3739999999999999
1518 0.3739999999999999
1519 0.3739999999999999
1520 0.3739999999999999
1521 0.3731999999999999
1522 0.3731999999999999
1523 0.37279999999999996
1524 0.37279999999999996
1525 0.37279999999999996
1526 0.37279999999999996
1527 0.37239999999999995
1528 0.37239999999999995
1529 0.37239999999999995
1530 0.37239999999999995
1531 0.37239999999999995
1532 0.37239999999999995
1533 0.37239999999999995
1534 0.37239999999999995
1535 0.37239999999999995
1536 0.37239999999999995
1537 0.37239999999999995
1538 0.37239999999999995
1539 0.37239999999999995
1540 0.37239999999999995
1541 0.37239999999999995
1542 0.37239999999999995
1543 0.37239999999999995
1544 0.37239999999999995
1545 0.37239999999999995
1546 0.37239999999999995
1547 0.37239999999999995
1548 0.37199999999999994
1549 0.37199999999999994
1550 0.37199999999999994
1551 0.37199999999999994
1552 0.37199999999999994
1553 0.37199999999999994
1554 0.37199999999999994
1555 0.37199999999999994
1556 0.37199999999999994
1557 0.37199999999999994
1558 0.37199999999999994
1559 0.37199999999999994
1560 0.37199999999999994
1561 0.37199999999999994
1562 0.3712
1563 0.3712
1564 0.3712
1565 0.37079999999999996
1566 0.37079999999999996
1567 0.37079999999999996
1568 0.37079999999999996
1569 0.37079999999999996
1570 0.37079999999999996
1571 0.37079999999999996
1572 0.37079999999999996
1573 0.37079999999999996
1574 0.37079999999999996
1575 0.37079999999999996
1576 0.37079999999999996
1577 0.37079999999999996
1578 0.37079999999999996
1579 0.37079999999999996
1580 0.37079999999999996
1581 0.37079999999999996
1582 0.37079999999999996
1583 0.37079999999999996
1584 0.37079999999999996
1585 0.37079999999999996
1586 0.37079999999999996
1587 0.37079999999999996
1588 0.37079999999999996
1589 0.37079999999999996
1590 0.37079999999999996
1591 0.37079999999999996
1592 0.37079999999999996
1593 0.37079999999999996
1594 0.37079999999999996
1595 0.37079999999999996
1596 0.37079999999999996
1597 0.37079999999999996
1598 0.3703999999999999
1599 0.3703999999999999
1600 0.36999999999999994
1601 0.36999999999999994
1602 0.36999999999999994
1603 0.36999999999999994
1604 0.36959999999999993
1605 0.36959999999999993
1606 0.36959999999999993
1607 0.36959999999999993
1608 0.3692
1609 0.3692
1610 0.36839999999999995
1611 0.36839999999999995
1612 0.368
1613 0.368
1614 0.368
1615 0.368
1616 0.368
1617 0.368
1618 0.368
1619 0.3676
1620 0.3676
1621 0.36719999999999997
1622 0.36719999999999997
1623 0.36719999999999997
1624 0.36719999999999997
1625 0.36719999999999997
1626 0.36719999999999997
1627 0.36719999999999997
1628 0.36719999999999997
1629 0.36719999999999997
1630 0.3668
1631 0.3668
1632 0.3668
1633 0.3668
1634 0.366
1635 0.366
1636 0.366
1637 0.366
1638 0.366
1639 0.3655999999999999
1640 0.36519999999999997
1641 0.36519999999999997
1642 0.36519999999999997
1643 0.36479999999999996
1644 0.36479999999999996
1645 0.3644
1646 0.3644
1647 0.364
1648 0.364
1649 0.364
1650 0.3636
1651 0.3636
1652 0.3636
1653 0.3632
1654 0.3628
1655 0.36200000000000004
1656 0.36200000000000004
1657 0.36200000000000004
1658 0.36200000000000004
1659 0.36200000000000004
1660 0.36200000000000004
1661 0.36200000000000004
1662 0.36200000000000004
1663 0.36200000000000004
1664 0.36200000000000004
1665 0.36200000000000004
1666 0.36200000000000004
1667 0.36200000000000004
1668 0.36160000000000003
1669 0.36160000000000003
1670 0.36160000000000003
1671 0.36160000000000003
1672 0.36160000000000003
1673 0.36160000000000003
1674 0.3612
1675 0.3612
1676 0.3612
1677 0.3612
1678 0.3612
1679 0.3612
1680 0.3612
1681 0.36080000000000007
1682 0.36080000000000007
1683 0.36080000000000007
1684 0.36080000000000007
1685 0.36080000000000007
1686 0.36080000000000007
1687 0.36080000000000007
1688 0.36080000000000007
1689 0.36080000000000007
1690 0.36080000000000007
1691 0.3604
1692 0.3604
1693 0.36
1694 0.35960000000000003
1695 0.35960000000000003
1696 0.3592
1697 0.3588
1698 0.3588
1699 0.35840000000000005
1700 0.35840000000000005
1701 0.35840000000000005
1702 0.35840000000000005
1703 0.35800000000000004
1704 0.35800000000000004
1705 0.3572000000000001
1706 0.3572000000000001
1707 0.3572000000000001
1708 0.3572000000000001
1709 0.3572000000000001
1710 0.3572000000000001
1711 0.3572000000000001
1712 0.3572000000000001
1713 0.3568
1714 0.3568
1715 0.3564
1716 0.3564
1717 0.3564
1718 0.35600000000000004
1719 0.35600000000000004
1720 0.3556
1721 0.3556
1722 0.3556
1723 0.3556
1724 0.3556
1725 0.3556
1726 0.3552
1727 0.3552
1728 0.3552
1729 0.3552
1730 0.3552
1731 0.35480000000000006
1732 0.35440000000000005
1733 0.35400000000000004
1734 0.35400000000000004
1735 0.35400000000000004
1736 0.35400000000000004
1737 0.35400000000000004
1738 0.35400000000000004
1739 0.3536000000000001
1740 0.3536000000000001
1741 0.3536000000000001
1742 0.3536000000000001
1743 0.3536000000000001
1744 0.3536000000000001
1745 0.3536000000000001
1746 0.35320000000000007
1747 0.35320000000000007
1748 0.35280000000000006
1749 0.35280000000000006
1750 0.35280000000000006
1751 0.35280000000000006
1752 0.35280000000000006
1753 0.35280000000000006
1754 0.35280000000000006
1755 0.35280000000000006
1756 0.35280000000000006
1757 0.35280000000000006
1758 0.35280000000000006
1759 0.35280000000000006
1760 0.35280000000000006
1761 0.35280000000000006
1762 0.35280000000000006
1763 0.35280000000000006
1764 0.35280000000000006
1765 0.3524000000000001
1766 0.3520000000000001
1767 0.3520000000000001
1768 0.3520000000000001
1769 0.35160000000000013
1770 0.35160000000000013
1771 0.3512000000000001
1772 0.3512000000000001
1773 0.35080000000000006
1774 0.35040000000000004
1775 0.35040000000000004
1776 0.35040000000000004
1777 0.35040000000000004
1778 0.35040000000000004
1779 0.35040000000000004
1780 0.35040000000000004
1781 0.35040000000000004
1782 0.35040000000000004
1783 0.35040000000000004
1784 0.35040000000000004
1785 0.3496000000000001
1786 0.34920000000000007
1787 0.34920000000000007
1788 0.34920000000000007
1789 0.34920000000000007
1790 0.3488000000000001
1791 0.3488000000000001
1792 0.3488000000000001
1793 0.3488000000000001
1794 0.3488000000000001
1795 0.3488000000000001
1796 0.3480000000000001
1797 0.3480000000000001
1798 0.3480000000000001
1799 0.3480000000000001
1800 0.3480000000000001
1801 0.3480000000000001
1802 0.34760000000000013
1803 0.34760000000000013
1804 0.34760000000000013
1805 0.34760000000000013
1806 0.34760000000000013
1807 0.34760000000000013
1808 0.34760000000000013
1809 0.34760000000000013
1810 0.34760000000000013
1811 0.34760000000000013
1812 0.3472000000000001
1813 0.3472000000000001
1814 0.3472000000000001
1815 0.3472000000000001
1816 0.3472000000000001
1817 0.3472000000000001
1818 0.3472000000000001
1819 0.34680000000000016
1820 0.34680000000000016
1821 0.34680000000000016
1822 0.34680000000000016
1823 0.34680000000000016
1824 0.34680000000000016
1825 0.34680000000000016
1826 0.34680000000000016
1827 0.34680000000000016
1828 0.34680000000000016
1829 0.34680000000000016
1830 0.34640000000000015
1831 0.34640000000000015
1832 0.34640000000000015
1833 0.34640000000000015
1834 0.34640000000000015
1835 0.34640000000000015
1836 0.3460000000000001
1837 0.3460000000000001
1838 0.3460000000000001
1839 0.3460000000000001
1840 0.3460000000000001
1841 0.3456000000000001
1842 0.3456000000000001
1843 0.3452000000000001
1844 0.3452000000000001
1845 0.3452000000000001
1846 0.3452000000000001
1847 0.3448000000000001
1848 0.3448000000000001
1849 0.3448000000000001
1850 0.3448000000000001
1851 0.3448000000000001
1852 0.3448000000000001
1853 0.3448000000000001
1854 0.3448000000000001
1855 0.3448000000000001
1856 0.34400000000000014
1857 0.3436000000000001
1858 0.3436000000000001
1859 0.3436000000000001
1860 0.34320000000000006
1861 0.34320000000000006
1862 0.34320000000000006
1863 0.3428000000000001
1864 0.3428000000000001
1865 0.3428000000000001
1866 0.3428000000000001
1867 0.3420000000000001
1868 0.3412000000000001
1869 0.3412000000000001
1870 0.3412000000000001
1871 0.3412000000000001
1872 0.3412000000000001
1873 0.34080000000000005
1874 0.34080000000000005
1875 0.34080000000000005
1876 0.34080000000000005
1877 0.34080000000000005
1878 0.34080000000000005
1879 0.3400000000000001
1880 0.3400000000000001
1881 0.3400000000000001
1882 0.33960000000000007
1883 0.33960000000000007
1884 0.33960000000000007
1885 0.33960000000000007
1886 0.33960000000000007
1887 0.33960000000000007
1888 0.33960000000000007
1889 0.33960000000000007
1890 0.33960000000000007
1891 0.33960000000000007
1892 0.33960000000000007
1893 0.33960000000000007
1894 0.33960000000000007
1895 0.33960000000000007
1896 0.3392000000000001
1897 0.3392000000000001
1898 0.3392000000000001
1899 0.3392000000000001
1900 0.3392000000000001
1901 0.3392000000000001
1902 0.3392000000000001
1903 0.3392000000000001
1904 0.3392000000000001
1905 0.3392000000000001
1906 0.3392000000000001
1907 0.3388000000000001
1908 0.3384000000000001
1909 0.3384000000000001
1910 0.3384000000000001
1911 0.33800000000000013
1912 0.3376000000000001
1913 0.3376000000000001
1914 0.3376000000000001
1915 0.3376000000000001
1916 0.3376000000000001
1917 0.33720000000000006
1918 0.33720000000000006
1919 0.3364000000000001
1920 0.3364000000000001
1921 0.3356000000000001
1922 0.3352000000000001
1923 0.3352000000000001
1924 0.3352000000000001
1925 0.3352000000000001
1926 0.3352000000000001
1927 0.3352000000000001
1928 0.3352000000000001
1929 0.3348000000000001
1930 0.33440000000000003
1931 0.3340000000000001
1932 0.3340000000000001
1933 0.3340000000000001
1934 0.3340000000000001
1935 0.3340000000000001
1936 0.3340000000000001
1937 0.33360000000000006
1938 0.33360000000000006
1939 0.33360000000000006
1940 0.33360000000000006
1941 0.33360000000000006
1942 0.33360000000000006
1943 0.33360000000000006
1944 0.33360000000000006
1945 0.33360000000000006
1946 0.33360000000000006
1947 0.33360000000000006
1948 0.33360000000000006
1949 0.33360000000000006
1950 0.33360000000000006
1951 0.33360000000000006
1952 0.33360000000000006
1953 0.3332
1954 0.3332
1955 0.3332
1956 0.3332
1957 0.3332
1958 0.3332
1959 0.3332
1960 0.3328
1961 0.3328
1962 0.3328
1963 0.33240000000000003
1964 0.33240000000000003
1965 0.33240000000000003
1966 0.33240000000000003
1967 0.332
1968 0.332
1969 0.332
1970 0.332
1971 0.332
1972 0.332
1973 0.332
1974 0.332
1975 0.332
1976 0.332
1977 0.332
1978 0.332
1979 0.332
1980 0.332
1981 0.33160000000000006
1982 0.33160000000000006
1983 0.33160000000000006
1984 0.33160000000000006
1985 0.33160000000000006
1986 0.33160000000000006
1987 0.33160000000000006
1988 0.33120000000000005
1989 0.33120000000000005
1990 0.33120000000000005
1991 0.33120000000000005
1992 0.33120000000000005
1993 0.33120000000000005
1994 0.33080000000000004
1995 0.33080000000000004
1996 0.33080000000000004
1997 0.33080000000000004
1998 0.33080000000000004
1999 0.33080000000000004
