1 1.0
2 1.0
3 1.0
4 1.0
5 1.0
6 1.0
7 1.0
8 1.0
9 1.0
10 1.0
11 1.0
12 1.0
13 1.0
14 1.0
15 1.0
16 1.0
17 1.0
18 1.0
19 1.0
20 0.998
21 0.998
22 0.998
23 0.9960000000000001
24 0.9960000000000001
25 0.9940000000000001
26 0.9940000000000001
27 0.9940000000000001
28 0.9880000000000001
29 0.9880000000000001
30 0.986
31 0.986
32 0.986
33 0.986
34 0.986
35 0.984
36 0.982
37 0.982
38 0.9780000000000001
39 0.9780000000000001
40 0.9780000000000001
41 0.9760000000000002
42 0.9760000000000002
43 0.9760000000000002
44 0.9760000000000002
45 0.9740000000000002
46 0.9720000000000002
47 0.9720000000000002
48 0.9720000000000002
49 0.9700000000000003
50 0.968
51 0.968
52 0.968
53 0.968
54 0.966
55 0.9640000000000001
56 0.9600000000000002
57 0.9600000000000002
58 0.9580000000000002
59 0.9560000000000002
60 0.9540000000000001
61 0.9540000000000001
62 0.9540000000000001
63 0.946
64 0.946
65 0.946
66 0.944
67 0.942
68 0.942
69 0.9359999999999999
70 0.9339999999999999
71 0.932
72 0.932
73 0.9259999999999998
74 0.9199999999999999
75 0.9179999999999999
76 0.9159999999999998
77 0.9159999999999998
78 0.9099999999999999
79 0.9099999999999999
80 0.906
81 0.906
82 0.906
83 0.906
84 0.906
85 0.906
86 0.906
87 0.9019999999999999
88 0.8999999999999998
89 0.8999999999999998
90 0.8959999999999999
91 0.8939999999999999
92 0.892
93 0.89
94 0.89
95 0.8839999999999998
96 0.8839999999999998
97 0.8779999999999999
98 0.8779999999999999
99 0.8779999999999999
100 0.876
101 0.876
102 0.876
103 0.876
104 0.8699999999999999
105 0.868
106 0.8639999999999999
107 0.8639999999999999
108 0.8619999999999999
109 0.8619999999999999
110 0.8619999999999999
111 0.8619999999999999
112 0.8619999999999999
113 0.86
114 0.858
115 0.858
116 0.8540000000000001
117 0.8540000000000001
118 0.8540000000000001
119 0.8540000000000001
120 0.852
121 0.85
122 0.85
123 0.8480000000000001
124 0.8460000000000001
125 0.8460000000000001
126 0.8440000000000001
127 0.842
128 0.842
129 0.842
130 0.842
131 0.842
132 0.8380000000000001
133 0.8380000000000001
134 0.8380000000000001
135 0.8340000000000002
136 0.8320000000000001
137 0.8320000000000001
138 0.8320000000000001
139 0.8280000000000001
140 0.8240000000000001
141 0.8240000000000001
142 0.8220000000000001
143 0.8220000000000001
144 0.8220000000000001
145 0.818
146 0.8160000000000001
147 0.8160000000000001
148 0.8099999999999999
149 0.806
150 0.804
151 0.8
152 0.7939999999999999
153 0.7939999999999999
154 0.79
155 0.788
156 0.788
157 0.788
158 0.788
159 0.784
160 0.782
161 0.78
162 0.778
163 0.774
164 0.77
165 0.77
166 0.77
167 0.768
168 0.768
169 0.768
170 0.762
171 0.762
172 0.76
173 0.756
174 0.7539999999999999
175 0.752
176 0.752
177 0.75
178 0.75
179 0.75
180 0.75
181 0.746
182 0.746
183 0.744
184 0.744
185 0.744
186 0.742
187 0.742
188 0.742
189 0.742
190 0.742
191 0.74
192 0.74
193 0.738
194 0.738
195 0.732
196 0.728
197 0.728
198 0.728
199 0.7259999999999999
200 0.724
201 0.722
202 0.72
203 0.718
204 0.718
205 0.718
206 0.716
207 0.712
208 0.71
209 0.708
210 0.708
211 0.708
212 0.704
213 0.704
214 0.702
215 0.702
216 0.702
217 0.702
218 0.702
219 0.7
220 0.698
221 0.698
222 0.698
223 0.696
224 0.696
225 0.6940000000000001
226 0.6940000000000001
227 0.69
228 0.69
229 0.69
230 0.69
231 0.688
232 0.688
233 0.688
234 0.6859999999999999
235 0.6839999999999999
236 0.6839999999999999
237 0.682
238 0.682
239 0.6779999999999999
240 0.6759999999999999
241 0.67
242 0.6679999999999999
243 0.6679999999999999
244 0.666
245 0.66
246 0.6580000000000001
247 0.6559999999999999
248 0.6559999999999999
249 0.6559999999999999
250 0.654
251 0.654
252 0.65
253 0.6479999999999999
254 0.6479999999999999
255 0.6479999999999999
256 0.6479999999999999
257 0.6459999999999999
258 0.6459999999999999
259 0.6459999999999999
260 0.6459999999999999
261 0.6459999999999999
262 0.6439999999999999
263 0.6439999999999999
264 0.6439999999999999
265 0.6439999999999999
266 0.642
267 0.642
268 0.642
269 0.642
270 0.642
271 0.642
272 0.6399999999999999
273 0.6399999999999999
274 0.6399999999999999
275 0.6399999999999999
276 0.6399999999999999
277 0.6399999999999999
278 0.638
279 0.638
280 0.6359999999999999
281 0.634
282 0.6299999999999999
283 0.6279999999999999
284 0.6279999999999999
285 0.6279999999999999
286 0.624
287 0.624
288 0.624
289 0.624
290 0.624
291 0.624
292 0.624
293 0.6220000000000001
294 0.6220000000000001
295 0.6220000000000001
296 0.6220000000000001
297 0.6199999999999999
298 0.6199999999999999
299 0.6199999999999999
300 0.6199999999999999
301 0.618
302 0.616
303 0.616
304 0.616
305 0.6140000000000001
306 0.612
307 0.612
308 0.61
309 0.608
310 0.608
311 0.6060000000000001
312 0.604
313 0.6020000000000001
314 0.6020000000000001
315 0.6020000000000001
316 0.5999999999999999
317 0.5999999999999999
318 0.596
319 0.596
320 0.596
321 0.596
322 0.596
323 0.5940000000000001
324 0.5940000000000001
325 0.592
326 0.5900000000000001
327 0.5880000000000001
328 0.5880000000000001
329 0.5880000000000001
330 0.586
331 0.584
332 0.584
333 0.5820000000000001
334 0.5820000000000001
335 0.5820000000000001
336 0.5800000000000001
337 0.5800000000000001
338 0.5800000000000001
339 0.5800000000000001
340 0.5800000000000001
341 0.5800000000000001
342 0.5800000000000001
343 0.5800000000000001
344 0.5800000000000001
345 0.5800000000000001
346 0.5800000000000001
347 0.5800000000000001
348 0.578
349 0.578
350 0.578
351 0.578
352 0.578
353 0.576
354 0.5740000000000001
355 0.5740000000000001
356 0.5720000000000001
357 0.5700000000000001
358 0.5700000000000001
359 0.5700000000000001
360 0.5700000000000001
361 0.568
362 0.568
363 0.5640000000000001
364 0.5640000000000001
365 0.562
366 0.5599999999999999
367 0.5599999999999999
368 0.5599999999999999
369 0.558
370 0.558
371 0.558
372 0.558
373 0.558
374 0.558
375 0.558
376 0.556
377 0.556
378 0.554
379 0.5520000000000002
380 0.5520000000000002
381 0.5520000000000002
382 0.5520000000000002
383 0.55
384 0.55
385 0.55
386 0.55
387 0.55
388 0.55
389 0.55
390 0.55
391 0.5479999999999999
392 0.5479999999999999
393 0.5459999999999999
394 0.5459999999999999
395 0.5459999999999999
396 0.5439999999999999
397 0.5439999999999999
398 0.5439999999999999
399 0.5439999999999999
400 0.5439999999999999
401 0.5439999999999999
402 0.5439999999999999
403 0.5439999999999999
404 0.5439999999999999
405 0.5439999999999999
406 0.5439999999999999
407 0.5439999999999999
408 0.5439999999999999
409 0.5439999999999999
410 0.5439999999999999
411 0.5439999999999999
412 0.5439999999999999
413 0.5439999999999999
414 0.5439999999999999
415 0.542
416 0.542
417 0.542
418 0.542
419 0.542
420 0.542
421 0.542
422 0.542
423 0.542
424 0.542
425 0.542
426 0.542
427 0.542
428 0.542
429 0.542
430 0.542
431 0.542
432 0.542
433 0.542
434 0.54
435 0.54
436 0.54
437 0.54
438 0.54
439 0.54
440 0.54
441 0.54
442 0.54
443 0.5379999999999999
444 0.5379999999999999
445 0.5379999999999999
446 0.5379999999999999
447 0.5379999999999999
448 0.5379999999999999
449 0.5379999999999999
450 0.5379999999999999
451 0.534
452 0.534
453 0.534
454 0.534
455 0.534
456 0.534
457 0.534
458 0.532
459 0.532
460 0.532
461 0.532
462 0.532
463 0.532
464 0.532
465 0.532
466 0.53
467 0.53
468 0.53
469 0.528
470 0.526
471 0.524
472 0.524
473 0.522
474 0.522
475 0.522
476 0.522
477 0.522
478 0.522
479 0.522
480 0.522
481 0.522
482 0.522
483 0.522
484 0.522
485 0.522
486 0.522
487 0.522
488 0.522
489 0.522
490 0.522
491 0.5200000000000001
492 0.5200000000000001
493 0.5200000000000001
494 0.5200000000000001
495 0.5200000000000001
496 0.5200000000000001
497 0.5200000000000001
498 0.5200000000000001
499 0.5200000000000001
500 0.5200000000000001
501 0.5200000000000001
502 0.5200000000000001
503 0.5200000000000001
504 0.5200000000000001
505 0.5200000000000001
506 0.516
507 0.516
508 0.514
509 0.514
510 0.514
511 0.514
512 0.514
513 0.514
514 0.514
515 0.514
516 0.5120000000000001
517 0.5120000000000001
518 0.5120000000000001
519 0.5120000000000001
520 0.5120000000000001
521 0.5120000000000001
522 0.51
523 0.51
524 0.51
525 0.51
526 0.51
527 0.51
528 0.51
529 0.51
530 0.51
531 0.51
532 0.51
533 0.51
534 0.51
535 0.51
536 0.51
537 0.51
538 0.51
539 0.51
540 0.51
541 0.51
542 0.51
543 0.51
544 0.51
545 0.51
546 0.508
547 0.508
548 0.508
549 0.508
550 0.508
551 0.508
552 0.508
553 0.508
554 0.502
555 0.502
556 0.5000000000000001
557 0.5000000000000001
558 0.5000000000000001
559 0.5000000000000001
560 0.5000000000000001
561 0.5000000000000001
562 0.5000000000000001
563 0.5000000000000001
564 0.5000000000000001
565 0.49800000000000005
566 0.49800000000000005
567 0.49800000000000005
568 0.49800000000000005
569 0.49800000000000005
570 0.496
571 0.49400000000000005
572 0.49400000000000005
573 0.49400000000000005
574 0.49400000000000005
575 0.492
576 0.492
577 0.49000000000000005
578 0.49000000000000005
579 0.4880000000000001
580 0.48600000000000004
581 0.48600000000000004
582 0.484
583 0.484
584 0.484
585 0.484
586 0.484
587 0.484
588 0.484
589 0.484
590 0.484
591 0.484
592 0.484
593 0.484
594 0.484
595 0.484
596 0.484
597 0.484
598 0.484
599 0.484
600 0.484
601 0.484
602 0.484
603 0.484
604 0.484
605 0.484
606 0.484
607 0.48200000000000004
608 0.48200000000000004
609 0.48200000000000004
610 0.48200000000000004
611 0.48200000000000004
612 0.48200000000000004
613 0.48
614 0.48
615 0.47800000000000004
616 0.47800000000000004
617 0.4760000000000001
618 0.4760000000000001
619 0.4760000000000001
620 0.4760000000000001
621 0.4760000000000001
622 0.4760000000000001
623 0.47400000000000003
624 0.47400000000000003
625 0.47400000000000003
626 0.47400000000000003
627 0.47400000000000003
628 0.47400000000000003
629 0.47400000000000003
630 0.47400000000000003
631 0.47400000000000003
632 0.47400000000000003
633 0.47400000000000003
634 0.47400000000000003
635 0.47400000000000003
636 0.47400000000000003
637 0.47400000000000003
638 0.47400000000000003
639 0.47400000000000003
640 0.47400000000000003
641 0.47400000000000003
642 0.47400000000000003
643 0.47400000000000003
644 0.47400000000000003
645 0.47400000000000003
646 0.47400000000000003
647 0.47400000000000003
648 0.47400000000000003
649 0.47400000000000003
650 0.47400000000000003
651 0.47400000000000003
652 0.47400000000000003
653 0.47400000000000003
654 0.47400000000000003
655 0.47400000000000003
656 0.47400000000000003
657 0.47400000000000003
658 0.47400000000000003
659 0.47400000000000003
660 0.4720000000000001
661 0.47000000000000003
662 0.47000000000000003
663 0.47000000000000003
664 0.47000000000000003
665 0.47000000000000003
666 0.47000000000000003
667 0.47000000000000003
668 0.47000000000000003
669 0.47000000000000003
670 0.47000000000000003
671 0.47000000000000003
672 0.47000000000000003
673 0.47000000000000003
674 0.47000000000000003
675 0.47000000000000003
676 0.47000000000000003
677 0.47000000000000003
678 0.47000000000000003
679 0.47000000000000003
680 0.4680000000000001
681 0.4680000000000001
682 0.4680000000000001
683 0.4680000000000001
684 0.466
685 0.466
686 0.466
687 0.46399999999999997
688 0.46399999999999997
689 0.46399999999999997
690 0.46399999999999997
691 0.46399999999999997
692 0.46399999999999997
693 0.46399999999999997
694 0.46399999999999997
695 0.46399999999999997
696 0.46399999999999997
697 0.46399999999999997
698 0.46399999999999997
699 0.462
700 0.45999999999999996
701 0.45999999999999996
702 0.45999999999999996
703 0.45999999999999996
704 0.45999999999999996
705 0.45999999999999996
706 0.45999999999999996
707 0.45999999999999996
708 0.45999999999999996
709 0.45999999999999996
710 0.45999999999999996
711 0.458
712 0.458
713 0.458
714 0.458
715 0.458
716 0.458
717 0.458
718 0.458
719 0.458
720 0.458
721 0.458
722 0.458
723 0.458
724 0.458
725 0.458
726 0.458
727 0.458
728 0.458
729 0.458
730 0.458
731 0.458
732 0.458
733 0.458
734 0.458
735 0.458
736 0.45600000000000007
737 0.45600000000000007
738 0.45600000000000007
739 0.45600000000000007
740 0.45600000000000007
741 0.45200000000000007
742 0.45
743 0.45
744 0.45
745 0.45
746 0.45
747 0.45
748 0.44799999999999995
749 0.44799999999999995
750 0.44799999999999995
751 0.44799999999999995
752 0.44799999999999995
753 0.44799999999999995
754 0.44799999999999995
755 0.44799999999999995
756 0.446
757 0.446
758 0.446
759 0.446
760 0.446
761 0.446
762 0.446
763 0.446
764 0.446
765 0.446
766 0.446
767 0.446
768 0.446
769 0.446
770 0.446
771 0.446
772 0.446
773 0.446
774 0.446
775 0.44399999999999995
776 0.44399999999999995
777 0.44399999999999995
778 0.44399999999999995
779 0.44399999999999995
780 0.44399999999999995
781 0.44399999999999995
782 0.44399999999999995
783 0.44399999999999995
784 0.44399999999999995
785 0.442
786 0.442
787 0.442
788 0.442
789 0.442
790 0.442
791 0.442
792 0.442
793 0.442
794 0.442
795 0.442
796 0.442
797 0.442
798 0.442
799 0.442
800 0.442
801 0.442
802 0.442
803 0.442
804 0.442
805 0.442
806 0.442
807 0.442
808 0.442
809 0.442
810 0.442
811 0.442
812 0.442
813 0.442
814 0.43999999999999995
815 0.43999999999999995
816 0.43999999999999995
817 0.43999999999999995
818 0.43599999999999994
819 0.43599999999999994
820 0.43599999999999994
821 0.434
822 0.434
823 0.434
824 0.434
825 0.434
826 0.434
827 0.434
828 0.434
829 0.434
830 0.434
831 0.434
832 0.43
833 0.43
834 0.43
835 0.43
836 0.43
837 0.43
838 0.42799999999999994
839 0.42799999999999994
840 0.426
841 0.426
842 0.426
843 0.426
844 0.426
845 0.426
846 0.426
847 0.426
848 0.426
849 0.426
850 0.426
851 0.426
852 0.426
853 0.426
854 0.426
855 0.426
856 0.42399999999999993
857 0.42399999999999993
858 0.42399999999999993
859 0.42399999999999993
860 0.42399999999999993
861 0.422
862 0.422
863 0.422
864 0.422
865 0.422
866 0.422
867 0.422
868 0.422
869 0.422
870 0.422
871 0.422
872 0.422
873 0.422
874 0.422
875 0.422
876 0.41999999999999993
877 0.418
878 0.418
879 0.418
880 0.418
881 0.418
882 0.418
883 0.418
884 0.418
885 0.418
886 0.418
887 0.418
888 0.418
889 0.418
890 0.418
891 0.418
892 0.418
893 0.418
894 0.414
895 0.414
896 0.414
897 0.4119999999999999
898 0.4119999999999999
899 0.4119999999999999
900 0.4119999999999999
901 0.4119999999999999
902 0.4119999999999999
903 0.4119999999999999
904 0.4119999999999999
905 0.4119999999999999
906 0.4119999999999999
907 0.4119999999999999
908 0.4119999999999999
909 0.4119999999999999
910 0.4119999999999999
911 0.4119999999999999
912 0.4119999999999999
913 0.4119999999999999
914 0.4119999999999999
915 0.4119999999999999
916 0.4119999999999999
917 0.4119999999999999
918 0.4119999999999999
919 0.4119999999999999
920 0.4119999999999999
921 0.4119999999999999
922 0.41
923 0.41
924 0.41
925 0.41
926 0.41
927 0.41
928 0.41
929 0.41
930 0.41
931 0.41
932 0.41
933 0.41
934 0.41
935 0.41
936 0.4079999999999999
937 0.4079999999999999
938 0.4079999999999999
939 0.4079999999999999
940 0.4079999999999999
941 0.4079999999999999
942 0.4079999999999999
943 0.4079999999999999
944 0.4079999999999999
945 0.4079999999999999
946 0.4079999999999999
947 0.4079999999999999
948 0.4079999999999999
949 0.4079999999999999
950 0.4079999999999999
951 0.4079999999999999
952 0.4079999999999999
953 0.4079999999999999
954 0.4079999999999999
955 0.40599999999999997
956 0.40599999999999997
957 0.40599999999999997
958 0.40599999999999997
959 0.40599999999999997
960 0.40599999999999997
961 0.40599999999999997
962 0.40599999999999997
963 0.40599999999999997
964 0.40599999999999997
965 0.40599999999999997
966 0.40599999999999997
967 0.40599999999999997
968 0.40599999999999997
969 0.40599999999999997
970 0.40599999999999997
971 0.40599999999999997
972 0.40599999999999997
973 0.40599999999999997
974 0.40599999999999997
975 0.40599999999999997
976 0.4039999999999999
977 0.4039999999999999
978 0.4039999999999999
979 0.4039999999999999
980 0.4039999999999999
981 0.4039999999999999
982 0.4039999999999999
983 0.4039999999999999
984 0.4039999999999999
985 0.4039999999999999
986 0.4039999999999999
987 0.4039999999999999
988 0.4039999999999999
989 0.4039999999999999
990 0.4039999999999999
991 0.4039999999999999
992 0.4039999999999999
993 0.4039999999999999
994 0.4039999999999999
995 0.4039999999999999
996 0.4039999999999999
997 0.4039999999999999
998 0.4039999999999999
999 0.4039999999999999
