1 1.0
2 1.0
3 1.0
4 1.0
5 1.0
6 1.0
7 1.0
8 1.0
9 0.998
10 0.998
11 0.9960000000000001
12 0.9960000000000001
13 0.992
14 0.992
15 0.99
16 0.99
17 0.9880000000000001
18 0.984
19 0.984
20 0.9800000000000001
21 0.9800000000000001
22 0.9780000000000001
23 0.9760000000000002
24 0.974
25 0.974
26 0.974
27 0.974
28 0.974
29 0.974
30 0.974
31 0.974
32 0.97
33 0.97
34 0.97
35 0.97
36 0.97
37 0.966
38 0.966
39 0.966
40 0.9640000000000001
41 0.96
42 0.96
43 0.958
44 0.9560000000000001
45 0.954
46 0.954
47 0.954
48 0.954
49 0.952
50 0.9460000000000001
51 0.9460000000000001
52 0.9460000000000001
53 0.9460000000000001
54 0.942
55 0.9400000000000001
56 0.9380000000000001
57 0.9380000000000001
58 0.932
59 0.932
60 0.932
61 0.932
62 0.932
63 0.932
64 0.932
65 0.932
66 0.932
67 0.932
68 0.932
69 0.932
70 0.9279999999999999
71 0.9259999999999999
72 0.9259999999999999
73 0.924
74 0.922
75 0.9199999999999999
76 0.9179999999999999
77 0.9179999999999999
78 0.916
79 0.916
80 0.916
81 0.9119999999999999
82 0.9099999999999999
83 0.9099999999999999
84 0.9099999999999999
85 0.9099999999999999
86 0.9099999999999999
87 0.9099999999999999
88 0.906
89 0.906
90 0.906
91 0.9040000000000001
92 0.9040000000000001
93 0.9040000000000001
94 0.9040000000000001
95 0.9040000000000001
96 0.9040000000000001
97 0.9040000000000001
98 0.9
99 0.898
100 0.898
101 0.8939999999999999
102 0.8939999999999999
103 0.892
104 0.892
105 0.8859999999999999
106 0.884
107 0.884
108 0.882
109 0.8800000000000001
110 0.8800000000000001
111 0.8800000000000001
112 0.8800000000000001
113 0.8800000000000001
114 0.8800000000000001
115 0.8779999999999999
116 0.8720000000000001
117 0.8699999999999999
118 0.8699999999999999
119 0.868
120 0.868
121 0.868
122 0.866
123 0.8619999999999999
124 0.8560000000000001
125 0.8560000000000001
126 0.8539999999999999
127 0.85
128 0.85
129 0.85
130 0.8480000000000001
131 0.8480000000000001
132 0.8480000000000001
133 0.8480000000000001
134 0.8480000000000001
135 0.8480000000000001
136 0.8480000000000001
137 0.8480000000000001
138 0.8480000000000001
139 0.8460000000000001
140 0.8460000000000001
141 0.8460000000000001
142 0.8460000000000001
143 0.8460000000000001
144 0.8460000000000001
145 0.8460000000000001
146 0.8460000000000001
147 0.844
148 0.844
149 0.844
150 0.844
151 0.844
152 0.8400000000000001
153 0.8379999999999999
154 0.8379999999999999
155 0.8379999999999999
156 0.8379999999999999
157 0.8379999999999999
158 0.8379999999999999
159 0.8379999999999999
160 0.8379999999999999
161 0.8379999999999999
162 0.8379999999999999
163 0.8379999999999999
164 0.8379999999999999
165 0.8379999999999999
166 0.8379999999999999
167 0.834
168 0.834
169 0.834
170 0.834
171 0.834
172 0.834
173 0.834
174 0.8300000000000001
175 0.8240000000000001
176 0.8240000000000001
177 0.8240000000000001
178 0.8220000000000001
179 0.8220000000000001
180 0.8200000000000001
181 0.8200000000000001
182 0.8200000000000001
183 0.8200000000000001
184 0.8200000000000001
185 0.8200000000000001
186 0.8200000000000001
187 0.8200000000000001
188 0.8200000000000001
189 0.8200000000000001
190 0.8200000000000001
191 0.8200000000000001
192 0.8200000000000001
193 0.8200000000000001
194 0.8200000000000001
195 0.8200000000000001
196 0.8140000000000001
197 0.8140000000000001
198 0.8140000000000001
199 0.8140000000000001
200 0.8140000000000001
201 0.8140000000000001
202 0.8140000000000001
203 0.8140000000000001
204 0.8140000000000001
205 0.812
206 0.808
207 0.808
208 0.808
209 0.808
210 0.808
211 0.806
212 0.806
213 0.804
214 0.804
215 0.8019999999999999
216 0.8019999999999999
217 0.8019999999999999
218 0.8
219 0.8
220 0.8
221 0.8
222 0.8
223 0.8
224 0.8
225 0.8
226 0.8
227 0.8
228 0.8
229 0.8
230 0.8
231 0.8
232 0.794
233 0.794
234 0.794
235 0.792
236 0.792
237 0.792
238 0.79
239 0.788
240 0.788
241 0.788
242 0.7859999999999999
243 0.7859999999999999
244 0.7859999999999999
245 0.7859999999999999
246 0.7859999999999999
247 0.7859999999999999
248 0.784
249 0.784
250 0.784
251 0.784
252 0.7819999999999999
253 0.78
254 0.778
255 0.778
256 0.778
257 0.778
258 0.778
259 0.778
260 0.778
261 0.778
262 0.778
263 0.776
264 0.774
265 0.774
266 0.774
267 0.764
268 0.764
269 0.764
270 0.764
271 0.76
272 0.76
273 0.76
274 0.76
275 0.76
276 0.76
277 0.76
278 0.76
279 0.758
280 0.756
281 0.756
282 0.756
283 0.756
284 0.7539999999999999
285 0.7499999999999999
286 0.7499999999999999
287 0.7499999999999999
288 0.748
289 0.748
290 0.748
291 0.7459999999999999
292 0.7459999999999999
293 0.7459999999999999
294 0.7459999999999999
295 0.7459999999999999
296 0.7459999999999999
297 0.7459999999999999
298 0.7459999999999999
299 0.7459999999999999
300 0.7459999999999999
301 0.7459999999999999
302 0.744
303 0.744
304 0.7419999999999999
305 0.7419999999999999
306 0.7419999999999999
307 0.7419999999999999
308 0.7419999999999999
309 0.7419999999999999
310 0.74
311 0.74
312 0.7379999999999999
313 0.7359999999999999
314 0.7359999999999999
315 0.7359999999999999
316 0.7359999999999999
317 0.7359999999999999
318 0.7359999999999999
319 0.7359999999999999
320 0.7359999999999999
321 0.7359999999999999
322 0.7359999999999999
323 0.7359999999999999
324 0.7359999999999999
325 0.7359999999999999
326 0.7359999999999999
327 0.7359999999999999
328 0.7359999999999999
329 0.7359999999999999
330 0.7359999999999999
331 0.7359999999999999
332 0.7359999999999999
333 0.7359999999999999
334 0.7359999999999999
335 0.7359999999999999
336 0.7359999999999999
337 0.7359999999999999
338 0.7359999999999999
339 0.732
340 0.732
341 0.732
342 0.732
343 0.732
344 0.732
345 0.732
346 0.7299999999999999
347 0.7299999999999999
348 0.7299999999999999
349 0.7259999999999999
350 0.7259999999999999
351 0.7259999999999999
352 0.7259999999999999
353 0.7259999999999999
354 0.7259999999999999
355 0.7259999999999999
356 0.7259999999999999
357 0.7259999999999999
358 0.7259999999999999
359 0.7259999999999999
360 0.7239999999999999
361 0.7239999999999999
362 0.7239999999999999
363 0.7239999999999999
364 0.7219999999999999
365 0.7219999999999999
366 0.7219999999999999
367 0.7219999999999999
368 0.7219999999999999
369 0.7219999999999999
370 0.72
371 0.72
372 0.72
373 0.72
374 0.716
375 0.716
376 0.716
377 0.716
378 0.716
379 0.716
380 0.716
381 0.716
382 0.716
383 0.716
384 0.716
385 0.716
386 0.716
387 0.716
388 0.714
389 0.714
390 0.714
391 0.714
392 0.712
393 0.712
394 0.712
395 0.7059999999999998
396 0.7059999999999998
397 0.7059999999999998
398 0.7059999999999998
399 0.7059999999999998
400 0.7059999999999998
401 0.7059999999999998
402 0.7059999999999998
403 0.7039999999999998
404 0.7039999999999998
405 0.7039999999999998
406 0.7039999999999998
407 0.7039999999999998
408 0.7019999999999998
409 0.7019999999999998
410 0.7019999999999998
411 0.7019999999999998
412 0.7019999999999998
413 0.7019999999999998
414 0.7
415 0.7
416 0.7
417 0.696
418 0.692
419 0.692
420 0.692
421 0.692
422 0.692
423 0.692
424 0.692
425 0.692
426 0.692
427 0.692
428 0.692
429 0.692
430 0.692
431 0.692
432 0.69
433 0.69
434 0.69
435 0.69
436 0.69
437 0.69
438 0.69
439 0.69
440 0.69
441 0.688
442 0.688
443 0.688
444 0.688
445 0.688
446 0.688
447 0.688
448 0.688
449 0.688
450 0.688
451 0.688
452 0.688
453 0.688
454 0.688
455 0.688
456 0.688
457 0.6799999999999999
458 0.6779999999999999
459 0.6779999999999999
460 0.6779999999999999
461 0.6759999999999999
462 0.674
463 0.674
464 0.674
465 0.6719999999999999
466 0.6719999999999999
467 0.6719999999999999
468 0.6699999999999999
469 0.6699999999999999
470 0.6699999999999999
471 0.6699999999999999
472 0.6699999999999999
473 0.6699999999999999
474 0.6699999999999999
475 0.6699999999999999
476 0.6699999999999999
477 0.6699999999999999
478 0.6679999999999999
479 0.6679999999999999
480 0.6679999999999999
481 0.6679999999999999
482 0.6659999999999999
483 0.6659999999999999
484 0.6659999999999999
485 0.6639999999999999
486 0.6619999999999999
487 0.6619999999999999
488 0.6619999999999999
489 0.6599999999999999
490 0.6599999999999999
491 0.6599999999999999
492 0.6599999999999999
493 0.6599999999999999
494 0.6599999999999999
495 0.6599999999999999
496 0.6579999999999999
497 0.6579999999999999
498 0.6559999999999999
499 0.6559999999999999
500 0.654
501 0.652
502 0.652
503 0.652
504 0.646
505 0.646
506 0.646
507 0.644
508 0.644
509 0.644
510 0.644
511 0.644
512 0.642
513 0.642
514 0.64
515 0.64
516 0.64
517 0.64
518 0.64
519 0.64
520 0.638
521 0.638
522 0.638
523 0.638
524 0.638
525 0.636
526 0.636
527 0.636
528 0.636
529 0.636
530 0.6340000000000001
531 0.6340000000000001
532 0.632
533 0.632
534 0.632
535 0.632
536 0.632
537 0.632
538 0.632
539 0.6300000000000001
540 0.6300000000000001
541 0.6260000000000001
542 0.6260000000000001
543 0.6260000000000001
544 0.6260000000000001
545 0.6260000000000001
546 0.6220000000000001
547 0.6220000000000001
548 0.6220000000000001
549 0.6220000000000001
550 0.6220000000000001
551 0.6220000000000001
552 0.6220000000000001
553 0.6220000000000001
554 0.62
555 0.62
556 0.62
557 0.62
558 0.62
559 0.62
560 0.62
561 0.62
562 0.62
563 0.62
564 0.62
565 0.6180000000000001
566 0.6160000000000001
567 0.6160000000000001
568 0.6160000000000001
569 0.6160000000000001
570 0.6160000000000001
571 0.6160000000000001
572 0.6140000000000001
573 0.6140000000000001
574 0.6120000000000001
575 0.6120000000000001
576 0.6120000000000001
577 0.6120000000000001
578 0.6120000000000001
579 0.6120000000000001
580 0.6100000000000001
581 0.6100000000000001
582 0.6100000000000001
583 0.6100000000000001
584 0.6100000000000001
585 0.6100000000000001
586 0.6100000000000001
587 0.6100000000000001
588 0.6100000000000001
589 0.608
590 0.608
591 0.608
592 0.608
593 0.608
594 0.608
595 0.6060000000000001
596 0.6060000000000001
597 0.604
598 0.6020000000000001
599 0.6020000000000001
600 0.6
601 0.6
602 0.6
603 0.6
604 0.6
605 0.6
606 0.6
607 0.6
608 0.5980000000000001
609 0.5980000000000001
610 0.5980000000000001
611 0.5980000000000001
612 0.5980000000000001
613 0.5980000000000001
614 0.5980000000000001
615 0.5980000000000001
616 0.5980000000000001
617 0.5980000000000001
618 0.5980000000000001
619 0.5980000000000001
620 0.596
621 0.596
622 0.594
623 0.594
624 0.594
625 0.594
626 0.592
627 0.592
628 0.5900000000000001
629 0.5900000000000001
630 0.588
631 0.588
632 0.588
633 0.588
634 0.588
635 0.588
636 0.588
637 0.588
638 0.5860000000000001
639 0.5860000000000001
640 0.5860000000000001
641 0.5820000000000001
642 0.5820000000000001
643 0.5820000000000001
644 0.5820000000000001
645 0.5820000000000001
646 0.58
647 0.576
648 0.576
649 0.576
650 0.576
651 0.576
652 0.572
653 0.572
654 0.5700000000000001
655 0.5700000000000001
656 0.5700000000000001
657 0.5700000000000001
658 0.5700000000000001
659 0.5700000000000001
660 0.5700000000000001
661 0.5700000000000001
662 0.5700000000000001
663 0.5700000000000001
664 0.5700000000000001
665 0.5700000000000001
666 0.5700000000000001
667 0.5660000000000001
668 0.5660000000000001
669 0.5660000000000001
670 0.5660000000000001
671 0.5660000000000001
672 0.5660000000000001
673 0.564
674 0.564
675 0.564
676 0.564
677 0.564
678 0.5599999999999999
679 0.5599999999999999
680 0.5599999999999999
681 0.558
682 0.5559999999999999
683 0.5559999999999999
684 0.5559999999999999
685 0.5559999999999999
686 0.554
687 0.554
688 0.554
689 0.554
690 0.5519999999999999
691 0.5519999999999999
692 0.5519999999999999
693 0.55
694 0.55
695 0.5479999999999999
696 0.5479999999999999
697 0.5479999999999999
698 0.546
699 0.546
700 0.546
701 0.542
702 0.542
703 0.542
704 0.542
705 0.5399999999999999
706 0.538
707 0.538
708 0.538
709 0.538
710 0.538
711 0.538
712 0.538
713 0.5359999999999999
714 0.5359999999999999
715 0.5359999999999999
716 0.5359999999999999
717 0.5359999999999999
718 0.5359999999999999
719 0.5359999999999999
720 0.5359999999999999
721 0.5359999999999999
722 0.5359999999999999
723 0.5359999999999999
724 0.5359999999999999
725 0.5359999999999999
726 0.5359999999999999
727 0.5359999999999999
728 0.5359999999999999
729 0.5359999999999999
730 0.534
731 0.534
732 0.534
733 0.534
734 0.534
735 0.534
736 0.532
737 0.532
738 0.532
739 0.532
740 0.53
741 0.53
742 0.53
743 0.53
744 0.53
745 0.53
746 0.53
747 0.53
748 0.53
749 0.53
750 0.53
751 0.53
752 0.528
753 0.528
754 0.528
755 0.528
756 0.528
757 0.528
758 0.528
759 0.528
760 0.526
761 0.526
762 0.526
763 0.526
764 0.526
765 0.526
766 0.524
767 0.524
768 0.524
769 0.524
770 0.524
771 0.524
772 0.524
773 0.522
774 0.522
775 0.522
776 0.522
777 0.522
778 0.522
779 0.522
780 0.522
781 0.522
782 0.522
783 0.522
784 0.522
785 0.522
786 0.522
787 0.522
788 0.522
789 0.522
790 0.522
791 0.522
792 0.5200000000000001
793 0.5200000000000001
794 0.5200000000000001
795 0.5200000000000001
796 0.518
797 0.516
798 0.516
799 0.516
800 0.516
801 0.516
802 0.516
803 0.516
804 0.516
805 0.516
806 0.514
807 0.512
808 0.51
809 0.51
810 0.51
811 0.51
812 0.51
813 0.51
814 0.51
815 0.51
816 0.51
817 0.51
818 0.51
819 0.51
820 0.51
821 0.51
822 0.508
823 0.508
824 0.508
825 0.508
826 0.506
827 0.504
828 0.504
829 0.502
830 0.502
831 0.502
832 0.502
833 0.502
834 0.502
835 0.502
836 0.502
837 0.5
838 0.49800000000000005
839 0.496
840 0.496
841 0.496
842 0.496
843 0.49400000000000005
844 0.49400000000000005
845 0.49400000000000005
846 0.49400000000000005
847 0.49400000000000005
848 0.49400000000000005
849 0.49400000000000005
850 0.492
851 0.492
852 0.492
853 0.492
854 0.492
855 0.492
856 0.492
857 0.492
858 0.492
859 0.492
860 0.492
861 0.492
862 0.492
863 0.492
864 0.492
865 0.492
866 0.492
867 0.492
868 0.492
869 0.492
870 0.492
871 0.492
872 0.49000000000000005
873 0.49000000000000005
874 0.49000000000000005
875 0.488
876 0.48600000000000004
877 0.48600000000000004
878 0.48600000000000004
879 0.4840000000000001
880 0.4840000000000001
881 0.4840000000000001
882 0.4840000000000001
883 0.4840000000000001
884 0.4840000000000001
885 0.4840000000000001
886 0.48200000000000004
887 0.48200000000000004
888 0.48200000000000004
889 0.48
890 0.48
891 0.48
892 0.48
893 0.48
894 0.48
895 0.48
896 0.48
897 0.48
898 0.48
899 0.48
900 0.48
901 0.47800000000000004
902 0.476
903 0.476
904 0.476
905 0.476
906 0.476
907 0.476
908 0.476
909 0.476
910 0.476
911 0.476
912 0.476
913 0.476
914 0.476
915 0.47400000000000003
916 0.472
917 0.472
918 0.472
919 0.472
920 0.472
921 0.472
922 0.47000000000000003
923 0.47000000000000003
924 0.47000000000000003
925 0.4680000000000001
926 0.4680000000000001
927 0.466
928 0.466
929 0.466
930 0.466
931 0.466
932 0.466
933 0.466
934 0.466
935 0.46399999999999997
936 0.46399999999999997
937 0.46399999999999997
938 0.46399999999999997
939 0.46399999999999997
940 0.46399999999999997
941 0.46399999999999997
942 0.46399999999999997
943 0.46399999999999997
944 0.462
945 0.45999999999999996
946 0.45999999999999996
947 0.45999999999999996
948 0.45999999999999996
949 0.458
950 0.454
951 0.454
952 0.454
953 0.454
954 0.45199999999999996
955 0.45199999999999996
956 0.45199999999999996
957 0.45199999999999996
958 0.45199999999999996
959 0.45199999999999996
960 0.45199999999999996
961 0.45199999999999996
962 0.45199999999999996
963 0.45199999999999996
964 0.45199999999999996
965 0.45199999999999996
966 0.45199999999999996
967 0.45199999999999996
968 0.45199999999999996
969 0.45
970 0.45
971 0.45
972 0.45
973 0.45
974 0.44799999999999995
975 0.44799999999999995
976 0.44799999999999995
977 0.44799999999999995
978 0.44799999999999995
979 0.44799999999999995
980 0.44799999999999995
981 0.44799999999999995
982 0.44799999999999995
983 0.44799999999999995
984 0.44799999999999995
985 0.44799999999999995
986 0.44799999999999995
987 0.44799999999999995
988 0.44799999999999995
989 0.44799999999999995
990 0.446
991 0.44399999999999995
992 0.44399999999999995
993 0.44399999999999995
994 0.442
995 0.442
996 0.442
997 0.442
998 0.442
999 0.442
