1 1.0
2 1.0
3 1.0
4 0.998
5 0.9971999999999999
6 0.996
7 0.9947999999999998
8 0.9931999999999997
9 0.9919999999999999
10 0.9915999999999998
11 0.9907999999999998
12 0.9907999999999998
13 0.9904
14 0.9895999999999999
15 0.9895999999999999
16 0.9895999999999999
17 0.9891999999999999
18 0.9887999999999998
19 0.9884
20 0.9879999999999999
21 0.9879999999999999
22 0.9879999999999999
23 0.9879999999999999
24 0.9879999999999999
25 0.9879999999999999
26 0.9879999999999999
27 0.9879999999999999
28 0.9879999999999999
29 0.9879999999999999
30 0.9879999999999999
31 0.9879999999999999
32 0.9879999999999999
33 0.9879999999999999
34 0.9879999999999999
35 0.9879999999999999
36 0.9879999999999999
37 0.9879999999999999
38 0.9879999999999999
39 0.9879999999999999
40 0.9879999999999999
41 0.9879999999999999
42 0.9879999999999999
43 0.9879999999999999
44 0.9879999999999999
45 0.9879999999999999
46 0.9879999999999999
47 0.9879999999999999
48 0.9879999999999999
49 0.9879999999999999
50 0.9879999999999999
51 0.9879999999999999
52 0.9879999999999999
53 0.9879999999999999
54 0.9879999999999999
55 0.9879999999999999
56 0.9879999999999999
57 0.9879999999999999
58 0.9879999999999999
59 0.9879999999999999
60 0.9879999999999999
61 0.9879999999999999
62 0.9879999999999999
63 0.9879999999999999
64 0.9879999999999999
65 0.9879999999999999
66 0.9879999999999999
67 0.9879999999999999
68 0.9879999999999999
69 0.9879999999999999
70 0.9879999999999999
71 0.9879999999999999
72 0.9879999999999999
73 0.9879999999999999
74 0.9879999999999999
75 0.9879999999999999
76 0.9879999999999999
77 0.9879999999999999
78 0.9879999999999999
79 0.9879999999999999
80 0.9879999999999999
81 0.9879999999999999
82 0.9879999999999999
83 0.9879999999999999
84 0.9879999999999999
85 0.9879999999999999
86 0.9879999999999999
87 0.9879999999999999
88 0.9879999999999999
89 0.9879999999999999
90 0.9879999999999999
91 0.9879999999999999
92 0.9879999999999999
93 0.9879999999999999
94 0.9879999999999999
95 0.9879999999999999
96 0.9879999999999999
97 0.9879999999999999
98 0.9879999999999999
99 0.9879999999999999
100 0.9879999999999999
101 0.9879999999999999
102 0.9879999999999999
103 0.9879999999999999
104 0.9879999999999999
105 0.9879999999999999
106 0.9879999999999999
107 0.9879999999999999
108 0.9879999999999999
109 0.9879999999999999
110 0.9879999999999999
111 0.9879999999999999
112 0.9879999999999999
113 0.9879999999999999
114 0.9879999999999999
115 0.9875999999999999
116 0.9875999999999999
117 0.9875999999999999
118 0.9875999999999999
119 0.9875999999999999
120 0.9875999999999999
121 0.9875999999999999
122 0.9875999999999999
123 0.9875999999999999
124 0.9875999999999999
125 0.9875999999999999
126 0.9875999999999999
127 0.9875999999999999
128 0.9875999999999999
129 0.9875999999999999
130 0.9875999999999999
131 0.9875999999999999
132 0.9875999999999999
133 0.9875999999999999
134 0.9875999999999999
135 0.9875999999999999
136 0.9875999999999999
137 0.9875999999999999
138 0.9875999999999999
139 0.9875999999999999
140 0.9875999999999999
141 0.9875999999999999
142 0.9875999999999999
143 0.9875999999999999
144 0.9875999999999999
145 0.9875999999999999
146 0.9875999999999999
147 0.9875999999999999
148 0.9875999999999999
149 0.9875999999999999
150 0.9875999999999999
151 0.9875999999999999
152 0.9875999999999999
153 0.9875999999999999
154 0.9875999999999999
155 0.9875999999999999
156 0.9875999999999999
157 0.9875999999999999
158 0.9875999999999999
159 0.9875999999999999
160 0.9875999999999999
161 0.9875999999999999
162 0.9875999999999999
163 0.9875999999999999
164 0.9875999999999999
165 0.9875999999999999
166 0.9875999999999999
167 0.9875999999999999
168 0.9875999999999999
169 0.9875999999999999
170 0.9875999999999999
171 0.9875999999999999
172 0.9875999999999999
173 0.9875999999999999
174 0.9875999999999999
175 0.9875999999999999
176 0.9875999999999999
177 0.9875999999999999
178 0.9875999999999999
179 0.9875999999999999
180 0.9875999999999999
181 0.9875999999999999
182 0.9875999999999999
183 0.9875999999999999
184 0.9875999999999999
185 0.9875999999999999
186 0.9875999999999999
187 0.9875999999999999
188 0.9875999999999999
189 0.9875999999999999
190 0.9875999999999999
191 0.9875999999999999
192 0.9875999999999999
193 0.9875999999999999
194 0.9875999999999999
195 0.9875999999999999
196 0.9875999999999999
197 0.9875999999999999
198 0.9875999999999999
199 0.9875999999999999
200 0.9875999999999999
201 0.9875999999999999
202 0.9875999999999999
203 0.9875999999999999
204 0.9875999999999999
205 0.9875999999999999
206 0.9875999999999999
207 0.9875999999999999
208 0.9875999999999999
209 0.9875999999999999
210 0.9875999999999999
211 0.9875999999999999
212 0.9875999999999999
213 0.9875999999999999
214 0.9875999999999999
215 0.9875999999999999
216 0.9875999999999999
217 0.9872
218 0.9872
219 0.9872
220 0.9872
221 0.9872
222 0.9872
223 0.9872
224 0.9872
225 0.9872
226 0.9872
227 0.9872
228 0.9872
229 0.9872
230 0.9872
231 0.9872
232 0.9872
233 0.9872
234 0.9872
235 0.9872
236 0.9872
237 0.9872
238 0.9872
239 0.9872
240 0.9872
241 0.9872
242 0.9872
243 0.9872
244 0.9872
245 0.9872
246 0.9872
247 0.9872
248 0.9872
249 0.9872
250 0.9872
251 0.9872
252 0.9872
253 0.9872
254 0.9872
255 0.9872
256 0.9872
257 0.9872
258 0.9872
259 0.9872
260 0.9872
261 0.9872
262 0.9872
263 0.9872
264 0.9872
265 0.9872
266 0.9872
267 0.9872
268 0.9872
269 0.9872
270 0.9872
271 0.9872
272 0.9872
273 0.9872
274 0.9872
275 0.9872
276 0.9872
277 0.9872
278 0.9872
279 0.9872
280 0.9872
281 0.9872
282 0.9872
283 0.9872
284 0.9872
285 0.9872
286 0.9872
287 0.9868000000000001
288 0.9868000000000001
289 0.9868000000000001
290 0.9868000000000001
291 0.9868000000000001
292 0.9863999999999998
293 0.9863999999999998
294 0.9863999999999998
295 0.9863999999999998
296 0.9863999999999998
297 0.9863999999999998
298 0.9863999999999998
299 0.9863999999999998
300 0.9863999999999998
301 0.9863999999999998
302 0.9863999999999998
303 0.9863999999999998
304 0.9863999999999998
305 0.9863999999999998
306 0.9863999999999998
307 0.9863999999999998
308 0.9863999999999998
309 0.9863999999999998
310 0.9863999999999998
311 0.9863999999999998
312 0.9863999999999998
313 0.9863999999999998
314 0.9863999999999998
315 0.9863999999999998
316 0.9863999999999998
317 0.9863999999999998
318 0.9863999999999998
319 0.9863999999999998
320 0.9863999999999998
321 0.9863999999999998
322 0.9863999999999998
323 0.9863999999999998
324 0.9863999999999998
325 0.9863999999999998
326 0.9863999999999998
327 0.9863999999999998
328 0.9863999999999998
329 0.9863999999999998
330 0.9863999999999998
331 0.9863999999999998
332 0.986
333 0.986
334 0.986
335 0.986
336 0.986
337 0.986
338 0.9856
339 0.9856
340 0.9856
341 0.9856
342 0.9852
343 0.9852
344 0.9852
345 0.9852
346 0.9852
347 0.9852
348 0.9852
349 0.9852
350 0.9852
351 0.9852
352 0.9852
353 0.9852
354 0.9852
355 0.9852
356 0.9852
357 0.9852
358 0.9852
359 0.9847999999999999
360 0.9847999999999999
361 0.9847999999999999
362 0.9847999999999999
363 0.9847999999999999
364 0.9847999999999999
365 0.9847999999999999
366 0.9847999999999999
367 0.9847999999999999
368 0.9847999999999999
369 0.9847999999999999
370 0.9847999999999999
371 0.9847999999999999
372 0.9847999999999999
373 0.9847999999999999
374 0.9847999999999999
375 0.9847999999999999
376 0.9847999999999999
377 0.9847999999999999
378 0.9847999999999999
379 0.9847999999999999
380 0.9847999999999999
381 0.9847999999999999
382 0.9847999999999999
383 0.9847999999999999
384 0.9847999999999999
385 0.9847999999999999
386 0.9847999999999999
387 0.9847999999999999
388 0.9847999999999999
389 0.9847999999999999
390 0.9843999999999998
391 0.9843999999999998
392 0.9843999999999998
393 0.9843999999999998
394 0.9843999999999998
395 0.9843999999999998
396 0.9843999999999998
397 0.9843999999999998
398 0.9843999999999998
399 0.9843999999999998
400 0.9843999999999998
401 0.9843999999999998
402 0.9843999999999998
403 0.9843999999999998
404 0.9843999999999998
405 0.9839999999999999
406 0.9839999999999999
407 0.9835999999999998
408 0.9835999999999998
409 0.9835999999999998
410 0.9835999999999998
411 0.9835999999999998
412 0.9835999999999998
413 0.9835999999999998
414 0.9835999999999998
415 0.9832
416 0.9832
417 0.9832
418 0.9832
419 0.9832
420 0.9827999999999999
421 0.9827999999999999
422 0.9827999999999999
423 0.9827999999999999
424 0.9827999999999999
425 0.9827999999999999
426 0.9827999999999999
427 0.9827999999999999
428 0.9827999999999999
429 0.9827999999999999
430 0.9827999999999999
431 0.9827999999999999
432 0.9827999999999999
433 0.9827999999999999
434 0.9827999999999999
435 0.9827999999999999
436 0.9827999999999999
437 0.9827999999999999
438 0.9827999999999999
439 0.9827999999999999
440 0.9823999999999999
441 0.9823999999999999
442 0.9823999999999999
443 0.9823999999999999
444 0.9823999999999999
445 0.9823999999999999
446 0.9823999999999999
447 0.9823999999999999
448 0.9823999999999999
449 0.9823999999999999
450 0.9823999999999999
451 0.9823999999999999
452 0.9823999999999999
453 0.9823999999999999
454 0.9823999999999999
455 0.9823999999999999
456 0.9823999999999999
457 0.9823999999999999
458 0.9823999999999999
459 0.9823999999999999
460 0.9823999999999999
461 0.9823999999999999
462 0.9823999999999999
463 0.9823999999999999
464 0.9823999999999999
465 0.9823999999999999
466 0.9823999999999999
467 0.9823999999999999
468 0.9823999999999999
469 0.9823999999999999
470 0.9823999999999999
471 0.9823999999999999
472 0.9823999999999999
473 0.982
474 0.982
475 0.982
476 0.982
477 0.982
478 0.982
479 0.982
480 0.9815999999999999
481 0.9811999999999999
482 0.9811999999999999
483 0.9811999999999999
484 0.9811999999999999
485 0.9808
486 0.9808
487 0.9808
488 0.9808
489 0.9808
490 0.9808
491 0.9803999999999999
492 0.9803999999999999
493 0.9803999999999999
494 0.9803999999999999
495 0.9803999999999999
496 0.9803999999999999
497 0.9803999999999999
498 0.9803999999999999
499 0.9803999999999999
500 0.9799999999999999
501 0.9799999999999999
502 0.9799999999999999
503 0.9799999999999999
504 0.9799999999999999
505 0.9799999999999999
506 0.9799999999999999
507 0.9799999999999999
508 0.9795999999999999
509 0.9795999999999999
510 0.9795999999999999
511 0.9795999999999999
512 0.9795999999999999
513 0.9795999999999999
514 0.9795999999999999
515 0.9795999999999999
516 0.9795999999999999
517 0.9795999999999999
518 0.9792000000000001
519 0.9792000000000001
520 0.9792000000000001
521 0.9792000000000001
522 0.9792000000000001
523 0.9792000000000001
524 0.9792000000000001
525 0.9792000000000001
526 0.9792000000000001
527 0.9792000000000001
528 0.9788
529 0.9788
530 0.9788
531 0.9788
532 0.9788
533 0.9788
534 0.9788
535 0.9788
536 0.978
537 0.978
538 0.9775999999999999
539 0.9775999999999999
540 0.9771999999999998
541 0.9771999999999998
542 0.9771999999999998
543 0.9767999999999999
544 0.9767999999999999
545 0.9767999999999999
546 0.9764
547 0.9764
548 0.9764
549 0.9764
550 0.9764
551 0.9764
552 0.9764
553 0.9764
554 0.9764
555 0.9764
556 0.9764
557 0.9764
558 0.9764
559 0.9764
560 0.9764
561 0.9764
562 0.9764
563 0.9764
564 0.9764
565 0.9764
566 0.9764
567 0.9764
568 0.976
569 0.976
570 0.976
571 0.976
572 0.976
573 0.976
574 0.976
575 0.976
576 0.976
577 0.976
578 0.976
579 0.976
580 0.976
581 0.976
582 0.976
583 0.976
584 0.976
585 0.976
586 0.976
587 0.976
588 0.976
589 0.976
590 0.976
591 0.976
592 0.976
593 0.976
594 0.976
595 0.976
596 0.976
597 0.976
598 0.976
599 0.9755999999999999
600 0.9755999999999999
601 0.9755999999999999
602 0.9755999999999999
603 0.9755999999999999
604 0.9755999999999999
605 0.9755999999999999
606 0.9755999999999999
607 0.9755999999999999
608 0.9752
609 0.9752
610 0.9752
611 0.9752
612 0.9752
613 0.9752
614 0.9752
615 0.9752
616 0.9752
617 0.9752
618 0.9752
619 0.9752
620 0.9752
621 0.9752
622 0.9752
623 0.9752
624 0.9752
625 0.9752
626 0.9752
627 0.9752
628 0.9752
629 0.9752
630 0.9752
631 0.9752
632 0.9752
633 0.9752
634 0.9752
635 0.9752
636 0.9752
637 0.9752
638 0.9752
639 0.9752
640 0.9752
641 0.9752
642 0.9752
643 0.9752
644 0.9752
645 0.9747999999999999
646 0.9739999999999999
647 0.9739999999999999
648 0.9739999999999999
649 0.9739999999999999
650 0.9739999999999999
651 0.9739999999999999
652 0.9739999999999999
653 0.9735999999999998
654 0.9735999999999998
655 0.9735999999999998
656 0.9735999999999998
657 0.9735999999999998
658 0.9735999999999998
659 0.9735999999999998
660 0.9735999999999998
661 0.9735999999999998
662 0.9735999999999998
663 0.9735999999999998
664 0.9735999999999998
665 0.9735999999999998
666 0.9735999999999998
667 0.9735999999999998
668 0.9735999999999998
669 0.9735999999999998
670 0.9735999999999998
671 0.9735999999999998
672 0.9735999999999998
673 0.9735999999999998
674 0.9735999999999998
675 0.9735999999999998
676 0.9735999999999998
677 0.9735999999999998
678 0.9735999999999998
679 0.9735999999999998
680 0.9735999999999998
681 0.9735999999999998
682 0.9735999999999998
683 0.9735999999999998
684 0.9732
685 0.9732
686 0.9732
687 0.9732
688 0.9732
689 0.9732
690 0.9732
691 0.9732
692 0.9732
693 0.9732
694 0.9732
695 0.9732
696 0.9732
697 0.9732
698 0.9732
699 0.9727999999999999
700 0.9727999999999999
701 0.9727999999999999
702 0.9727999999999999
703 0.9727999999999999
704 0.9727999999999999
705 0.9727999999999999
706 0.9727999999999999
707 0.9727999999999999
708 0.9727999999999999
709 0.9727999999999999
710 0.9727999999999999
711 0.9727999999999999
712 0.9727999999999999
713 0.9727999999999999
714 0.9727999999999999
715 0.9727999999999999
716 0.9727999999999999
717 0.9727999999999999
718 0.9727999999999999
719 0.9727999999999999
720 0.9727999999999999
721 0.9727999999999999
722 0.9727999999999999
723 0.9723999999999999
724 0.9723999999999999
725 0.9723999999999999
726 0.9723999999999999
727 0.9723999999999999
728 0.9723999999999999
729 0.9723999999999999
730 0.9723999999999999
731 0.9723999999999999
732 0.9723999999999999
733 0.9723999999999999
734 0.9723999999999999
735 0.9723999999999999
736 0.9723999999999999
737 0.9723999999999999
738 0.9723999999999999
739 0.9723999999999999
740 0.9723999999999999
741 0.9723999999999999
742 0.9723999999999999
743 0.9723999999999999
744 0.9723999999999999
745 0.9719999999999999
746 0.9719999999999999
747 0.9719999999999999
748 0.9719999999999999
749 0.9719999999999999
750 0.9716
751 0.9716
752 0.9716
753 0.9716
754 0.9716
755 0.9716
756 0.9716
757 0.9712
758 0.9708
759 0.9708
760 0.9708
761 0.9703999999999999
762 0.9703999999999999
763 0.9703999999999999
764 0.9703999999999999
765 0.9703999999999999
766 0.9703999999999999
767 0.9699999999999999
768 0.9699999999999999
769 0.9699999999999999
770 0.9699999999999999
771 0.9699999999999999
772 0.9699999999999999
773 0.9699999999999999
774 0.9695999999999999
775 0.9695999999999999
776 0.9695999999999999
777 0.9695999999999999
778 0.9695999999999999
779 0.9691999999999998
780 0.9691999999999998
781 0.9691999999999998
782 0.9691999999999998
783 0.9691999999999998
784 0.9691999999999998
785 0.9691999999999998
786 0.9691999999999998
787 0.9688
788 0.9688
789 0.9688
790 0.9688
791 0.9688
792 0.9688
793 0.9688
794 0.9688
795 0.9683999999999999
796 0.9683999999999999
797 0.9683999999999999
798 0.968
799 0.9675999999999999
800 0.9667999999999999
801 0.9667999999999999
802 0.9667999999999999
803 0.9667999999999999
804 0.9667999999999999
805 0.9667999999999999
806 0.9667999999999999
807 0.9667999999999999
808 0.9667999999999999
809 0.9667999999999999
810 0.9663999999999998
811 0.9663999999999998
812 0.9663999999999998
813 0.9663999999999998
814 0.9663999999999998
815 0.9663999999999998
816 0.9663999999999998
817 0.9663999999999998
818 0.9663999999999998
819 0.9663999999999998
820 0.9663999999999998
821 0.9659999999999997
822 0.9659999999999997
823 0.9659999999999997
824 0.9659999999999997
825 0.9659999999999997
826 0.9659999999999997
827 0.9659999999999997
828 0.9659999999999997
829 0.9659999999999997
830 0.9659999999999997
831 0.9659999999999997
832 0.9659999999999997
833 0.9659999999999997
834 0.9659999999999997
835 0.9655999999999999
836 0.9655999999999999
837 0.9655999999999999
838 0.9648799999999998
839 0.9651999999999998
840 0.9647999999999999
841 0.9647999999999999
842 0.9647999999999999
843 0.9647999999999999
844 0.9647999999999999
845 0.9647999999999999
846 0.9647999999999999
847 0.9647999999999999
848 0.9647999999999999
849 0.9647999999999999
850 0.9647999999999999
851 0.9647999999999999
852 0.9647999999999999
853 0.9643999999999998
854 0.9643999999999998
855 0.9643999999999998
856 0.9643999999999998
857 0.9643999999999998
858 0.9643999999999998
859 0.9643999999999998
860 0.9643999999999998
861 0.9643999999999998
862 0.9643999999999998
863 0.964
864 0.964
865 0.964
866 0.964
867 0.964
868 0.9635999999999999
869 0.9635999999999999
870 0.9635999999999999
871 0.9635999999999999
872 0.9635999999999999
873 0.9635999999999999
874 0.9635999999999999
875 0.9635999999999999
876 0.9635999999999999
877 0.9635999999999999
878 0.9635999999999999
879 0.9635999999999999
880 0.9635999999999999
881 0.9635999999999999
882 0.9635999999999999
883 0.9635999999999999
884 0.9635999999999999
885 0.9635999999999999
886 0.9635999999999999
887 0.9635999999999999
888 0.9624799999999999
889 0.9632
890 0.9632
891 0.9632
892 0.9632
893 0.9632
894 0.9632
895 0.9632
896 0.9632
897 0.9632
898 0.9627999999999999
899 0.9627999999999999
900 0.9627999999999999
901 0.9627999999999999
902 0.9627999999999999
903 0.9627999999999999
904 0.9627999999999999
905 0.9627999999999999
906 0.9627999999999999
907 0.9627999999999999
908 0.9627999999999999
909 0.9627999999999999
910 0.9627999999999999
911 0.9627999999999999
912 0.9627999999999999
913 0.9550399999999999
914 0.9550399999999999
915 0.9550399999999999
916 0.9550399999999999
917 0.9550399999999999
918 0.9550399999999999
919 0.9546399999999998
920 0.9546399999999998
921 0.9546399999999998
922 0.9546399999999998
923 0.9546399999999998
924 0.9546399999999998
925 0.9546399999999998
926 0.9546399999999998
927 0.9546399999999998
928 0.9546399999999998
929 0.9546399999999998
930 0.9546399999999998
931 0.9546399999999998
932 0.9546399999999998
933 0.9546399999999998
934 0.9546399999999998
935 0.9546399999999998
936 0.9546399999999998
937 0.9546399999999998
938 0.9546399999999998
939 0.9546399999999998
940 0.9546399999999998
941 0.9546399999999998
942 0.9546399999999998
943 0.9546399999999998
944 0.9546399999999998
945 0.9546399999999998
946 0.9546399999999998
947 0.9546399999999998
948 0.9546399999999998
949 0.9546399999999998
950 0.9546399999999998
951 0.9546399999999998
952 0.9546399999999998
953 0.9546399999999998
954 0.9546399999999998
955 0.9546399999999998
956 0.9546399999999998
957 0.9546399999999998
958 0.9546399999999998
959 0.9546399999999998
960 0.9546399999999998
961 0.9546399999999998
962 0.9546399999999998
963 0.9546399999999998
964 0.9546399999999998
965 0.9546399999999998
966 0.9546399999999998
967 0.9546399999999998
968 0.9546399999999998
969 0.9546399999999998
970 0.9546399999999998
971 0.9546399999999998
972 0.9546399999999998
973 0.9546399999999998
974 0.9546399999999998
975 0.9546399999999998
976 0.9546399999999998
977 0.9546399999999998
978 0.9546399999999998
979 0.9546399999999998
980 0.9546399999999998
981 0.9546399999999998
982 0.9546399999999998
983 0.9546399999999998
984 0.9546399999999998
985 0.9546399999999998
986 0.9546399999999998
987 0.9546399999999998
988 0.9546399999999998
989 0.9546399999999998
990 0.9546399999999998
991 0.9546399999999998
992 0.9546399999999998
993 0.9546399999999998
994 0.9546399999999998
995 0.9546399999999998
996 0.9546399999999998
997 0.9546399999999998
998 0.9546399999999998
999 0.9546399999999998
1000 0.95424
1001 0.95424
1002 0.95424
1003 0.95424
1004 0.95424
1005 0.95424
1006 0.95424
1007 0.95424
1008 0.95424
1009 0.95424
1010 0.95424
1011 0.95424
1012 0.95424
1013 0.95424
1014 0.95424
1015 0.95424
1016 0.95424
1017 0.95424
1018 0.95424
1019 0.95424
1020 0.95424
1021 0.95424
1022 0.95424
1023 0.95424
1024 0.95424
1025 0.95424
1026 0.95424
1027 0.95424
1028 0.95424
1029 0.95424
1030 0.95424
1031 0.95424
1032 0.95424
1033 0.95424
1034 0.95424
1035 0.95424
1036 0.95424
1037 0.95424
1038 0.95424
1039 0.95424
1040 0.95424
1041 0.9538399999999999
1042 0.9538399999999999
1043 0.9538399999999999
1044 0.9538399999999999
1045 0.9538399999999999
1046 0.9538399999999999
1047 0.9538399999999999
1048 0.9538399999999999
1049 0.9538399999999999
1050 0.9538399999999999
1051 0.9538399999999999
1052 0.9538399999999999
1053 0.9538399999999999
1054 0.9538399999999999
1055 0.9538399999999999
1056 0.9538399999999999
1057 0.9538399999999999
1058 0.9538399999999999
1059 0.9538399999999999
1060 0.9538399999999999
1061 0.9538399999999999
1062 0.9538399999999999
1063 0.9538399999999999
1064 0.9538399999999999
1065 0.9538399999999999
1066 0.9538399999999999
1067 0.9538399999999999
1068 0.9538399999999999
1069 0.9538399999999999
1070 0.9538399999999999
1071 0.9538399999999999
1072 0.9538399999999999
1073 0.9538399999999999
1074 0.9538399999999999
1075 0.9538399999999999
1076 0.9538399999999999
1077 0.9538399999999999
1078 0.9534399999999998
1079 0.9534399999999998
1080 0.9534399999999998
1081 0.9534399999999998
1082 0.9534399999999998
1083 0.9534399999999998
1084 0.9534399999999998
1085 0.9534399999999998
1086 0.9534399999999998
1087 0.9534399999999998
1088 0.9534399999999998
1089 0.9534399999999998
1090 0.9534399999999998
1091 0.9534399999999998
1092 0.9534399999999998
1093 0.9534399999999998
1094 0.9534399999999998
1095 0.9534399999999998
1096 0.9534399999999998
1097 0.9534399999999998
1098 0.9534399999999998
1099 0.9534399999999998
1100 0.9534399999999998
1101 0.9534399999999998
1102 0.9534399999999998
1103 0.9534399999999998
1104 0.9534399999999998
1105 0.9530399999999999
1106 0.9530399999999999
1107 0.9530399999999999
1108 0.9530399999999999
1109 0.9530399999999999
1110 0.9530399999999999
1111 0.9530399999999999
1112 0.9530399999999999
1113 0.9530399999999999
1114 0.9530399999999999
1115 0.9530399999999999
1116 0.9530399999999999
1117 0.9530399999999999
1118 0.9530399999999999
1119 0.9530399999999999
1120 0.9530399999999999
1121 0.9530399999999999
1122 0.9530399999999999
1123 0.9530399999999999
1124 0.9530399999999999
1125 0.9530399999999999
1126 0.9530399999999999
1127 0.9530399999999999
1128 0.9530399999999999
1129 0.9530399999999999
1130 0.9530399999999999
1131 0.9530399999999999
1132 0.9530399999999999
1133 0.9530399999999999
1134 0.9530399999999999
1135 0.9530399999999999
1136 0.9530399999999999
1137 0.9530399999999999
1138 0.9530399999999999
1139 0.9530399999999999
1140 0.9530399999999999
1141 0.9530399999999999
1142 0.9530399999999999
1143 0.9530399999999999
1144 0.9530399999999999
1145 0.9530399999999999
1146 0.9530399999999999
1147 0.9530399999999999
1148 0.9530399999999999
1149 0.9530399999999999
1150 0.9530399999999999
1151 0.9530399999999999
1152 0.9530399999999999
1153 0.9530399999999999
1154 0.9530399999999999
1155 0.9530399999999999
1156 0.9526399999999998
1157 0.9526399999999998
1158 0.9526399999999998
1159 0.9526399999999998
1160 0.9526399999999998
1161 0.9526399999999998
1162 0.9526399999999998
1163 0.9526399999999998
1164 0.9526399999999998
1165 0.9526399999999998
1166 0.9526399999999998
1167 0.9526399999999998
1168 0.9526399999999998
1169 0.9526399999999998
1170 0.9526399999999998
1171 0.9526399999999998
1172 0.9526399999999998
1173 0.9526399999999998
1174 0.9526399999999998
1175 0.9526399999999998
1176 0.9526399999999998
1177 0.9526399999999998
1178 0.9526399999999998
1179 0.9526399999999998
1180 0.9526399999999998
1181 0.9526399999999998
1182 0.9526399999999998
1183 0.9526399999999998
1184 0.9526399999999998
1185 0.9526399999999998
1186 0.9526399999999998
1187 0.9526399999999998
1188 0.9526399999999998
1189 0.9526399999999998
1190 0.9522399999999998
1191 0.9518399999999997
1192 0.9514399999999997
1193 0.9514399999999997
1194 0.9510399999999997
1195 0.9510399999999997
1196 0.9510399999999997
1197 0.9510399999999997
1198 0.9510399999999997
1199 0.9510399999999997
1200 0.9510399999999997
1201 0.9510399999999997
1202 0.9510399999999997
1203 0.9506399999999996
1204 0.9502399999999998
1205 0.9502399999999998
1206 0.9502399999999998
1207 0.9502399999999998
1208 0.9498399999999998
1209 0.9498399999999998
1210 0.9498399999999998
1211 0.9498399999999998
1212 0.9498399999999998
1213 0.9498399999999998
1214 0.9498399999999998
1215 0.9498399999999998
1216 0.9498399999999998
1217 0.9498399999999998
1218 0.9498399999999998
1219 0.9498399999999998
1220 0.9498399999999998
1221 0.9498399999999998
1222 0.9498399999999998
1223 0.9498399999999998
1224 0.9498399999999998
1225 0.9498399999999998
1226 0.9494399999999997
1227 0.9494399999999997
1228 0.9494399999999997
1229 0.9494399999999997
1230 0.9494399999999997
1231 0.9494399999999997
1232 0.9494399999999997
1233 0.9494399999999997
1234 0.9494399999999997
1235 0.9494399999999997
1236 0.9494399999999997
1237 0.9494399999999997
1238 0.9494399999999997
1239 0.9494399999999997
1240 0.9494399999999997
1241 0.9494399999999997
1242 0.9494399999999997
1243 0.9494399999999997
1244 0.9494399999999997
1245 0.9494399999999997
1246 0.9494399999999997
1247 0.9494399999999997
1248 0.9494399999999997
1249 0.9494399999999997
1250 0.9494399999999997
1251 0.9494399999999997
1252 0.9494399999999997
1253 0.9494399999999997
1254 0.9494399999999997
1255 0.9494399999999997
1256 0.9494399999999997
1257 0.9494399999999997
1258 0.9494399999999997
1259 0.9494399999999997
1260 0.9494399999999997
1261 0.9494399999999997
1262 0.9494399999999997
1263 0.9494399999999997
1264 0.9494399999999997
1265 0.9494399999999997
1266 0.9494399999999997
1267 0.9494399999999997
1268 0.9494399999999997
1269 0.9494399999999997
1270 0.9494399999999997
1271 0.9494399999999997
1272 0.9494399999999997
1273 0.9494399999999997
1274 0.9494399999999997
1275 0.9494399999999997
1276 0.9494399999999997
1277 0.9494399999999997
1278 0.9494399999999997
1279 0.9494399999999997
1280 0.9494399999999997
1281 0.9494399999999997
1282 0.9494399999999997
1283 0.9494399999999997
1284 0.9494399999999997
1285 0.9494399999999997
1286 0.9494399999999997
1287 0.9494399999999997
1288 0.9494399999999997
1289 0.9494399999999997
1290 0.9494399999999997
1291 0.9494399999999997
1292 0.9494399999999997
1293 0.9494399999999997
1294 0.9494399999999997
1295 0.9494399999999997
1296 0.9494399999999997
1297 0.9494399999999997
1298 0.9494399999999997
1299 0.9494399999999997
1300 0.9494399999999997
1301 0.9494399999999997
1302 0.9494399999999997
1303 0.9494399999999997
1304 0.9494399999999997
1305 0.9494399999999997
1306 0.9494399999999997
1307 0.9494399999999997
1308 0.9494399999999997
1309 0.9494399999999997
1310 0.9494399999999997
1311 0.9494399999999997
1312 0.9494399999999997
1313 0.9494399999999997
1314 0.9494399999999997
1315 0.9494399999999997
1316 0.9494399999999997
1317 0.9494399999999997
1318 0.9494399999999997
1319 0.9494399999999997
1320 0.9494399999999997
1321 0.9494399999999997
1322 0.9494399999999997
1323 0.9490399999999997
1324 0.9490399999999997
1325 0.9490399999999997
1326 0.9490399999999997
1327 0.9490399999999997
1328 0.9490399999999997
1329 0.9490399999999997
1330 0.9490399999999997
1331 0.9490399999999997
1332 0.9490399999999997
1333 0.9490399999999997
1334 0.9486399999999997
1335 0.9486399999999997
1336 0.9486399999999997
1337 0.9486399999999997
1338 0.9486399999999997
1339 0.9486399999999997
1340 0.9486399999999997
1341 0.9486399999999997
1342 0.9486399999999997
1343 0.9486399999999997
1344 0.9486399999999997
1345 0.9482399999999997
1346 0.9482399999999997
1347 0.9478399999999997
1348 0.9478399999999997
1349 0.9478399999999997
1350 0.9478399999999997
1351 0.9478399999999997
1352 0.9478399999999997
1353 0.9478399999999997
1354 0.9478399999999997
1355 0.9478399999999997
1356 0.9478399999999997
1357 0.9478399999999997
1358 0.9478399999999997
1359 0.9478399999999997
1360 0.9478399999999997
1361 0.9478399999999997
1362 0.9478399999999997
1363 0.9478399999999997
1364 0.9478399999999997
1365 0.9478399999999997
1366 0.9478399999999997
1367 0.9478399999999997
1368 0.9478399999999997
1369 0.9478399999999997
1370 0.9478399999999997
1371 0.9478399999999997
1372 0.9478399999999997
1373 0.9436799999999996
1374 0.9436799999999996
1375 0.9436799999999996
1376 0.9436799999999996
1377 0.9436799999999996
1378 0.9436799999999996
1379 0.9436799999999996
1380 0.9436799999999996
1381 0.9436799999999996
1382 0.9436799999999996
1383 0.9436799999999996
1384 0.9436799999999996
1385 0.9436799999999996
1386 0.9436799999999996
1387 0.9436799999999996
1388 0.9436799999999996
1389 0.9436799999999996
1390 0.9436799999999996
1391 0.9436799999999996
1392 0.9436799999999996
1393 0.9436799999999996
1394 0.9436799999999996
1395 0.9436799999999996
1396 0.9436799999999996
1397 0.9436799999999996
1398 0.9436799999999996
1399 0.9436799999999996
1400 0.9436799999999996
1401 0.9436799999999996
1402 0.9436799999999996
1403 0.9436799999999996
1404 0.9436799999999996
1405 0.9436799999999996
1406 0.9436799999999996
1407 0.9436799999999996
1408 0.9436799999999996
1409 0.9436799999999996
1410 0.9436799999999996
1411 0.9436799999999996
1412 0.9436799999999996
1413 0.9436799999999996
1414 0.9436799999999996
1415 0.9436799999999996
1416 0.9436799999999996
1417 0.9436799999999996
1418 0.9436799999999996
1419 0.9436799999999996
1420 0.9436799999999996
1421 0.9436799999999996
1422 0.9436799999999996
1423 0.9436799999999996
1424 0.9436799999999996
1425 0.9436799999999996
1426 0.9436799999999996
1427 0.9436799999999996
1428 0.9436799999999996
1429 0.9436799999999996
1430 0.9436799999999996
1431 0.9436799999999996
1432 0.9436799999999996
1433 0.9436799999999996
1434 0.9436799999999996
1435 0.9436799999999996
1436 0.9436799999999996
1437 0.9432799999999996
1438 0.9432799999999996
1439 0.9432799999999996
1440 0.9432799999999996
1441 0.9432799999999996
1442 0.9432799999999996
1443 0.9432799999999996
1444 0.9432799999999996
1445 0.9432799999999996
1446 0.9432799999999996
1447 0.9432799999999996
1448 0.9432799999999996
1449 0.9432799999999996
1450 0.9432799999999996
1451 0.9432799999999996
1452 0.9432799999999996
1453 0.9432799999999996
1454 0.9432799999999996
1455 0.9432799999999996
1456 0.9432799999999996
1457 0.9432799999999996
1458 0.9432799999999996
1459 0.9432799999999996
1460 0.9432799999999996
1461 0.9432799999999996
1462 0.9432799999999996
1463 0.9432799999999996
1464 0.9432799999999996
1465 0.9432799999999996
1466 0.9432799999999996
1467 0.9432799999999996
1468 0.9432799999999996
1469 0.9432799999999996
1470 0.9432799999999996
1471 0.9432799999999996
1472 0.9432799999999996
1473 0.9432799999999996
1474 0.9432799999999996
1475 0.9432799999999996
1476 0.9432799999999996
1477 0.9432799999999996
1478 0.9432799999999996
1479 0.9428799999999997
1480 0.9428799999999997
1481 0.9428799999999997
1482 0.9428799999999997
1483 0.9428799999999997
1484 0.9428799999999997
1485 0.9428799999999997
1486 0.9428799999999997
1487 0.9428799999999997
1488 0.9428799999999997
1489 0.9428799999999997
1490 0.9428799999999997
1491 0.9428799999999997
1492 0.9428799999999997
1493 0.9428799999999997
1494 0.9428799999999997
1495 0.9428799999999997
1496 0.9428799999999997
1497 0.9428799999999997
1498 0.9428799999999997
1499 0.9428799999999997
1500 0.9428799999999997
1501 0.9428799999999997
1502 0.9428799999999997
1503 0.9428799999999997
1504 0.9428799999999997
1505 0.9428799999999997
1506 0.9428799999999997
1507 0.9428799999999997
1508 0.9428799999999997
1509 0.9428799999999997
1510 0.9428799999999997
1511 0.9428799999999997
1512 0.9428799999999997
1513 0.9428799999999997
1514 0.9428799999999997
1515 0.9428799999999997
1516 0.9428799999999997
1517 0.9424799999999998
1518 0.9424799999999998
1519 0.9424799999999998
1520 0.9424799999999998
1521 0.9424799999999998
1522 0.9424799999999998
1523 0.9424799999999998
1524 0.9424799999999998
1525 0.9424799999999998
1526 0.9424799999999998
1527 0.9424799999999998
1528 0.9424799999999998
1529 0.9424799999999998
1530 0.9424799999999998
1531 0.9424799999999998
1532 0.9424799999999998
1533 0.9424799999999998
1534 0.9424799999999998
1535 0.9424799999999998
1536 0.9420799999999997
1537 0.9420799999999997
1538 0.9420799999999997
1539 0.9420799999999997
1540 0.9420799999999997
1541 0.9420799999999997
1542 0.9420799999999997
1543 0.9420799999999997
1544 0.9420799999999997
1545 0.9420799999999997
1546 0.9420799999999997
1547 0.9420799999999997
1548 0.9416799999999996
1549 0.9416799999999996
1550 0.9416799999999996
1551 0.9416799999999996
1552 0.9416799999999996
1553 0.9416799999999996
1554 0.9416799999999996
1555 0.9416799999999996
1556 0.9416799999999996
1557 0.9416799999999996
1558 0.9416799999999996
1559 0.9416799999999996
1560 0.9416799999999996
1561 0.9416799999999996
1562 0.9416799999999996
1563 0.9416799999999996
1564 0.9416799999999996
1565 0.9416799999999996
1566 0.9416799999999996
1567 0.9416799999999996
1568 0.9416799999999996
1569 0.9416799999999996
1570 0.9416799999999996
1571 0.9416799999999996
1572 0.9416799999999996
1573 0.9416799999999996
1574 0.9416799999999996
1575 0.9416799999999996
1576 0.9416799999999996
1577 0.9412799999999996
1578 0.9412799999999996
1579 0.9412799999999996
1580 0.9412799999999996
1581 0.9412799999999996
1582 0.9412799999999996
1583 0.9412799999999996
1584 0.9412799999999996
1585 0.9412799999999996
1586 0.9412799999999996
1587 0.9412799999999996
1588 0.9412799999999996
1589 0.9412799999999996
1590 0.9412799999999996
1591 0.9412799999999996
1592 0.9412799999999996
1593 0.9412799999999996
1594 0.9412799999999996
1595 0.9412799999999996
1596 0.9412799999999996
1597 0.9412799999999996
1598 0.9412799999999996
1599 0.9412799999999996
1600 0.9412799999999996
1601 0.9412799999999996
1602 0.9412799999999996
1603 0.9412799999999996
1604 0.9412799999999996
1605 0.9412799999999996
1606 0.9412799999999996
1607 0.9412799999999996
1608 0.9412799999999996
1609 0.9412799999999996
1610 0.9412799999999996
1611 0.9412799999999996
1612 0.9412799999999996
1613 0.9412799999999996
1614 0.9412799999999996
1615 0.9412799999999996
1616 0.9412799999999996
1617 0.9412799999999996
1618 0.9412799999999996
1619 0.9412799999999996
1620 0.9412799999999996
1621 0.9412799999999996
1622 0.9412799999999996
1623 0.9412799999999996
1624 0.9412799999999996
1625 0.9412799999999996
1626 0.9412799999999996
1627 0.9412799999999996
1628 0.9412799999999996
1629 0.9412799999999996
1630 0.9412799999999996
1631 0.9412799999999996
1632 0.9412799999999996
1633 0.9412799999999996
1634 0.9412799999999996
1635 0.9412799999999996
1636 0.9412799999999996
1637 0.9412799999999996
1638 0.9412799999999996
1639 0.9412799999999996
1640 0.9412799999999996
1641 0.9412799999999996
1642 0.9412799999999996
1643 0.9412799999999996
1644 0.9412799999999996
1645 0.9412799999999996
1646 0.9412799999999996
1647 0.9412799999999996
1648 0.9412799999999996
1649 0.9412799999999996
1650 0.9412799999999996
1651 0.9412799999999996
1652 0.9412799999999996
1653 0.9412799999999996
1654 0.9412799999999996
1655 0.9412799999999996
1656 0.9412799999999996
1657 0.9412799999999996
1658 0.9412799999999996
1659 0.9412799999999996
1660 0.9412799999999996
1661 0.9412799999999996
1662 0.9412799999999996
1663 0.9412799999999996
1664 0.9412799999999996
1665 0.9412799999999996
1666 0.9412799999999996
1667 0.9412799999999996
1668 0.9412799999999996
1669 0.9412799999999996
1670 0.9412799999999996
1671 0.9412799999999996
1672 0.9412799999999996
1673 0.9412799999999996
1674 0.9412799999999996
1675 0.9412799999999996
1676 0.9412799999999996
1677 0.9412799999999996
1678 0.9412799999999996
1679 0.9412799999999996
1680 0.9412799999999996
1681 0.9412799999999996
1682 0.9412799999999996
1683 0.9412799999999996
1684 0.9412799999999996
1685 0.9412799999999996
1686 0.9412799999999996
1687 0.9412799999999996
1688 0.9412799999999996
1689 0.9412799999999996
1690 0.9412799999999996
1691 0.9412799999999996
1692 0.9412799999999996
1693 0.9412799999999996
1694 0.9412799999999996
1695 0.9412799999999996
1696 0.9412799999999996
1697 0.9412799999999996
1698 0.9412799999999996
1699 0.9412799999999996
1700 0.9412799999999996
1701 0.9412799999999996
1702 0.9412799999999996
1703 0.9412799999999996
1704 0.9412799999999996
1705 0.9412799999999996
1706 0.9412799999999996
1707 0.9412799999999996
1708 0.9408799999999996
1709 0.9408799999999996
1710 0.9408799999999996
1711 0.9404799999999998
1712 0.9404799999999998
1713 0.9404799999999998
1714 0.9400799999999997
1715 0.9400799999999997
1716 0.9400799999999997
1717 0.9400799999999997
1718 0.9400799999999997
1719 0.9400799999999997
1720 0.9400799999999997
1721 0.9400799999999997
1722 0.9400799999999997
1723 0.9400799999999997
1724 0.9400799999999997
1725 0.9400799999999997
1726 0.9400799999999997
1727 0.9400799999999997
1728 0.9400799999999997
1729 0.9400799999999997
1730 0.9400799999999997
1731 0.9400799999999997
1732 0.9400799999999997
1733 0.9400799999999997
1734 0.9396799999999996
1735 0.9396799999999996
1736 0.9396799999999996
1737 0.9396799999999996
1738 0.9396799999999996
1739 0.9396799999999996
1740 0.9396799999999996
1741 0.9396799999999996
1742 0.9396799999999996
1743 0.9396799999999996
1744 0.9396799999999996
1745 0.9396799999999996
1746 0.9396799999999996
1747 0.9396799999999996
1748 0.9396799999999996
1749 0.9396799999999996
1750 0.9396799999999996
1751 0.9396799999999996
1752 0.9396799999999996
1753 0.9396799999999996
1754 0.9396799999999996
1755 0.9396799999999996
1756 0.9396799999999996
1757 0.9396799999999996
1758 0.9396799999999996
1759 0.9396799999999996
1760 0.9396799999999996
1761 0.9396799999999996
1762 0.9396799999999996
1763 0.9396799999999996
1764 0.9396799999999996
1765 0.9396799999999996
1766 0.9396799999999996
1767 0.9396799999999996
1768 0.9396799999999996
1769 0.9396799999999996
1770 0.9396799999999996
1771 0.9396799999999996
1772 0.9396799999999996
1773 0.9396799999999996
1774 0.9396799999999996
1775 0.9396799999999996
1776 0.9396799999999996
1777 0.9396799999999996
1778 0.9396799999999996
1779 0.9396799999999996
1780 0.9396799999999996
1781 0.9392799999999997
1782 0.9392799999999997
1783 0.9392799999999997
1784 0.9392799999999997
1785 0.9392799999999997
1786 0.9392799999999997
1787 0.9392799999999997
1788 0.9392799999999997
1789 0.9392799999999997
1790 0.9392799999999997
1791 0.9392799999999997
1792 0.9392799999999997
1793 0.9392799999999997
1794 0.9392799999999997
1795 0.9392799999999997
1796 0.9392799999999997
1797 0.9392799999999997
1798 0.9392799999999997
1799 0.9392799999999997
1800 0.9392799999999997
1801 0.9392799999999997
1802 0.9392799999999997
1803 0.9392799999999997
1804 0.9392799999999997
1805 0.9392799999999997
1806 0.9392799999999997
1807 0.9392799999999997
1808 0.9392799999999997
1809 0.9392799999999997
1810 0.9392799999999997
1811 0.9392799999999997
1812 0.9392799999999997
1813 0.9392799999999997
1814 0.9392799999999997
1815 0.9392799999999997
1816 0.9392799999999997
1817 0.9392799999999997
1818 0.9392799999999997
1819 0.9392799999999997
1820 0.9392799999999997
1821 0.9392799999999997
1822 0.9392799999999997
1823 0.9392799999999997
1824 0.9392799999999997
1825 0.9392799999999997
1826 0.9392799999999997
1827 0.9392799999999997
1828 0.9392799999999997
1829 0.9392799999999997
1830 0.9392799999999997
1831 0.9392799999999997
1832 0.9392799999999997
1833 0.9392799999999997
1834 0.9392799999999997
1835 0.9392799999999997
1836 0.9392799999999997
1837 0.9392799999999997
1838 0.9392799999999997
1839 0.9392799999999997
1840 0.9392799999999997
1841 0.9392799999999997
1842 0.9392799999999997
1843 0.9392799999999997
1844 0.9392799999999997
1845 0.9392799999999997
1846 0.9392799999999997
1847 0.9392799999999997
1848 0.9392799999999997
1849 0.9392799999999997
1850 0.9392799999999997
1851 0.9392799999999997
1852 0.9392799999999997
1853 0.9392799999999997
1854 0.9392799999999997
1855 0.9392799999999997
1856 0.9392799999999997
1857 0.9392799999999997
1858 0.9392799999999997
1859 0.9392799999999997
1860 0.9392799999999997
1861 0.9392799999999997
1862 0.9392799999999997
1863 0.9392799999999997
1864 0.9392799999999997
1865 0.9392799999999997
1866 0.9392799999999997
1867 0.9392799999999997
1868 0.9388799999999997
1869 0.9388799999999997
1870 0.9388799999999997
1871 0.9388799999999997
1872 0.9388799999999997
1873 0.9388799999999997
1874 0.9388799999999997
1875 0.9388799999999997
1876 0.9388799999999997
1877 0.9388799999999997
1878 0.9388799999999997
1879 0.9388799999999997
1880 0.9388799999999997
1881 0.9388799999999997
1882 0.9388799999999997
1883 0.9388799999999997
1884 0.9388799999999997
1885 0.9388799999999997
1886 0.9388799999999997
1887 0.9388799999999997
1888 0.9384799999999999
1889 0.9384799999999999
1890 0.9384799999999999
1891 0.9384799999999999
1892 0.9384799999999999
1893 0.9384799999999999
1894 0.9384799999999999
1895 0.9384799999999999
1896 0.9384799999999999
1897 0.9384799999999999
1898 0.9384799999999999
1899 0.9384799999999999
1900 0.9384799999999999
1901 0.9384799999999999
1902 0.9384799999999999
1903 0.9384799999999999
1904 0.9384799999999999
1905 0.9384799999999999
1906 0.9384799999999999
1907 0.9384799999999999
1908 0.9384799999999999
1909 0.9384799999999999
1910 0.9384799999999999
1911 0.9384799999999999
1912 0.9384799999999999
1913 0.9384799999999999
1914 0.9384799999999999
1915 0.9384799999999999
1916 0.9384799999999999
1917 0.9384799999999999
1918 0.9384799999999999
1919 0.9384799999999999
1920 0.9384799999999999
1921 0.9384799999999999
1922 0.9384799999999999
1923 0.9384799999999999
1924 0.9384799999999999
1925 0.9384799999999999
1926 0.9384799999999999
1927 0.9384799999999999
1928 0.9384799999999999
1929 0.9384799999999999
1930 0.9384799999999999
1931 0.9384799999999999
1932 0.9384799999999999
1933 0.9384799999999999
1934 0.9384799999999999
1935 0.9384799999999999
1936 0.9384799999999999
1937 0.9384799999999999
1938 0.9384799999999999
1939 0.9384799999999999
1940 0.9384799999999999
1941 0.9384799999999999
1942 0.9384799999999999
1943 0.9384799999999999
1944 0.9384799999999999
1945 0.9384799999999999
1946 0.9384799999999999
1947 0.9384799999999999
1948 0.9384799999999999
1949 0.9384799999999999
1950 0.9384799999999999
1951 0.9384799999999999
1952 0.9384799999999999
1953 0.9384799999999999
1954 0.9384799999999999
1955 0.9384799999999999
1956 0.9384799999999999
1957 0.9384799999999999
1958 0.9384799999999999
1959 0.9384799999999999
1960 0.9384799999999999
1961 0.9384799999999999
1962 0.9384799999999999
1963 0.9384799999999999
1964 0.9384799999999999
1965 0.9384799999999999
1966 0.9384799999999999
1967 0.9384799999999999
1968 0.9384799999999999
1969 0.9384799999999999
1970 0.9384799999999999
1971 0.9384799999999999
1972 0.9384799999999999
1973 0.9384799999999999
1974 0.9384799999999999
1975 0.9380799999999997
1976 0.9380799999999997
1977 0.9380799999999997
1978 0.9380799999999997
1979 0.9380799999999997
1980 0.9380799999999997
1981 0.9380799999999997
1982 0.9380799999999997
1983 0.9380799999999997
1984 0.9380799999999997
1985 0.9380799999999997
1986 0.9380799999999997
1987 0.9380799999999997
1988 0.9380799999999997
1989 0.9380799999999997
1990 0.9380799999999997
1991 0.9380799999999997
1992 0.9380799999999997
1993 0.9380799999999997
1994 0.9380799999999997
1995 0.9380799999999997
1996 0.9380799999999997
1997 0.9380799999999997
1998 0.9380799999999997
1999 0.9380799999999997
