1 1.0
2 1.0
3 1.0
4 0.9980000000000001
5 0.9939999999999998
6 0.9891999999999997
7 0.9812000000000001
8 0.976
9 0.9723999999999998
10 0.9699999999999998
11 0.9663999999999997
12 0.9619999999999999
13 0.9588
14 0.9535999999999999
15 0.9484
16 0.9436
17 0.9392
18 0.936
19 0.9328
20 0.9288000000000001
21 0.9244
22 0.9208
23 0.9168000000000001
24 0.9132000000000002
25 0.9096000000000002
26 0.9080000000000003
27 0.9044000000000001
28 0.9012000000000002
29 0.8976000000000003
30 0.8944000000000003
31 0.8916000000000001
32 0.8892
33 0.8884000000000002
34 0.8844000000000003
35 0.8824000000000002
36 0.8804000000000003
37 0.8796000000000003
38 0.8776000000000002
39 0.8736000000000003
40 0.8716000000000003
41 0.8696000000000003
42 0.8680000000000004
43 0.8652000000000002
44 0.8640000000000003
45 0.8616000000000003
46 0.8596
47 0.8556000000000001
48 0.8544000000000003
49 0.8536000000000002
50 0.8520000000000002
51 0.8504000000000004
52 0.8484000000000003
53 0.8476000000000004
54 0.8448000000000003
55 0.8436000000000002
56 0.8424000000000003
57 0.8408000000000001
58 0.8384000000000001
59 0.8364000000000001
60 0.8356
61 0.834
62 0.8308
63 0.8284
64 0.8251999999999999
65 0.8220000000000001
66 0.8204
67 0.8188000000000001
68 0.8172
69 0.8148000000000001
70 0.8131999999999999
71 0.8112
72 0.8092
73 0.8083999999999999
74 0.8072
75 0.8059999999999999
76 0.8047999999999998
77 0.8035999999999999
78 0.8024
79 0.8008
80 0.7999999999999998
81 0.7991999999999999
82 0.7987999999999998
83 0.7979999999999998
84 0.7971999999999998
85 0.7951999999999998
86 0.7947999999999997
87 0.7935999999999999
88 0.7919999999999999
89 0.7908
90 0.7903999999999999
91 0.7891999999999999
92 0.7883999999999999
93 0.7872
94 0.7867999999999999
95 0.7855999999999999
96 0.7847999999999999
97 0.7835999999999999
98 0.782
99 0.7807999999999999
100 0.78
101 0.7787999999999999
102 0.7776
103 0.7751999999999998
104 0.7739999999999999
105 0.7735999999999998
106 0.7727999999999998
107 0.7711999999999999
108 0.7707999999999998
109 0.7699999999999999
110 0.7687999999999998
111 0.7667999999999999
112 0.7663999999999999
113 0.7652
114 0.7647999999999999
115 0.7635999999999998
116 0.7627999999999999
117 0.7619999999999999
118 0.7619999999999999
119 0.7604
120 0.7599999999999999
121 0.7584000000000001
122 0.758
123 0.7576
124 0.7576
125 0.7564
126 0.7559999999999999
127 0.7552
128 0.7547999999999999
129 0.7524000000000001
130 0.7508
131 0.7496
132 0.7492000000000002
133 0.7484000000000001
134 0.748
135 0.7452
136 0.7439999999999999
137 0.7428
138 0.7415999999999999
139 0.7404
140 0.7399999999999999
141 0.7391999999999999
142 0.738
143 0.7372
144 0.7356
145 0.7356
146 0.7344000000000002
147 0.7344000000000002
148 0.7340000000000001
149 0.7328
150 0.7328
151 0.7316000000000001
152 0.7308000000000001
153 0.7304
154 0.7280000000000001
155 0.7276
156 0.7260000000000001
157 0.7260000000000001
158 0.7260000000000001
159 0.7252000000000001
160 0.7248
161 0.7236000000000001
162 0.7236000000000001
163 0.7228000000000001
164 0.7224
165 0.722
166 0.7216000000000001
167 0.7216000000000001
168 0.72
169 0.7192000000000001
170 0.7180000000000001
171 0.7176000000000002
172 0.7160000000000002
173 0.7160000000000002
174 0.7156000000000001
175 0.7144000000000003
176 0.7144000000000003
177 0.7144000000000003
178 0.7136000000000002
179 0.7124000000000001
180 0.7124000000000001
181 0.7116000000000001
182 0.7108000000000001
183 0.7100000000000002
184 0.7100000000000002
185 0.7100000000000002
186 0.7096000000000002
187 0.7092000000000002
188 0.7084000000000001
189 0.7080000000000003
190 0.7072000000000003
191 0.7068000000000002
192 0.7064000000000002
193 0.7060000000000002
194 0.7052
195 0.7052
196 0.7048000000000002
197 0.7044000000000001
198 0.7044000000000001
199 0.7044000000000001
200 0.7036000000000002
201 0.7036000000000002
202 0.7032000000000003
203 0.7024000000000002
204 0.7020000000000003
205 0.7000000000000002
206 0.6996000000000002
207 0.6992000000000002
208 0.6988000000000001
209 0.6988000000000001
210 0.6988000000000001
211 0.6980000000000001
212 0.6976
213 0.6972000000000002
214 0.6972000000000002
215 0.6972000000000002
216 0.6972000000000002
217 0.6964000000000001
218 0.6964000000000001
219 0.6956000000000002
220 0.6952000000000002
221 0.6952000000000002
222 0.6952000000000002
223 0.6948000000000002
224 0.6944000000000002
225 0.6944000000000002
226 0.6940000000000002
227 0.6936000000000001
228 0.6932000000000003
229 0.6928000000000002
230 0.6928000000000002
231 0.6928000000000002
232 0.6924000000000002
233 0.6920000000000002
234 0.6920000000000002
235 0.6912000000000001
236 0.6908000000000003
237 0.6904000000000002
238 0.6896000000000002
239 0.6896000000000002
240 0.6896000000000002
241 0.6880000000000003
242 0.6880000000000003
243 0.6876000000000002
244 0.6872000000000003
245 0.6868000000000002
246 0.6864000000000003
247 0.6864000000000003
248 0.6856000000000003
249 0.6844000000000005
250 0.6840000000000004
251 0.6832000000000004
252 0.6824000000000003
253 0.6824000000000003
254 0.6824000000000003
255 0.6816000000000004
256 0.6816000000000004
257 0.6816000000000004
258 0.6816000000000004
259 0.6816000000000004
260 0.6804000000000003
261 0.6796000000000003
262 0.6788000000000004
263 0.6784000000000003
264 0.6780000000000003
265 0.6776000000000002
266 0.6764000000000003
267 0.6756000000000003
268 0.6756000000000003
269 0.6752000000000002
270 0.6752000000000002
271 0.6744000000000002
272 0.6740000000000002
273 0.6736000000000001
274 0.6732000000000002
275 0.6728000000000002
276 0.6716000000000002
277 0.6716000000000002
278 0.6700000000000003
279 0.6696000000000002
280 0.6692000000000004
281 0.6684000000000002
282 0.6676000000000002
283 0.6676000000000002
284 0.6668000000000002
285 0.6664000000000003
286 0.6660000000000003
287 0.6656000000000002
288 0.6648000000000002
289 0.6644000000000002
290 0.6640000000000001
291 0.6636000000000003
292 0.6636000000000003
293 0.6632000000000002
294 0.6624000000000002
295 0.6624000000000002
296 0.6624000000000002
297 0.6612000000000002
298 0.6612000000000002
299 0.6596000000000002
300 0.6592000000000003
301 0.6588000000000003
302 0.6576000000000003
303 0.6572000000000005
304 0.6560000000000004
305 0.6556000000000003
306 0.6552000000000003
307 0.6548000000000003
308 0.6548000000000003
309 0.6548000000000003
310 0.6540000000000004
311 0.6540000000000004
312 0.6532000000000003
313 0.6528000000000005
314 0.6528000000000005
315 0.6528000000000005
316 0.6524000000000004
317 0.6520000000000005
318 0.6516000000000004
319 0.6508000000000004
320 0.6500000000000005
321 0.6500000000000005
322 0.6496000000000005
323 0.6496000000000005
324 0.6496000000000005
325 0.6488000000000004
326 0.6488000000000004
327 0.6488000000000004
328 0.6488000000000004
329 0.6488000000000004
330 0.6484000000000004
331 0.6484000000000004
332 0.6484000000000004
333 0.6472000000000004
334 0.6464000000000004
335 0.6464000000000004
336 0.6460000000000004
337 0.6460000000000004
338 0.6456000000000003
339 0.6456000000000003
340 0.6452000000000004
341 0.6448000000000004
342 0.6448000000000004
343 0.6440000000000003
344 0.6436000000000003
345 0.6436000000000003
346 0.6424000000000004
347 0.6400000000000005
348 0.6400000000000005
349 0.6400000000000005
350 0.6388000000000003
351 0.6388000000000003
352 0.6380000000000003
353 0.6368000000000004
354 0.6364000000000003
355 0.6360000000000002
356 0.6352000000000002
357 0.6344000000000001
358 0.6344000000000001
359 0.6344000000000001
360 0.6344000000000001
361 0.6340000000000001
362 0.6320000000000001
363 0.6312000000000001
364 0.6312000000000001
365 0.6312000000000001
366 0.6312000000000001
367 0.6312000000000001
368 0.6300000000000001
369 0.6292000000000001
370 0.6292000000000001
371 0.6280000000000001
372 0.6280000000000001
373 0.6264000000000002
374 0.6264000000000002
375 0.6264000000000002
376 0.6260000000000001
377 0.6256000000000002
378 0.6256000000000002
379 0.6256000000000002
380 0.6256000000000002
381 0.6244000000000002
382 0.6236000000000002
383 0.6232000000000002
384 0.6224000000000002
385 0.6220000000000002
386 0.6220000000000002
387 0.6216000000000002
388 0.6216000000000002
389 0.6212000000000002
390 0.6204000000000002
391 0.6196
392 0.6192000000000001
393 0.6184000000000001
394 0.6180000000000001
395 0.6180000000000001
396 0.6176000000000001
397 0.6168000000000001
398 0.6156000000000001
399 0.6156000000000001
400 0.6156000000000001
401 0.6148000000000001
402 0.6144000000000001
403 0.6136
404 0.6128000000000001
405 0.6124
406 0.6116000000000001
407 0.6116000000000001
408 0.6116000000000001
409 0.6112000000000001
410 0.6112000000000001
411 0.6112000000000001
412 0.6100000000000001
413 0.6088000000000001
414 0.6084
415 0.6072000000000002
416 0.6068000000000001
417 0.6064000000000002
418 0.6064000000000002
419 0.6052000000000002
420 0.6044000000000002
421 0.6036000000000001
422 0.6032000000000002
423 0.6032000000000002
424 0.6028000000000001
425 0.6020000000000002
426 0.6016000000000001
427 0.6016000000000001
428 0.6004000000000002
429 0.6004000000000002
430 0.5996000000000002
431 0.5992000000000002
432 0.5984000000000003
433 0.5976000000000002
434 0.5964000000000003
435 0.5956000000000002
436 0.5948000000000002
437 0.5948000000000002
438 0.5948000000000002
439 0.5940000000000003
440 0.5936000000000002
441 0.5932000000000003
442 0.5928000000000002
443 0.5924000000000003
444 0.5924000000000003
445 0.5920000000000002
446 0.5916000000000001
447 0.5916000000000001
448 0.5912000000000002
449 0.5904000000000003
450 0.5904000000000003
451 0.5904000000000003
452 0.5904000000000003
453 0.5904000000000003
454 0.5900000000000002
455 0.5896000000000001
456 0.5892000000000002
457 0.5892000000000002
458 0.5876000000000002
459 0.5876000000000002
460 0.5876000000000002
461 0.5868000000000002
462 0.5864000000000003
463 0.5856000000000002
464 0.5852000000000003
465 0.5844000000000003
466 0.5840000000000003
467 0.5832000000000003
468 0.5816000000000002
469 0.5812000000000002
470 0.5804000000000002
471 0.5796000000000002
472 0.5788000000000002
473 0.5768000000000003
474 0.5760000000000002
475 0.5752000000000003
476 0.5740000000000002
477 0.5736000000000002
478 0.5712000000000002
479 0.5708000000000001
480 0.5696000000000001
481 0.5696000000000001
482 0.5684000000000001
483 0.5684000000000001
484 0.5672000000000001
485 0.5672000000000001
486 0.5668000000000002
487 0.5668000000000002
488 0.5660000000000001
489 0.5660000000000001
490 0.5656000000000001
491 0.5656000000000001
492 0.5656000000000001
493 0.5648000000000001
494 0.5644000000000001
495 0.5644000000000001
496 0.5644000000000001
497 0.5644000000000001
498 0.5640000000000001
499 0.5636000000000001
500 0.5632
501 0.5632
502 0.5628000000000001
503 0.5624000000000001
504 0.562
505 0.562
506 0.5616000000000001
507 0.5604
508 0.56
509 0.5596000000000001
510 0.5584000000000001
511 0.5576000000000001
512 0.5564
513 0.556
514 0.556
515 0.556
516 0.5556
517 0.5544
518 0.554
519 0.5536000000000001
520 0.5536000000000001
521 0.5532
522 0.5532
523 0.5524000000000001
524 0.5516000000000001
525 0.5512000000000001
526 0.55
527 0.55
528 0.55
529 0.55
530 0.5492000000000001
531 0.5492000000000001
532 0.5492000000000001
533 0.5488000000000001
534 0.5484000000000001
535 0.5484000000000001
536 0.5468000000000002
537 0.5468000000000002
538 0.5464000000000001
539 0.546
540 0.5456000000000001
541 0.5452000000000001
542 0.5444000000000001
543 0.5440000000000002
544 0.5440000000000002
545 0.5440000000000002
546 0.5432000000000001
547 0.5424000000000001
548 0.5424000000000001
549 0.5420000000000001
550 0.5408000000000001
551 0.5404000000000001
552 0.54
553 0.54
554 0.5396000000000001
555 0.5388000000000001
556 0.5380000000000001
557 0.5376000000000001
558 0.5368
559 0.5368
560 0.5368
561 0.5364
562 0.536
563 0.536
564 0.5352
565 0.534
566 0.5336000000000001
567 0.5332
568 0.5324
569 0.532
570 0.5316000000000001
571 0.5312
572 0.5308
573 0.53
574 0.53
575 0.53
576 0.5296000000000001
577 0.5284000000000001
578 0.5276000000000001
579 0.5276000000000001
580 0.5260000000000001
581 0.5256000000000002
582 0.5248000000000002
583 0.5236000000000001
584 0.5236000000000001
585 0.5236000000000001
586 0.5236000000000001
587 0.5232000000000001
588 0.5224000000000002
589 0.5216000000000001
590 0.5212000000000002
591 0.5204000000000001
592 0.52
593 0.5196000000000002
594 0.5196000000000002
595 0.5192000000000001
596 0.5192000000000001
597 0.5184000000000002
598 0.5184000000000002
599 0.5184000000000002
600 0.5184000000000002
601 0.5172000000000001
602 0.5168000000000001
603 0.5164000000000002
604 0.5160000000000001
605 0.5160000000000001
606 0.5160000000000001
607 0.5160000000000001
608 0.5160000000000001
609 0.5160000000000001
610 0.5148000000000001
611 0.5144000000000001
612 0.5144000000000001
613 0.5128
614 0.5124000000000001
615 0.5120000000000001
616 0.5116
617 0.5112000000000001
618 0.5112000000000001
619 0.5112000000000001
620 0.5112000000000001
621 0.5104000000000002
622 0.5104000000000002
623 0.5096000000000002
624 0.5084000000000002
625 0.5084000000000002
626 0.5084000000000002
627 0.5084000000000002
628 0.5080000000000002
629 0.5080000000000002
630 0.5072000000000001
631 0.5068000000000001
632 0.5068000000000001
633 0.5064000000000002
634 0.5060000000000001
635 0.5056000000000002
636 0.5056000000000002
637 0.5048000000000001
638 0.5044000000000002
639 0.5044000000000002
640 0.5032000000000001
641 0.5028000000000001
642 0.5028000000000001
643 0.5016
644 0.5016
645 0.5008
646 0.5008
647 0.5000000000000001
648 0.5000000000000001
649 0.5000000000000001
650 0.49879999999999997
651 0.49879999999999997
652 0.49839999999999995
653 0.49839999999999995
654 0.498
655 0.4976
656 0.4976
657 0.4976
658 0.4976
659 0.4968
660 0.4964
661 0.496
662 0.496
663 0.49560000000000004
664 0.49479999999999996
665 0.4936
666 0.4936
667 0.4936
668 0.4932
669 0.4932
670 0.4932
671 0.4932
672 0.4932
673 0.4928
674 0.4928
675 0.4924
676 0.4924
677 0.49160000000000004
678 0.49119999999999997
679 0.49039999999999995
680 0.48999999999999994
681 0.48999999999999994
682 0.4895999999999999
683 0.4887999999999999
684 0.4883999999999999
685 0.4883999999999999
686 0.4883999999999999
687 0.4875999999999999
688 0.4875999999999999
689 0.4871999999999999
690 0.4871999999999999
691 0.4871999999999999
692 0.4867999999999999
693 0.48639999999999994
694 0.48639999999999994
695 0.48639999999999994
696 0.48599999999999993
697 0.48599999999999993
698 0.48599999999999993
699 0.4856
700 0.4856
701 0.48479999999999995
702 0.48479999999999995
703 0.48479999999999995
704 0.48479999999999995
705 0.48479999999999995
706 0.48479999999999995
707 0.48479999999999995
708 0.484
709 0.4836
710 0.4828
711 0.4828
712 0.48200000000000004
713 0.48160000000000003
714 0.4808
715 0.4804
716 0.48
717 0.4796
718 0.4796
719 0.4792
720 0.4788
721 0.47840000000000005
722 0.47800000000000004
723 0.4776
724 0.47720000000000007
725 0.4764000000000001
726 0.4760000000000001
727 0.4760000000000001
728 0.4756
729 0.47519999999999996
730 0.47479999999999994
731 0.47479999999999994
732 0.4744
733 0.4744
734 0.474
735 0.474
736 0.4732
737 0.4732
738 0.4732
739 0.4732
740 0.4732
741 0.4728
742 0.4728
743 0.4728
744 0.4728
745 0.47200000000000003
746 0.47200000000000003
747 0.47200000000000003
748 0.4716
749 0.4716
750 0.4716
751 0.4716
752 0.4716
753 0.4716
754 0.47080000000000005
755 0.47080000000000005
756 0.47040000000000004
757 0.47040000000000004
758 0.47040000000000004
759 0.4696000000000001
760 0.4696000000000001
761 0.4696000000000001
762 0.4696000000000001
763 0.4688000000000001
764 0.4688000000000001
765 0.46840000000000004
766 0.468
767 0.46760000000000007
768 0.46720000000000006
769 0.4664
770 0.4664
771 0.4664
772 0.4664
773 0.4656
774 0.46520000000000006
775 0.46520000000000006
776 0.46520000000000006
777 0.46480000000000005
778 0.4644
779 0.4644
780 0.46399999999999997
781 0.4632
782 0.4632
783 0.4632
784 0.4632
785 0.4632
786 0.4632
787 0.46240000000000003
788 0.46240000000000003
789 0.46240000000000003
790 0.4616
791 0.4616
792 0.4616
793 0.46080000000000004
794 0.46080000000000004
795 0.46080000000000004
796 0.46080000000000004
797 0.4604000000000001
798 0.4600000000000001
799 0.45960000000000006
800 0.4592000000000001
801 0.4592000000000001
802 0.4576000000000001
803 0.4576000000000001
804 0.4576000000000001
805 0.4576000000000001
806 0.4572000000000001
807 0.45680000000000015
808 0.45680000000000015
809 0.45640000000000014
810 0.45640000000000014
811 0.45640000000000014
812 0.45640000000000014
813 0.45600000000000007
814 0.45600000000000007
815 0.4556000000000001
816 0.4548000000000001
817 0.4548000000000001
818 0.4548000000000001
819 0.4548000000000001
820 0.4548000000000001
821 0.45440000000000014
822 0.45440000000000014
823 0.45440000000000014
824 0.45440000000000014
825 0.45440000000000014
826 0.45440000000000014
827 0.4540000000000001
828 0.4540000000000001
829 0.4540000000000001
830 0.4540000000000001
831 0.4540000000000001
832 0.45320000000000016
833 0.45320000000000016
834 0.45320000000000016
835 0.45280000000000015
836 0.45240000000000014
837 0.45240000000000014
838 0.4520000000000002
839 0.4520000000000002
840 0.4512000000000001
841 0.4500000000000001
842 0.4500000000000001
843 0.4500000000000001
844 0.4500000000000001
845 0.44960000000000017
846 0.44960000000000017
847 0.44960000000000017
848 0.44880000000000014
849 0.44880000000000014
850 0.4484000000000002
851 0.4480000000000002
852 0.4480000000000002
853 0.4468000000000002
854 0.4468000000000002
855 0.44600000000000023
856 0.44600000000000023
857 0.4456000000000002
858 0.4456000000000002
859 0.4456000000000002
860 0.4456000000000002
861 0.4456000000000002
862 0.44520000000000026
863 0.4444000000000002
864 0.4436000000000002
865 0.4436000000000002
866 0.4432000000000002
867 0.4432000000000002
868 0.4432000000000002
869 0.44240000000000024
870 0.44240000000000024
871 0.4420000000000002
872 0.4420000000000002
873 0.44120000000000026
874 0.4404000000000002
875 0.4400000000000003
876 0.4400000000000003
877 0.4396000000000002
878 0.4396000000000002
879 0.4396000000000002
880 0.4396000000000002
881 0.4396000000000002
882 0.4396000000000002
883 0.43920000000000026
884 0.43920000000000026
885 0.43920000000000026
886 0.43920000000000026
887 0.43920000000000026
888 0.43880000000000025
889 0.43880000000000025
890 0.43880000000000025
891 0.4384000000000002
892 0.4380000000000001
893 0.4380000000000001
894 0.4380000000000001
895 0.4376000000000002
896 0.43720000000000014
897 0.43720000000000014
898 0.43720000000000014
899 0.43720000000000014
900 0.43720000000000014
901 0.4364
902 0.4355999999999999
903 0.4355999999999999
904 0.43519999999999986
905 0.43519999999999986
906 0.43519999999999986
907 0.4347999999999999
908 0.4347999999999999
909 0.43399999999999994
910 0.43359999999999993
911 0.43359999999999993
912 0.43319999999999986
913 0.43319999999999986
914 0.43279999999999985
915 0.43279999999999985
916 0.4323999999999999
917 0.4323999999999999
918 0.4323999999999999
919 0.4319999999999999
920 0.4319999999999999
921 0.4319999999999999
922 0.4319999999999999
923 0.4315999999999999
924 0.4315999999999999
925 0.4315999999999999
926 0.4315999999999999
927 0.43039999999999984
928 0.43039999999999984
929 0.4299999999999999
930 0.42959999999999987
931 0.42919999999999986
932 0.4287999999999999
933 0.4279999999999999
934 0.4275999999999999
935 0.4275999999999999
936 0.4275999999999999
937 0.4271999999999999
938 0.4271999999999999
939 0.4271999999999999
940 0.4271999999999999
941 0.4271999999999999
942 0.4271999999999999
943 0.4267999999999999
944 0.4267999999999999
945 0.4267999999999999
946 0.42639999999999995
947 0.4259999999999999
948 0.42559999999999987
949 0.42559999999999987
950 0.4247999999999999
951 0.4247999999999999
952 0.42399999999999993
953 0.4235999999999999
954 0.4235999999999999
955 0.4235999999999999
956 0.4231999999999999
957 0.4231999999999999
958 0.42239999999999994
959 0.42199999999999993
960 0.42199999999999993
961 0.42199999999999993
962 0.4216
963 0.4216
964 0.42119999999999996
965 0.42119999999999996
966 0.4208
967 0.4208
968 0.4208
969 0.4208
970 0.4208
971 0.4208
972 0.4208
973 0.4208
974 0.4208
975 0.4208
976 0.4208
977 0.4208
978 0.4208
979 0.4204
980 0.42
981 0.42
982 0.42
983 0.42
984 0.41960000000000003
985 0.41960000000000003
986 0.4192
987 0.4188
988 0.41800000000000004
989 0.41800000000000004
990 0.4176
991 0.4176
992 0.4176
993 0.4176
994 0.4172
995 0.4172
996 0.4168
997 0.4168
998 0.4164
999 0.41600000000000004
1000 0.41600000000000004
1001 0.41600000000000004
1002 0.4156
1003 0.4152
1004 0.41480000000000006
1005 0.41480000000000006
1006 0.41400000000000003
1007 0.41400000000000003
1008 0.41400000000000003
1009 0.4132
1010 0.4132
1011 0.4132
1012 0.4132
1013 0.4128
1014 0.41240000000000004
1015 0.41240000000000004
1016 0.41200000000000003
1017 0.4116
1018 0.4116
1019 0.4116
1020 0.4116
1021 0.4116
1022 0.4116
1023 0.4116
1024 0.4116
1025 0.41120000000000007
1026 0.41120000000000007
1027 0.41080000000000005
1028 0.41040000000000004
1029 0.4100000000000001
1030 0.4100000000000001
1031 0.4100000000000001
1032 0.4096000000000001
1033 0.4088000000000001
1034 0.4088000000000001
1035 0.4088000000000001
1036 0.4088000000000001
1037 0.4088000000000001
1038 0.4084000000000001
1039 0.4084000000000001
1040 0.40759999999999996
1041 0.4072
1042 0.4064
1043 0.4064
1044 0.4064
1045 0.406
1046 0.4056
1047 0.4056
1048 0.4056
1049 0.4056
1050 0.4056
1051 0.4052
1052 0.4052
1053 0.40480000000000005
1054 0.40440000000000004
1055 0.4040000000000001
1056 0.4040000000000001
1057 0.4040000000000001
1058 0.4040000000000001
1059 0.4040000000000001
1060 0.4040000000000001
1061 0.4040000000000001
1062 0.40360000000000007
1063 0.40360000000000007
1064 0.40320000000000006
1065 0.40320000000000006
1066 0.40320000000000006
1067 0.40240000000000004
1068 0.40199999999999997
1069 0.40199999999999997
1070 0.40199999999999997
1071 0.40159999999999996
1072 0.4012
1073 0.4012
1074 0.4012
1075 0.4008
1076 0.4004
1077 0.4004
1078 0.4004
1079 0.4004
1080 0.4004
1081 0.4004
1082 0.3991999999999999
1083 0.3979999999999999
1084 0.3979999999999999
1085 0.3979999999999999
1086 0.39719999999999994
1087 0.39719999999999994
1088 0.39719999999999994
1089 0.39719999999999994
1090 0.39719999999999994
1091 0.39719999999999994
1092 0.39679999999999993
1093 0.39679999999999993
1094 0.3963999999999999
1095 0.39599999999999996
1096 0.39559999999999995
1097 0.39559999999999995
1098 0.39519999999999994
1099 0.3944
1100 0.39399999999999996
1101 0.3936
1102 0.3936
1103 0.3936
1104 0.3932
1105 0.39280000000000004
1106 0.392
1107 0.392
1108 0.392
1109 0.39160000000000006
1110 0.39160000000000006
1111 0.39120000000000005
1112 0.39080000000000004
1113 0.3904000000000001
1114 0.3904000000000001
1115 0.3904000000000001
1116 0.3904000000000001
1117 0.39000000000000007
1118 0.39000000000000007
1119 0.39000000000000007
1120 0.38960000000000006
1121 0.38960000000000006
1122 0.38960000000000006
1123 0.3892000000000001
1124 0.3892000000000001
1125 0.3892000000000001
1126 0.3888000000000001
1127 0.3888000000000001
1128 0.3884
1129 0.3884
1130 0.38799999999999996
1131 0.38799999999999996
1132 0.38799999999999996
1133 0.38799999999999996
1134 0.3876
1135 0.3876
1136 0.3876
1137 0.3876
1138 0.38719999999999993
1139 0.3867999999999999
1140 0.386
1141 0.386
1142 0.386
1143 0.386
1144 0.386
1145 0.386
1146 0.386
1147 0.38520000000000004
1148 0.38520000000000004
1149 0.3848
1150 0.3848
1151 0.38439999999999996
1152 0.38439999999999996
1153 0.38439999999999996
1154 0.384
1155 0.384
1156 0.384
1157 0.3836
1158 0.3836
1159 0.3836
1160 0.38319999999999993
1161 0.3827999999999999
1162 0.38239999999999996
1163 0.38239999999999996
1164 0.38239999999999996
1165 0.38239999999999996
1166 0.38239999999999996
1167 0.38199999999999995
1168 0.38159999999999994
1169 0.38159999999999994
1170 0.38159999999999994
1171 0.3812
1172 0.3812
1173 0.38079999999999997
1174 0.38079999999999997
1175 0.3804
1176 0.3804
1177 0.37920000000000004
1178 0.37920000000000004
1179 0.37920000000000004
1180 0.37920000000000004
1181 0.3788
1182 0.3788
1183 0.37800000000000006
1184 0.37800000000000006
1185 0.37800000000000006
1186 0.37760000000000005
1187 0.37760000000000005
1188 0.37760000000000005
1189 0.37720000000000004
1190 0.37720000000000004
1191 0.37720000000000004
1192 0.37720000000000004
1193 0.37720000000000004
1194 0.37720000000000004
1195 0.37720000000000004
1196 0.3768000000000001
1197 0.3768000000000001
1198 0.3768000000000001
1199 0.3768000000000001
1200 0.3768000000000001
1201 0.3768000000000001
1202 0.3768000000000001
1203 0.3768000000000001
1204 0.3768000000000001
1205 0.37640000000000007
1206 0.37640000000000007
1207 0.37640000000000007
1208 0.37640000000000007
1209 0.37640000000000007
1210 0.37640000000000007
1211 0.3760000000000001
1212 0.3756000000000001
1213 0.3756000000000001
1214 0.3756000000000001
1215 0.3752000000000001
1216 0.37480000000000013
1217 0.3740000000000001
1218 0.37360000000000015
1219 0.37360000000000015
1220 0.37360000000000015
1221 0.37360000000000015
1222 0.37320000000000014
1223 0.37320000000000014
1224 0.37320000000000014
1225 0.37280000000000013
1226 0.3724000000000002
1227 0.37200000000000016
1228 0.37200000000000016
1229 0.37160000000000015
1230 0.37120000000000014
1231 0.37120000000000014
1232 0.37120000000000014
1233 0.37080000000000013
1234 0.37080000000000013
1235 0.3704000000000001
1236 0.3704000000000001
1237 0.37000000000000016
1238 0.3696000000000001
1239 0.3696000000000001
1240 0.3696000000000001
1241 0.3696000000000001
1242 0.3696000000000001
1243 0.3696000000000001
1244 0.3696000000000001
1245 0.3696000000000001
1246 0.3696000000000001
1247 0.3696000000000001
1248 0.3696000000000001
1249 0.3696000000000001
1250 0.3696000000000001
1251 0.3696000000000001
1252 0.3696000000000001
1253 0.3696000000000001
1254 0.3692000000000001
1255 0.3692000000000001
1256 0.3692000000000001
1257 0.3692000000000001
1258 0.3688
1259 0.3688
1260 0.36840000000000006
1261 0.36840000000000006
1262 0.36800000000000005
1263 0.36800000000000005
1264 0.36760000000000004
1265 0.36760000000000004
1266 0.3672000000000001
1267 0.36680000000000007
1268 0.36680000000000007
1269 0.36680000000000007
1270 0.36680000000000007
1271 0.3660000000000001
1272 0.3660000000000001
1273 0.3656000000000001
1274 0.36440000000000006
1275 0.36440000000000006
1276 0.36400000000000005
1277 0.36400000000000005
1278 0.3636000000000001
1279 0.3636000000000001
1280 0.3636000000000001
1281 0.3636000000000001
1282 0.3632000000000001
1283 0.3632000000000001
1284 0.3632000000000001
1285 0.3620000000000001
1286 0.3616000000000001
1287 0.3616000000000001
1288 0.36120000000000013
1289 0.3608000000000001
1290 0.3608000000000001
1291 0.3608000000000001
1292 0.3604000000000001
1293 0.3604000000000001
1294 0.3604000000000001
1295 0.36000000000000015
1296 0.35960000000000014
1297 0.3592000000000002
1298 0.3592000000000002
1299 0.3592000000000002
1300 0.3588000000000002
1301 0.3588000000000002
1302 0.3588000000000002
1303 0.35840000000000016
1304 0.3580000000000002
1305 0.3580000000000002
1306 0.3580000000000002
1307 0.3580000000000002
1308 0.35720000000000013
1309 0.35720000000000013
1310 0.35600000000000015
1311 0.35600000000000015
1312 0.35600000000000015
1313 0.3556000000000001
1314 0.3556000000000001
1315 0.3548000000000001
1316 0.3548000000000001
1317 0.3544000000000001
1318 0.3544000000000001
1319 0.3544000000000001
1320 0.3544000000000001
1321 0.3544000000000001
1322 0.35400000000000015
1323 0.35400000000000015
1324 0.35400000000000015
1325 0.35400000000000015
1326 0.35400000000000015
1327 0.35400000000000015
1328 0.35360000000000014
1329 0.35320000000000007
1330 0.35320000000000007
1331 0.35320000000000007
1332 0.35280000000000006
1333 0.35280000000000006
1334 0.3524000000000001
1335 0.3516
1336 0.3516
1337 0.3516
1338 0.35120000000000007
1339 0.35080000000000006
1340 0.35080000000000006
1341 0.35080000000000006
1342 0.35080000000000006
1343 0.35080000000000006
1344 0.35080000000000006
1345 0.35080000000000006
1346 0.35080000000000006
1347 0.35080000000000006
1348 0.35080000000000006
1349 0.35080000000000006
1350 0.35080000000000006
1351 0.35080000000000006
1352 0.3500000000000001
1353 0.3496000000000001
1354 0.3496000000000001
1355 0.3496000000000001
1356 0.3496000000000001
1357 0.3496000000000001
1358 0.3496000000000001
1359 0.3496000000000001
1360 0.34920000000000007
1361 0.34920000000000007
1362 0.34920000000000007
1363 0.3488000000000001
1364 0.3484000000000001
1365 0.3484000000000001
1366 0.3480000000000001
1367 0.3480000000000001
1368 0.3480000000000001
1369 0.3480000000000001
1370 0.3480000000000001
1371 0.3472000000000001
1372 0.3472000000000001
1373 0.3472000000000001
1374 0.3472000000000001
1375 0.3472000000000001
1376 0.3472000000000001
1377 0.34680000000000005
1378 0.34680000000000005
1379 0.34680000000000005
1380 0.34680000000000005
1381 0.34680000000000005
1382 0.3464000000000001
1383 0.3464000000000001
1384 0.3464000000000001
1385 0.3464000000000001
1386 0.3464000000000001
1387 0.3464000000000001
1388 0.3464000000000001
1389 0.3464000000000001
1390 0.3464000000000001
1391 0.3464000000000001
1392 0.3464000000000001
1393 0.3464000000000001
1394 0.3460000000000001
1395 0.3456000000000001
1396 0.3456000000000001
1397 0.3456000000000001
1398 0.3456000000000001
1399 0.3456000000000001
1400 0.3456000000000001
1401 0.3456000000000001
1402 0.3448000000000001
1403 0.3444000000000001
1404 0.34360000000000007
1405 0.34360000000000007
1406 0.34360000000000007
1407 0.34360000000000007
1408 0.34360000000000007
1409 0.34320000000000006
1410 0.34320000000000006
1411 0.3428000000000001
1412 0.3428000000000001
1413 0.3428000000000001
1414 0.3420000000000001
1415 0.3420000000000001
1416 0.3420000000000001
1417 0.3420000000000001
1418 0.3416000000000001
1419 0.3416000000000001
1420 0.3416000000000001
1421 0.3408000000000001
1422 0.3408000000000001
1423 0.34040000000000015
1424 0.34040000000000015
1425 0.34040000000000015
1426 0.34000000000000014
1427 0.3396000000000001
1428 0.3396000000000001
1429 0.3388000000000001
1430 0.3388000000000001
1431 0.3384000000000001
1432 0.33800000000000013
1433 0.33800000000000013
1434 0.33800000000000013
1435 0.33800000000000013
1436 0.33800000000000013
1437 0.33800000000000013
1438 0.33800000000000013
1439 0.33800000000000013
1440 0.33800000000000013
1441 0.33800000000000013
1442 0.3376000000000001
1443 0.3372000000000001
1444 0.33640000000000014
1445 0.33640000000000014
1446 0.33640000000000014
1447 0.33640000000000014
1448 0.33640000000000014
1449 0.3360000000000001
1450 0.3360000000000001
1451 0.3360000000000001
1452 0.3360000000000001
1453 0.3360000000000001
1454 0.3360000000000001
1455 0.3360000000000001
1456 0.3360000000000001
1457 0.3356000000000001
1458 0.3356000000000001
1459 0.3352000000000001
1460 0.33440000000000014
1461 0.33360000000000006
1462 0.33360000000000006
1463 0.3328000000000001
1464 0.3328000000000001
1465 0.3324000000000001
1466 0.3324000000000001
1467 0.3324000000000001
1468 0.3316000000000001
1469 0.3316000000000001
1470 0.3316000000000001
1471 0.33120000000000005
1472 0.33120000000000005
1473 0.33039999999999997
1474 0.33039999999999997
1475 0.3299999999999999
1476 0.32959999999999995
1477 0.32959999999999995
1478 0.32959999999999995
1479 0.32919999999999994
1480 0.32919999999999994
1481 0.3288
1482 0.3288
1483 0.3288
1484 0.3288
1485 0.3288
1486 0.32839999999999997
1487 0.32799999999999996
1488 0.32799999999999996
1489 0.32799999999999996
1490 0.3276
1491 0.3272
1492 0.3272
1493 0.3272
1494 0.3268
1495 0.3264
1496 0.3264
1497 0.3264
1498 0.326
1499 0.326
1500 0.326
1501 0.3256
1502 0.3256
1503 0.32520000000000004
1504 0.32520000000000004
1505 0.32520000000000004
1506 0.32520000000000004
1507 0.32520000000000004
1508 0.32520000000000004
1509 0.32520000000000004
1510 0.32520000000000004
1511 0.32520000000000004
1512 0.32520000000000004
1513 0.32480000000000003
1514 0.3244
1515 0.3244
1516 0.3244
1517 0.324
1518 0.324
1519 0.3236
1520 0.3236
1521 0.3232
1522 0.3232
1523 0.32280000000000003
1524 0.32280000000000003
1525 0.32280000000000003
1526 0.32280000000000003
1527 0.3224
1528 0.3224
1529 0.3224
1530 0.3224
1531 0.322
1532 0.322
1533 0.322
1534 0.322
1535 0.322
1536 0.322
1537 0.322
1538 0.322
1539 0.322
1540 0.32160000000000005
1541 0.32160000000000005
1542 0.32120000000000004
1543 0.32120000000000004
1544 0.32120000000000004
1545 0.32080000000000003
1546 0.32080000000000003
1547 0.3204
1548 0.3204
1549 0.3204
1550 0.31999999999999995
1551 0.3196
1552 0.3196
1553 0.3188
1554 0.3184
1555 0.3184
1556 0.318
1557 0.318
1558 0.318
1559 0.3176
1560 0.3176
1561 0.3176
1562 0.3176
1563 0.3176
1564 0.3176
1565 0.3176
1566 0.3176
1567 0.31720000000000004
1568 0.31720000000000004
1569 0.31720000000000004
1570 0.3168
1571 0.3168
1572 0.3168
1573 0.3164
1574 0.316
1575 0.316
1576 0.316
1577 0.316
1578 0.316
1579 0.316
1580 0.31560000000000005
1581 0.31520000000000004
1582 0.31520000000000004
1583 0.3148
1584 0.3148
1585 0.3148
1586 0.3148
1587 0.3148
1588 0.3148
1589 0.3144
1590 0.3144
1591 0.31399999999999995
1592 0.31399999999999995
1593 0.31399999999999995
1594 0.31399999999999995
1595 0.31399999999999995
1596 0.31399999999999995
1597 0.31399999999999995
1598 0.31359999999999993
1599 0.3132
1600 0.31279999999999997
1601 0.31279999999999997
1602 0.3124
1603 0.3124
1604 0.3124
1605 0.312
1606 0.312
1607 0.312
1608 0.312
1609 0.3116
1610 0.31120000000000003
1611 0.3108
1612 0.30999999999999994
1613 0.3096
1614 0.3096
1615 0.3096
1616 0.3096
1617 0.3092
1618 0.3092
1619 0.3092
1620 0.3092
1621 0.3092
1622 0.3092
1623 0.30879999999999996
1624 0.30879999999999996
1625 0.3084
1626 0.3084
1627 0.308
1628 0.308
1629 0.308
1630 0.30760000000000004
1631 0.3072
1632 0.3072
1633 0.3072
1634 0.3072
1635 0.3068
1636 0.3068
1637 0.3068
1638 0.3064
1639 0.3064
1640 0.3064
1641 0.3064
1642 0.3064
1643 0.3064
1644 0.3064
1645 0.3064
1646 0.3064
1647 0.3064
1648 0.3064
1649 0.3064
1650 0.3064
1651 0.3064
1652 0.3064
1653 0.3064
1654 0.3064
1655 0.3064
1656 0.3064
1657 0.3064
1658 0.3064
1659 0.3064
1660 0.3064
1661 0.3064
1662 0.3064
1663 0.3064
1664 0.3064
1665 0.3064
1666 0.306
1667 0.306
1668 0.306
1669 0.306
1670 0.306
1671 0.306
1672 0.30560000000000004
1673 0.30560000000000004
1674 0.30560000000000004
1675 0.3052
1676 0.3048
1677 0.30440000000000006
1678 0.30440000000000006
1679 0.30440000000000006
1680 0.30400000000000005
1681 0.30400000000000005
1682 0.30400000000000005
1683 0.30360000000000004
1684 0.30360000000000004
1685 0.30360000000000004
1686 0.30360000000000004
1687 0.3032
1688 0.3032
1689 0.3032
1690 0.30279999999999996
1691 0.30279999999999996
1692 0.30279999999999996
1693 0.3024
1694 0.302
1695 0.302
1696 0.302
1697 0.302
1698 0.302
1699 0.302
1700 0.302
1701 0.302
1702 0.302
1703 0.302
1704 0.3016
1705 0.3016
1706 0.3012
1707 0.3012
1708 0.3012
1709 0.3012
1710 0.3012
1711 0.3012
1712 0.3012
1713 0.3012
1714 0.3012
1715 0.3012
1716 0.3012
1717 0.3012
1718 0.3008
1719 0.3008
1720 0.3008
1721 0.3008
1722 0.3008
1723 0.3008
1724 0.3004
1725 0.30000000000000004
1726 0.30000000000000004
1727 0.30000000000000004
1728 0.30000000000000004
1729 0.30000000000000004
1730 0.30000000000000004
1731 0.30000000000000004
1732 0.30000000000000004
1733 0.30000000000000004
1734 0.30000000000000004
1735 0.29960000000000003
1736 0.29960000000000003
1737 0.29960000000000003
1738 0.29960000000000003
1739 0.29960000000000003
1740 0.29960000000000003
1741 0.29960000000000003
1742 0.2992
1743 0.2992
1744 0.2992
1745 0.2988
1746 0.2988
1747 0.2988
1748 0.2988
1749 0.29840000000000005
1750 0.29840000000000005
1751 0.29840000000000005
1752 0.29840000000000005
1753 0.29840000000000005
1754 0.29840000000000005
1755 0.29840000000000005
1756 0.298
1757 0.2975999999999999
1758 0.2975999999999999
1759 0.2975999999999999
1760 0.2971999999999999
1761 0.2971999999999999
1762 0.2971999999999999
1763 0.2967999999999999
1764 0.2967999999999999
1765 0.2967999999999999
1766 0.2967999999999999
1767 0.2967999999999999
1768 0.2967999999999999
1769 0.2967999999999999
1770 0.2967999999999999
1771 0.2967999999999999
1772 0.2967999999999999
1773 0.2963999999999999
1774 0.2963999999999999
1775 0.2955999999999999
1776 0.2955999999999999
1777 0.2955999999999999
1778 0.2955999999999999
1779 0.2955999999999999
1780 0.2955999999999999
1781 0.2951999999999999
1782 0.2951999999999999
1783 0.2951999999999999
1784 0.2951999999999999
1785 0.2951999999999999
1786 0.2951999999999999
1787 0.2951999999999999
1788 0.2951999999999999
1789 0.2951999999999999
1790 0.2951999999999999
1791 0.29479999999999995
1792 0.29479999999999995
1793 0.29479999999999995
1794 0.29479999999999995
1795 0.29479999999999995
1796 0.29479999999999995
1797 0.29479999999999995
1798 0.29479999999999995
1799 0.29479999999999995
1800 0.29439999999999994
1801 0.29439999999999994
1802 0.29439999999999994
1803 0.29399999999999993
1804 0.29359999999999997
1805 0.29359999999999997
1806 0.29359999999999997
1807 0.29359999999999997
1808 0.29319999999999996
1809 0.29319999999999996
1810 0.29319999999999996
1811 0.29319999999999996
1812 0.2927999999999999
1813 0.2927999999999999
1814 0.29239999999999994
1815 0.29239999999999994
1816 0.29239999999999994
1817 0.29239999999999994
1818 0.29239999999999994
1819 0.29239999999999994
1820 0.29239999999999994
1821 0.29239999999999994
1822 0.29239999999999994
1823 0.29239999999999994
1824 0.29239999999999994
1825 0.29239999999999994
1826 0.29239999999999994
1827 0.29239999999999994
1828 0.29239999999999994
1829 0.29239999999999994
1830 0.29239999999999994
1831 0.29239999999999994
1832 0.29239999999999994
1833 0.29239999999999994
1834 0.2919999999999999
1835 0.2919999999999999
1836 0.2919999999999999
1837 0.2919999999999999
1838 0.2919999999999999
1839 0.2919999999999999
1840 0.2915999999999999
1841 0.2915999999999999
1842 0.2915999999999999
1843 0.2915999999999999
1844 0.29119999999999996
1845 0.29119999999999996
1846 0.2907999999999999
1847 0.2907999999999999
1848 0.2907999999999999
1849 0.2907999999999999
1850 0.2907999999999999
1851 0.2907999999999999
1852 0.29039999999999994
1853 0.29039999999999994
1854 0.29039999999999994
1855 0.29039999999999994
1856 0.29039999999999994
1857 0.29039999999999994
1858 0.29039999999999994
1859 0.29039999999999994
1860 0.29039999999999994
1861 0.2899999999999999
1862 0.2899999999999999
1863 0.2899999999999999
1864 0.2899999999999999
1865 0.2899999999999999
1866 0.2899999999999999
1867 0.2899999999999999
1868 0.2899999999999999
1869 0.2899999999999999
1870 0.2899999999999999
1871 0.2895999999999999
1872 0.2895999999999999
1873 0.2895999999999999
1874 0.2895999999999999
1875 0.28919999999999996
1876 0.28919999999999996
1877 0.28919999999999996
1878 0.28919999999999996
1879 0.28919999999999996
1880 0.28919999999999996
1881 0.28919999999999996
1882 0.28919999999999996
1883 0.28919999999999996
1884 0.28919999999999996
1885 0.28919999999999996
1886 0.28919999999999996
1887 0.28879999999999995
1888 0.28879999999999995
1889 0.28879999999999995
1890 0.28879999999999995
1891 0.28879999999999995
1892 0.28879999999999995
1893 0.28879999999999995
1894 0.28879999999999995
1895 0.28879999999999995
1896 0.28879999999999995
1897 0.28879999999999995
1898 0.28879999999999995
1899 0.2884
1900 0.2884
1901 0.2884
1902 0.2884
1903 0.2884
1904 0.2884
1905 0.2884
1906 0.2884
1907 0.2884
1908 0.2884
1909 0.2884
1910 0.2884
1911 0.288
1912 0.288
1913 0.288
1914 0.288
1915 0.288
1916 0.288
1917 0.288
1918 0.288
1919 0.288
1920 0.288
1921 0.2872
1922 0.2872
1923 0.2872
1924 0.28679999999999994
1925 0.28679999999999994
1926 0.28679999999999994
1927 0.28639999999999993
1928 0.28639999999999993
1929 0.28639999999999993
1930 0.2859999999999999
1931 0.2859999999999999
1932 0.2859999999999999
1933 0.2855999999999999
1934 0.2855999999999999
1935 0.2855999999999999
1936 0.2855999999999999
1937 0.2855999999999999
1938 0.2855999999999999
1939 0.2855999999999999
1940 0.2855999999999999
1941 0.2855999999999999
1942 0.2855999999999999
1943 0.28479999999999994
1944 0.28479999999999994
1945 0.28479999999999994
1946 0.28479999999999994
1947 0.28479999999999994
1948 0.28479999999999994
1949 0.28479999999999994
1950 0.28479999999999994
1951 0.28479999999999994
1952 0.28479999999999994
1953 0.28479999999999994
1954 0.28479999999999994
1955 0.28479999999999994
1956 0.28479999999999994
1957 0.28479999999999994
1958 0.28479999999999994
1959 0.28479999999999994
1960 0.28479999999999994
1961 0.28479999999999994
1962 0.28479999999999994
1963 0.28479999999999994
1964 0.28479999999999994
1965 0.28479999999999994
1966 0.28479999999999994
1967 0.28479999999999994
1968 0.28479999999999994
1969 0.28479999999999994
1970 0.28479999999999994
1971 0.28479999999999994
1972 0.2843999999999999
1973 0.2843999999999999
1974 0.2843999999999999
1975 0.2843999999999999
1976 0.2843999999999999
1977 0.2843999999999999
1978 0.2843999999999999
1979 0.2843999999999999
1980 0.2843999999999999
1981 0.28399999999999986
1982 0.28399999999999986
1983 0.28399999999999986
1984 0.28399999999999986
1985 0.2835999999999999
1986 0.2835999999999999
1987 0.2835999999999999
1988 0.2835999999999999
1989 0.2835999999999999
1990 0.2835999999999999
1991 0.2835999999999999
1992 0.2835999999999999
1993 0.2835999999999999
1994 0.2835999999999999
1995 0.2831999999999999
1996 0.2831999999999999
1997 0.2831999999999999
1998 0.2831999999999999
1999 0.2831999999999999
