1 1.0
2 1.0
3 1.0
4 0.9995999999999999
5 0.9992
6 0.9992
7 0.9987999999999999
8 0.998
9 0.9972
10 0.9963999999999998
11 0.9963999999999998
12 0.9955999999999997
13 0.9951999999999999
14 0.9943999999999997
15 0.9923999999999996
16 0.9911999999999997
17 0.9887999999999997
18 0.9883999999999996
19 0.9883999999999996
20 0.9883999999999996
21 0.9871999999999997
22 0.9863999999999996
23 0.9863999999999996
24 0.9847999999999996
25 0.9847999999999996
26 0.9831999999999996
27 0.9823999999999995
28 0.9819999999999997
29 0.9815999999999997
30 0.9815999999999997
31 0.9791999999999996
32 0.9791999999999996
33 0.9775999999999996
34 0.9771999999999997
35 0.9771999999999997
36 0.9767999999999997
37 0.9755999999999996
38 0.9755999999999996
39 0.9731999999999996
40 0.9723999999999995
41 0.9711999999999993
42 0.9703999999999995
43 0.9691999999999994
44 0.9687999999999994
45 0.9675999999999993
46 0.9671999999999994
47 0.9659999999999995
48 0.9643999999999996
49 0.9635999999999996
50 0.9631999999999996
51 0.9627999999999995
52 0.9623999999999997
53 0.9619999999999996
54 0.9607999999999997
55 0.9587999999999997
56 0.9579999999999997
57 0.9571999999999997
58 0.9567999999999998
59 0.9563999999999997
60 0.9559999999999998
61 0.9547999999999998
62 0.9531999999999996
63 0.9531999999999996
64 0.9519999999999996
65 0.9499999999999997
66 0.9495999999999997
67 0.9475999999999998
68 0.9467999999999996
69 0.9455999999999998
70 0.9455999999999998
71 0.9455999999999998
72 0.9451999999999997
73 0.9439999999999996
74 0.9435999999999997
75 0.9427999999999997
76 0.9427999999999997
77 0.9419999999999997
78 0.9407999999999999
79 0.9399999999999998
80 0.9396
81 0.9391999999999999
82 0.9388
83 0.938
84 0.938
85 0.9371999999999998
86 0.9375999999999999
87 0.9379999999999998
88 0.9375999999999999
89 0.9379999999999998
90 0.9388
91 0.9379999999999998
92 0.9383999999999999
93 0.9383999999999999
94 0.9368
95 0.9368
96 0.9355999999999999
97 0.9351999999999999
98 0.9335999999999999
99 0.9331999999999999
100 0.9327999999999999
101 0.9319999999999999
102 0.9299999999999998
103 0.9291999999999999
104 0.9288
105 0.9275999999999999
106 0.9275999999999999
107 0.9263999999999999
108 0.9251999999999998
109 0.9251999999999998
110 0.9268
111 0.9264
112 0.9268
113 0.9268000000000001
114 0.9264000000000001
115 0.9260000000000003
116 0.9260000000000003
117 0.9252000000000002
118 0.9244000000000002
119 0.9240000000000002
120 0.9228000000000003
121 0.9220000000000003
122 0.9220000000000003
123 0.9212000000000002
124 0.9188000000000001
125 0.9176000000000002
126 0.9168000000000002
127 0.9168000000000002
128 0.9164000000000001
129 0.9156
130 0.9152
131 0.9152
132 0.9148000000000001
133 0.9155999999999999
134 0.9152000000000001
135 0.9156
136 0.9172000000000001
137 0.9188000000000001
138 0.9188000000000001
139 0.9192
140 0.9184
141 0.9184
142 0.9179999999999999
143 0.9184
144 0.9179999999999999
145 0.9172
146 0.9168000000000001
147 0.916
148 0.916
149 0.916
150 0.9152000000000001
151 0.9156
152 0.9148000000000001
153 0.9148000000000001
154 0.9156
155 0.9176000000000001
156 0.9179999999999999
157 0.9176000000000001
158 0.9176000000000001
159 0.9188
160 0.9183999999999998
161 0.9215999999999999
162 0.9215999999999999
163 0.9219999999999999
164 0.9216
165 0.9216
166 0.9219999999999999
167 0.92
168 0.9203999999999999
169 0.9191999999999999
170 0.9168
171 0.9163999999999999
172 0.9159999999999999
173 0.9139999999999999
174 0.9120000000000001
175 0.9100000000000001
176 0.9092000000000001
177 0.9080000000000001
178 0.9092000000000001
179 0.9104000000000001
180 0.9107999999999999
181 0.9119999999999999
182 0.9131999999999998
183 0.9135999999999999
184 0.9131999999999998
185 0.9139999999999998
186 0.9139999999999998
187 0.9147999999999997
188 0.9151999999999998
189 0.9144
190 0.914
191 0.9136
192 0.9132000000000001
193 0.9120000000000001
194 0.9116000000000001
195 0.9116000000000001
196 0.9116000000000001
197 0.9107999999999999
198 0.9104000000000001
199 0.9096000000000001
200 0.9092
201 0.9088000000000003
202 0.9088000000000003
203 0.9092000000000001
204 0.9104000000000002
205 0.9120000000000001
206 0.9140000000000001
207 0.9140000000000001
208 0.9148000000000002
209 0.9172000000000001
210 0.9180000000000001
211 0.9176000000000002
212 0.9172
213 0.9164
214 0.9159999999999999
215 0.9156
216 0.9148000000000001
217 0.9148000000000001
218 0.9144000000000001
219 0.9128000000000001
220 0.9112
221 0.91
222 0.9092
223 0.9087999999999999
224 0.9048
225 0.9036000000000002
226 0.9036000000000002
227 0.9028
228 0.9028
229 0.9036000000000002
230 0.9052000000000001
231 0.9048000000000002
232 0.9068000000000002
233 0.9072000000000001
234 0.9096000000000001
235 0.9107999999999999
236 0.9107999999999999
237 0.9103999999999999
238 0.9096
239 0.9076000000000002
240 0.9056000000000001
241 0.9048000000000002
242 0.9036000000000002
243 0.9028000000000002
244 0.9016000000000003
245 0.9000000000000002
246 0.8992000000000001
247 0.8984000000000001
248 0.8976000000000001
249 0.8948000000000002
250 0.8948000000000002
251 0.8932000000000001
252 0.8952000000000001
253 0.8964
254 0.8996
255 0.9007999999999999
256 0.9028
257 0.9056000000000001
258 0.9056000000000002
259 0.9064000000000003
260 0.9072000000000002
261 0.9068000000000002
262 0.9068000000000002
263 0.9064000000000003
264 0.9056000000000003
265 0.9052000000000002
266 0.9032000000000001
267 0.9016
268 0.9007999999999999
269 0.9
270 0.8976000000000001
271 0.8964000000000002
272 0.8956000000000002
273 0.8944000000000003
274 0.8960000000000002
275 0.8964000000000002
276 0.8944000000000003
277 0.8968000000000003
278 0.8976000000000002
279 0.8984000000000002
280 0.8988
281 0.8984000000000001
282 0.8988
283 0.8996000000000002
284 0.8996
285 0.8996
286 0.8979999999999998
287 0.8967999999999999
288 0.8963999999999999
289 0.8955999999999998
290 0.8951999999999998
291 0.8931999999999998
292 0.8923999999999996
293 0.8899999999999999
294 0.8904
295 0.8892
296 0.8887999999999999
297 0.8872
298 0.8872
299 0.8867999999999999
300 0.8871999999999999
301 0.8895999999999998
302 0.8891999999999999
303 0.8904
304 0.8908
305 0.8928000000000001
306 0.8952000000000001
307 0.8944000000000003
308 0.8944000000000001
309 0.8948
310 0.8936
311 0.8936
312 0.8932000000000001
313 0.8916
314 0.8912
315 0.8904
316 0.8884000000000002
317 0.8884000000000002
318 0.8872000000000001
319 0.8868000000000003
320 0.8868
321 0.8848
322 0.8844000000000001
323 0.8836000000000002
324 0.8840000000000002
325 0.8860000000000001
326 0.8860000000000002
327 0.8852000000000001
328 0.8868
329 0.8872000000000001
330 0.8864
331 0.8859999999999999
332 0.8843999999999997
333 0.8835999999999997
334 0.8819999999999998
335 0.8815999999999998
336 0.8803999999999997
337 0.8799999999999997
338 0.8783999999999998
339 0.8771999999999999
340 0.8763999999999998
341 0.8755999999999999
342 0.8751999999999999
343 0.8759999999999998
344 0.8755999999999999
345 0.8752
346 0.8748
347 0.8748
348 0.8736000000000002
349 0.8764
350 0.8784000000000002
351 0.8808000000000001
352 0.8816000000000003
353 0.8832000000000001
354 0.8847999999999999
355 0.8855999999999997
356 0.8851999999999997
357 0.8847999999999998
358 0.8847999999999998
359 0.8847999999999998
360 0.8827999999999999
361 0.8807999999999997
362 0.8799999999999997
363 0.8791999999999998
364 0.8787999999999997
365 0.8779999999999997
366 0.8767999999999998
367 0.8751999999999999
368 0.8759999999999998
369 0.8751999999999999
370 0.8748
371 0.8767999999999999
372 0.8772
373 0.8788000000000001
374 0.8811999999999999
375 0.8839999999999999
376 0.8852
377 0.8859999999999999
378 0.8867999999999999
379 0.8880000000000001
380 0.8883999999999999
381 0.8876
382 0.8867999999999999
383 0.8855999999999998
384 0.8851999999999998
385 0.8823999999999999
386 0.8811999999999999
387 0.8799999999999999
388 0.8799999999999999
389 0.8787999999999999
390 0.878
391 0.8767999999999999
392 0.8759999999999999
393 0.8764
394 0.8772
395 0.8767999999999999
396 0.8775999999999999
397 0.8799999999999997
398 0.8827999999999999
399 0.8835999999999998
400 0.8832
401 0.8839999999999999
402 0.888
403 0.8883999999999999
404 0.8879999999999998
405 0.8875999999999997
406 0.8855999999999998
407 0.8835999999999998
408 0.8824
409 0.8811999999999999
410 0.8804000000000001
411 0.8795999999999999
412 0.8784000000000001
413 0.8775999999999999
414 0.8767999999999999
415 0.8752
416 0.8755999999999999
417 0.8735999999999997
418 0.8723999999999996
419 0.8743999999999998
420 0.8755999999999999
421 0.8779999999999998
422 0.878
423 0.8787999999999999
424 0.8787999999999999
425 0.8804
426 0.8811999999999998
427 0.8823999999999999
428 0.8832
429 0.8811999999999999
430 0.88
431 0.8787999999999999
432 0.8767999999999997
433 0.8751999999999996
434 0.8743999999999997
435 0.8723999999999998
436 0.8711999999999998
437 0.8691999999999999
438 0.8687999999999999
439 0.8671999999999999
440 0.8659999999999998
441 0.8647999999999999
442 0.8644
443 0.8652
444 0.8643999999999998
445 0.8664000000000001
446 0.8664000000000001
447 0.8671999999999999
448 0.868
449 0.8707999999999998
450 0.8711999999999999
451 0.8707999999999998
452 0.8704
453 0.8684000000000001
454 0.8668
455 0.8660000000000001
456 0.8648
457 0.8640000000000001
458 0.8628
459 0.8612000000000001
460 0.86
461 0.8592
462 0.858
463 0.8552000000000001
464 0.8536000000000001
465 0.8520000000000003
466 0.8520000000000003
467 0.8560000000000001
468 0.8596
469 0.862
470 0.862
471 0.8636
472 0.8667999999999999
473 0.8704000000000001
474 0.872
475 0.8740000000000002
476 0.8728000000000001
477 0.8724000000000001
478 0.872
479 0.8704
480 0.8708
481 0.8695999999999999
482 0.8687999999999999
483 0.8668
484 0.866
485 0.8656
486 0.8644
487 0.8640000000000001
488 0.8639999999999999
489 0.8623999999999999
490 0.8644000000000002
491 0.8648
492 0.8672000000000001
493 0.8692
494 0.8728
495 0.8744
496 0.8772000000000001
497 0.8784000000000001
498 0.8796
499 0.8800000000000001
500 0.8796
501 0.8792000000000002
502 0.8796000000000003
503 0.8792000000000002
504 0.8776
505 0.8768
506 0.8740000000000001
507 0.8724000000000001
508 0.8704000000000002
509 0.8696000000000003
510 0.8684000000000003
511 0.8676000000000004
512 0.8664000000000003
513 0.8632000000000001
514 0.8624000000000003
515 0.8616000000000001
516 0.8624
517 0.8628000000000001
518 0.8648000000000003
519 0.8648000000000003
520 0.8644000000000004
521 0.8652000000000004
522 0.8672000000000003
523 0.8700000000000004
524 0.8692000000000003
525 0.8692000000000004
526 0.8692000000000004
527 0.8684000000000003
528 0.8676000000000004
529 0.8672000000000003
530 0.8656000000000001
531 0.8640000000000002
532 0.8636000000000001
533 0.8628000000000001
534 0.8620000000000002
535 0.8616000000000001
536 0.8608000000000001
537 0.8596000000000003
538 0.8620000000000002
539 0.8648000000000003
540 0.8672000000000001
541 0.8696
542 0.8728000000000001
543 0.8760000000000002
544 0.8788000000000004
545 0.8796
546 0.8820000000000001
547 0.8824000000000002
548 0.8816000000000002
549 0.8804000000000002
550 0.8784000000000002
551 0.8780000000000002
552 0.8764000000000002
553 0.8740000000000001
554 0.8712000000000001
555 0.8687999999999999
556 0.8664000000000001
557 0.8652
558 0.8636000000000001
559 0.862
560 0.8615999999999999
561 0.8615999999999999
562 0.8623999999999999
563 0.8623999999999999
564 0.8640000000000001
565 0.868
566 0.8684000000000002
567 0.8708000000000001
568 0.8736
569 0.8756
570 0.8768
571 0.8767999999999999
572 0.8767999999999999
573 0.8775999999999999
574 0.8775999999999997
575 0.8771999999999998
576 0.8747999999999998
577 0.8719999999999999
578 0.8715999999999999
579 0.8699999999999999
580 0.8683999999999998
581 0.868
582 0.8663999999999998
583 0.8655999999999999
584 0.8643999999999998
585 0.8624
586 0.862
587 0.8615999999999999
588 0.8647999999999999
589 0.8667999999999999
590 0.8695999999999999
591 0.8707999999999998
592 0.8719999999999999
593 0.8747999999999998
594 0.8775999999999997
595 0.8771999999999995
596 0.8783999999999995
597 0.8763999999999996
598 0.8743999999999995
599 0.8731999999999995
600 0.8707999999999996
601 0.8683999999999996
602 0.8667999999999997
603 0.8659999999999997
604 0.8647999999999998
605 0.8643999999999997
606 0.8631999999999997
607 0.8611999999999997
608 0.8591999999999997
609 0.8579999999999999
610 0.8579999999999999
611 0.8608
612 0.8623999999999999
613 0.8664000000000001
614 0.8680000000000001
615 0.8708
616 0.8695999999999999
617 0.8691999999999999
618 0.8703999999999997
619 0.8699999999999999
620 0.8683999999999998
621 0.8656
622 0.8648
623 0.8640000000000001
624 0.8632
625 0.862
626 0.8612000000000001
627 0.8608000000000001
628 0.8604
629 0.8576
630 0.8572
631 0.8576
632 0.856
633 0.8555999999999999
634 0.8551999999999998
635 0.8559999999999998
636 0.8575999999999999
637 0.8607999999999998
638 0.8615999999999999
639 0.8628000000000001
640 0.8636000000000003
641 0.8668000000000002
642 0.8664000000000003
643 0.8652000000000001
644 0.8656000000000001
645 0.8656
646 0.8652000000000001
647 0.8644
648 0.862
649 0.8604
650 0.8592000000000002
651 0.8584
652 0.8568000000000001
653 0.8556000000000001
654 0.8540000000000001
655 0.8532000000000001
656 0.8532000000000001
657 0.8540000000000001
658 0.8540000000000002
659 0.8532000000000002
660 0.8532000000000001
661 0.8544000000000002
662 0.8552000000000003
663 0.8572000000000002
664 0.8588000000000002
665 0.8608000000000002
666 0.8600000000000001
667 0.8595999999999999
668 0.8591999999999999
669 0.8583999999999999
670 0.858
671 0.8564
672 0.8564
673 0.8528
674 0.8515999999999999
675 0.8515999999999999
676 0.8512
677 0.848
678 0.8467999999999999
679 0.8440000000000001
680 0.8432
681 0.8403999999999999
682 0.8384
683 0.8388000000000001
684 0.8412000000000001
685 0.8447999999999999
686 0.8468000000000001
687 0.8507999999999999
688 0.8539999999999999
689 0.8552000000000001
690 0.8588
691 0.8575999999999998
692 0.8571999999999999
693 0.856
694 0.8556
695 0.8539999999999999
696 0.8515999999999997
697 0.8491999999999998
698 0.8483999999999997
699 0.8479999999999999
700 0.8463999999999997
701 0.8447999999999998
702 0.8451999999999998
703 0.8435999999999997
704 0.8439999999999996
705 0.8435999999999997
706 0.8423999999999998
707 0.8419999999999999
708 0.8439999999999998
709 0.8463999999999998
710 0.8467999999999998
711 0.8471999999999997
712 0.8495999999999998
713 0.8535999999999997
714 0.8535999999999997
715 0.8551999999999998
716 0.8543999999999998
717 0.8527999999999999
718 0.8507999999999999
719 0.8491999999999998
720 0.8471999999999998
721 0.8447999999999999
722 0.8439999999999999
723 0.8432
724 0.8423999999999998
725 0.8407999999999999
726 0.8383999999999999
727 0.8387999999999998
728 0.8371999999999998
729 0.8367999999999998
730 0.8371999999999998
731 0.8383999999999997
732 0.8375999999999998
733 0.8395999999999998
734 0.8415999999999998
735 0.8447999999999999
736 0.8479999999999999
737 0.8495999999999998
738 0.8515999999999998
739 0.8543999999999997
740 0.8543999999999998
741 0.8531999999999997
742 0.8515999999999998
743 0.8512
744 0.8515999999999998
745 0.8508
746 0.8503999999999999
747 0.8479999999999999
748 0.8475999999999999
749 0.8463999999999998
750 0.8464
751 0.8455999999999999
752 0.846
753 0.846
754 0.8443999999999997
755 0.8439999999999998
756 0.8447999999999997
757 0.8467999999999997
758 0.8475999999999998
759 0.8511999999999997
760 0.8515999999999999
761 0.8519999999999999
762 0.8535999999999998
763 0.8536
764 0.8552
765 0.8532
766 0.8507999999999999
767 0.8499999999999999
768 0.8483999999999997
769 0.8479999999999999
770 0.8471999999999997
771 0.8467999999999998
772 0.8447999999999998
773 0.8431999999999998
774 0.8423999999999998
775 0.8423999999999999
776 0.8419999999999999
777 0.8391999999999998
778 0.8395999999999998
779 0.8395999999999998
780 0.8419999999999997
781 0.8455999999999997
782 0.8495999999999998
783 0.8511999999999997
784 0.8543999999999998
785 0.8567999999999999
786 0.8575999999999999
787 0.8580000000000001
788 0.8576000000000001
789 0.8556000000000001
790 0.8548000000000002
791 0.8536000000000001
792 0.8512000000000001
793 0.8491999999999998
794 0.8464
795 0.8452
796 0.8432000000000001
797 0.8423999999999999
798 0.8408
799 0.8392000000000001
800 0.838
801 0.8368000000000001
802 0.8364000000000001
803 0.8388000000000001
804 0.8412
805 0.8451999999999998
806 0.8487999999999998
807 0.8528
808 0.8536
809 0.8572
810 0.8588
811 0.8595999999999999
812 0.8604
813 0.8600000000000001
814 0.8600000000000001
815 0.86
816 0.8584
817 0.856
818 0.8552000000000001
819 0.8552000000000001
820 0.8536000000000001
821 0.8532000000000001
822 0.8524
823 0.8524
824 0.8516000000000001
825 0.8508
826 0.8512000000000001
827 0.8520000000000002
828 0.8524000000000003
829 0.8552
830 0.8572000000000002
831 0.8580000000000002
832 0.8600000000000003
833 0.8636000000000004
834 0.8668000000000003
835 0.8688000000000003
836 0.8684000000000002
837 0.8700000000000003
838 0.8676000000000004
839 0.8668000000000003
840 0.8632000000000004
841 0.8612000000000003
842 0.8576000000000004
843 0.8560000000000002
844 0.8540000000000002
845 0.8528000000000001
846 0.8492000000000002
847 0.8480000000000001
848 0.8460000000000004
849 0.8452000000000003
850 0.8444000000000003
851 0.8444000000000002
852 0.8456000000000004
853 0.8468000000000002
854 0.8468000000000002
855 0.8460000000000002
856 0.848
857 0.8484
858 0.8472
859 0.8472
860 0.8464
861 0.8464
862 0.8443999999999999
863 0.8432000000000001
864 0.8428000000000001
865 0.8416000000000001
866 0.8396000000000001
867 0.8384
868 0.8360000000000001
869 0.8344000000000001
870 0.8316
871 0.8308000000000001
872 0.8288
873 0.8275999999999998
874 0.8264
875 0.826
876 0.8268
877 0.8291999999999998
878 0.8299999999999998
879 0.8316000000000001
880 0.8332000000000002
881 0.8352000000000003
882 0.8360000000000002
883 0.8363999999999998
884 0.8351999999999998
885 0.8331999999999999
886 0.8316000000000001
887 0.8311999999999999
888 0.8316
889 0.8311999999999999
890 0.8295999999999998
891 0.8287999999999998
892 0.8279999999999998
893 0.8271999999999998
894 0.8255999999999999
895 0.824
896 0.8219999999999998
897 0.8208
898 0.8207999999999999
899 0.8235999999999999
900 0.8231999999999998
901 0.824
902 0.8256
903 0.8264
904 0.8288000000000001
905 0.8312000000000002
906 0.8331999999999999
907 0.8331999999999998
908 0.8327999999999999
909 0.8311999999999997
910 0.8315999999999998
911 0.8307999999999999
912 0.8303999999999999
913 0.8303999999999999
914 0.8295999999999999
915 0.8283999999999999
916 0.8259999999999998
917 0.8251999999999998
918 0.8243999999999998
919 0.8239999999999997
920 0.8247999999999998
921 0.8231999999999998
922 0.8227999999999999
923 0.8247999999999998
924 0.8263999999999997
925 0.8283999999999998
926 0.8308
927 0.8355999999999999
928 0.8408
929 0.8467999999999999
930 0.8488000000000002
931 0.8508000000000001
932 0.85
933 0.8495999999999999
934 0.8475999999999999
935 0.8475999999999999
936 0.8467999999999999
937 0.8455999999999997
938 0.8443999999999997
939 0.8431999999999998
940 0.8407999999999999
941 0.8399999999999997
942 0.8371999999999998
943 0.8355999999999998
944 0.8347999999999998
945 0.8339999999999997
946 0.8343999999999997
947 0.8359999999999999
948 0.8387999999999997
949 0.8399999999999995
950 0.8407999999999997
951 0.8435999999999996
952 0.8471999999999997
953 0.8479999999999999
954 0.8523999999999998
955 0.8519999999999999
956 0.8515999999999998
957 0.8512
958 0.8512
959 0.8504
960 0.848
961 0.8472
962 0.8456
963 0.8452000000000001
964 0.8448
965 0.8423999999999999
966 0.84
967 0.8395999999999999
968 0.8395999999999999
969 0.8392000000000001
970 0.8407999999999999
971 0.8415999999999998
972 0.8432
973 0.8471999999999998
974 0.8491999999999997
975 0.8519999999999998
976 0.8535999999999998
977 0.8563999999999998
978 0.8595999999999998
979 0.8603999999999998
980 0.8611999999999997
981 0.8608
982 0.8595999999999999
983 0.8575999999999999
984 0.8555999999999997
985 0.8543999999999997
986 0.8515999999999998
987 0.8499999999999998
988 0.8467999999999998
989 0.8459999999999998
990 0.8439999999999999
991 0.8427999999999999
992 0.8419999999999999
993 0.8412
994 0.8415999999999998
995 0.8423999999999998
996 0.8435999999999999
997 0.8439999999999999
998 0.8451999999999997
999 0.8479999999999999
1000 0.8496000000000001
1001 0.8560000000000001
1002 0.8588
1003 0.8572000000000002
1004 0.8560000000000001
1005 0.8527999999999999
1006 0.8527999999999999
1007 0.8527999999999999
1008 0.8503999999999999
1009 0.85
1010 0.8495999999999999
1011 0.8488
1012 0.8475999999999999
1013 0.8467999999999999
1014 0.8455999999999999
1015 0.8451999999999998
1016 0.8443999999999999
1017 0.8439999999999999
1018 0.8435999999999999
1019 0.8452000000000001
1020 0.8460000000000001
1021 0.8504
1022 0.8544000000000002
1023 0.8552000000000003
1024 0.8592
1025 0.8616000000000003
1026 0.8628
1027 0.8636
1028 0.8632
1029 0.862
1030 0.8611999999999999
1031 0.8603999999999998
1032 0.858
1033 0.8567999999999999
1034 0.8555999999999999
1035 0.8547999999999999
1036 0.8539999999999999
1037 0.8532
1038 0.8528
1039 0.8512000000000001
1040 0.8507999999999999
1041 0.8495999999999999
1042 0.8495999999999999
1043 0.8483999999999997
1044 0.8503999999999999
1045 0.8512
1046 0.8524000000000003
1047 0.8528
1048 0.8556000000000001
1049 0.8576
1050 0.8567999999999999
1051 0.8556
1052 0.8559999999999998
1053 0.8555999999999999
1054 0.8536
1055 0.8532
1056 0.8523999999999999
1057 0.8523999999999999
1058 0.8504
1059 0.8488
1060 0.846
1061 0.8455999999999999
1062 0.8416
1063 0.8404
1064 0.8383999999999999
1065 0.8375999999999999
1066 0.8359999999999999
1067 0.8391999999999997
1068 0.8436
1069 0.8452000000000001
1070 0.8443999999999999
1071 0.8467999999999999
1072 0.8492000000000002
1073 0.85
1074 0.8512000000000001
1075 0.8508000000000001
1076 0.852
1077 0.85
1078 0.8492000000000001
1079 0.8484
1080 0.8480000000000001
1081 0.8464000000000002
1082 0.8452000000000001
1083 0.8420000000000001
1084 0.8412000000000001
1085 0.8408
1086 0.8384
1087 0.8360000000000001
1088 0.836
1089 0.8351999999999999
1090 0.8336
1091 0.834
1092 0.8375999999999998
1093 0.8407999999999999
1094 0.8435999999999999
1095 0.8452
1096 0.8488
1097 0.8475999999999998
1098 0.8495999999999998
1099 0.8503999999999998
1100 0.8499999999999998
1101 0.8495999999999998
1102 0.8491999999999997
1103 0.8479999999999999
1104 0.8471999999999998
1105 0.8452
1106 0.8420000000000001
1107 0.8408000000000001
1108 0.8392000000000001
1109 0.8380000000000001
1110 0.8352000000000003
1111 0.8332000000000002
1112 0.8328
1113 0.8316
1114 0.8311999999999999
1115 0.8292
1116 0.8323999999999999
1117 0.834
1118 0.8356
1119 0.838
1120 0.8416000000000001
1121 0.8444000000000002
1122 0.8448000000000002
1123 0.8460000000000001
1124 0.8456000000000001
1125 0.8444000000000002
1126 0.8432000000000001
1127 0.8408000000000001
1128 0.8396000000000001
1129 0.8371999999999998
1130 0.8347999999999999
1131 0.8319999999999999
1132 0.8316
1133 0.8311999999999999
1134 0.8288
1135 0.8276
1136 0.8280000000000001
1137 0.8260000000000001
1138 0.8248000000000001
1139 0.8260000000000001
1140 0.8272000000000002
1141 0.8272000000000002
1142 0.83
1143 0.834
1144 0.8336000000000001
1145 0.8344000000000001
1146 0.8348000000000002
1147 0.8364
1148 0.8388
1149 0.8376
1150 0.8364000000000001
1151 0.8364000000000001
1152 0.8352
1153 0.8336
1154 0.8312
1155 0.8308
1156 0.8296000000000001
1157 0.8284000000000001
1158 0.8268000000000002
1159 0.8260000000000002
1160 0.8256000000000001
1161 0.8260000000000001
1162 0.8244000000000001
1163 0.8240000000000001
1164 0.8252000000000002
1165 0.8280000000000003
1166 0.8272000000000002
1167 0.8292000000000003
1168 0.8312000000000004
1169 0.8352
1170 0.8368000000000001
1171 0.8364000000000001
1172 0.8368000000000001
1173 0.8375999999999999
1174 0.8367999999999998
1175 0.8351999999999998
1176 0.8343999999999998
1177 0.8323999999999998
1178 0.8307999999999999
1179 0.8283999999999999
1180 0.8256
1181 0.8252000000000002
1182 0.8248000000000001
1183 0.8232000000000003
1184 0.8228000000000003
1185 0.8228000000000003
1186 0.8224000000000004
1187 0.8236000000000004
1188 0.8236000000000003
1189 0.8276000000000003
1190 0.83
1191 0.8320000000000001
1192 0.8340000000000002
1193 0.8384000000000001
1194 0.8428000000000001
1195 0.8428000000000001
1196 0.8420000000000002
1197 0.8424000000000003
1198 0.8416000000000001
1199 0.8388000000000001
1200 0.8368000000000001
1201 0.8344000000000001
1202 0.8316000000000002
1203 0.8292
1204 0.8288000000000001
1205 0.8276
1206 0.8256
1207 0.8223999999999999
1208 0.8220000000000001
1209 0.8220000000000001
1210 0.8216000000000001
1211 0.8216
1212 0.8231999999999999
1213 0.8272000000000002
1214 0.8308000000000003
1215 0.8328000000000002
1216 0.8368000000000002
1217 0.8388000000000002
1218 0.8412000000000003
1219 0.8416000000000002
1220 0.8424000000000003
1221 0.8392000000000003
1222 0.8392000000000003
1223 0.8384000000000004
1224 0.8368000000000001
1225 0.8356000000000001
1226 0.8336000000000001
1227 0.8320000000000001
1228 0.8308000000000001
1229 0.8284000000000001
1230 0.8280000000000001
1231 0.8272000000000002
1232 0.8256000000000001
1233 0.8240000000000002
1234 0.8240000000000003
1235 0.8272000000000003
1236 0.8316000000000002
1237 0.8352
1238 0.8348000000000002
1239 0.8328000000000002
1240 0.8351999999999999
1241 0.8380000000000001
1242 0.84
1243 0.84
1244 0.8371999999999999
1245 0.8367999999999999
1246 0.8356
1247 0.8332
1248 0.8303999999999999
1249 0.8292
1250 0.8292
1251 0.8268000000000001
1252 0.8244
1253 0.824
1254 0.8235999999999999
1255 0.8211999999999999
1256 0.8199999999999997
1257 0.8199999999999997
1258 0.8211999999999999
1259 0.8220000000000001
1260 0.8244
1261 0.8263999999999999
1262 0.8292000000000002
1263 0.8344
1264 0.8355999999999999
1265 0.838
1266 0.8384
1267 0.8400000000000002
1268 0.8404
1269 0.84
1270 0.8388
1271 0.8376
1272 0.8352
1273 0.8336
1274 0.8324000000000001
1275 0.8312
1276 0.8308
1277 0.8308
1278 0.8295999999999999
1279 0.8288
1280 0.8288000000000001
1281 0.8284
1282 0.8279999999999998
1283 0.8276
1284 0.8272000000000002
1285 0.8284000000000001
1286 0.8320000000000001
1287 0.8344
1288 0.8371999999999999
1289 0.8375999999999998
1290 0.8408
1291 0.8412000000000001
1292 0.8408000000000001
1293 0.8396000000000001
1294 0.8392000000000002
1295 0.8380000000000001
1296 0.8360000000000001
1297 0.8344000000000001
1298 0.8324000000000003
1299 0.8288000000000002
1300 0.8256000000000003
1301 0.8236000000000004
1302 0.8216000000000004
1303 0.8196000000000003
1304 0.8200000000000003
1305 0.8208000000000003
1306 0.8216000000000004
1307 0.8220000000000003
1308 0.8248000000000004
1309 0.8232000000000005
1310 0.8268000000000005
1311 0.8316000000000002
1312 0.8336000000000002
1313 0.8360000000000002
1314 0.8380000000000003
1315 0.8372000000000002
1316 0.8372000000000002
1317 0.8352000000000003
1318 0.8348000000000002
1319 0.8344000000000001
1320 0.8332
1321 0.8288000000000001
1322 0.826
1323 0.8247999999999999
1324 0.8224000000000001
1325 0.8200000000000002
1326 0.8196000000000001
1327 0.8176000000000001
1328 0.8172
1329 0.8152000000000001
1330 0.8164000000000001
1331 0.8148000000000001
1332 0.8168
1333 0.8168
1334 0.8184
1335 0.8231999999999999
1336 0.8247999999999999
1337 0.8268
1338 0.8268
1339 0.8264
1340 0.8268
1341 0.8248000000000001
1342 0.8240000000000001
1343 0.8236
1344 0.8223999999999999
1345 0.8187999999999999
1346 0.8159999999999998
1347 0.8143999999999997
1348 0.8135999999999995
1349 0.8127999999999996
1350 0.8107999999999995
1351 0.8107999999999995
1352 0.8095999999999997
1353 0.8079999999999997
1354 0.8087999999999999
1355 0.8095999999999998
1356 0.8123999999999998
1357 0.8151999999999999
1358 0.8164
1359 0.8183999999999999
1360 0.8223999999999998
1361 0.8264
1362 0.8284
1363 0.8292000000000002
1364 0.8292000000000002
1365 0.8296000000000001
1366 0.8275999999999999
1367 0.8264
1368 0.8255999999999999
1369 0.8227999999999999
1370 0.8223999999999999
1371 0.8223999999999999
1372 0.8199999999999998
1373 0.8183999999999998
1374 0.8171999999999997
1375 0.8159999999999998
1376 0.814
1377 0.814
1378 0.8155999999999999
1379 0.8163999999999999
1380 0.8191999999999997
1381 0.8219999999999998
1382 0.8248000000000001
1383 0.8275999999999999
1384 0.8304
1385 0.8328
1386 0.8352
1387 0.836
1388 0.8388
1389 0.8383999999999999
1390 0.8351999999999999
1391 0.8344
1392 0.8331999999999999
1393 0.8323999999999999
1394 0.8312000000000002
1395 0.8296000000000001
1396 0.8276000000000002
1397 0.8256
1398 0.8256
1399 0.8256
1400 0.8240000000000001
1401 0.8232000000000003
1402 0.8220000000000002
1403 0.8236000000000003
1404 0.8236
1405 0.8271999999999999
1406 0.8284000000000001
1407 0.8304000000000002
1408 0.8332000000000002
1409 0.8356000000000003
1410 0.8392000000000002
1411 0.8420000000000003
1412 0.8436000000000005
1413 0.8428000000000003
1414 0.8408000000000004
1415 0.8396000000000003
1416 0.8372000000000004
1417 0.8368000000000003
1418 0.8364000000000003
1419 0.8352000000000003
1420 0.8340000000000002
1421 0.8328000000000002
1422 0.8304000000000002
1423 0.8288000000000001
1424 0.8256
1425 0.8248000000000001
1426 0.8236000000000001
1427 0.8276000000000002
1428 0.8300000000000002
1429 0.8304000000000002
1430 0.8336000000000001
1431 0.8340000000000001
1432 0.8344000000000003
1433 0.8356000000000001
1434 0.8384
1435 0.8392000000000001
1436 0.8367999999999999
1437 0.8344
1438 0.8336
1439 0.8328
1440 0.8316
1441 0.8308
1442 0.828
1443 0.8251999999999999
1444 0.8244
1445 0.8244
1446 0.8231999999999999
1447 0.8216
1448 0.8219999999999998
1449 0.8219999999999998
1450 0.8203999999999998
1451 0.8203999999999999
1452 0.824
1453 0.8271999999999998
1454 0.8311999999999999
1455 0.8323999999999998
1456 0.8347999999999999
1457 0.8395999999999998
1458 0.8423999999999998
1459 0.8439999999999999
1460 0.8452
1461 0.8452000000000001
1462 0.8444000000000002
1463 0.8440000000000002
1464 0.8420000000000002
1465 0.8412000000000002
1466 0.8400000000000002
1467 0.8384000000000001
1468 0.8368000000000001
1469 0.8344000000000001
1470 0.8324000000000001
1471 0.8320000000000001
1472 0.8308000000000001
1473 0.8292000000000002
1474 0.8296000000000001
1475 0.8312
1476 0.8356000000000003
1477 0.8360000000000001
1478 0.8392000000000003
1479 0.8448000000000003
1480 0.8472000000000004
1481 0.8508
1482 0.8528
1483 0.8516000000000001
1484 0.8512000000000002
1485 0.8500000000000001
1486 0.8476
1487 0.8468000000000001
1488 0.8456
1489 0.8408
1490 0.8396000000000001
1491 0.8384
1492 0.8380000000000001
1493 0.8348
1494 0.8332
1495 0.8316000000000002
1496 0.8308000000000001
1497 0.8292000000000002
1498 0.8280000000000003
1499 0.8284000000000001
1500 0.8276
1501 0.8284
1502 0.8316000000000001
1503 0.8348000000000002
1504 0.8384000000000001
1505 0.8388000000000004
1506 0.8400000000000003
1507 0.8392000000000003
1508 0.8384000000000004
1509 0.8372000000000002
1510 0.8344
1511 0.8311999999999999
1512 0.8307999999999999
1513 0.8283999999999999
1514 0.8267999999999998
1515 0.8247999999999999
1516 0.8231999999999999
1517 0.8207999999999999
1518 0.8187999999999999
1519 0.8183999999999999
1520 0.8183999999999999
1521 0.8159999999999998
1522 0.8151999999999998
1523 0.8167999999999997
1524 0.8192
1525 0.8207999999999999
1526 0.8212
1527 0.8216000000000002
1528 0.8244000000000001
1529 0.8300000000000002
1530 0.8324000000000003
1531 0.8332000000000002
1532 0.8344000000000001
1533 0.8328
1534 0.8312
1535 0.8288000000000001
1536 0.8272000000000002
1537 0.8232
1538 0.8208000000000001
1539 0.8188000000000002
1540 0.8156
1541 0.8140000000000001
1542 0.8144000000000001
1543 0.8132
1544 0.8132
1545 0.8124000000000001
1546 0.8120000000000002
1547 0.8112000000000001
1548 0.8116
1549 0.8136000000000001
1550 0.8151999999999999
1551 0.8163999999999999
1552 0.8195999999999998
1553 0.8219999999999997
1554 0.8255999999999998
1555 0.826
1556 0.8268
1557 0.8259999999999998
1558 0.8239999999999997
1559 0.8243999999999998
1560 0.8207999999999999
1561 0.8179999999999998
1562 0.8163999999999999
1563 0.8143999999999998
1564 0.8131999999999999
1565 0.8119999999999998
1566 0.8099999999999998
1567 0.8095999999999998
1568 0.8083999999999999
1569 0.8075999999999999
1570 0.8056
1571 0.8064
1572 0.8064
1573 0.8079999999999999
1574 0.81
1575 0.8123999999999999
1576 0.8151999999999998
1577 0.8171999999999998
1578 0.8179999999999997
1579 0.8199999999999997
1580 0.8215999999999997
1581 0.8211999999999996
1582 0.8199999999999996
1583 0.8199999999999996
1584 0.8191999999999996
1585 0.8159999999999998
1586 0.8147999999999997
1587 0.8127999999999997
1588 0.8115999999999997
1589 0.8103999999999998
1590 0.8099999999999997
1591 0.8099999999999997
1592 0.8095999999999998
1593 0.8103999999999999
1594 0.8099999999999998
1595 0.8099999999999998
1596 0.8111999999999999
1597 0.8111999999999999
1598 0.8135999999999999
1599 0.8192
1600 0.8236
1601 0.8251999999999999
1602 0.828
1603 0.8296000000000001
1604 0.83
1605 0.8292
1606 0.8288
1607 0.8268000000000001
1608 0.826
1609 0.8244
1610 0.8236
1611 0.8203999999999999
1612 0.8183999999999998
1613 0.8167999999999997
1614 0.8168
1615 0.8168
1616 0.8163999999999999
1617 0.8144
1618 0.8144
1619 0.8147999999999999
1620 0.8167999999999997
1621 0.8183999999999999
1622 0.8200000000000002
1623 0.8236
1624 0.8284000000000001
1625 0.8320000000000002
1626 0.8367999999999999
1627 0.8371999999999998
1628 0.8404
1629 0.8392000000000001
1630 0.8368000000000001
1631 0.8364
1632 0.8351999999999999
1633 0.8348
1634 0.8340000000000001
1635 0.8323999999999999
1636 0.83
1637 0.8292
1638 0.828
1639 0.8268000000000001
1640 0.826
1641 0.8256
1642 0.826
1643 0.828
1644 0.8299999999999997
1645 0.8319999999999999
1646 0.8363999999999998
1647 0.8399999999999999
1648 0.8439999999999999
1649 0.8467999999999997
1650 0.8512
1651 0.8500000000000001
1652 0.8508000000000001
1653 0.8500000000000001
1654 0.8496000000000002
1655 0.8484000000000002
1656 0.8468000000000002
1657 0.8452000000000003
1658 0.8444000000000003
1659 0.8436000000000001
1660 0.8432000000000001
1661 0.8416000000000001
1662 0.8404
1663 0.8392000000000001
1664 0.8399999999999999
1665 0.8375999999999998
1666 0.8347999999999999
1667 0.836
1668 0.8383999999999999
1669 0.8416
1670 0.8444000000000002
1671 0.8472
1672 0.8464
1673 0.8495999999999999
1674 0.8532000000000001
1675 0.8536000000000002
1676 0.8532000000000001
1677 0.8536
1678 0.8536
1679 0.8528
1680 0.8512000000000001
1681 0.8499999999999999
1682 0.8464
1683 0.8456
1684 0.8428000000000001
1685 0.8412000000000001
1686 0.8396000000000001
1687 0.8396000000000001
1688 0.8376
1689 0.8371999999999999
1690 0.8348000000000002
1691 0.8368000000000002
1692 0.838
1693 0.838
1694 0.8395999999999999
1695 0.8436
1696 0.8440000000000001
1697 0.8448
1698 0.8440000000000001
1699 0.8472
1700 0.8472
1701 0.8460000000000001
1702 0.8452
1703 0.8440000000000001
1704 0.8420000000000001
1705 0.8375999999999999
1706 0.8360000000000001
1707 0.8344000000000001
1708 0.8312
1709 0.8304
1710 0.8288000000000001
1711 0.8271999999999999
1712 0.8244
1713 0.8240000000000001
1714 0.8231999999999999
1715 0.8228
1716 0.824
1717 0.8247999999999999
1718 0.8283999999999999
1719 0.8303999999999999
1720 0.8316
1721 0.8336
1722 0.8328000000000002
1723 0.8328000000000002
1724 0.8324000000000001
1725 0.8284000000000001
1726 0.8276000000000002
1727 0.8268000000000001
1728 0.8264000000000001
1729 0.8244000000000001
1730 0.8220000000000001
1731 0.8192
1732 0.8172
1733 0.8160000000000001
1734 0.8140000000000002
1735 0.8128000000000002
1736 0.8124000000000002
1737 0.8116000000000002
1738 0.8120000000000002
1739 0.8120000000000002
1740 0.8140000000000002
1741 0.8160000000000003
1742 0.8172
1743 0.8179999999999998
1744 0.8203999999999999
1745 0.8223999999999999
1746 0.8232
1747 0.826
1748 0.826
1749 0.8251999999999999
1750 0.8236
1751 0.8232
1752 0.8208000000000001
1753 0.8200000000000002
1754 0.8192000000000002
1755 0.8184000000000001
1756 0.8176000000000002
1757 0.8156000000000003
1758 0.8152000000000003
1759 0.8120000000000003
1760 0.8116000000000002
1761 0.8104000000000002
1762 0.8112000000000001
1763 0.81
1764 0.8131999999999999
1765 0.8147999999999999
1766 0.8168
1767 0.8175999999999999
1768 0.8199999999999997
1769 0.8216
1770 0.8244
1771 0.826
1772 0.826
1773 0.8247999999999999
1774 0.824
1775 0.8207999999999999
1776 0.8195999999999998
1777 0.8175999999999999
1778 0.8172
1779 0.816
1780 0.8127999999999999
1781 0.8111999999999999
1782 0.8111999999999999
1783 0.81
1784 0.8100000000000002
1785 0.8084
1786 0.8084
1787 0.8100000000000002
1788 0.8116000000000001
1789 0.8168000000000002
1790 0.8187999999999999
1791 0.8219999999999996
1792 0.8227999999999999
1793 0.8251999999999998
1794 0.8275999999999998
1795 0.8271999999999998
1796 0.8275999999999999
1797 0.8268
1798 0.8255999999999999
1799 0.8231999999999999
1800 0.8212
1801 0.8196000000000001
1802 0.8176000000000001
1803 0.8172
1804 0.8151999999999999
1805 0.814
1806 0.8127999999999999
1807 0.8116
1808 0.8104
1809 0.8088000000000001
1810 0.8072000000000001
1811 0.8080000000000002
1812 0.8099999999999998
1813 0.8095999999999998
1814 0.8123999999999998
1815 0.8168000000000001
1816 0.82
1817 0.8227999999999999
1818 0.8255999999999999
1819 0.8251999999999999
1820 0.826
1821 0.8268000000000001
1822 0.8268
1823 0.8271999999999998
1824 0.826
1825 0.8227999999999999
1826 0.8195999999999998
1827 0.8179999999999998
1828 0.8151999999999998
1829 0.8119999999999997
1830 0.8123999999999998
1831 0.8111999999999998
1832 0.8103999999999997
1833 0.8091999999999997
1834 0.8091999999999996
1835 0.8083999999999998
1836 0.8115999999999999
1837 0.8143999999999998
1838 0.8179999999999998
1839 0.8199999999999997
1840 0.8223999999999998
1841 0.8247999999999999
1842 0.8276
1843 0.8284
1844 0.8276
1845 0.8256
1846 0.8240000000000001
1847 0.8224000000000001
1848 0.8192000000000003
1849 0.8164000000000002
1850 0.8136000000000001
1851 0.8112000000000001
1852 0.8096000000000001
1853 0.806
1854 0.8036000000000001
1855 0.802
1856 0.8000000000000002
1857 0.7984000000000002
1858 0.7996000000000001
1859 0.802
1860 0.8028
1861 0.8072000000000001
1862 0.8108000000000001
1863 0.8136000000000001
1864 0.816
1865 0.8183999999999999
1866 0.8183999999999999
1867 0.8204
1868 0.8216000000000001
1869 0.8220000000000002
1870 0.8216000000000001
1871 0.8200000000000002
1872 0.8152000000000003
1873 0.8148000000000002
1874 0.8136000000000003
1875 0.8132000000000003
1876 0.8120000000000003
1877 0.8116000000000004
1878 0.8100000000000003
1879 0.8088000000000002
1880 0.8084000000000003
1881 0.8080000000000003
1882 0.8068000000000004
1883 0.8092000000000003
1884 0.8088000000000002
1885 0.8136000000000001
1886 0.8140000000000004
1887 0.8172000000000001
1888 0.8200000000000002
1889 0.8224000000000002
1890 0.8232000000000003
1891 0.8244
1892 0.8236
1893 0.8247999999999999
1894 0.8235999999999999
1895 0.8219999999999997
1896 0.8199999999999998
1897 0.8195999999999998
1898 0.8187999999999999
1899 0.8159999999999998
1900 0.8151999999999997
1901 0.8143999999999998
1902 0.8135999999999999
1903 0.8111999999999999
1904 0.8099999999999998
1905 0.8075999999999999
1906 0.8079999999999999
1907 0.8096
1908 0.8096
1909 0.8136
1910 0.8168000000000003
1911 0.8204000000000004
1912 0.8200000000000003
1913 0.8220000000000003
1914 0.8244000000000002
1915 0.8240000000000003
1916 0.8256000000000003
1917 0.8256000000000003
1918 0.8236000000000003
1919 0.8216000000000004
1920 0.8208000000000004
1921 0.8176000000000003
1922 0.8156000000000003
1923 0.8132000000000004
1924 0.8116000000000002
1925 0.8088000000000002
1926 0.8064000000000001
1927 0.8052000000000001
1928 0.8032000000000004
1929 0.8000000000000003
1930 0.7996000000000002
1931 0.7996000000000001
1932 0.7992000000000001
1933 0.7996000000000001
1934 0.8020000000000002
1935 0.8044000000000001
1936 0.8088000000000002
1937 0.8127999999999999
1938 0.8131999999999999
1939 0.8136
1940 0.8136
1941 0.8111999999999999
1942 0.8099999999999998
1943 0.8064
1944 0.8044
1945 0.8028
1946 0.8016
1947 0.8
1948 0.7972
1949 0.7959999999999999
1950 0.7959999999999999
1951 0.7955999999999999
1952 0.7948
1953 0.7931999999999999
1954 0.7907999999999998
1955 0.7927999999999998
1956 0.7939999999999999
1957 0.7979999999999998
1958 0.7988
1959 0.8024000000000001
1960 0.8036
1961 0.8047999999999998
1962 0.8063999999999999
1963 0.8088
1964 0.8091999999999999
1965 0.8091999999999999
1966 0.8083999999999999
1967 0.8068
1968 0.8051999999999999
1969 0.8036
1970 0.802
1971 0.8008
1972 0.7988000000000001
1973 0.796
1974 0.7936000000000001
1975 0.7936000000000001
1976 0.7916000000000001
1977 0.7908000000000002
1978 0.7892000000000001
1979 0.7912000000000002
1980 0.7936
1981 0.7956000000000002
1982 0.7991999999999999
1983 0.8007999999999998
1984 0.8047999999999998
1985 0.8079999999999998
1986 0.8136
1987 0.814
1988 0.8140000000000001
1989 0.8116
1990 0.8079999999999999
1991 0.8083999999999999
1992 0.8051999999999997
1993 0.8027999999999998
1994 0.8015999999999999
1995 0.8007999999999998
1996 0.8003999999999998
1997 0.7991999999999999
1998 0.7959999999999999
1999 0.7951999999999999
