1 1.0
2 1.0
3 1.0
4 1.0
5 1.0
6 1.0
7 1.0
8 1.0
9 0.9960000000000001
10 0.9960000000000001
11 0.9960000000000001
12 0.9960000000000001
13 0.9960000000000001
14 0.9960000000000001
15 0.9960000000000001
16 0.9960000000000001
17 0.9960000000000001
18 0.9960000000000001
19 0.9960000000000001
20 0.9960000000000001
21 0.9960000000000001
22 0.9960000000000001
23 0.992
24 0.9899999999999999
25 0.986
26 0.986
27 0.984
28 0.984
29 0.984
30 0.982
31 0.9780000000000001
32 0.9780000000000001
33 0.9780000000000001
34 0.9780000000000001
35 0.9780000000000001
36 0.9780000000000001
37 0.9780000000000001
38 0.9760000000000002
39 0.9760000000000002
40 0.9760000000000002
41 0.97
42 0.968
43 0.968
44 0.966
45 0.966
46 0.9640000000000001
47 0.9640000000000001
48 0.9620000000000001
49 0.9540000000000001
50 0.9540000000000001
51 0.9520000000000002
52 0.9520000000000002
53 0.9500000000000002
54 0.9500000000000002
55 0.9500000000000002
56 0.9500000000000002
57 0.9480000000000002
58 0.9480000000000002
59 0.9480000000000002
60 0.9480000000000002
61 0.9480000000000002
62 0.9480000000000002
63 0.9480000000000002
64 0.9480000000000002
65 0.9480000000000002
66 0.9480000000000002
67 0.9480000000000002
68 0.9480000000000002
69 0.9480000000000002
70 0.9460000000000001
71 0.9460000000000001
72 0.9460000000000001
73 0.9460000000000001
74 0.9440000000000002
75 0.9440000000000002
76 0.9440000000000002
77 0.9420000000000002
78 0.9400000000000002
79 0.9400000000000002
80 0.9400000000000002
81 0.9400000000000002
82 0.9380000000000001
83 0.9380000000000001
84 0.9380000000000001
85 0.9380000000000001
86 0.9359999999999999
87 0.9359999999999999
88 0.9359999999999999
89 0.9359999999999999
90 0.9359999999999999
91 0.9359999999999999
92 0.9359999999999999
93 0.9359999999999999
94 0.9359999999999999
95 0.9359999999999999
96 0.9359999999999999
97 0.9339999999999999
98 0.93
99 0.93
100 0.93
101 0.9280000000000002
102 0.9280000000000002
103 0.9240000000000002
104 0.9200000000000002
105 0.9200000000000002
106 0.916
107 0.9179999999999999
108 0.9200000000000002
109 0.9200000000000002
110 0.9200000000000002
111 0.916
112 0.9179999999999999
113 0.9199999999999999
114 0.9179999999999999
115 0.9179999999999999
116 0.916
117 0.9100000000000001
118 0.9100000000000001
119 0.9100000000000001
120 0.9100000000000001
121 0.9100000000000001
122 0.9100000000000001
123 0.9079999999999998
124 0.9039999999999999
125 0.9
126 0.898
127 0.898
128 0.8960000000000001
129 0.898
130 0.898
131 0.9
132 0.8959999999999999
133 0.8939999999999999
134 0.8960000000000001
135 0.898
136 0.9019999999999999
137 0.9019999999999999
138 0.9019999999999999
139 0.9019999999999999
140 0.9019999999999999
141 0.9019999999999999
142 0.898
143 0.898
144 0.898
145 0.8959999999999999
146 0.8939999999999999
147 0.8939999999999999
148 0.892
149 0.892
150 0.892
151 0.892
152 0.892
153 0.8940000000000001
154 0.8940000000000001
155 0.8940000000000001
156 0.8899999999999999
157 0.892
158 0.8939999999999999
159 0.8960000000000001
160 0.9
161 0.8960000000000001
162 0.898
163 0.9
164 0.898
165 0.8960000000000001
166 0.8940000000000001
167 0.8920000000000001
168 0.8920000000000001
169 0.8900000000000002
170 0.8900000000000002
171 0.8880000000000001
172 0.8880000000000001
173 0.8880000000000001
174 0.8880000000000001
175 0.8880000000000001
176 0.8879999999999999
177 0.8879999999999999
178 0.8879999999999999
179 0.8859999999999999
180 0.8859999999999999
181 0.89
182 0.89
183 0.89
184 0.8940000000000001
185 0.8960000000000001
186 0.898
187 0.8960000000000001
188 0.8960000000000001
189 0.8960000000000001
190 0.8960000000000001
191 0.8960000000000001
192 0.8960000000000001
193 0.8960000000000001
194 0.8960000000000001
195 0.8940000000000001
196 0.8940000000000001
197 0.8940000000000001
198 0.89
199 0.89
200 0.8880000000000001
201 0.89
202 0.8900000000000002
203 0.892
204 0.89
205 0.89
206 0.8960000000000001
207 0.9019999999999999
208 0.9019999999999999
209 0.9039999999999999
210 0.9039999999999999
211 0.9059999999999999
212 0.9019999999999999
213 0.8999999999999998
214 0.8959999999999999
215 0.8939999999999999
216 0.892
217 0.89
218 0.89
219 0.8880000000000001
220 0.8880000000000001
221 0.8880000000000001
222 0.8880000000000001
223 0.8860000000000001
224 0.8860000000000001
225 0.8840000000000001
226 0.8840000000000001
227 0.8860000000000001
228 0.8880000000000001
229 0.8920000000000001
230 0.9
231 0.9019999999999999
232 0.9040000000000001
233 0.9000000000000001
234 0.8960000000000001
235 0.892
236 0.89
237 0.8859999999999999
238 0.884
239 0.882
240 0.882
241 0.882
242 0.8780000000000001
243 0.8780000000000001
244 0.8780000000000001
245 0.8780000000000001
246 0.8800000000000001
247 0.8800000000000001
248 0.876
249 0.8780000000000001
250 0.8800000000000002
251 0.8820000000000002
252 0.8840000000000001
253 0.8860000000000001
254 0.8880000000000001
255 0.8880000000000001
256 0.8880000000000001
257 0.89
258 0.8940000000000001
259 0.8960000000000001
260 0.8960000000000001
261 0.8940000000000001
262 0.8940000000000001
263 0.8900000000000002
264 0.8880000000000001
265 0.8880000000000001
266 0.8859999999999999
267 0.8859999999999999
268 0.884
269 0.884
270 0.884
271 0.884
272 0.882
273 0.882
274 0.8800000000000001
275 0.8780000000000001
276 0.8780000000000001
277 0.8720000000000001
278 0.8740000000000002
279 0.8800000000000001
280 0.882
281 0.882
282 0.882
283 0.884
284 0.8859999999999999
285 0.8780000000000001
286 0.876
287 0.876
288 0.874
289 0.874
290 0.874
291 0.8720000000000001
292 0.8720000000000001
293 0.8700000000000001
294 0.8680000000000001
295 0.8680000000000001
296 0.8620000000000001
297 0.8600000000000001
298 0.8620000000000001
299 0.8640000000000001
300 0.8640000000000001
301 0.8640000000000001
302 0.8620000000000001
303 0.8640000000000001
304 0.868
305 0.8699999999999999
306 0.866
307 0.866
308 0.866
309 0.8640000000000001
310 0.8640000000000001
311 0.8640000000000001
312 0.8640000000000001
313 0.8640000000000001
314 0.8640000000000001
315 0.8619999999999999
316 0.8619999999999999
317 0.858
318 0.85
319 0.852
320 0.852
321 0.85
322 0.8520000000000001
323 0.8560000000000001
324 0.858
325 0.858
326 0.858
327 0.8640000000000001
328 0.8600000000000001
329 0.8600000000000001
330 0.8640000000000001
331 0.8640000000000001
332 0.8640000000000001
333 0.8619999999999999
334 0.86
335 0.8539999999999999
336 0.852
337 0.852
338 0.852
339 0.85
340 0.842
341 0.842
342 0.842
343 0.8400000000000001
344 0.8400000000000001
345 0.8400000000000001
346 0.842
347 0.842
348 0.842
349 0.842
350 0.8480000000000001
351 0.85
352 0.85
353 0.852
354 0.8539999999999999
355 0.8559999999999999
356 0.858
357 0.858
358 0.858
359 0.8559999999999999
360 0.8539999999999999
361 0.8539999999999999
362 0.8539999999999999
363 0.8539999999999999
364 0.852
365 0.852
366 0.85
367 0.85
368 0.85
369 0.8480000000000001
370 0.8480000000000001
371 0.8460000000000001
372 0.8480000000000001
373 0.85
374 0.852
375 0.852
376 0.8560000000000001
377 0.8560000000000001
378 0.8539999999999999
379 0.852
380 0.844
381 0.844
382 0.844
383 0.844
384 0.844
385 0.836
386 0.836
387 0.836
388 0.836
389 0.836
390 0.836
391 0.836
392 0.8320000000000001
393 0.8320000000000001
394 0.8280000000000001
395 0.8300000000000001
396 0.8320000000000001
397 0.836
398 0.8400000000000001
399 0.844
400 0.8480000000000001
401 0.852
402 0.858
403 0.86
404 0.8619999999999999
405 0.86
406 0.8579999999999999
407 0.8559999999999999
408 0.8559999999999999
409 0.8539999999999999
410 0.8539999999999999
411 0.852
412 0.8480000000000001
413 0.8480000000000001
414 0.844
415 0.842
416 0.842
417 0.842
418 0.842
419 0.842
420 0.8459999999999999
421 0.8480000000000001
422 0.8539999999999999
423 0.858
424 0.868
425 0.866
426 0.866
427 0.866
428 0.866
429 0.8639999999999999
430 0.8619999999999999
431 0.858
432 0.8560000000000001
433 0.8560000000000001
434 0.8560000000000001
435 0.8539999999999999
436 0.85
437 0.85
438 0.842
439 0.842
440 0.8400000000000001
441 0.8400000000000001
442 0.8380000000000001
443 0.8380000000000001
444 0.8400000000000001
445 0.844
446 0.8460000000000001
447 0.85
448 0.8560000000000001
449 0.8520000000000001
450 0.8480000000000001
451 0.85
452 0.852
453 0.85
454 0.852
455 0.852
456 0.85
457 0.85
458 0.85
459 0.85
460 0.8479999999999999
461 0.8459999999999999
462 0.844
463 0.8460000000000001
464 0.844
465 0.844
466 0.844
467 0.8480000000000001
468 0.852
469 0.8560000000000001
470 0.86
471 0.86
472 0.8540000000000001
473 0.8560000000000001
474 0.8560000000000001
475 0.852
476 0.8520000000000001
477 0.8500000000000002
478 0.844
479 0.844
480 0.844
481 0.844
482 0.844
483 0.844
484 0.844
485 0.844
486 0.844
487 0.842
488 0.8380000000000001
489 0.8380000000000001
490 0.8400000000000001
491 0.8400000000000001
492 0.842
493 0.8460000000000001
494 0.8480000000000001
495 0.8480000000000001
496 0.8480000000000001
497 0.85
498 0.852
499 0.8480000000000001
500 0.8480000000000001
501 0.842
502 0.8400000000000001
503 0.8400000000000001
504 0.8380000000000001
505 0.8380000000000001
506 0.836
507 0.8320000000000001
508 0.828
509 0.826
510 0.8239999999999998
511 0.8219999999999998
512 0.8219999999999998
513 0.8219999999999998
514 0.8219999999999998
515 0.8240000000000001
516 0.826
517 0.8320000000000001
518 0.8380000000000001
519 0.8400000000000001
520 0.8400000000000001
521 0.8380000000000001
522 0.8400000000000001
523 0.8440000000000001
524 0.8400000000000002
525 0.8400000000000001
526 0.834
527 0.8320000000000001
528 0.8320000000000001
529 0.8320000000000001
530 0.8300000000000001
531 0.8300000000000001
532 0.8300000000000001
533 0.8300000000000001
534 0.8300000000000001
535 0.8300000000000001
536 0.8320000000000002
537 0.8340000000000002
538 0.8340000000000002
539 0.8300000000000001
540 0.8280000000000001
541 0.8320000000000001
542 0.8400000000000001
543 0.8380000000000001
544 0.8380000000000001
545 0.8380000000000001
546 0.836
547 0.8400000000000001
548 0.8400000000000001
549 0.8400000000000001
550 0.8379999999999999
551 0.836
552 0.834
553 0.834
554 0.834
555 0.834
556 0.8299999999999998
557 0.8299999999999998
558 0.828
559 0.826
560 0.8220000000000001
561 0.8200000000000001
562 0.8240000000000001
563 0.818
564 0.818
565 0.82
566 0.8200000000000001
567 0.8200000000000001
568 0.8220000000000001
569 0.8220000000000001
570 0.8220000000000001
571 0.8240000000000001
572 0.826
573 0.8240000000000001
574 0.8220000000000001
575 0.8160000000000001
576 0.8140000000000001
577 0.8099999999999999
578 0.8099999999999999
579 0.8099999999999999
580 0.8099999999999999
581 0.8099999999999999
582 0.8099999999999999
583 0.8099999999999999
584 0.8099999999999999
585 0.8099999999999999
586 0.8119999999999999
587 0.8140000000000001
588 0.8220000000000001
589 0.8240000000000001
590 0.826
591 0.8320000000000001
592 0.8280000000000001
593 0.8300000000000001
594 0.8240000000000001
595 0.8220000000000001
596 0.8200000000000001
597 0.8200000000000001
598 0.8180000000000002
599 0.8180000000000002
600 0.8140000000000001
601 0.8100000000000002
602 0.806
603 0.806
604 0.804
605 0.804
606 0.804
607 0.804
608 0.8
609 0.8
610 0.8
611 0.804
612 0.804
613 0.8019999999999999
614 0.8019999999999999
615 0.8
616 0.806
617 0.812
618 0.8160000000000001
619 0.8160000000000001
620 0.8160000000000001
621 0.818
622 0.818
623 0.8119999999999999
624 0.8119999999999999
625 0.8119999999999999
626 0.8119999999999999
627 0.8099999999999999
628 0.808
629 0.808
630 0.8039999999999999
631 0.8039999999999999
632 0.8019999999999999
633 0.8019999999999999
634 0.8019999999999999
635 0.804
636 0.808
637 0.8160000000000001
638 0.8220000000000001
639 0.826
640 0.828
641 0.8320000000000001
642 0.8360000000000001
643 0.8380000000000001
644 0.8380000000000001
645 0.8380000000000001
646 0.8400000000000001
647 0.8380000000000001
648 0.834
649 0.8300000000000001
650 0.8300000000000001
651 0.8280000000000001
652 0.8240000000000001
653 0.8240000000000001
654 0.8220000000000001
655 0.8200000000000001
656 0.8200000000000001
657 0.8200000000000001
658 0.8240000000000001
659 0.8240000000000001
660 0.8220000000000001
661 0.8220000000000001
662 0.8200000000000001
663 0.818
664 0.8220000000000001
665 0.8220000000000001
666 0.8219999999999998
667 0.8240000000000001
668 0.8219999999999998
669 0.818
670 0.8160000000000001
671 0.818
672 0.8160000000000001
673 0.8160000000000001
674 0.8119999999999999
675 0.8099999999999999
676 0.8099999999999999
677 0.806
678 0.806
679 0.806
680 0.812
681 0.812
682 0.8100000000000002
683 0.8100000000000002
684 0.8160000000000001
685 0.8219999999999998
686 0.8219999999999998
687 0.828
688 0.8300000000000001
689 0.8400000000000001
690 0.8380000000000001
691 0.8360000000000001
692 0.8360000000000001
693 0.8380000000000001
694 0.8380000000000001
695 0.8380000000000001
696 0.8380000000000001
697 0.8379999999999999
698 0.836
699 0.834
700 0.8299999999999998
701 0.828
702 0.828
703 0.8299999999999998
704 0.8320000000000001
705 0.828
706 0.828
707 0.826
708 0.8239999999999998
709 0.8219999999999998
710 0.828
711 0.828
712 0.828
713 0.8300000000000001
714 0.8300000000000001
715 0.8320000000000001
716 0.834
717 0.836
718 0.826
719 0.826
720 0.826
721 0.826
722 0.8240000000000001
723 0.8240000000000001
724 0.8240000000000001
725 0.8220000000000001
726 0.8220000000000001
727 0.8159999999999998
728 0.8140000000000001
729 0.8119999999999999
730 0.8140000000000001
731 0.8139999999999998
732 0.8139999999999998
733 0.8139999999999998
734 0.8160000000000001
735 0.818
736 0.8219999999999998
737 0.826
738 0.826
739 0.8239999999999998
740 0.8220000000000001
741 0.8220000000000001
742 0.8220000000000001
743 0.8200000000000001
744 0.8160000000000001
745 0.8160000000000001
746 0.8119999999999999
747 0.806
748 0.8039999999999999
749 0.8019999999999999
750 0.8019999999999999
751 0.7999999999999999
752 0.7979999999999999
753 0.796
754 0.796
755 0.7939999999999999
756 0.8
757 0.8
758 0.8019999999999999
759 0.8039999999999999
760 0.8059999999999998
761 0.8079999999999998
762 0.8079999999999998
763 0.8119999999999999
764 0.8119999999999999
765 0.8100000000000002
766 0.8100000000000002
767 0.8100000000000002
768 0.8100000000000002
769 0.8100000000000002
770 0.8100000000000002
771 0.808
772 0.808
773 0.806
774 0.8039999999999999
775 0.8
776 0.8
777 0.8
778 0.8
779 0.8039999999999999
780 0.8039999999999999
781 0.8099999999999998
782 0.8159999999999998
783 0.8220000000000001
784 0.8280000000000001
785 0.8320000000000001
786 0.8280000000000001
787 0.834
788 0.8240000000000001
789 0.8240000000000001
790 0.82
791 0.82
792 0.8140000000000001
793 0.8160000000000001
794 0.8160000000000001
795 0.8119999999999999
796 0.8099999999999999
797 0.808
798 0.806
799 0.806
800 0.806
801 0.806
802 0.804
803 0.806
804 0.808
805 0.82
806 0.8219999999999998
807 0.818
808 0.8239999999999998
809 0.826
810 0.8300000000000001
811 0.834
812 0.8320000000000001
813 0.8320000000000001
814 0.8320000000000001
815 0.8320000000000001
816 0.8320000000000001
817 0.8300000000000001
818 0.8280000000000001
819 0.8240000000000001
820 0.82
821 0.82
822 0.8140000000000001
823 0.8160000000000001
824 0.8160000000000001
825 0.8160000000000001
826 0.8100000000000002
827 0.806
828 0.8140000000000001
829 0.82
830 0.8240000000000001
831 0.828
832 0.8280000000000001
833 0.8260000000000002
834 0.8300000000000001
835 0.8320000000000001
836 0.8320000000000001
837 0.8320000000000001
838 0.8320000000000001
839 0.834
840 0.834
841 0.8320000000000001
842 0.8299999999999998
843 0.8299999999999998
844 0.828
845 0.8240000000000001
846 0.8240000000000001
847 0.8240000000000001
848 0.82
849 0.8140000000000001
850 0.8140000000000001
851 0.812
852 0.8140000000000001
853 0.8140000000000001
854 0.812
855 0.8160000000000001
856 0.8140000000000001
857 0.818
858 0.8219999999999998
859 0.8240000000000001
860 0.8240000000000001
861 0.826
862 0.8240000000000001
863 0.8240000000000001
864 0.8260000000000002
865 0.8260000000000002
866 0.8260000000000002
867 0.8260000000000002
868 0.8260000000000002
869 0.8220000000000001
870 0.8240000000000001
871 0.826
872 0.8220000000000001
873 0.82
874 0.82
875 0.82
876 0.82
877 0.818
878 0.818
879 0.8160000000000001
880 0.8140000000000001
881 0.8200000000000001
882 0.8240000000000001
883 0.826
884 0.826
885 0.8219999999999998
886 0.8219999999999998
887 0.8239999999999998
888 0.8219999999999998
889 0.818
890 0.8160000000000001
891 0.8139999999999998
892 0.8119999999999999
893 0.8099999999999999
894 0.808
895 0.808
896 0.808
897 0.8099999999999999
898 0.8099999999999999
899 0.8119999999999999
900 0.8160000000000001
901 0.8219999999999998
902 0.82
903 0.82
904 0.8240000000000001
905 0.8280000000000001
906 0.8300000000000001
907 0.828
908 0.8240000000000001
909 0.8240000000000001
910 0.8240000000000001
911 0.8240000000000001
912 0.8220000000000001
913 0.82
914 0.8160000000000001
915 0.812
916 0.8099999999999999
917 0.806
918 0.808
919 0.806
920 0.806
921 0.806
922 0.806
923 0.8099999999999999
924 0.8219999999999998
925 0.828
926 0.8360000000000001
927 0.8340000000000002
928 0.8360000000000001
929 0.8400000000000001
930 0.836
931 0.836
932 0.834
933 0.828
934 0.8219999999999998
935 0.82
936 0.82
937 0.818
938 0.818
939 0.818
940 0.8160000000000001
941 0.8139999999999998
942 0.8119999999999999
943 0.8099999999999999
944 0.8099999999999999
945 0.8099999999999999
946 0.8099999999999999
947 0.8099999999999999
948 0.8119999999999999
949 0.8119999999999999
950 0.808
951 0.808
952 0.806
953 0.8099999999999999
954 0.8059999999999998
955 0.808
956 0.8099999999999999
957 0.8119999999999999
958 0.8099999999999999
959 0.8099999999999999
960 0.8099999999999999
961 0.804
962 0.804
963 0.804
964 0.8
965 0.798
966 0.798
967 0.796
968 0.792
969 0.792
970 0.792
971 0.792
972 0.794
973 0.794
974 0.796
975 0.796
976 0.798
977 0.796
978 0.8000000000000002
979 0.8100000000000002
980 0.8039999999999999
981 0.8039999999999999
982 0.8
983 0.796
984 0.7939999999999999
985 0.7939999999999999
986 0.7939999999999999
987 0.792
988 0.788
989 0.788
990 0.786
991 0.786
992 0.786
993 0.784
994 0.784
995 0.786
996 0.7899999999999999
997 0.79
998 0.796
999 0.796
