1 1.0
2 1.0
3 1.0
4 1.0
5 1.0
6 1.0
7 1.0
8 0.998
9 0.9960000000000001
10 0.9960000000000001
11 0.9960000000000001
12 0.9960000000000001
13 0.9960000000000001
14 0.994
15 0.994
16 0.992
17 0.99
18 0.99
19 0.99
20 0.99
21 0.9879999999999999
22 0.9879999999999999
23 0.9879999999999999
24 0.9879999999999999
25 0.9879999999999999
26 0.9879999999999999
27 0.9879999999999999
28 0.9879999999999999
29 0.986
30 0.986
31 0.986
32 0.982
33 0.982
34 0.982
35 0.9779999999999998
36 0.9779999999999998
37 0.9779999999999998
38 0.9779999999999998
39 0.9739999999999999
40 0.9719999999999999
41 0.9719999999999999
42 0.9719999999999999
43 0.97
44 0.97
45 0.968
46 0.968
47 0.968
48 0.968
49 0.966
50 0.966
51 0.966
52 0.9640000000000001
53 0.962
54 0.96
55 0.96
56 0.9560000000000001
57 0.9560000000000001
58 0.9560000000000001
59 0.9560000000000001
60 0.9540000000000001
61 0.9540000000000001
62 0.9540000000000001
63 0.952
64 0.95
65 0.9479999999999998
66 0.9479999999999998
67 0.946
68 0.946
69 0.944
70 0.944
71 0.942
72 0.9399999999999998
73 0.938
74 0.938
75 0.938
76 0.938
77 0.938
78 0.9339999999999999
79 0.93
80 0.93
81 0.9280000000000002
82 0.9280000000000002
83 0.9260000000000002
84 0.9239999999999998
85 0.9239999999999998
86 0.9239999999999998
87 0.9239999999999998
88 0.9219999999999999
89 0.9239999999999998
90 0.9219999999999999
91 0.9199999999999999
92 0.9199999999999999
93 0.9199999999999999
94 0.9179999999999999
95 0.9179999999999999
96 0.9179999999999999
97 0.916
98 0.9139999999999999
99 0.9139999999999999
100 0.9139999999999999
101 0.9119999999999999
102 0.9119999999999999
103 0.9099999999999999
104 0.9059999999999999
105 0.9039999999999999
106 0.9039999999999999
107 0.9059999999999999
108 0.9059999999999999
109 0.9059999999999999
110 0.9059999999999999
111 0.9059999999999999
112 0.9099999999999999
113 0.9099999999999999
114 0.9099999999999999
115 0.908
116 0.908
117 0.908
118 0.906
119 0.9040000000000001
120 0.9
121 0.9
122 0.898
123 0.898
124 0.898
125 0.8960000000000001
126 0.8940000000000001
127 0.8940000000000001
128 0.8940000000000001
129 0.8940000000000001
130 0.8940000000000001
131 0.892
132 0.8880000000000001
133 0.8880000000000001
134 0.89
135 0.892
136 0.8940000000000001
137 0.8960000000000001
138 0.9
139 0.9
140 0.898
141 0.8960000000000001
142 0.8920000000000001
143 0.8920000000000001
144 0.8900000000000002
145 0.8900000000000002
146 0.8860000000000001
147 0.8840000000000001
148 0.8800000000000001
149 0.876
150 0.8700000000000001
151 0.868
152 0.866
153 0.866
154 0.8640000000000001
155 0.8620000000000001
156 0.86
157 0.8620000000000001
158 0.858
159 0.868
160 0.868
161 0.868
162 0.8700000000000001
163 0.868
164 0.866
165 0.866
166 0.868
167 0.866
168 0.866
169 0.866
170 0.8640000000000001
171 0.8640000000000001
172 0.8619999999999999
173 0.8619999999999999
174 0.8619999999999999
175 0.86
176 0.86
177 0.86
178 0.858
179 0.858
180 0.858
181 0.86
182 0.8620000000000001
183 0.8699999999999999
184 0.8699999999999999
185 0.8739999999999999
186 0.8780000000000001
187 0.876
188 0.876
189 0.874
190 0.8719999999999999
191 0.868
192 0.8639999999999999
193 0.8619999999999999
194 0.858
195 0.858
196 0.8559999999999999
197 0.8559999999999999
198 0.852
199 0.852
200 0.852
201 0.8480000000000001
202 0.844
203 0.844
204 0.844
205 0.85
206 0.8520000000000001
207 0.8540000000000001
208 0.8540000000000001
209 0.8540000000000001
210 0.8540000000000001
211 0.8540000000000001
212 0.8520000000000001
213 0.8540000000000001
214 0.8540000000000001
215 0.852
216 0.852
217 0.8460000000000001
218 0.8460000000000001
219 0.8460000000000001
220 0.8440000000000001
221 0.842
222 0.8400000000000001
223 0.8380000000000001
224 0.836
225 0.8320000000000001
226 0.836
227 0.834
228 0.836
229 0.836
230 0.8380000000000001
231 0.8400000000000001
232 0.8400000000000001
233 0.8400000000000001
234 0.8360000000000001
235 0.8340000000000002
236 0.8360000000000001
237 0.8360000000000001
238 0.8360000000000001
239 0.8340000000000002
240 0.8300000000000001
241 0.8280000000000001
242 0.8240000000000001
243 0.8220000000000001
244 0.8220000000000001
245 0.8220000000000001
246 0.8200000000000001
247 0.8180000000000002
248 0.8180000000000002
249 0.8140000000000001
250 0.812
251 0.8140000000000001
252 0.8160000000000001
253 0.8160000000000001
254 0.8220000000000001
255 0.8240000000000001
256 0.8280000000000001
257 0.8380000000000001
258 0.8400000000000001
259 0.8420000000000002
260 0.8440000000000001
261 0.8440000000000001
262 0.8400000000000002
263 0.8400000000000002
264 0.8380000000000003
265 0.8400000000000002
266 0.8360000000000001
267 0.8320000000000001
268 0.8320000000000001
269 0.8300000000000001
270 0.8300000000000001
271 0.8300000000000001
272 0.8280000000000001
273 0.8340000000000002
274 0.8320000000000001
275 0.834
276 0.836
277 0.8379999999999999
278 0.8380000000000001
279 0.8400000000000001
280 0.8459999999999999
281 0.844
282 0.844
283 0.844
284 0.842
285 0.8399999999999999
286 0.8379999999999999
287 0.8379999999999999
288 0.8379999999999999
289 0.8379999999999999
290 0.836
291 0.834
292 0.8300000000000001
293 0.8300000000000001
294 0.828
295 0.826
296 0.8239999999999998
297 0.82
298 0.82
299 0.826
300 0.826
301 0.8160000000000002
302 0.8140000000000001
303 0.8140000000000001
304 0.82
305 0.8220000000000001
306 0.8240000000000001
307 0.8240000000000001
308 0.8219999999999998
309 0.82
310 0.82
311 0.818
312 0.818
313 0.8119999999999999
314 0.8099999999999999
315 0.8079999999999998
316 0.8059999999999998
317 0.7999999999999999
318 0.7979999999999999
319 0.8
320 0.796
321 0.796
322 0.7979999999999999
323 0.8
324 0.796
325 0.796
326 0.7980000000000002
327 0.804
328 0.8140000000000001
329 0.8119999999999999
330 0.8119999999999999
331 0.812
332 0.8140000000000001
333 0.8140000000000001
334 0.8119999999999999
335 0.8119999999999999
336 0.8119999999999999
337 0.808
338 0.808
339 0.8019999999999999
340 0.8
341 0.798
342 0.798
343 0.796
344 0.794
345 0.796
346 0.8020000000000002
347 0.804
348 0.806
349 0.808
350 0.8100000000000002
351 0.8220000000000001
352 0.828
353 0.828
354 0.8320000000000001
355 0.834
356 0.834
357 0.8320000000000001
358 0.8260000000000002
359 0.8260000000000002
360 0.8260000000000002
361 0.8220000000000001
362 0.8200000000000001
363 0.8200000000000001
364 0.812
365 0.812
366 0.8099999999999999
367 0.808
368 0.808
369 0.806
370 0.808
371 0.806
372 0.806
373 0.8080000000000002
374 0.812
375 0.8099999999999999
376 0.8099999999999999
377 0.8140000000000001
378 0.8200000000000001
379 0.8200000000000001
380 0.8200000000000001
381 0.818
382 0.818
383 0.8160000000000001
384 0.808
385 0.806
386 0.8019999999999999
387 0.8019999999999999
388 0.7999999999999999
389 0.7999999999999999
390 0.7979999999999999
391 0.7979999999999999
392 0.7919999999999999
393 0.7919999999999999
394 0.792
395 0.794
396 0.792
397 0.8000000000000002
398 0.8019999999999999
399 0.808
400 0.8160000000000001
401 0.82
402 0.8240000000000001
403 0.826
404 0.8240000000000001
405 0.8220000000000001
406 0.82
407 0.8139999999999998
408 0.8139999999999998
409 0.8099999999999999
410 0.8099999999999999
411 0.808
412 0.8019999999999999
413 0.8
414 0.798
415 0.796
416 0.794
417 0.792
418 0.79
419 0.792
420 0.792
421 0.794
422 0.794
423 0.798
424 0.8020000000000002
425 0.8020000000000002
426 0.804
427 0.806
428 0.8019999999999999
429 0.8019999999999999
430 0.8019999999999999
431 0.8
432 0.8
433 0.8
434 0.796
435 0.792
436 0.792
437 0.788
438 0.7860000000000001
439 0.7860000000000001
440 0.782
441 0.782
442 0.78
443 0.782
444 0.786
445 0.792
446 0.7939999999999999
447 0.792
448 0.796
449 0.8
450 0.798
451 0.806
452 0.806
453 0.8
454 0.798
455 0.796
456 0.798
457 0.79
458 0.7859999999999999
459 0.7819999999999999
460 0.78
461 0.78
462 0.78
463 0.776
464 0.776
465 0.776
466 0.778
467 0.778
468 0.782
469 0.782
470 0.784
471 0.7839999999999999
472 0.788
473 0.792
474 0.7939999999999999
475 0.7959999999999999
476 0.796
477 0.798
478 0.796
479 0.7899999999999999
480 0.788
481 0.788
482 0.7859999999999999
483 0.7859999999999999
484 0.7839999999999999
485 0.7819999999999999
486 0.7799999999999999
487 0.7799999999999999
488 0.7779999999999999
489 0.776
490 0.77
491 0.77
492 0.77
493 0.772
494 0.778
495 0.784
496 0.786
497 0.7879999999999999
498 0.792
499 0.792
500 0.794
501 0.796
502 0.7939999999999999
503 0.786
504 0.786
505 0.786
506 0.7820000000000001
507 0.778
508 0.7740000000000001
509 0.7720000000000001
510 0.7700000000000001
511 0.768
512 0.768
513 0.766
514 0.766
515 0.768
516 0.7720000000000001
517 0.7700000000000001
518 0.7740000000000001
519 0.7740000000000001
520 0.778
521 0.782
522 0.794
523 0.7979999999999999
524 0.7979999999999999
525 0.8
526 0.8
527 0.8019999999999999
528 0.7979999999999999
529 0.796
530 0.792
531 0.7899999999999999
532 0.788
533 0.786
534 0.788
535 0.786
536 0.784
537 0.784
538 0.782
539 0.7820000000000001
540 0.78
541 0.786
542 0.7899999999999999
543 0.7979999999999999
544 0.806
545 0.812
546 0.812
547 0.8140000000000001
548 0.8160000000000001
549 0.8099999999999999
550 0.8099999999999999
551 0.8080000000000002
552 0.806
553 0.8020000000000002
554 0.8
555 0.7959999999999999
556 0.792
557 0.788
558 0.7819999999999999
559 0.7819999999999999
560 0.778
561 0.772
562 0.77
563 0.7740000000000001
564 0.774
565 0.776
566 0.776
567 0.7779999999999999
568 0.7799999999999999
569 0.784
570 0.79
571 0.792
572 0.79
573 0.7859999999999999
574 0.7839999999999999
575 0.7819999999999999
576 0.78
577 0.78
578 0.778
579 0.778
580 0.772
581 0.77
582 0.7659999999999999
583 0.76
584 0.7579999999999999
585 0.7579999999999999
586 0.76
587 0.768
588 0.7660000000000001
589 0.762
590 0.7579999999999999
591 0.76
592 0.76
593 0.76
594 0.7620000000000001
595 0.764
596 0.766
597 0.766
598 0.766
599 0.764
600 0.76
601 0.7580000000000001
602 0.7540000000000001
603 0.7540000000000001
604 0.752
605 0.7500000000000001
606 0.7500000000000001
607 0.7500000000000001
608 0.744
609 0.744
610 0.744
611 0.746
612 0.748
613 0.7539999999999999
614 0.7559999999999999
615 0.7599999999999999
616 0.766
617 0.77
618 0.776
619 0.78
620 0.78
621 0.78
622 0.778
623 0.774
624 0.774
625 0.766
626 0.764
627 0.764
628 0.76
629 0.756
630 0.752
631 0.75
632 0.75
633 0.748
634 0.74
635 0.744
636 0.748
637 0.752
638 0.76
639 0.7699999999999999
640 0.7739999999999999
641 0.776
642 0.7779999999999999
643 0.7799999999999999
644 0.7799999999999999
645 0.7779999999999999
646 0.7739999999999999
647 0.772
648 0.7699999999999999
649 0.7699999999999999
650 0.7699999999999999
651 0.768
652 0.7659999999999999
653 0.764
654 0.764
655 0.7659999999999999
656 0.764
657 0.762
658 0.764
659 0.772
660 0.772
661 0.774
662 0.776
663 0.778
664 0.778
665 0.778
666 0.7759999999999999
667 0.7799999999999999
668 0.78
669 0.776
670 0.776
671 0.774
672 0.772
673 0.7699999999999999
674 0.7699999999999999
675 0.766
676 0.766
677 0.76
678 0.7540000000000001
679 0.756
680 0.756
681 0.754
682 0.754
683 0.752
684 0.756
685 0.76
686 0.7659999999999999
687 0.7699999999999999
688 0.778
689 0.776
690 0.786
691 0.788
692 0.794
693 0.79
694 0.79
695 0.788
696 0.786
697 0.786
698 0.784
699 0.784
700 0.782
701 0.778
702 0.776
703 0.772
704 0.768
705 0.7699999999999999
706 0.768
707 0.764
708 0.768
709 0.77
710 0.772
711 0.7739999999999999
712 0.7739999999999999
713 0.7739999999999999
714 0.7779999999999999
715 0.776
716 0.776
717 0.772
718 0.768
719 0.764
720 0.762
721 0.76
722 0.76
723 0.76
724 0.756
725 0.754
726 0.7500000000000001
727 0.752
728 0.75
729 0.748
730 0.7459999999999999
731 0.7459999999999999
732 0.746
733 0.75
734 0.752
735 0.76
736 0.766
737 0.77
738 0.768
739 0.768
740 0.77
741 0.766
742 0.764
743 0.762
744 0.762
745 0.76
746 0.76
747 0.76
748 0.758
749 0.758
750 0.758
751 0.754
752 0.7539999999999999
753 0.752
754 0.752
755 0.756
756 0.756
757 0.756
758 0.76
759 0.7700000000000001
760 0.772
761 0.7799999999999999
762 0.784
763 0.78
764 0.7820000000000001
765 0.7820000000000001
766 0.78
767 0.78
768 0.77
769 0.764
770 0.76
771 0.76
772 0.758
773 0.758
774 0.754
775 0.752
776 0.754
777 0.754
778 0.756
779 0.76
780 0.764
781 0.766
782 0.774
783 0.776
784 0.78
785 0.786
786 0.78
787 0.774
788 0.772
789 0.772
790 0.772
791 0.772
792 0.772
793 0.77
794 0.768
795 0.7659999999999999
796 0.758
797 0.756
798 0.754
799 0.7500000000000001
800 0.7480000000000001
801 0.7460000000000001
802 0.7380000000000001
803 0.7380000000000001
804 0.7420000000000001
805 0.744
806 0.748
807 0.7580000000000001
808 0.76
809 0.7580000000000001
810 0.7580000000000001
811 0.7580000000000001
812 0.7580000000000001
813 0.7580000000000001
814 0.7580000000000001
815 0.756
816 0.754
817 0.754
818 0.7500000000000001
819 0.744
820 0.744
821 0.742
822 0.74
823 0.734
824 0.7259999999999999
825 0.724
826 0.724
827 0.726
828 0.724
829 0.728
830 0.732
831 0.736
832 0.74
833 0.744
834 0.744
835 0.746
836 0.748
837 0.746
838 0.744
839 0.744
840 0.744
841 0.738
842 0.738
843 0.738
844 0.732
845 0.73
846 0.728
847 0.728
848 0.728
849 0.7259999999999999
850 0.7259999999999999
851 0.726
852 0.7339999999999999
853 0.736
854 0.736
855 0.748
856 0.75
857 0.7579999999999999
858 0.7619999999999999
859 0.7659999999999999
860 0.764
861 0.7619999999999999
862 0.764
863 0.764
864 0.758
865 0.752
866 0.752
867 0.748
868 0.7459999999999999
869 0.744
870 0.7419999999999999
871 0.734
872 0.726
873 0.718
874 0.716
875 0.716
876 0.718
877 0.72
878 0.726
879 0.734
880 0.7299999999999999
881 0.732
882 0.74
883 0.748
884 0.746
885 0.7419999999999999
886 0.74
887 0.7380000000000001
888 0.736
889 0.734
890 0.73
891 0.73
892 0.73
893 0.73
894 0.728
895 0.728
896 0.726
897 0.724
898 0.726
899 0.732
900 0.736
901 0.746
902 0.7499999999999999
903 0.754
904 0.756
905 0.764
906 0.7699999999999999
907 0.772
908 0.772
909 0.77
910 0.77
911 0.77
912 0.766
913 0.766
914 0.758
915 0.754
916 0.754
917 0.752
918 0.748
919 0.748
920 0.744
921 0.742
922 0.742
923 0.74
924 0.736
925 0.742
926 0.74
927 0.746
928 0.754
929 0.7579999999999999
930 0.7619999999999999
931 0.764
932 0.76
933 0.762
934 0.762
935 0.762
936 0.76
937 0.756
938 0.754
939 0.75
940 0.748
941 0.748
942 0.748
943 0.7459999999999999
944 0.7419999999999999
945 0.74
946 0.74
947 0.734
948 0.742
949 0.748
950 0.748
951 0.7539999999999999
952 0.7619999999999999
953 0.77
954 0.77
955 0.778
956 0.778
957 0.7819999999999999
958 0.7819999999999999
959 0.7819999999999999
960 0.776
961 0.776
962 0.774
963 0.772
964 0.7660000000000001
965 0.764
966 0.758
967 0.754
968 0.752
969 0.752
970 0.75
971 0.75
972 0.75
973 0.752
974 0.756
975 0.7620000000000001
976 0.774
977 0.782
978 0.7900000000000001
979 0.7920000000000001
980 0.798
981 0.798
982 0.794
983 0.792
984 0.792
985 0.792
986 0.7900000000000001
987 0.788
988 0.786
989 0.786
990 0.784
991 0.784
992 0.782
993 0.78
994 0.788
995 0.786
996 0.788
997 0.7859999999999999
998 0.7899999999999999
999 0.7859999999999999
