1 1.0
2 1.0
3 1.0
4 1.0
5 1.0
6 1.0
7 1.0
8 0.9960000000000001
9 0.9960000000000001
10 0.9940000000000001
11 0.9940000000000001
12 0.9940000000000001
13 0.9940000000000001
14 0.9940000000000001
15 0.9940000000000001
16 0.9940000000000001
17 0.99
18 0.9880000000000001
19 0.9880000000000001
20 0.9880000000000001
21 0.9880000000000001
22 0.9880000000000001
23 0.984
24 0.984
25 0.984
26 0.984
27 0.984
28 0.9799999999999999
29 0.9799999999999999
30 0.9799999999999999
31 0.9799999999999999
32 0.978
33 0.974
34 0.974
35 0.9720000000000001
36 0.9700000000000001
37 0.9700000000000001
38 0.9700000000000001
39 0.9700000000000001
40 0.9700000000000001
41 0.9700000000000001
42 0.9700000000000001
43 0.9700000000000001
44 0.9700000000000001
45 0.9700000000000001
46 0.9700000000000001
47 0.9700000000000001
48 0.968
49 0.966
50 0.9640000000000001
51 0.9640000000000001
52 0.9640000000000001
53 0.9640000000000001
54 0.9620000000000001
55 0.9620000000000001
56 0.9600000000000002
57 0.9600000000000002
58 0.9600000000000002
59 0.9600000000000002
60 0.958
61 0.958
62 0.958
63 0.9559999999999998
64 0.954
65 0.954
66 0.952
67 0.95
68 0.95
69 0.95
70 0.95
71 0.95
72 0.95
73 0.95
74 0.95
75 0.95
76 0.95
77 0.9480000000000001
78 0.942
79 0.9400000000000001
80 0.9400000000000001
81 0.938
82 0.938
83 0.9339999999999999
84 0.9339999999999999
85 0.93
86 0.93
87 0.93
88 0.93
89 0.93
90 0.9259999999999999
91 0.9259999999999999
92 0.924
93 0.924
94 0.922
95 0.922
96 0.922
97 0.922
98 0.922
99 0.922
100 0.922
101 0.922
102 0.922
103 0.922
104 0.9199999999999999
105 0.9199999999999999
106 0.9199999999999999
107 0.9199999999999999
108 0.9199999999999999
109 0.9199999999999999
110 0.9179999999999999
111 0.9139999999999999
112 0.9139999999999999
113 0.9119999999999999
114 0.9119999999999999
115 0.9099999999999999
116 0.9099999999999999
117 0.9099999999999999
118 0.9099999999999999
119 0.9099999999999999
120 0.906
121 0.906
122 0.9040000000000001
123 0.9040000000000001
124 0.9040000000000001
125 0.9040000000000001
126 0.9040000000000001
127 0.9040000000000001
128 0.9040000000000001
129 0.9040000000000001
130 0.9040000000000001
131 0.9019999999999999
132 0.9019999999999999
133 0.9019999999999999
134 0.9019999999999999
135 0.9019999999999999
136 0.9019999999999999
137 0.9019999999999999
138 0.9019999999999999
139 0.9019999999999999
140 0.9019999999999999
141 0.9019999999999999
142 0.9019999999999999
143 0.9019999999999999
144 0.9019999999999999
145 0.898
146 0.8960000000000001
147 0.8939999999999999
148 0.892
149 0.89
150 0.8860000000000001
151 0.8860000000000001
152 0.8860000000000001
153 0.8860000000000001
154 0.8840000000000001
155 0.8840000000000001
156 0.8840000000000001
157 0.882
158 0.882
159 0.882
160 0.882
161 0.882
162 0.882
163 0.882
164 0.882
165 0.882
166 0.882
167 0.882
168 0.882
169 0.882
170 0.882
171 0.882
172 0.882
173 0.882
174 0.882
175 0.8800000000000001
176 0.8800000000000001
177 0.8800000000000001
178 0.8800000000000001
179 0.8780000000000001
180 0.8780000000000001
181 0.8780000000000001
182 0.8780000000000001
183 0.8780000000000001
184 0.8780000000000001
185 0.8780000000000001
186 0.8780000000000001
187 0.8780000000000001
188 0.8780000000000001
189 0.876
190 0.874
191 0.874
192 0.874
193 0.8720000000000001
194 0.8720000000000001
195 0.8720000000000001
196 0.8720000000000001
197 0.8720000000000001
198 0.8720000000000001
199 0.8720000000000001
200 0.8700000000000001
201 0.8700000000000001
202 0.8700000000000001
203 0.868
204 0.868
205 0.866
206 0.8640000000000001
207 0.8640000000000001
208 0.8620000000000001
209 0.8620000000000001
210 0.8620000000000001
211 0.8620000000000001
212 0.8620000000000001
213 0.8620000000000001
214 0.8620000000000001
215 0.8620000000000001
216 0.8620000000000001
217 0.8620000000000001
218 0.8620000000000001
219 0.8600000000000001
220 0.8600000000000001
221 0.8600000000000001
222 0.8600000000000001
223 0.8600000000000001
224 0.8580000000000002
225 0.8580000000000002
226 0.8560000000000001
227 0.8560000000000001
228 0.8560000000000001
229 0.8540000000000001
230 0.8540000000000001
231 0.8540000000000001
232 0.8520000000000001
233 0.8500000000000002
234 0.8500000000000002
235 0.8480000000000002
236 0.8480000000000002
237 0.8460000000000001
238 0.8460000000000001
239 0.8460000000000001
240 0.8460000000000001
241 0.8460000000000001
242 0.8460000000000001
243 0.8440000000000001
244 0.842
245 0.8400000000000001
246 0.8400000000000001
247 0.8380000000000001
248 0.8360000000000001
249 0.8340000000000002
250 0.8340000000000002
251 0.8340000000000002
252 0.8340000000000002
253 0.8340000000000002
254 0.8340000000000002
255 0.8340000000000002
256 0.8340000000000002
257 0.8340000000000002
258 0.8340000000000002
259 0.8340000000000002
260 0.8340000000000002
261 0.8320000000000002
262 0.8320000000000002
263 0.8320000000000002
264 0.8320000000000002
265 0.8320000000000002
266 0.8320000000000002
267 0.8320000000000002
268 0.8320000000000002
269 0.8320000000000002
270 0.8320000000000002
271 0.8320000000000002
272 0.8300000000000001
273 0.8280000000000001
274 0.8280000000000001
275 0.826
276 0.826
277 0.826
278 0.826
279 0.826
280 0.826
281 0.826
282 0.826
283 0.826
284 0.826
285 0.826
286 0.826
287 0.8240000000000001
288 0.8240000000000001
289 0.8240000000000001
290 0.8219999999999998
291 0.82
292 0.82
293 0.82
294 0.82
295 0.82
296 0.8140000000000001
297 0.808
298 0.806
299 0.806
300 0.806
301 0.804
302 0.804
303 0.804
304 0.804
305 0.8020000000000002
306 0.8020000000000002
307 0.8020000000000002
308 0.798
309 0.796
310 0.796
311 0.796
312 0.796
313 0.794
314 0.794
315 0.792
316 0.786
317 0.786
318 0.786
319 0.786
320 0.786
321 0.786
322 0.786
323 0.786
324 0.786
325 0.784
326 0.784
327 0.784
328 0.784
329 0.784
330 0.784
331 0.784
332 0.784
333 0.784
334 0.784
335 0.784
336 0.784
337 0.784
338 0.784
339 0.784
340 0.782
341 0.782
342 0.782
343 0.782
344 0.782
345 0.782
346 0.782
347 0.782
348 0.782
349 0.782
350 0.782
351 0.782
352 0.782
353 0.782
354 0.782
355 0.78
356 0.78
357 0.78
358 0.78
359 0.78
360 0.78
361 0.78
362 0.78
363 0.78
364 0.78
365 0.78
366 0.78
367 0.778
368 0.776
369 0.774
370 0.772
371 0.7699999999999999
372 0.7699999999999999
373 0.7699999999999999
374 0.7699999999999999
375 0.7699999999999999
376 0.7699999999999999
377 0.7699999999999999
378 0.7699999999999999
379 0.7699999999999999
380 0.7699999999999999
381 0.768
382 0.768
383 0.768
384 0.7659999999999999
385 0.7659999999999999
386 0.7659999999999999
387 0.7659999999999999
388 0.7659999999999999
389 0.7659999999999999
390 0.7659999999999999
391 0.7659999999999999
392 0.7659999999999999
393 0.7659999999999999
394 0.7659999999999999
395 0.7659999999999999
396 0.762
397 0.762
398 0.762
399 0.762
400 0.76
401 0.76
402 0.76
403 0.76
404 0.76
405 0.76
406 0.76
407 0.76
408 0.76
409 0.76
410 0.76
411 0.76
412 0.758
413 0.758
414 0.758
415 0.754
416 0.754
417 0.754
418 0.754
419 0.754
420 0.754
421 0.754
422 0.754
423 0.754
424 0.754
425 0.754
426 0.754
427 0.752
428 0.752
429 0.752
430 0.752
431 0.752
432 0.75
433 0.75
434 0.746
435 0.744
436 0.744
437 0.744
438 0.744
439 0.744
440 0.742
441 0.742
442 0.742
443 0.742
444 0.742
445 0.742
446 0.742
447 0.74
448 0.74
449 0.738
450 0.738
451 0.738
452 0.738
453 0.738
454 0.738
455 0.734
456 0.734
457 0.734
458 0.734
459 0.734
460 0.732
461 0.732
462 0.73
463 0.73
464 0.73
465 0.728
466 0.728
467 0.728
468 0.728
469 0.726
470 0.726
471 0.726
472 0.726
473 0.726
474 0.726
475 0.726
476 0.726
477 0.726
478 0.726
479 0.726
480 0.726
481 0.726
482 0.726
483 0.726
484 0.726
485 0.726
486 0.726
487 0.726
488 0.726
489 0.726
490 0.726
491 0.726
492 0.724
493 0.724
494 0.724
495 0.724
496 0.724
497 0.724
498 0.724
499 0.724
500 0.724
501 0.7219999999999999
502 0.72
503 0.72
504 0.72
505 0.7179999999999999
506 0.7179999999999999
507 0.7179999999999999
508 0.7179999999999999
509 0.7179999999999999
510 0.716
511 0.716
512 0.716
513 0.716
514 0.7139999999999999
515 0.7139999999999999
516 0.7139999999999999
517 0.7139999999999999
518 0.7139999999999999
519 0.712
520 0.712
521 0.712
522 0.712
523 0.712
524 0.712
525 0.712
526 0.712
527 0.7099999999999999
528 0.7099999999999999
529 0.7099999999999999
530 0.7099999999999999
531 0.7099999999999999
532 0.7099999999999999
533 0.7099999999999999
534 0.7099999999999999
535 0.7099999999999999
536 0.7099999999999999
537 0.7099999999999999
538 0.7099999999999999
539 0.7099999999999999
540 0.7099999999999999
541 0.708
542 0.708
543 0.708
544 0.708
545 0.708
546 0.706
547 0.706
548 0.706
549 0.706
550 0.706
551 0.704
552 0.704
553 0.704
554 0.704
555 0.704
556 0.704
557 0.704
558 0.704
559 0.704
560 0.702
561 0.702
562 0.7
563 0.7
564 0.7
565 0.7
566 0.7
567 0.7
568 0.698
569 0.698
570 0.698
571 0.698
572 0.698
573 0.698
574 0.698
575 0.698
576 0.698
577 0.698
578 0.698
579 0.698
580 0.698
581 0.698
582 0.694
583 0.694
584 0.694
585 0.694
586 0.694
587 0.694
588 0.694
589 0.694
590 0.694
591 0.694
592 0.694
593 0.694
594 0.694
595 0.694
596 0.692
597 0.692
598 0.692
599 0.692
600 0.692
601 0.692
602 0.692
603 0.6900000000000001
604 0.6900000000000001
605 0.6900000000000001
606 0.6900000000000001
607 0.688
608 0.688
609 0.686
610 0.686
611 0.686
612 0.686
613 0.684
614 0.684
615 0.682
616 0.682
617 0.682
618 0.682
619 0.682
620 0.6799999999999999
621 0.6799999999999999
622 0.6799999999999999
623 0.678
624 0.678
625 0.678
626 0.678
627 0.678
628 0.678
629 0.678
630 0.678
631 0.678
632 0.678
633 0.678
634 0.678
635 0.678
636 0.678
637 0.678
638 0.674
639 0.674
640 0.672
641 0.672
642 0.672
643 0.67
644 0.67
645 0.67
646 0.67
647 0.67
648 0.67
649 0.67
650 0.67
651 0.67
652 0.67
653 0.67
654 0.67
655 0.67
656 0.67
657 0.67
658 0.67
659 0.67
660 0.67
661 0.67
662 0.67
663 0.67
664 0.67
665 0.67
666 0.67
667 0.67
668 0.67
669 0.67
670 0.67
671 0.67
672 0.67
673 0.67
674 0.67
675 0.67
676 0.67
677 0.67
678 0.67
679 0.668
680 0.668
681 0.668
682 0.668
683 0.668
684 0.668
685 0.668
686 0.668
687 0.668
688 0.668
689 0.666
690 0.666
691 0.666
692 0.666
693 0.666
694 0.666
695 0.666
696 0.666
697 0.666
698 0.662
699 0.662
700 0.662
701 0.662
702 0.662
703 0.662
704 0.662
705 0.662
706 0.66
707 0.658
708 0.658
709 0.658
710 0.658
711 0.658
712 0.658
713 0.658
714 0.658
715 0.6559999999999999
716 0.6559999999999999
717 0.6559999999999999
718 0.6559999999999999
719 0.6559999999999999
720 0.6559999999999999
721 0.6559999999999999
722 0.6559999999999999
723 0.654
724 0.654
725 0.654
726 0.654
727 0.654
728 0.654
729 0.654
730 0.652
731 0.652
732 0.652
733 0.652
734 0.652
735 0.652
736 0.652
737 0.652
738 0.652
739 0.652
740 0.652
741 0.652
742 0.652
743 0.652
744 0.652
745 0.652
746 0.652
747 0.6500000000000001
748 0.6500000000000001
749 0.6500000000000001
750 0.6479999999999999
751 0.6479999999999999
752 0.6479999999999999
753 0.646
754 0.646
755 0.646
756 0.646
757 0.646
758 0.644
759 0.644
760 0.644
761 0.644
762 0.644
763 0.644
764 0.644
765 0.644
766 0.644
767 0.644
768 0.644
769 0.642
770 0.642
771 0.642
772 0.6399999999999999
773 0.6399999999999999
774 0.638
775 0.638
776 0.638
777 0.638
778 0.638
779 0.638
780 0.6359999999999999
781 0.6359999999999999
782 0.6359999999999999
783 0.6359999999999999
784 0.6359999999999999
785 0.6359999999999999
786 0.6359999999999999
787 0.6359999999999999
788 0.6359999999999999
789 0.6359999999999999
790 0.6359999999999999
791 0.6359999999999999
792 0.6359999999999999
793 0.6359999999999999
794 0.6359999999999999
795 0.6359999999999999
796 0.6359999999999999
797 0.6359999999999999
798 0.6359999999999999
799 0.6359999999999999
800 0.6359999999999999
801 0.6359999999999999
802 0.6359999999999999
803 0.6359999999999999
804 0.6359999999999999
805 0.6359999999999999
806 0.6359999999999999
807 0.6359999999999999
808 0.6359999999999999
809 0.6359999999999999
810 0.6359999999999999
811 0.634
812 0.634
813 0.634
814 0.6319999999999999
815 0.6319999999999999
816 0.6319999999999999
817 0.6319999999999999
818 0.63
819 0.6279999999999999
820 0.6279999999999999
821 0.6279999999999999
822 0.626
823 0.626
824 0.626
825 0.626
826 0.626
827 0.626
828 0.626
829 0.626
830 0.626
831 0.626
832 0.624
833 0.624
834 0.624
835 0.624
836 0.624
837 0.624
838 0.622
839 0.622
840 0.622
841 0.622
842 0.622
843 0.622
844 0.622
845 0.622
846 0.622
847 0.622
848 0.622
849 0.622
850 0.622
851 0.622
852 0.622
853 0.622
854 0.622
855 0.622
856 0.622
857 0.622
858 0.622
859 0.6199999999999999
860 0.6199999999999999
861 0.6199999999999999
862 0.6199999999999999
863 0.6199999999999999
864 0.6199999999999999
865 0.6199999999999999
866 0.6199999999999999
867 0.6199999999999999
868 0.6179999999999999
869 0.6179999999999999
870 0.6179999999999999
871 0.6179999999999999
872 0.6179999999999999
873 0.6179999999999999
874 0.6179999999999999
875 0.6179999999999999
876 0.6179999999999999
877 0.6179999999999999
878 0.6179999999999999
879 0.6179999999999999
880 0.6179999999999999
881 0.6179999999999999
882 0.6179999999999999
883 0.6179999999999999
884 0.6179999999999999
885 0.6179999999999999
886 0.6179999999999999
887 0.6179999999999999
888 0.6179999999999999
889 0.6179999999999999
890 0.6179999999999999
891 0.6179999999999999
892 0.6179999999999999
893 0.6179999999999999
894 0.6159999999999999
895 0.6159999999999999
896 0.6159999999999999
897 0.6159999999999999
898 0.6139999999999999
899 0.6139999999999999
900 0.6139999999999999
901 0.6139999999999999
902 0.6139999999999999
903 0.6139999999999999
904 0.6139999999999999
905 0.6139999999999999
906 0.6139999999999999
907 0.6139999999999999
908 0.6139999999999999
909 0.6139999999999999
910 0.6119999999999999
911 0.6119999999999999
912 0.608
913 0.608
914 0.608
915 0.608
916 0.608
917 0.608
918 0.608
919 0.608
920 0.608
921 0.608
922 0.608
923 0.6059999999999999
924 0.6059999999999999
925 0.6059999999999999
926 0.6039999999999999
927 0.602
928 0.602
929 0.602
930 0.602
931 0.602
932 0.602
933 0.6
934 0.6
935 0.6
936 0.6
937 0.6
938 0.5980000000000001
939 0.5980000000000001
940 0.5959999999999999
941 0.5959999999999999
942 0.5959999999999999
943 0.5959999999999999
944 0.594
945 0.594
946 0.594
947 0.594
948 0.594
949 0.594
950 0.594
951 0.594
952 0.594
953 0.594
954 0.594
955 0.594
956 0.594
957 0.594
958 0.594
959 0.594
960 0.594
961 0.594
962 0.594
963 0.592
964 0.592
965 0.592
966 0.592
967 0.592
968 0.592
969 0.592
970 0.592
971 0.592
972 0.592
973 0.592
974 0.592
975 0.5900000000000001
976 0.5900000000000001
977 0.5900000000000001
978 0.5900000000000001
979 0.5900000000000001
980 0.5880000000000001
981 0.5860000000000001
982 0.5860000000000001
983 0.5860000000000001
984 0.5860000000000001
985 0.5860000000000001
986 0.5860000000000001
987 0.5860000000000001
988 0.5860000000000001
989 0.5860000000000001
990 0.5860000000000001
991 0.5860000000000001
992 0.5860000000000001
993 0.5860000000000001
994 0.5860000000000001
995 0.5860000000000001
996 0.5860000000000001
997 0.5860000000000001
998 0.5860000000000001
999 0.5860000000000001
