1 1.0
2 1.0
3 1.0
4 1.0
5 1.0
6 1.0
7 1.0
8 1.0
9 1.0
10 1.0
11 0.998
12 0.998
13 0.998
14 0.9960000000000001
15 0.9960000000000001
16 0.9960000000000001
17 0.9960000000000001
18 0.9960000000000001
19 0.9960000000000001
20 0.9960000000000001
21 0.9960000000000001
22 0.9960000000000001
23 0.9940000000000001
24 0.9940000000000001
25 0.9940000000000001
26 0.9940000000000001
27 0.992
28 0.992
29 0.992
30 0.992
31 0.992
32 0.992
33 0.992
34 0.992
35 0.99
36 0.986
37 0.984
38 0.978
39 0.978
40 0.976
41 0.974
42 0.974
43 0.97
44 0.97
45 0.97
46 0.97
47 0.97
48 0.97
49 0.966
50 0.966
51 0.966
52 0.9620000000000001
53 0.9620000000000001
54 0.9620000000000001
55 0.9620000000000001
56 0.9620000000000001
57 0.9620000000000001
58 0.9620000000000001
59 0.9600000000000002
60 0.9600000000000002
61 0.958
62 0.9560000000000001
63 0.9560000000000001
64 0.95
65 0.95
66 0.95
67 0.9480000000000001
68 0.946
69 0.944
70 0.942
71 0.9359999999999999
72 0.9319999999999998
73 0.9279999999999999
74 0.9279999999999999
75 0.9259999999999999
76 0.9259999999999999
77 0.924
78 0.924
79 0.922
80 0.922
81 0.9199999999999999
82 0.9199999999999999
83 0.9199999999999999
84 0.9179999999999999
85 0.914
86 0.914
87 0.914
88 0.9119999999999999
89 0.9119999999999999
90 0.908
91 0.906
92 0.9000000000000001
93 0.8960000000000001
94 0.8960000000000001
95 0.892
96 0.8880000000000001
97 0.8880000000000001
98 0.8860000000000001
99 0.884
100 0.882
101 0.882
102 0.882
103 0.8800000000000001
104 0.8800000000000001
105 0.8780000000000001
106 0.8760000000000001
107 0.8740000000000002
108 0.8740000000000002
109 0.8720000000000001
110 0.8720000000000001
111 0.8700000000000001
112 0.8700000000000001
113 0.8700000000000001
114 0.8680000000000001
115 0.8680000000000001
116 0.8660000000000002
117 0.8619999999999999
118 0.858
119 0.8560000000000001
120 0.8540000000000001
121 0.8540000000000001
122 0.8520000000000001
123 0.8480000000000001
124 0.8440000000000001
125 0.842
126 0.842
127 0.8400000000000001
128 0.8400000000000001
129 0.8380000000000001
130 0.8380000000000001
131 0.8380000000000001
132 0.8360000000000001
133 0.834
134 0.834
135 0.8300000000000001
136 0.8300000000000001
137 0.8300000000000001
138 0.8300000000000001
139 0.8300000000000001
140 0.8300000000000001
141 0.8300000000000001
142 0.8300000000000001
143 0.8300000000000001
144 0.8260000000000002
145 0.8260000000000002
146 0.8260000000000002
147 0.8260000000000002
148 0.8260000000000002
149 0.8220000000000001
150 0.8220000000000001
151 0.8220000000000001
152 0.8220000000000001
153 0.8160000000000001
154 0.8119999999999999
155 0.808
156 0.808
157 0.8020000000000002
158 0.8020000000000002
159 0.8020000000000002
160 0.8020000000000002
161 0.7979999999999999
162 0.7979999999999999
163 0.796
164 0.792
165 0.79
166 0.788
167 0.7860000000000001
168 0.782
169 0.782
170 0.78
171 0.78
172 0.78
173 0.78
174 0.78
175 0.78
176 0.78
177 0.778
178 0.778
179 0.778
180 0.774
181 0.772
182 0.772
183 0.772
184 0.772
185 0.766
186 0.766
187 0.766
188 0.766
189 0.764
190 0.764
191 0.7619999999999999
192 0.76
193 0.76
194 0.76
195 0.76
196 0.76
197 0.76
198 0.76
199 0.76
200 0.758
201 0.756
202 0.756
203 0.756
204 0.756
205 0.752
206 0.752
207 0.752
208 0.75
209 0.75
210 0.75
211 0.75
212 0.75
213 0.75
214 0.748
215 0.746
216 0.744
217 0.744
218 0.744
219 0.744
220 0.744
221 0.744
222 0.744
223 0.744
224 0.742
225 0.74
226 0.74
227 0.74
228 0.74
229 0.736
230 0.734
231 0.734
232 0.734
233 0.734
234 0.734
235 0.732
236 0.73
237 0.726
238 0.724
239 0.7200000000000001
240 0.7200000000000001
241 0.716
242 0.7140000000000001
243 0.712
244 0.712
245 0.7100000000000001
246 0.7100000000000001
247 0.7100000000000001
248 0.7100000000000001
249 0.7080000000000001
250 0.7080000000000001
251 0.7080000000000001
252 0.7080000000000001
253 0.7080000000000001
254 0.704
255 0.704
256 0.704
257 0.7020000000000001
258 0.7020000000000001
259 0.7000000000000001
260 0.7000000000000001
261 0.698
262 0.696
263 0.694
264 0.694
265 0.694
266 0.694
267 0.692
268 0.6900000000000001
269 0.686
270 0.686
271 0.682
272 0.6799999999999999
273 0.6779999999999999
274 0.6779999999999999
275 0.6759999999999999
276 0.6759999999999999
277 0.6759999999999999
278 0.674
279 0.672
280 0.672
281 0.672
282 0.672
283 0.6699999999999999
284 0.6699999999999999
285 0.6679999999999999
286 0.6679999999999999
287 0.6679999999999999
288 0.666
289 0.666
290 0.664
291 0.664
292 0.662
293 0.662
294 0.662
295 0.6599999999999999
296 0.6599999999999999
297 0.658
298 0.654
299 0.654
300 0.654
301 0.654
302 0.654
303 0.654
304 0.6519999999999999
305 0.6519999999999999
306 0.6519999999999999
307 0.6499999999999999
308 0.6499999999999999
309 0.6499999999999999
310 0.6499999999999999
311 0.6499999999999999
312 0.6499999999999999
313 0.6499999999999999
314 0.6499999999999999
315 0.6479999999999999
316 0.6459999999999999
317 0.6439999999999999
318 0.6439999999999999
319 0.642
320 0.642
321 0.642
322 0.642
323 0.64
324 0.64
325 0.64
326 0.64
327 0.64
328 0.64
329 0.64
330 0.64
331 0.638
332 0.638
333 0.636
334 0.636
335 0.636
336 0.636
337 0.636
338 0.636
339 0.632
340 0.632
341 0.632
342 0.632
343 0.632
344 0.632
345 0.632
346 0.63
347 0.6279999999999999
348 0.626
349 0.626
350 0.626
351 0.6239999999999999
352 0.6239999999999999
353 0.622
354 0.622
355 0.622
356 0.62
357 0.618
358 0.618
359 0.618
360 0.618
361 0.618
362 0.618
363 0.616
364 0.616
365 0.616
366 0.616
367 0.612
368 0.612
369 0.61
370 0.608
371 0.608
372 0.6040000000000001
373 0.602
374 0.602
375 0.602
376 0.602
377 0.602
378 0.5980000000000001
379 0.5980000000000001
380 0.5980000000000001
381 0.5980000000000001
382 0.5980000000000001
383 0.5980000000000001
384 0.5980000000000001
385 0.5980000000000001
386 0.5980000000000001
387 0.5960000000000001
388 0.5960000000000001
389 0.5960000000000001
390 0.5960000000000001
391 0.594
392 0.592
393 0.592
394 0.5900000000000001
395 0.5900000000000001
396 0.5900000000000001
397 0.5900000000000001
398 0.5900000000000001
399 0.5900000000000001
400 0.5900000000000001
401 0.5900000000000001
402 0.5880000000000001
403 0.586
404 0.586
405 0.586
406 0.586
407 0.586
408 0.586
409 0.586
410 0.586
411 0.586
412 0.586
413 0.586
414 0.586
415 0.584
416 0.584
417 0.584
418 0.584
419 0.5820000000000001
420 0.5820000000000001
421 0.5820000000000001
422 0.5820000000000001
423 0.58
424 0.58
425 0.58
426 0.58
427 0.5780000000000001
428 0.5780000000000001
429 0.5780000000000001
430 0.5780000000000001
431 0.576
432 0.576
433 0.576
434 0.576
435 0.576
436 0.576
437 0.576
438 0.576
439 0.576
440 0.576
441 0.576
442 0.576
443 0.576
444 0.5740000000000001
445 0.5740000000000001
446 0.5740000000000001
447 0.5740000000000001
448 0.5740000000000001
449 0.5740000000000001
450 0.5740000000000001
451 0.5740000000000001
452 0.5740000000000001
453 0.5740000000000001
454 0.572
455 0.572
456 0.5700000000000001
457 0.5700000000000001
458 0.5700000000000001
459 0.5660000000000001
460 0.5660000000000001
461 0.5660000000000001
462 0.5640000000000001
463 0.5640000000000001
464 0.5640000000000001
465 0.5640000000000001
466 0.5640000000000001
467 0.5640000000000001
468 0.562
469 0.5599999999999999
470 0.5599999999999999
471 0.5599999999999999
472 0.558
473 0.558
474 0.558
475 0.558
476 0.556
477 0.556
478 0.556
479 0.556
480 0.556
481 0.556
482 0.556
483 0.5519999999999999
484 0.5519999999999999
485 0.55
486 0.548
487 0.548
488 0.548
489 0.548
490 0.548
491 0.548
492 0.548
493 0.548
494 0.548
495 0.548
496 0.548
497 0.548
498 0.548
499 0.548
500 0.548
501 0.548
502 0.548
503 0.548
504 0.5459999999999999
505 0.5459999999999999
506 0.542
507 0.542
508 0.54
509 0.54
510 0.54
511 0.54
512 0.54
513 0.54
514 0.5379999999999999
515 0.5379999999999999
516 0.5379999999999999
517 0.5359999999999999
518 0.5359999999999999
519 0.534
520 0.534
521 0.532
522 0.532
523 0.532
524 0.532
525 0.532
526 0.53
527 0.526
528 0.526
529 0.526
530 0.526
531 0.526
532 0.524
533 0.524
534 0.524
535 0.524
536 0.524
537 0.524
538 0.5199999999999999
539 0.5199999999999999
540 0.518
541 0.518
542 0.518
543 0.518
544 0.518
545 0.516
546 0.516
547 0.516
548 0.5119999999999999
549 0.5119999999999999
550 0.5119999999999999
551 0.5119999999999999
552 0.51
553 0.51
554 0.51
555 0.51
556 0.51
557 0.51
558 0.51
559 0.51
560 0.51
561 0.51
562 0.51
563 0.51
564 0.508
565 0.508
566 0.508
567 0.508
568 0.508
569 0.508
570 0.508
571 0.508
572 0.508
573 0.508
574 0.506
575 0.506
576 0.506
577 0.506
578 0.506
579 0.506
580 0.506
581 0.506
582 0.506
583 0.504
584 0.504
585 0.502
586 0.502
587 0.502
588 0.502
589 0.5
590 0.5
591 0.5
592 0.5
593 0.5
594 0.5
595 0.49799999999999994
596 0.49799999999999994
597 0.49799999999999994
598 0.49799999999999994
599 0.492
600 0.48999999999999994
601 0.48999999999999994
602 0.48999999999999994
603 0.48999999999999994
604 0.488
605 0.488
606 0.488
607 0.488
608 0.488
609 0.488
610 0.488
611 0.488
612 0.488
613 0.48599999999999993
614 0.48599999999999993
615 0.48599999999999993
616 0.48599999999999993
617 0.48599999999999993
618 0.48599999999999993
619 0.48599999999999993
620 0.48599999999999993
621 0.48599999999999993
622 0.48599999999999993
623 0.484
624 0.484
625 0.484
626 0.484
627 0.484
628 0.484
629 0.484
630 0.484
631 0.484
632 0.484
633 0.484
634 0.484
635 0.484
636 0.484
637 0.484
638 0.484
639 0.484
640 0.484
641 0.484
642 0.484
643 0.484
644 0.484
645 0.484
646 0.484
647 0.484
648 0.484
649 0.484
650 0.484
651 0.48199999999999993
652 0.48199999999999993
653 0.48199999999999993
654 0.48199999999999993
655 0.48199999999999993
656 0.48199999999999993
657 0.48199999999999993
658 0.48199999999999993
659 0.48199999999999993
660 0.48
661 0.48
662 0.48
663 0.47800000000000004
664 0.47800000000000004
665 0.47800000000000004
666 0.47800000000000004
667 0.47800000000000004
668 0.47800000000000004
669 0.47800000000000004
670 0.476
671 0.476
672 0.476
673 0.476
674 0.476
675 0.476
676 0.47400000000000003
677 0.47400000000000003
678 0.47400000000000003
679 0.47400000000000003
680 0.47400000000000003
681 0.47400000000000003
682 0.47400000000000003
683 0.47400000000000003
684 0.47400000000000003
685 0.47400000000000003
686 0.47400000000000003
687 0.47400000000000003
688 0.47400000000000003
689 0.47400000000000003
690 0.47400000000000003
691 0.47400000000000003
692 0.47400000000000003
693 0.47400000000000003
694 0.47400000000000003
695 0.47400000000000003
696 0.47400000000000003
697 0.47400000000000003
698 0.47400000000000003
699 0.47400000000000003
700 0.47400000000000003
701 0.47400000000000003
702 0.47400000000000003
703 0.472
704 0.472
705 0.472
706 0.47000000000000003
707 0.47000000000000003
708 0.47000000000000003
709 0.47000000000000003
710 0.47000000000000003
711 0.47000000000000003
712 0.47000000000000003
713 0.47000000000000003
714 0.47000000000000003
715 0.47000000000000003
716 0.47000000000000003
717 0.46799999999999997
718 0.466
719 0.46399999999999997
720 0.46399999999999997
721 0.46399999999999997
722 0.46399999999999997
723 0.46399999999999997
724 0.46399999999999997
725 0.46399999999999997
726 0.46399999999999997
727 0.46399999999999997
728 0.46399999999999997
729 0.46399999999999997
730 0.46399999999999997
731 0.46399999999999997
732 0.46399999999999997
733 0.46399999999999997
734 0.462
735 0.462
736 0.45999999999999996
737 0.45999999999999996
738 0.45999999999999996
739 0.45999999999999996
740 0.45999999999999996
741 0.45999999999999996
742 0.45999999999999996
743 0.45999999999999996
744 0.458
745 0.458
746 0.458
747 0.458
748 0.458
749 0.458
750 0.458
751 0.458
752 0.458
753 0.458
754 0.458
755 0.458
756 0.458
757 0.458
758 0.458
759 0.45599999999999996
760 0.454
761 0.454
762 0.454
763 0.454
764 0.454
765 0.454
766 0.454
767 0.454
768 0.454
769 0.454
770 0.454
771 0.454
772 0.454
773 0.454
774 0.454
775 0.454
776 0.454
777 0.454
778 0.454
779 0.454
780 0.454
781 0.454
782 0.454
783 0.454
784 0.454
785 0.454
786 0.454
787 0.454
788 0.454
789 0.454
790 0.454
791 0.454
792 0.45199999999999996
793 0.45199999999999996
794 0.45199999999999996
795 0.45199999999999996
796 0.45199999999999996
797 0.45199999999999996
798 0.45199999999999996
799 0.45199999999999996
800 0.45199999999999996
801 0.45199999999999996
802 0.44799999999999995
803 0.44799999999999995
804 0.446
805 0.446
806 0.44399999999999995
807 0.44399999999999995
808 0.44399999999999995
809 0.44399999999999995
810 0.44399999999999995
811 0.44399999999999995
812 0.44399999999999995
813 0.44399999999999995
814 0.44399999999999995
815 0.44399999999999995
816 0.44399999999999995
817 0.44399999999999995
818 0.44399999999999995
819 0.44399999999999995
820 0.44399999999999995
821 0.44399999999999995
822 0.442
823 0.442
824 0.442
825 0.442
826 0.442
827 0.44000000000000006
828 0.44000000000000006
829 0.44000000000000006
830 0.44000000000000006
831 0.44000000000000006
832 0.44000000000000006
833 0.44000000000000006
834 0.44000000000000006
835 0.44000000000000006
836 0.44000000000000006
837 0.43800000000000006
838 0.43800000000000006
839 0.43800000000000006
840 0.43800000000000006
841 0.43800000000000006
842 0.43800000000000006
843 0.43600000000000005
844 0.43600000000000005
845 0.43600000000000005
846 0.43600000000000005
847 0.43400000000000005
848 0.43400000000000005
849 0.43400000000000005
850 0.43400000000000005
851 0.43400000000000005
852 0.43400000000000005
853 0.43200000000000005
854 0.42800000000000005
855 0.42400000000000004
856 0.422
857 0.422
858 0.422
859 0.422
860 0.422
861 0.422
862 0.422
863 0.422
864 0.422
865 0.422
866 0.422
867 0.422
868 0.422
869 0.42000000000000004
870 0.42000000000000004
871 0.42000000000000004
872 0.42000000000000004
873 0.42000000000000004
874 0.42000000000000004
875 0.42000000000000004
876 0.42000000000000004
877 0.42000000000000004
878 0.42000000000000004
879 0.42000000000000004
880 0.42000000000000004
881 0.42000000000000004
882 0.42000000000000004
883 0.42000000000000004
884 0.42000000000000004
885 0.42000000000000004
886 0.42000000000000004
887 0.42000000000000004
888 0.42000000000000004
889 0.42000000000000004
890 0.42000000000000004
891 0.42000000000000004
892 0.42000000000000004
893 0.42000000000000004
894 0.42000000000000004
895 0.42000000000000004
896 0.42000000000000004
897 0.42000000000000004
898 0.42000000000000004
899 0.42000000000000004
900 0.42000000000000004
901 0.42000000000000004
902 0.42000000000000004
903 0.42000000000000004
904 0.42000000000000004
905 0.42000000000000004
906 0.42000000000000004
907 0.42000000000000004
908 0.42000000000000004
909 0.42000000000000004
910 0.418
911 0.418
912 0.418
913 0.418
914 0.418
915 0.418
916 0.418
917 0.418
918 0.418
919 0.418
920 0.418
921 0.418
922 0.418
923 0.418
924 0.418
925 0.418
926 0.418
927 0.41600000000000004
928 0.41600000000000004
929 0.41600000000000004
930 0.41600000000000004
931 0.41600000000000004
932 0.41400000000000003
933 0.41400000000000003
934 0.41400000000000003
935 0.41400000000000003
936 0.41400000000000003
937 0.41400000000000003
938 0.41400000000000003
939 0.41400000000000003
940 0.41200000000000003
941 0.41200000000000003
942 0.41200000000000003
943 0.41200000000000003
944 0.41200000000000003
945 0.41200000000000003
946 0.41200000000000003
947 0.41200000000000003
948 0.41200000000000003
949 0.41
950 0.41
951 0.41
952 0.41
953 0.41
954 0.41
955 0.41
956 0.41
957 0.41
958 0.41
959 0.41
960 0.41
961 0.41
962 0.41
963 0.41
964 0.40800000000000003
965 0.40800000000000003
966 0.40800000000000003
967 0.40800000000000003
968 0.40800000000000003
969 0.40800000000000003
970 0.40800000000000003
971 0.40800000000000003
972 0.40800000000000003
973 0.40599999999999997
974 0.40599999999999997
975 0.40599999999999997
976 0.40599999999999997
977 0.40599999999999997
978 0.40599999999999997
979 0.40599999999999997
980 0.40599999999999997
981 0.40599999999999997
982 0.40599999999999997
983 0.40599999999999997
984 0.40599999999999997
985 0.40599999999999997
986 0.40599999999999997
987 0.40599999999999997
988 0.40599999999999997
989 0.40599999999999997
990 0.40599999999999997
991 0.40599999999999997
992 0.40599999999999997
993 0.40599999999999997
994 0.40599999999999997
995 0.40599999999999997
996 0.40599999999999997
997 0.40599999999999997
998 0.40599999999999997
999 0.40599999999999997
