1 1.0
2 1.0
3 1.0
4 1.0
5 1.0
6 1.0
7 1.0
8 1.0
9 1.0
10 1.0
11 1.0
12 1.0
13 1.0
14 1.0
15 0.998
16 0.9960000000000001
17 0.9960000000000001
18 0.9960000000000001
19 0.9960000000000001
20 0.9960000000000001
21 0.992
22 0.9899999999999999
23 0.9899999999999999
24 0.9899999999999999
25 0.9899999999999999
26 0.986
27 0.986
28 0.986
29 0.986
30 0.986
31 0.986
32 0.986
33 0.986
34 0.984
35 0.984
36 0.984
37 0.984
38 0.982
39 0.982
40 0.982
41 0.982
42 0.982
43 0.982
44 0.982
45 0.982
46 0.982
47 0.982
48 0.982
49 0.9800000000000001
50 0.9800000000000001
51 0.9800000000000001
52 0.9800000000000001
53 0.976
54 0.976
55 0.976
56 0.974
57 0.974
58 0.974
59 0.974
60 0.974
61 0.974
62 0.974
63 0.974
64 0.9680000000000002
65 0.9680000000000002
66 0.9680000000000002
67 0.9680000000000002
68 0.9680000000000002
69 0.9680000000000002
70 0.9680000000000002
71 0.9680000000000002
72 0.9680000000000002
73 0.9680000000000002
74 0.9680000000000002
75 0.9680000000000002
76 0.9680000000000002
77 0.9680000000000002
78 0.9680000000000002
79 0.9680000000000002
80 0.9680000000000002
81 0.9680000000000002
82 0.9680000000000002
83 0.9680000000000002
84 0.9680000000000002
85 0.9680000000000002
86 0.9680000000000002
87 0.9680000000000002
88 0.9680000000000002
89 0.9680000000000002
90 0.9680000000000002
91 0.9680000000000002
92 0.9680000000000002
93 0.9680000000000002
94 0.9680000000000002
95 0.9680000000000002
96 0.9680000000000002
97 0.9680000000000002
98 0.9680000000000002
99 0.9680000000000002
100 0.9680000000000002
101 0.9680000000000002
102 0.9680000000000002
103 0.9680000000000002
104 0.9680000000000002
105 0.9680000000000002
106 0.9680000000000002
107 0.9680000000000002
108 0.9680000000000002
109 0.9680000000000002
110 0.9680000000000002
111 0.9680000000000002
112 0.9680000000000002
113 0.9680000000000002
114 0.9680000000000002
115 0.9680000000000002
116 0.9680000000000002
117 0.9680000000000002
118 0.9680000000000002
119 0.9680000000000002
120 0.9680000000000002
121 0.9680000000000002
122 0.9680000000000002
123 0.9680000000000002
124 0.9680000000000002
125 0.9680000000000002
126 0.9680000000000002
127 0.9680000000000002
128 0.9680000000000002
129 0.9680000000000002
130 0.9680000000000002
131 0.9680000000000002
132 0.9680000000000002
133 0.9680000000000002
134 0.9680000000000002
135 0.9680000000000002
136 0.9680000000000002
137 0.9680000000000002
138 0.9680000000000002
139 0.9680000000000002
140 0.9680000000000002
141 0.9680000000000002
142 0.9680000000000002
143 0.9680000000000002
144 0.9680000000000002
145 0.9680000000000002
146 0.9660000000000002
147 0.9660000000000002
148 0.9660000000000002
149 0.9660000000000002
150 0.9660000000000002
151 0.9660000000000002
152 0.9660000000000002
153 0.9660000000000002
154 0.9660000000000002
155 0.9660000000000002
156 0.9660000000000002
157 0.9660000000000002
158 0.9660000000000002
159 0.9660000000000002
160 0.9660000000000002
161 0.9660000000000002
162 0.9660000000000002
163 0.9660000000000002
164 0.9660000000000002
165 0.9660000000000002
166 0.9640000000000001
167 0.9640000000000001
168 0.9640000000000001
169 0.9640000000000001
170 0.9640000000000001
171 0.9640000000000001
172 0.9640000000000001
173 0.9640000000000001
174 0.9640000000000001
175 0.9640000000000001
176 0.9640000000000001
177 0.9640000000000001
178 0.9640000000000001
179 0.9640000000000001
180 0.9640000000000001
181 0.9640000000000001
182 0.9620000000000001
183 0.9620000000000001
184 0.9620000000000001
185 0.9620000000000001
186 0.9620000000000001
187 0.9600000000000002
188 0.9600000000000002
189 0.9600000000000002
190 0.9600000000000002
191 0.9600000000000002
192 0.9600000000000002
193 0.9600000000000002
194 0.9600000000000002
195 0.9600000000000002
196 0.9580000000000002
197 0.9580000000000002
198 0.9580000000000002
199 0.9580000000000002
200 0.9580000000000002
201 0.9580000000000002
202 0.9580000000000002
203 0.9580000000000002
204 0.9580000000000002
205 0.9580000000000002
206 0.9580000000000002
207 0.9580000000000002
208 0.9580000000000002
209 0.9580000000000002
210 0.9580000000000002
211 0.9580000000000002
212 0.9580000000000002
213 0.9580000000000002
214 0.9580000000000002
215 0.9580000000000002
216 0.9580000000000002
217 0.9580000000000002
218 0.9580000000000002
219 0.9580000000000002
220 0.9580000000000002
221 0.9580000000000002
222 0.9580000000000002
223 0.9580000000000002
224 0.9580000000000002
225 0.9580000000000002
226 0.9580000000000002
227 0.9580000000000002
228 0.9580000000000002
229 0.9580000000000002
230 0.9580000000000002
231 0.9580000000000002
232 0.9580000000000002
233 0.9580000000000002
234 0.9580000000000002
235 0.9580000000000002
236 0.9580000000000002
237 0.9580000000000002
238 0.9580000000000002
239 0.9580000000000002
240 0.9580000000000002
241 0.9580000000000002
242 0.9580000000000002
243 0.9580000000000002
244 0.9580000000000002
245 0.9580000000000002
246 0.9580000000000002
247 0.9580000000000002
248 0.9580000000000002
249 0.9580000000000002
250 0.9580000000000002
251 0.9580000000000002
252 0.9580000000000002
253 0.9580000000000002
254 0.9580000000000002
255 0.9580000000000002
256 0.9580000000000002
257 0.9580000000000002
258 0.9580000000000002
259 0.9580000000000002
260 0.9580000000000002
261 0.9580000000000002
262 0.9580000000000002
263 0.9580000000000002
264 0.9580000000000002
265 0.9580000000000002
266 0.9580000000000002
267 0.9580000000000002
268 0.9580000000000002
269 0.9580000000000002
270 0.9580000000000002
271 0.9580000000000002
272 0.9580000000000002
273 0.9580000000000002
274 0.9580000000000002
275 0.9580000000000002
276 0.9580000000000002
277 0.9580000000000002
278 0.9580000000000002
279 0.9580000000000002
280 0.9580000000000002
281 0.9580000000000002
282 0.9580000000000002
283 0.9580000000000002
284 0.9580000000000002
285 0.9580000000000002
286 0.9580000000000002
287 0.9580000000000002
288 0.9580000000000002
289 0.9580000000000002
290 0.9560000000000001
291 0.9560000000000001
292 0.9560000000000001
293 0.9560000000000001
294 0.9560000000000001
295 0.9560000000000001
296 0.9560000000000001
297 0.9560000000000001
298 0.9560000000000001
299 0.9560000000000001
300 0.9560000000000001
301 0.9560000000000001
302 0.9560000000000001
303 0.9560000000000001
304 0.9560000000000001
305 0.9560000000000001
306 0.9560000000000001
307 0.9560000000000001
308 0.9560000000000001
309 0.9560000000000001
310 0.9560000000000001
311 0.9560000000000001
312 0.9560000000000001
313 0.9520000000000002
314 0.9520000000000002
315 0.9520000000000002
316 0.9520000000000002
317 0.9520000000000002
318 0.9520000000000002
319 0.9500000000000002
320 0.9500000000000002
321 0.9500000000000002
322 0.9500000000000002
323 0.9500000000000002
324 0.9500000000000002
325 0.9480000000000001
326 0.9460000000000001
327 0.9460000000000001
328 0.9460000000000001
329 0.9460000000000001
330 0.9460000000000001
331 0.9460000000000001
332 0.9460000000000001
333 0.9440000000000002
334 0.9440000000000002
335 0.9440000000000002
336 0.9440000000000002
337 0.9440000000000002
338 0.9440000000000002
339 0.9440000000000002
340 0.9440000000000002
341 0.9440000000000002
342 0.9440000000000002
343 0.9440000000000002
344 0.9440000000000002
345 0.9440000000000002
346 0.9440000000000002
347 0.9440000000000002
348 0.9440000000000002
349 0.9440000000000002
350 0.9420000000000002
351 0.9420000000000002
352 0.9420000000000002
353 0.9420000000000002
354 0.9420000000000002
355 0.9420000000000002
356 0.9420000000000002
357 0.9420000000000002
358 0.9420000000000002
359 0.9420000000000002
360 0.9420000000000002
361 0.9420000000000002
362 0.9420000000000002
363 0.9420000000000002
364 0.9420000000000002
365 0.9420000000000002
366 0.9420000000000002
367 0.9420000000000002
368 0.9420000000000002
369 0.9420000000000002
370 0.9420000000000002
371 0.9420000000000002
372 0.9420000000000002
373 0.9420000000000002
374 0.9420000000000002
375 0.9420000000000002
376 0.9420000000000002
377 0.9420000000000002
378 0.9420000000000002
379 0.9420000000000002
380 0.9420000000000002
381 0.9420000000000002
382 0.9420000000000002
383 0.9420000000000002
384 0.9420000000000002
385 0.9420000000000002
386 0.9420000000000002
387 0.9420000000000002
388 0.9420000000000002
389 0.9420000000000002
390 0.9420000000000002
391 0.9420000000000002
392 0.9420000000000002
393 0.9400000000000001
394 0.9380000000000001
395 0.9360000000000002
396 0.9360000000000002
397 0.9360000000000002
398 0.9360000000000002
399 0.9360000000000002
400 0.9360000000000002
401 0.9360000000000002
402 0.9360000000000002
403 0.9360000000000002
404 0.9360000000000002
405 0.9360000000000002
406 0.9360000000000002
407 0.9360000000000002
408 0.9360000000000002
409 0.9360000000000002
410 0.9360000000000002
411 0.9360000000000002
412 0.9360000000000002
413 0.9360000000000002
414 0.9360000000000002
415 0.9360000000000002
416 0.9360000000000002
417 0.9360000000000002
418 0.9360000000000002
419 0.9360000000000002
420 0.9360000000000002
421 0.9360000000000002
422 0.9360000000000002
423 0.9360000000000002
424 0.9360000000000002
425 0.9360000000000002
426 0.9360000000000002
427 0.9360000000000002
428 0.9360000000000002
429 0.9360000000000002
430 0.9360000000000002
431 0.9360000000000002
432 0.9360000000000002
433 0.9360000000000002
434 0.9360000000000002
435 0.9360000000000002
436 0.9360000000000002
437 0.9360000000000002
438 0.9360000000000002
439 0.9360000000000002
440 0.9340000000000002
441 0.9340000000000002
442 0.9340000000000002
443 0.9340000000000002
444 0.9340000000000002
445 0.9340000000000002
446 0.9340000000000002
447 0.9340000000000002
448 0.9340000000000002
449 0.9340000000000002
450 0.9340000000000002
451 0.9340000000000002
452 0.9340000000000002
453 0.9340000000000002
454 0.9340000000000002
455 0.9340000000000002
456 0.9340000000000002
457 0.9340000000000002
458 0.9340000000000002
459 0.9340000000000002
460 0.9340000000000002
461 0.9340000000000002
462 0.9340000000000002
463 0.9340000000000002
464 0.9340000000000002
465 0.9340000000000002
466 0.9340000000000002
467 0.9340000000000002
468 0.9340000000000002
469 0.9340000000000002
470 0.9340000000000002
471 0.9340000000000002
472 0.9340000000000002
473 0.9340000000000002
474 0.9340000000000002
475 0.9340000000000002
476 0.9340000000000002
477 0.9340000000000002
478 0.9340000000000002
479 0.9340000000000002
480 0.9340000000000002
481 0.9340000000000002
482 0.9340000000000002
483 0.9340000000000002
484 0.9340000000000002
485 0.9340000000000002
486 0.9340000000000002
487 0.9340000000000002
488 0.932
489 0.932
490 0.932
491 0.932
492 0.932
493 0.932
494 0.932
495 0.932
496 0.932
497 0.932
498 0.932
499 0.932
500 0.932
501 0.932
502 0.932
503 0.932
504 0.932
505 0.932
506 0.932
507 0.932
508 0.932
509 0.932
510 0.932
511 0.932
512 0.932
513 0.932
514 0.932
515 0.932
516 0.932
517 0.932
518 0.932
519 0.932
520 0.932
521 0.932
522 0.932
523 0.932
524 0.932
525 0.932
526 0.932
527 0.932
528 0.932
529 0.932
530 0.93
531 0.93
532 0.93
533 0.93
534 0.93
535 0.9260000000000002
536 0.9260000000000002
537 0.9260000000000002
538 0.9260000000000002
539 0.9260000000000002
540 0.9260000000000002
541 0.9260000000000002
542 0.9260000000000002
543 0.9260000000000002
544 0.9260000000000002
545 0.9260000000000002
546 0.9260000000000002
547 0.9260000000000002
548 0.9260000000000002
549 0.9260000000000002
550 0.924
551 0.924
552 0.924
553 0.924
554 0.924
555 0.924
556 0.924
557 0.924
558 0.924
559 0.924
560 0.924
561 0.924
562 0.924
563 0.924
564 0.924
565 0.924
566 0.924
567 0.924
568 0.924
569 0.924
570 0.924
571 0.924
572 0.924
573 0.924
574 0.924
575 0.924
576 0.924
577 0.924
578 0.924
579 0.924
580 0.924
581 0.924
582 0.924
583 0.924
584 0.924
585 0.924
586 0.924
587 0.924
588 0.924
589 0.924
590 0.924
591 0.924
592 0.924
593 0.924
594 0.924
595 0.924
596 0.924
597 0.924
598 0.924
599 0.924
600 0.924
601 0.924
602 0.924
603 0.924
604 0.924
605 0.924
606 0.924
607 0.924
608 0.924
609 0.924
610 0.924
611 0.924
612 0.924
613 0.924
614 0.924
615 0.924
616 0.924
617 0.924
618 0.924
619 0.924
620 0.924
621 0.924
622 0.924
623 0.924
624 0.924
625 0.924
626 0.924
627 0.924
628 0.924
629 0.924
630 0.924
631 0.924
632 0.924
633 0.924
634 0.924
635 0.924
636 0.924
637 0.924
638 0.924
639 0.924
640 0.924
641 0.924
642 0.924
643 0.924
644 0.924
645 0.924
646 0.924
647 0.924
648 0.924
649 0.924
650 0.922
651 0.922
652 0.922
653 0.922
654 0.922
655 0.922
656 0.9200000000000002
657 0.9200000000000002
658 0.9200000000000002
659 0.9200000000000002
660 0.9200000000000002
661 0.9200000000000002
662 0.9200000000000002
663 0.9200000000000002
664 0.9200000000000002
665 0.9200000000000002
666 0.9200000000000002
667 0.9200000000000002
668 0.9200000000000002
669 0.9200000000000002
670 0.9200000000000002
671 0.9200000000000002
672 0.9200000000000002
673 0.9200000000000002
674 0.9200000000000002
675 0.9200000000000002
676 0.9200000000000002
677 0.9200000000000002
678 0.9200000000000002
679 0.9200000000000002
680 0.9200000000000002
681 0.9200000000000002
682 0.9200000000000002
683 0.9200000000000002
684 0.9200000000000002
685 0.9200000000000002
686 0.9200000000000002
687 0.9200000000000002
688 0.9200000000000002
689 0.9200000000000002
690 0.9200000000000002
691 0.9200000000000002
692 0.9200000000000002
693 0.9200000000000002
694 0.9200000000000002
695 0.9200000000000002
696 0.9200000000000002
697 0.9200000000000002
698 0.9200000000000002
699 0.9200000000000002
700 0.9200000000000002
701 0.9200000000000002
702 0.9200000000000002
703 0.9200000000000002
704 0.9200000000000002
705 0.9200000000000002
706 0.9200000000000002
707 0.9200000000000002
708 0.9200000000000002
709 0.9179999999999999
710 0.9179999999999999
711 0.9179999999999999
712 0.916
713 0.916
714 0.916
715 0.916
716 0.916
717 0.916
718 0.916
719 0.916
720 0.916
721 0.916
722 0.916
723 0.916
724 0.916
725 0.916
726 0.916
727 0.916
728 0.916
729 0.914
730 0.914
731 0.914
732 0.914
733 0.914
734 0.914
735 0.914
736 0.914
737 0.914
738 0.914
739 0.914
740 0.914
741 0.914
742 0.914
743 0.914
744 0.914
745 0.914
746 0.914
747 0.914
748 0.914
749 0.914
750 0.914
751 0.914
752 0.914
753 0.914
754 0.914
755 0.914
756 0.914
757 0.914
758 0.914
759 0.914
760 0.914
761 0.914
762 0.914
763 0.914
764 0.914
765 0.914
766 0.914
767 0.914
768 0.914
769 0.914
770 0.914
771 0.914
772 0.914
773 0.914
774 0.914
775 0.914
776 0.914
777 0.914
778 0.914
779 0.914
780 0.914
781 0.914
782 0.914
783 0.914
784 0.914
785 0.914
786 0.914
787 0.914
788 0.914
789 0.914
790 0.914
791 0.914
792 0.914
793 0.914
794 0.914
795 0.914
796 0.914
797 0.914
798 0.914
799 0.914
800 0.914
801 0.914
802 0.914
803 0.914
804 0.914
805 0.914
806 0.914
807 0.914
808 0.914
809 0.914
810 0.914
811 0.914
812 0.914
813 0.914
814 0.914
815 0.914
816 0.914
817 0.9120000000000001
818 0.9120000000000001
819 0.9120000000000001
820 0.9120000000000001
821 0.9100000000000001
822 0.9100000000000001
823 0.9100000000000001
824 0.908
825 0.908
826 0.908
827 0.906
828 0.906
829 0.906
830 0.906
831 0.906
832 0.906
833 0.906
834 0.906
835 0.906
836 0.906
837 0.906
838 0.906
839 0.906
840 0.906
841 0.906
842 0.906
843 0.906
844 0.906
845 0.906
846 0.906
847 0.906
848 0.906
849 0.906
850 0.906
851 0.906
852 0.906
853 0.906
854 0.906
855 0.906
856 0.906
857 0.906
858 0.906
859 0.9040000000000001
860 0.9040000000000001
861 0.9040000000000001
862 0.9040000000000001
863 0.9040000000000001
864 0.9040000000000001
865 0.9040000000000001
866 0.9040000000000001
867 0.9040000000000001
868 0.9040000000000001
869 0.9040000000000001
870 0.9040000000000001
871 0.9040000000000001
872 0.9040000000000001
873 0.9040000000000001
874 0.9040000000000001
875 0.9040000000000001
876 0.9040000000000001
877 0.9040000000000001
878 0.9040000000000001
879 0.9040000000000001
880 0.9040000000000001
881 0.9040000000000001
882 0.9040000000000001
883 0.9040000000000001
884 0.9040000000000001
885 0.9040000000000001
886 0.9040000000000001
887 0.9020000000000001
888 0.9020000000000001
889 0.9020000000000001
890 0.9020000000000001
891 0.9020000000000001
892 0.9020000000000001
893 0.9020000000000001
894 0.9020000000000001
895 0.9020000000000001
896 0.9020000000000001
897 0.9020000000000001
898 0.9020000000000001
899 0.9020000000000001
900 0.9020000000000001
901 0.9020000000000001
902 0.9020000000000001
903 0.9020000000000001
904 0.9020000000000001
905 0.9020000000000001
906 0.9020000000000001
907 0.9020000000000001
908 0.9020000000000001
909 0.9020000000000001
910 0.9020000000000001
911 0.9020000000000001
912 0.9020000000000001
913 0.9
914 0.9
915 0.9
916 0.9
917 0.9
918 0.9
919 0.9
920 0.9
921 0.9
922 0.9
923 0.9
924 0.9
925 0.9
926 0.9
927 0.9
928 0.9
929 0.9
930 0.898
931 0.898
932 0.898
933 0.898
934 0.898
935 0.898
936 0.898
937 0.898
938 0.898
939 0.898
940 0.898
941 0.898
942 0.898
943 0.898
944 0.898
945 0.898
946 0.898
947 0.898
948 0.898
949 0.898
950 0.898
951 0.898
952 0.898
953 0.898
954 0.898
955 0.898
956 0.898
957 0.898
958 0.898
959 0.898
960 0.898
961 0.8959999999999999
962 0.8959999999999999
963 0.8959999999999999
964 0.8939999999999999
965 0.892
966 0.892
967 0.892
968 0.892
969 0.89
970 0.89
971 0.89
972 0.89
973 0.89
974 0.89
975 0.89
976 0.89
977 0.89
978 0.8880000000000001
979 0.8880000000000001
980 0.8880000000000001
981 0.8880000000000001
982 0.8880000000000001
983 0.8880000000000001
984 0.8880000000000001
985 0.8880000000000001
986 0.8880000000000001
987 0.8880000000000001
988 0.8880000000000001
989 0.8880000000000001
990 0.8880000000000001
991 0.8880000000000001
992 0.8880000000000001
993 0.8880000000000001
994 0.8880000000000001
995 0.8880000000000001
996 0.8880000000000001
997 0.8880000000000001
998 0.8880000000000001
999 0.8880000000000001
