1 1.0
2 1.0
3 1.0
4 0.9960000000000001
5 0.99
6 0.9879999999999999
7 0.984
8 0.982
9 0.9760000000000002
10 0.9700000000000001
11 0.9700000000000001
12 0.9680000000000002
13 0.958
14 0.95
15 0.9460000000000001
16 0.9400000000000001
17 0.9280000000000002
18 0.9200000000000002
19 0.9100000000000001
20 0.908
21 0.9019999999999999
22 0.8779999999999999
23 0.874
24 0.866
25 0.8600000000000001
26 0.8520000000000001
27 0.8440000000000001
28 0.842
29 0.8320000000000001
30 0.826
31 0.818
32 0.812
33 0.808
34 0.8019999999999999
35 0.792
36 0.7799999999999999
37 0.7779999999999999
38 0.772
39 0.756
40 0.752
41 0.75
42 0.7420000000000001
43 0.7380000000000001
44 0.736
45 0.7300000000000001
46 0.7260000000000001
47 0.7180000000000001
48 0.712
49 0.71
50 0.708
51 0.708
52 0.702
53 0.6980000000000001
54 0.6960000000000001
55 0.6900000000000001
56 0.6900000000000001
57 0.686
58 0.6819999999999999
59 0.6819999999999999
60 0.6799999999999999
61 0.6779999999999998
62 0.6779999999999998
63 0.6719999999999999
64 0.6699999999999999
65 0.6659999999999999
66 0.6659999999999999
67 0.6639999999999999
68 0.662
69 0.6559999999999999
70 0.6499999999999999
71 0.6499999999999999
72 0.6479999999999999
73 0.6439999999999999
74 0.638
75 0.638
76 0.636
77 0.632
78 0.632
79 0.632
80 0.624
81 0.6159999999999999
82 0.608
83 0.608
84 0.608
85 0.6039999999999999
86 0.602
87 0.6
88 0.6
89 0.5959999999999999
90 0.594
91 0.5900000000000001
92 0.5799999999999998
93 0.5740000000000001
94 0.5740000000000001
95 0.566
96 0.566
97 0.5639999999999998
98 0.554
99 0.55
100 0.548
101 0.546
102 0.544
103 0.5399999999999999
104 0.5399999999999999
105 0.538
106 0.536
107 0.5320000000000001
108 0.5320000000000001
109 0.5320000000000001
110 0.5320000000000001
111 0.53
112 0.526
113 0.522
114 0.5200000000000001
115 0.5200000000000001
116 0.516
117 0.512
118 0.51
119 0.508
120 0.506
121 0.504
122 0.502
123 0.502
124 0.5
125 0.5
126 0.49800000000000005
127 0.49800000000000005
128 0.496
129 0.49400000000000005
130 0.488
131 0.48599999999999993
132 0.48599999999999993
133 0.48199999999999993
134 0.47800000000000004
135 0.4760000000000001
136 0.4760000000000001
137 0.47400000000000003
138 0.47000000000000003
139 0.46799999999999997
140 0.46399999999999997
141 0.46399999999999997
142 0.46399999999999997
143 0.462
144 0.458
145 0.45200000000000007
146 0.45200000000000007
147 0.44799999999999995
148 0.44799999999999995
149 0.44799999999999995
150 0.446
151 0.44400000000000006
152 0.44400000000000006
153 0.442
154 0.442
155 0.44000000000000006
156 0.43600000000000005
157 0.434
158 0.43200000000000005
159 0.43
160 0.43
161 0.42800000000000005
162 0.42800000000000005
163 0.42800000000000005
164 0.426
165 0.422
166 0.42000000000000004
167 0.42000000000000004
168 0.42000000000000004
169 0.42000000000000004
170 0.42000000000000004
171 0.42000000000000004
172 0.42000000000000004
173 0.42000000000000004
174 0.418
175 0.418
176 0.41600000000000004
177 0.40800000000000003
178 0.40599999999999997
179 0.404
180 0.40199999999999997
181 0.40199999999999997
182 0.4
183 0.4
184 0.4
185 0.4
186 0.4
187 0.4
188 0.4
189 0.4
190 0.4
191 0.4
192 0.4
193 0.4
194 0.4
195 0.39799999999999996
196 0.39799999999999996
197 0.39799999999999996
198 0.396
199 0.394
200 0.394
201 0.394
202 0.392
203 0.392
204 0.392
205 0.392
206 0.392
207 0.392
208 0.392
209 0.39
210 0.39
211 0.39
212 0.39
213 0.39
214 0.39
215 0.388
216 0.388
217 0.388
218 0.388
219 0.388
220 0.386
221 0.386
222 0.384
223 0.384
224 0.384
225 0.384
226 0.384
227 0.382
228 0.382
229 0.382
230 0.382
231 0.382
232 0.382
233 0.382
234 0.382
235 0.382
236 0.38
237 0.38
238 0.38
239 0.378
240 0.378
241 0.374
242 0.374
243 0.374
244 0.374
245 0.372
246 0.372
247 0.372
248 0.372
249 0.372
250 0.372
251 0.372
252 0.37
253 0.368
254 0.368
255 0.368
256 0.366
257 0.366
258 0.366
259 0.366
260 0.364
261 0.364
262 0.364
263 0.364
264 0.364
265 0.364
266 0.364
267 0.364
268 0.364
269 0.364
270 0.364
271 0.364
272 0.364
273 0.364
274 0.362
275 0.362
276 0.362
277 0.362
278 0.358
279 0.358
280 0.358
281 0.358
282 0.358
283 0.356
284 0.356
285 0.356
286 0.35400000000000004
287 0.35400000000000004
288 0.35400000000000004
289 0.35400000000000004
290 0.35400000000000004
291 0.35400000000000004
292 0.35400000000000004
293 0.35400000000000004
294 0.35400000000000004
295 0.35400000000000004
296 0.352
297 0.352
298 0.352
299 0.352
300 0.352
301 0.352
302 0.352
303 0.352
304 0.352
305 0.35000000000000003
306 0.348
307 0.348
308 0.348
309 0.34400000000000003
310 0.34400000000000003
311 0.34400000000000003
312 0.34400000000000003
313 0.342
314 0.342
315 0.342
316 0.342
317 0.342
318 0.342
319 0.342
320 0.342
321 0.342
322 0.342
323 0.342
324 0.342
325 0.342
326 0.33799999999999997
327 0.33799999999999997
328 0.33799999999999997
329 0.33799999999999997
330 0.33799999999999997
331 0.33799999999999997
332 0.33799999999999997
333 0.33799999999999997
334 0.33799999999999997
335 0.33799999999999997
336 0.33799999999999997
337 0.33799999999999997
338 0.33599999999999997
339 0.33599999999999997
340 0.33599999999999997
341 0.33599999999999997
342 0.33599999999999997
343 0.33599999999999997
344 0.33599999999999997
345 0.33599999999999997
346 0.33599999999999997
347 0.33599999999999997
348 0.33599999999999997
349 0.33599999999999997
350 0.33599999999999997
351 0.33599999999999997
352 0.33399999999999996
353 0.33399999999999996
354 0.33399999999999996
355 0.33399999999999996
356 0.33399999999999996
357 0.328
358 0.328
359 0.328
360 0.328
361 0.326
362 0.324
363 0.324
364 0.324
365 0.324
366 0.322
367 0.322
368 0.322
369 0.322
370 0.322
371 0.322
372 0.322
373 0.322
374 0.322
375 0.322
376 0.322
377 0.322
378 0.32000000000000006
379 0.32000000000000006
380 0.32000000000000006
381 0.32000000000000006
382 0.32000000000000006
383 0.318
384 0.318
385 0.31600000000000006
386 0.31600000000000006
387 0.31600000000000006
388 0.314
389 0.314
390 0.31200000000000006
391 0.31200000000000006
392 0.31200000000000006
393 0.31200000000000006
394 0.31
395 0.31
396 0.30800000000000005
397 0.30800000000000005
398 0.30800000000000005
399 0.30800000000000005
400 0.30800000000000005
401 0.30800000000000005
402 0.30800000000000005
403 0.30800000000000005
404 0.30800000000000005
405 0.30800000000000005
406 0.30800000000000005
407 0.30800000000000005
408 0.30800000000000005
409 0.30800000000000005
410 0.30800000000000005
411 0.30800000000000005
412 0.30800000000000005
413 0.30800000000000005
414 0.30800000000000005
415 0.30800000000000005
416 0.30800000000000005
417 0.30800000000000005
418 0.30800000000000005
419 0.30800000000000005
420 0.30800000000000005
421 0.30800000000000005
422 0.30800000000000005
423 0.30800000000000005
424 0.306
425 0.30000000000000004
426 0.30000000000000004
427 0.30000000000000004
428 0.30000000000000004
429 0.30000000000000004
430 0.30000000000000004
431 0.29800000000000004
432 0.29800000000000004
433 0.29800000000000004
434 0.29800000000000004
435 0.29600000000000004
436 0.29600000000000004
437 0.29600000000000004
438 0.29600000000000004
439 0.29600000000000004
440 0.29400000000000004
441 0.29400000000000004
442 0.29400000000000004
443 0.29400000000000004
444 0.29400000000000004
445 0.29400000000000004
446 0.29400000000000004
447 0.29400000000000004
448 0.29400000000000004
449 0.29400000000000004
450 0.29400000000000004
451 0.29400000000000004
452 0.29400000000000004
453 0.29200000000000004
454 0.29200000000000004
455 0.29200000000000004
456 0.29200000000000004
457 0.29200000000000004
458 0.29200000000000004
459 0.29200000000000004
460 0.29200000000000004
461 0.29200000000000004
462 0.29200000000000004
463 0.29200000000000004
464 0.29200000000000004
465 0.29200000000000004
466 0.29200000000000004
467 0.29200000000000004
468 0.29200000000000004
469 0.29200000000000004
470 0.29200000000000004
471 0.29000000000000004
472 0.29000000000000004
473 0.29000000000000004
474 0.29000000000000004
475 0.29000000000000004
476 0.28800000000000003
477 0.28800000000000003
478 0.28800000000000003
479 0.28600000000000003
480 0.28600000000000003
481 0.28600000000000003
482 0.28600000000000003
483 0.28400000000000003
484 0.28400000000000003
485 0.28400000000000003
486 0.28400000000000003
487 0.28400000000000003
488 0.28400000000000003
489 0.28400000000000003
490 0.28400000000000003
491 0.28400000000000003
492 0.28200000000000003
493 0.28200000000000003
494 0.28
495 0.28
496 0.28
497 0.28
498 0.28
499 0.28
500 0.28
501 0.28
502 0.278
503 0.278
504 0.278
505 0.278
506 0.276
507 0.276
508 0.276
509 0.276
510 0.274
511 0.274
512 0.272
513 0.272
514 0.272
515 0.272
516 0.272
517 0.272
518 0.272
519 0.272
520 0.272
521 0.27
522 0.27
523 0.27
524 0.27
525 0.27
526 0.27
527 0.27
528 0.27
529 0.27
530 0.27
531 0.27
532 0.27
533 0.27
534 0.27
535 0.27
536 0.27
537 0.27
538 0.27
539 0.27
540 0.27
541 0.268
542 0.268
543 0.266
544 0.266
545 0.266
546 0.266
547 0.266
548 0.266
549 0.266
550 0.266
551 0.266
552 0.266
553 0.266
554 0.266
555 0.266
556 0.266
557 0.266
558 0.266
559 0.266
560 0.266
561 0.266
562 0.266
563 0.264
564 0.264
565 0.264
566 0.264
567 0.262
568 0.262
569 0.262
570 0.262
571 0.262
572 0.262
573 0.262
574 0.262
575 0.262
576 0.262
577 0.262
578 0.262
579 0.262
580 0.262
581 0.262
582 0.262
583 0.262
584 0.262
585 0.262
586 0.262
587 0.262
588 0.262
589 0.262
590 0.262
591 0.262
592 0.262
593 0.26
594 0.26
595 0.26
596 0.26
597 0.26
598 0.258
599 0.258
600 0.258
601 0.258
602 0.258
603 0.258
604 0.258
605 0.258
606 0.258
607 0.258
608 0.258
609 0.258
610 0.258
611 0.258
612 0.256
613 0.256
614 0.256
615 0.256
616 0.256
617 0.256
618 0.256
619 0.256
620 0.256
621 0.256
622 0.256
623 0.256
624 0.256
625 0.256
626 0.256
627 0.256
628 0.256
629 0.256
630 0.256
631 0.256
632 0.256
633 0.256
634 0.254
635 0.254
636 0.254
637 0.254
638 0.254
639 0.254
640 0.254
641 0.254
642 0.254
643 0.254
644 0.254
645 0.254
646 0.254
647 0.254
648 0.254
649 0.254
650 0.254
651 0.254
652 0.254
653 0.254
654 0.254
655 0.254
656 0.254
657 0.254
658 0.254
659 0.254
660 0.254
661 0.254
662 0.254
663 0.254
664 0.254
665 0.25200000000000006
666 0.25200000000000006
667 0.25200000000000006
668 0.25200000000000006
669 0.25200000000000006
670 0.25200000000000006
671 0.25200000000000006
672 0.25200000000000006
673 0.25200000000000006
674 0.25200000000000006
675 0.25200000000000006
676 0.25200000000000006
677 0.25200000000000006
678 0.25200000000000006
679 0.25200000000000006
680 0.25200000000000006
681 0.25200000000000006
682 0.25200000000000006
683 0.25200000000000006
684 0.25200000000000006
685 0.25200000000000006
686 0.25200000000000006
687 0.25200000000000006
688 0.25200000000000006
689 0.25200000000000006
690 0.25200000000000006
691 0.25200000000000006
692 0.25200000000000006
693 0.25200000000000006
694 0.25200000000000006
695 0.25200000000000006
696 0.25200000000000006
697 0.25200000000000006
698 0.25200000000000006
699 0.25200000000000006
700 0.25200000000000006
701 0.25200000000000006
702 0.25200000000000006
703 0.25200000000000006
704 0.25200000000000006
705 0.25200000000000006
706 0.25200000000000006
707 0.25200000000000006
708 0.25200000000000006
709 0.25200000000000006
710 0.25200000000000006
711 0.25200000000000006
712 0.25200000000000006
713 0.25200000000000006
714 0.25200000000000006
715 0.25200000000000006
716 0.25200000000000006
717 0.25200000000000006
718 0.25200000000000006
719 0.25200000000000006
720 0.25200000000000006
721 0.25200000000000006
722 0.25200000000000006
723 0.25200000000000006
724 0.25200000000000006
725 0.25200000000000006
726 0.25200000000000006
727 0.25200000000000006
728 0.25200000000000006
729 0.25200000000000006
730 0.25200000000000006
731 0.25200000000000006
732 0.25200000000000006
733 0.25200000000000006
734 0.25200000000000006
735 0.25200000000000006
736 0.25200000000000006
737 0.25200000000000006
738 0.25200000000000006
739 0.25200000000000006
740 0.25200000000000006
741 0.25200000000000006
742 0.25200000000000006
743 0.25200000000000006
744 0.25200000000000006
745 0.25200000000000006
746 0.25200000000000006
747 0.25200000000000006
748 0.25200000000000006
749 0.25200000000000006
750 0.25200000000000006
751 0.25200000000000006
752 0.25200000000000006
753 0.25200000000000006
754 0.25200000000000006
755 0.25200000000000006
756 0.25200000000000006
757 0.25200000000000006
758 0.25200000000000006
759 0.25200000000000006
760 0.25200000000000006
761 0.25200000000000006
762 0.25200000000000006
763 0.25
764 0.25
765 0.25
766 0.25
767 0.25
768 0.25
769 0.25
770 0.25
771 0.25
772 0.25
773 0.25
774 0.25
775 0.25
776 0.25
777 0.25
778 0.25
779 0.25
780 0.24800000000000005
781 0.24800000000000005
782 0.24800000000000005
783 0.24800000000000005
784 0.24800000000000005
785 0.24800000000000005
786 0.24800000000000005
787 0.246
788 0.246
789 0.246
790 0.246
791 0.246
792 0.24400000000000005
793 0.24400000000000005
794 0.24400000000000005
795 0.24400000000000005
796 0.24400000000000005
797 0.24400000000000005
798 0.24400000000000005
799 0.24400000000000005
800 0.24400000000000005
801 0.24400000000000005
802 0.24400000000000005
803 0.24400000000000005
804 0.24200000000000005
805 0.24200000000000005
806 0.24200000000000005
807 0.24200000000000005
808 0.24200000000000005
809 0.24200000000000005
810 0.24200000000000005
811 0.24200000000000005
812 0.24200000000000005
813 0.24200000000000005
814 0.24200000000000005
815 0.24200000000000005
816 0.24
817 0.24
818 0.24
819 0.24
820 0.24
821 0.24
822 0.23800000000000004
823 0.23800000000000004
824 0.23800000000000004
825 0.23800000000000004
826 0.23800000000000004
827 0.23800000000000004
828 0.23800000000000004
829 0.23800000000000004
830 0.23800000000000004
831 0.23800000000000004
832 0.23800000000000004
833 0.23800000000000004
834 0.23800000000000004
835 0.23800000000000004
836 0.23800000000000004
837 0.23800000000000004
838 0.23800000000000004
839 0.23800000000000004
840 0.23800000000000004
841 0.23800000000000004
842 0.23800000000000004
843 0.23800000000000004
844 0.23800000000000004
845 0.23800000000000004
846 0.23800000000000004
847 0.23800000000000004
848 0.23800000000000004
849 0.23800000000000004
850 0.23800000000000004
851 0.23800000000000004
852 0.23800000000000004
853 0.23800000000000004
854 0.23800000000000004
855 0.23800000000000004
856 0.23800000000000004
857 0.23800000000000004
858 0.23800000000000004
859 0.23800000000000004
860 0.23800000000000004
861 0.23800000000000004
862 0.23800000000000004
863 0.23800000000000004
864 0.23800000000000004
865 0.23800000000000004
866 0.23800000000000004
867 0.23800000000000004
868 0.23800000000000004
869 0.23800000000000004
870 0.23800000000000004
871 0.23800000000000004
872 0.23800000000000004
873 0.23800000000000004
874 0.23800000000000004
875 0.23800000000000004
876 0.23800000000000004
877 0.23600000000000004
878 0.23600000000000004
879 0.23600000000000004
880 0.23600000000000004
881 0.23600000000000004
882 0.23600000000000004
883 0.23600000000000004
884 0.23600000000000004
885 0.23600000000000004
886 0.23600000000000004
887 0.23600000000000004
888 0.23600000000000004
889 0.23600000000000004
890 0.23600000000000004
891 0.23600000000000004
892 0.23400000000000004
893 0.23400000000000004
894 0.23400000000000004
895 0.23400000000000004
896 0.23400000000000004
897 0.23400000000000004
898 0.23400000000000004
899 0.23400000000000004
900 0.23400000000000004
901 0.23400000000000004
902 0.23400000000000004
903 0.23400000000000004
904 0.23400000000000004
905 0.23400000000000004
906 0.23400000000000004
907 0.23400000000000004
908 0.23400000000000004
909 0.23400000000000004
910 0.23400000000000004
911 0.23400000000000004
912 0.23400000000000004
913 0.23199999999999998
914 0.23199999999999998
915 0.23199999999999998
916 0.23199999999999998
917 0.23199999999999998
918 0.23199999999999998
919 0.23199999999999998
920 0.23199999999999998
921 0.23199999999999998
922 0.23199999999999998
923 0.23199999999999998
924 0.23199999999999998
925 0.23199999999999998
926 0.23199999999999998
927 0.23199999999999998
928 0.23199999999999998
929 0.23199999999999998
930 0.23199999999999998
931 0.23199999999999998
932 0.23199999999999998
933 0.23199999999999998
934 0.23199999999999998
935 0.23199999999999998
936 0.23199999999999998
937 0.23199999999999998
938 0.23199999999999998
939 0.23199999999999998
940 0.23199999999999998
941 0.23199999999999998
942 0.22999999999999998
943 0.22999999999999998
944 0.22999999999999998
945 0.22999999999999998
946 0.22999999999999998
947 0.22999999999999998
948 0.22999999999999998
949 0.22999999999999998
950 0.22999999999999998
951 0.22999999999999998
952 0.22999999999999998
953 0.22999999999999998
954 0.22999999999999998
955 0.22999999999999998
956 0.22999999999999998
957 0.22999999999999998
958 0.22999999999999998
959 0.22999999999999998
960 0.22999999999999998
961 0.22999999999999998
962 0.22999999999999998
963 0.22999999999999998
964 0.22999999999999998
965 0.22999999999999998
966 0.22999999999999998
967 0.22999999999999998
968 0.22999999999999998
969 0.22999999999999998
970 0.22999999999999998
971 0.22999999999999998
972 0.22999999999999998
973 0.22999999999999998
974 0.22999999999999998
975 0.22999999999999998
976 0.22999999999999998
977 0.22999999999999998
978 0.22999999999999998
979 0.22799999999999998
980 0.22799999999999998
981 0.22799999999999998
982 0.22799999999999998
983 0.22799999999999998
984 0.22799999999999998
985 0.22799999999999998
986 0.22799999999999998
987 0.22799999999999998
988 0.22799999999999998
989 0.22799999999999998
990 0.22799999999999998
991 0.22799999999999998
992 0.22799999999999998
993 0.22799999999999998
994 0.22799999999999998
995 0.22799999999999998
996 0.22799999999999998
997 0.22799999999999998
998 0.22799999999999998
999 0.22799999999999998
