1 1.0
2 1.0
3 1.0
4 0.9987999999999999
5 0.9955999999999997
6 0.9943999999999998
7 0.9892
8 0.9843999999999998
9 0.9763999999999997
10 0.9739999999999998
11 0.9687999999999997
12 0.9631999999999998
13 0.9604
14 0.9539999999999997
15 0.9471999999999998
16 0.9363999999999999
17 0.9304000000000001
18 0.9236000000000001
19 0.9168000000000001
20 0.9052
21 0.8991999999999999
22 0.8891999999999999
23 0.8816000000000002
24 0.8768000000000002
25 0.8692000000000003
26 0.8620000000000003
27 0.8560000000000001
28 0.852
29 0.846
30 0.8376000000000003
31 0.8296000000000003
32 0.8191999999999999
33 0.8127999999999999
34 0.8068
35 0.8027999999999998
36 0.7964
37 0.7884
38 0.78
39 0.7716000000000001
40 0.7664000000000002
41 0.7612000000000001
42 0.754
43 0.7487999999999999
44 0.7415999999999999
45 0.7364
46 0.7304
47 0.7267999999999999
48 0.7208000000000001
49 0.7144000000000001
50 0.71
51 0.7048000000000001
52 0.7
53 0.6943999999999998
54 0.6888
55 0.6856
56 0.6796000000000001
57 0.6772000000000001
58 0.6731999999999999
59 0.6683999999999999
60 0.6639999999999999
61 0.6611999999999999
62 0.6567999999999998
63 0.6535999999999997
64 0.6483999999999998
65 0.6435999999999998
66 0.6359999999999998
67 0.6323999999999999
68 0.6291999999999999
69 0.6283999999999998
70 0.6251999999999999
71 0.6227999999999998
72 0.6187999999999999
73 0.6155999999999999
74 0.6103999999999999
75 0.6087999999999999
76 0.6071999999999999
77 0.6043999999999999
78 0.6023999999999998
79 0.5988
80 0.5904
81 0.5868000000000001
82 0.5832000000000002
83 0.5792
84 0.5768
85 0.5736
86 0.5696
87 0.564
88 0.5636
89 0.5611999999999999
90 0.5591999999999999
91 0.5568000000000001
92 0.554
93 0.5512
94 0.5479999999999999
95 0.5468
96 0.544
97 0.5408000000000001
98 0.5388000000000001
99 0.5359999999999999
100 0.5336
101 0.5316
102 0.5284
103 0.5256000000000001
104 0.5232
105 0.5216000000000001
106 0.5192
107 0.5168
108 0.5144000000000001
109 0.5124
110 0.5088
111 0.506
112 0.5016
113 0.5004000000000001
114 0.4988000000000001
115 0.49720000000000014
116 0.49560000000000015
117 0.49200000000000016
118 0.4892000000000001
119 0.48760000000000003
120 0.4856000000000001
121 0.48360000000000014
122 0.4820000000000001
123 0.4788
124 0.47720000000000007
125 0.4752000000000001
126 0.4752000000000001
127 0.47400000000000003
128 0.4736000000000001
129 0.47120000000000006
130 0.47040000000000004
131 0.4696000000000001
132 0.468
133 0.4664
134 0.4656
135 0.4632
136 0.462
137 0.4608
138 0.4604
139 0.4592
140 0.45760000000000006
141 0.456
142 0.45400000000000007
143 0.45320000000000005
144 0.452
145 0.45080000000000003
146 0.4492000000000001
147 0.44600000000000006
148 0.4452000000000001
149 0.4440000000000001
150 0.44360000000000016
151 0.44200000000000017
152 0.43920000000000026
153 0.4388000000000002
154 0.4356000000000001
155 0.43320000000000014
156 0.4324000000000001
157 0.4324000000000001
158 0.42879999999999996
159 0.42719999999999997
160 0.42560000000000003
161 0.42440000000000005
162 0.4232
163 0.4212
164 0.42040000000000005
165 0.41839999999999994
166 0.418
167 0.4172
168 0.4152
169 0.4132
170 0.412
171 0.4108
172 0.41
173 0.40880000000000005
174 0.4072
175 0.406
176 0.4056
177 0.4052
178 0.40480000000000005
179 0.40320000000000006
180 0.40240000000000004
181 0.4000000000000001
182 0.3992000000000001
183 0.3988000000000001
184 0.3988000000000001
185 0.3976000000000001
186 0.39680000000000004
187 0.39680000000000004
188 0.3956000000000001
189 0.39320000000000016
190 0.3920000000000001
191 0.39080000000000004
192 0.3904000000000001
193 0.38960000000000006
194 0.3888000000000001
195 0.3884000000000001
196 0.3876000000000001
197 0.38720000000000016
198 0.38640000000000013
199 0.3856000000000001
200 0.3856000000000001
201 0.38520000000000004
202 0.38360000000000005
203 0.3828000000000001
204 0.38160000000000005
205 0.38120000000000004
206 0.38040000000000007
207 0.3784000000000001
208 0.37640000000000007
209 0.3760000000000001
210 0.3756000000000001
211 0.3744000000000001
212 0.37360000000000015
213 0.37160000000000015
214 0.37120000000000014
215 0.37000000000000016
216 0.36920000000000014
217 0.3676000000000002
218 0.3676000000000002
219 0.3660000000000002
220 0.36440000000000017
221 0.36440000000000017
222 0.3636000000000002
223 0.36240000000000017
224 0.3620000000000001
225 0.3616000000000001
226 0.3596000000000001
227 0.3592000000000001
228 0.3588000000000001
229 0.3584000000000001
230 0.35720000000000013
231 0.35720000000000013
232 0.35720000000000013
233 0.35720000000000013
234 0.3568000000000001
235 0.3568000000000001
236 0.35600000000000015
237 0.3556000000000001
238 0.35440000000000005
239 0.35400000000000004
240 0.35400000000000004
241 0.3536000000000001
242 0.3536000000000001
243 0.3536000000000001
244 0.35280000000000006
245 0.3524000000000001
246 0.3524000000000001
247 0.35
248 0.35
249 0.3488
250 0.34800000000000003
251 0.34800000000000003
252 0.34720000000000006
253 0.3464
254 0.34600000000000003
255 0.3456
256 0.34519999999999995
257 0.3444
258 0.3436
259 0.34199999999999997
260 0.34159999999999996
261 0.34119999999999995
262 0.34119999999999995
263 0.3408
264 0.34
265 0.33879999999999993
266 0.33879999999999993
267 0.3384
268 0.3384
269 0.3384
270 0.3384
271 0.3372
272 0.3368
273 0.33640000000000003
274 0.33640000000000003
275 0.33640000000000003
276 0.33480000000000004
277 0.33440000000000003
278 0.3340000000000001
279 0.33360000000000006
280 0.33320000000000005
281 0.3328000000000001
282 0.3320000000000001
283 0.3316000000000001
284 0.3312000000000001
285 0.33080000000000015
286 0.32960000000000006
287 0.32960000000000006
288 0.3292
289 0.32880000000000004
290 0.3284
291 0.32800000000000007
292 0.32760000000000006
293 0.3264000000000001
294 0.32600000000000007
295 0.32520000000000004
296 0.32520000000000004
297 0.32520000000000004
298 0.32480000000000003
299 0.32360000000000005
300 0.3232000000000001
301 0.32280000000000003
302 0.322
303 0.322
304 0.322
305 0.32159999999999994
306 0.3212
307 0.3212
308 0.3212
309 0.3212
310 0.3208
311 0.3204
312 0.3196
313 0.3192
314 0.3192
315 0.3188
316 0.3188
317 0.3188
318 0.3188
319 0.318
320 0.318
321 0.3176
322 0.3176
323 0.3168
324 0.3168
325 0.3164
326 0.316
327 0.316
328 0.31560000000000005
329 0.31520000000000004
330 0.3148
331 0.3148
332 0.314
333 0.314
334 0.3136
335 0.3136
336 0.3136
337 0.3136
338 0.3136
339 0.31279999999999997
340 0.31279999999999997
341 0.3112
342 0.3104
343 0.30999999999999994
344 0.30999999999999994
345 0.30879999999999996
346 0.308
347 0.30760000000000004
348 0.30760000000000004
349 0.30760000000000004
350 0.30760000000000004
351 0.3068
352 0.30600000000000005
353 0.3052000000000001
354 0.30400000000000005
355 0.3036000000000001
356 0.3032000000000001
357 0.30280000000000007
358 0.30240000000000006
359 0.30240000000000006
360 0.30240000000000006
361 0.30240000000000006
362 0.30240000000000006
363 0.30200000000000005
364 0.30200000000000005
365 0.30160000000000003
366 0.30160000000000003
367 0.3012
368 0.3012
369 0.3012
370 0.30080000000000007
371 0.30080000000000007
372 0.30080000000000007
373 0.30080000000000007
374 0.30080000000000007
375 0.3004
376 0.3
377 0.2992
378 0.2992
379 0.2988
380 0.29840000000000005
381 0.29800000000000004
382 0.29760000000000003
383 0.29760000000000003
384 0.2972000000000001
385 0.29680000000000006
386 0.29680000000000006
387 0.29680000000000006
388 0.29680000000000006
389 0.29560000000000003
390 0.29560000000000003
391 0.29560000000000003
392 0.2952
393 0.29480000000000006
394 0.29480000000000006
395 0.29440000000000005
396 0.29400000000000004
397 0.2932
398 0.29280000000000006
399 0.29280000000000006
400 0.29280000000000006
401 0.29240000000000005
402 0.29240000000000005
403 0.29240000000000005
404 0.29200000000000004
405 0.29200000000000004
406 0.2916000000000001
407 0.2916000000000001
408 0.2916000000000001
409 0.2916000000000001
410 0.29080000000000006
411 0.29080000000000006
412 0.29040000000000005
413 0.29040000000000005
414 0.2896000000000001
415 0.28920000000000007
416 0.2888000000000001
417 0.28840000000000005
418 0.2880000000000001
419 0.2876000000000001
420 0.28680000000000005
421 0.28640000000000004
422 0.28640000000000004
423 0.28640000000000004
424 0.28600000000000003
425 0.28520000000000006
426 0.28520000000000006
427 0.28520000000000006
428 0.28480000000000005
429 0.2840000000000001
430 0.2832000000000001
431 0.2828000000000001
432 0.2824000000000001
433 0.2820000000000001
434 0.28160000000000013
435 0.28160000000000013
436 0.28160000000000013
437 0.28120000000000006
438 0.28120000000000006
439 0.2808000000000001
440 0.2808000000000001
441 0.2808000000000001
442 0.2808000000000001
443 0.2808000000000001
444 0.27960000000000007
445 0.27880000000000005
446 0.27880000000000005
447 0.2780000000000001
448 0.27760000000000007
449 0.27760000000000007
450 0.27760000000000007
451 0.27680000000000005
452 0.276
453 0.276
454 0.276
455 0.27520000000000006
456 0.2748
457 0.27440000000000003
458 0.274
459 0.2736
460 0.2736
461 0.2736
462 0.2732
463 0.2724
464 0.272
465 0.2716
466 0.2712
467 0.2712
468 0.2704
469 0.2704
470 0.2704
471 0.26959999999999995
472 0.2692
473 0.2692
474 0.2692
475 0.2692
476 0.2692
477 0.2688
478 0.26799999999999996
479 0.2676
480 0.2672
481 0.2672
482 0.2672
483 0.2672
484 0.2672
485 0.2672
486 0.2668
487 0.26639999999999997
488 0.26599999999999996
489 0.26599999999999996
490 0.26599999999999996
491 0.2656
492 0.2656
493 0.2652
494 0.2652
495 0.2652
496 0.2648
497 0.2648
498 0.2648
499 0.2648
500 0.26439999999999997
501 0.26439999999999997
502 0.26439999999999997
503 0.26439999999999997
504 0.26439999999999997
505 0.264
506 0.264
507 0.2636
508 0.2636
509 0.2636
510 0.2636
511 0.2636
512 0.2632
513 0.2632
514 0.2628
515 0.2628
516 0.26239999999999997
517 0.262
518 0.262
519 0.262
520 0.2612
521 0.2612
522 0.2612
523 0.2608
524 0.2608
525 0.26039999999999996
526 0.26039999999999996
527 0.2596
528 0.2596
529 0.2596
530 0.2596
531 0.2596
532 0.2596
533 0.2596
534 0.2596
535 0.2596
536 0.2596
537 0.2596
538 0.2596
539 0.2596
540 0.2596
541 0.25919999999999993
542 0.2588
543 0.2588
544 0.2588
545 0.2583999999999999
546 0.2583999999999999
547 0.25799999999999995
548 0.25799999999999995
549 0.25759999999999994
550 0.25759999999999994
551 0.25759999999999994
552 0.25759999999999994
553 0.25759999999999994
554 0.25759999999999994
555 0.25759999999999994
556 0.25759999999999994
557 0.25759999999999994
558 0.2568
559 0.25639999999999996
560 0.25559999999999994
561 0.25559999999999994
562 0.2552
563 0.2547999999999999
564 0.2547999999999999
565 0.2547999999999999
566 0.2547999999999999
567 0.25439999999999996
568 0.25439999999999996
569 0.25439999999999996
570 0.25439999999999996
571 0.25439999999999996
572 0.25439999999999996
573 0.2539999999999999
574 0.2539999999999999
575 0.2539999999999999
576 0.2539999999999999
577 0.2539999999999999
578 0.2539999999999999
579 0.2539999999999999
580 0.2539999999999999
581 0.2539999999999999
582 0.2539999999999999
583 0.2527999999999999
584 0.2527999999999999
585 0.2527999999999999
586 0.25239999999999996
587 0.25199999999999995
588 0.2516
589 0.2516
590 0.2516
591 0.2512
592 0.2512
593 0.2512
594 0.25079999999999997
595 0.25079999999999997
596 0.25079999999999997
597 0.25079999999999997
598 0.25079999999999997
599 0.2504
600 0.2504
601 0.2504
602 0.2504
603 0.2504
604 0.25
605 0.25
606 0.25
607 0.24959999999999996
608 0.24919999999999995
609 0.24879999999999997
610 0.24879999999999997
611 0.24879999999999997
612 0.24879999999999997
613 0.24879999999999997
614 0.24879999999999997
615 0.24879999999999997
616 0.24879999999999997
617 0.24879999999999997
618 0.24839999999999995
619 0.24839999999999995
620 0.24839999999999995
621 0.2476
622 0.2476
623 0.2476
624 0.2476
625 0.2476
626 0.2476
627 0.2476
628 0.2476
629 0.2476
630 0.2476
631 0.2476
632 0.2476
633 0.2476
634 0.2476
635 0.2476
636 0.24719999999999998
637 0.24719999999999998
638 0.24719999999999998
639 0.24719999999999998
640 0.24719999999999998
641 0.2468
642 0.2468
643 0.2468
644 0.2468
645 0.2468
646 0.2468
647 0.2468
648 0.2468
649 0.2468
650 0.2468
651 0.2468
652 0.2468
653 0.2468
654 0.2468
655 0.2468
656 0.2468
657 0.2468
658 0.2468
659 0.2464
660 0.2464
661 0.2464
662 0.24599999999999997
663 0.24599999999999997
664 0.24599999999999997
665 0.24559999999999998
666 0.24559999999999998
667 0.24559999999999998
668 0.24559999999999998
669 0.24559999999999998
670 0.24559999999999998
671 0.24559999999999998
672 0.24559999999999998
673 0.24559999999999998
674 0.2452
675 0.2452
676 0.2452
677 0.2452
678 0.2452
679 0.24480000000000002
680 0.24480000000000002
681 0.24480000000000002
682 0.24480000000000002
683 0.24480000000000002
684 0.24439999999999998
685 0.24399999999999994
686 0.24399999999999994
687 0.24359999999999996
688 0.24359999999999996
689 0.24359999999999996
690 0.24359999999999996
691 0.24319999999999997
692 0.2428
693 0.2428
694 0.24239999999999998
695 0.24239999999999998
696 0.24239999999999998
697 0.2416
698 0.2412
699 0.2412
700 0.2412
701 0.2412
702 0.2412
703 0.2408
704 0.24039999999999995
705 0.24039999999999995
706 0.24039999999999995
707 0.23999999999999994
708 0.23999999999999994
709 0.23999999999999994
710 0.23999999999999994
711 0.23999999999999994
712 0.23999999999999994
713 0.23999999999999994
714 0.23999999999999994
715 0.23999999999999994
716 0.23999999999999994
717 0.23999999999999994
718 0.23999999999999994
719 0.23999999999999994
720 0.23959999999999992
721 0.23959999999999992
722 0.23959999999999992
723 0.23959999999999992
724 0.23959999999999992
725 0.23959999999999992
726 0.23959999999999992
727 0.23959999999999992
728 0.23959999999999992
729 0.23959999999999992
730 0.23959999999999992
731 0.23959999999999992
732 0.23959999999999992
733 0.23959999999999992
734 0.23959999999999992
735 0.23959999999999992
736 0.23959999999999992
737 0.23959999999999992
738 0.23959999999999992
739 0.23959999999999992
740 0.23959999999999992
741 0.23959999999999992
742 0.23919999999999994
743 0.23919999999999994
744 0.23879999999999996
745 0.23879999999999996
746 0.23879999999999996
747 0.23839999999999997
748 0.23799999999999996
749 0.23799999999999996
750 0.23799999999999996
751 0.23799999999999996
752 0.23759999999999998
753 0.2372
754 0.2372
755 0.23679999999999995
756 0.23679999999999995
757 0.23679999999999995
758 0.23679999999999995
759 0.23679999999999995
760 0.23679999999999995
761 0.23639999999999997
762 0.23639999999999997
763 0.23639999999999997
764 0.23639999999999997
765 0.23639999999999997
766 0.23639999999999997
767 0.23639999999999997
768 0.23639999999999997
769 0.23639999999999997
770 0.23639999999999997
771 0.23639999999999997
772 0.23639999999999997
773 0.23639999999999997
774 0.23639999999999997
775 0.23599999999999993
776 0.23599999999999993
777 0.23599999999999993
778 0.23599999999999993
779 0.23559999999999995
780 0.23559999999999995
781 0.23559999999999995
782 0.23559999999999995
783 0.23559999999999995
784 0.23559999999999995
785 0.23559999999999995
786 0.23559999999999995
787 0.23519999999999996
788 0.23519999999999996
789 0.23479999999999998
790 0.23479999999999998
791 0.23479999999999998
792 0.23439999999999997
793 0.23439999999999997
794 0.23439999999999997
795 0.23439999999999997
796 0.23439999999999997
797 0.23439999999999997
798 0.23439999999999997
799 0.23439999999999997
800 0.23439999999999997
801 0.23439999999999997
802 0.23439999999999997
803 0.23439999999999997
804 0.23439999999999997
805 0.23439999999999997
806 0.23399999999999999
807 0.23399999999999999
808 0.23399999999999999
809 0.23399999999999999
810 0.23399999999999999
811 0.23399999999999999
812 0.23399999999999999
813 0.23399999999999999
814 0.23319999999999996
815 0.23279999999999998
816 0.23279999999999998
817 0.23279999999999998
818 0.23279999999999998
819 0.23279999999999998
820 0.23279999999999998
821 0.23279999999999998
822 0.2324
823 0.2324
824 0.2324
825 0.2324
826 0.2324
827 0.2324
828 0.2324
829 0.2324
830 0.2324
831 0.23199999999999998
832 0.23199999999999998
833 0.23199999999999998
834 0.23199999999999998
835 0.23199999999999998
836 0.23119999999999996
837 0.23119999999999996
838 0.23119999999999996
839 0.23119999999999996
840 0.23119999999999996
841 0.23119999999999996
842 0.23119999999999996
843 0.23079999999999998
844 0.23079999999999998
845 0.23079999999999998
846 0.23079999999999998
847 0.23079999999999998
848 0.23079999999999998
849 0.23079999999999998
850 0.23079999999999998
851 0.23079999999999998
852 0.23079999999999998
853 0.23079999999999998
854 0.23079999999999998
855 0.2304
856 0.2304
857 0.2304
858 0.2304
859 0.2304
860 0.2304
861 0.2304
862 0.2304
863 0.2304
864 0.2304
865 0.2304
866 0.23
867 0.23
868 0.23
869 0.2296
870 0.2296
871 0.2296
872 0.2296
873 0.2296
874 0.2292
875 0.2292
876 0.2292
877 0.2292
878 0.2288
879 0.2288
880 0.2288
881 0.2284
882 0.2284
883 0.2284
884 0.228
885 0.228
886 0.228
887 0.228
888 0.228
889 0.228
890 0.228
891 0.228
892 0.228
893 0.228
894 0.228
895 0.22760000000000002
896 0.22760000000000002
897 0.22760000000000002
898 0.22760000000000002
899 0.22760000000000002
900 0.22760000000000002
901 0.22760000000000002
902 0.22760000000000002
903 0.2272
904 0.2272
905 0.2272
906 0.2272
907 0.2268
908 0.2268
909 0.2268
910 0.2268
911 0.22639999999999996
912 0.22639999999999996
913 0.22599999999999998
914 0.2256
915 0.2256
916 0.22519999999999998
917 0.22519999999999998
918 0.22519999999999998
919 0.2244
920 0.22399999999999998
921 0.22399999999999998
922 0.22399999999999998
923 0.22399999999999998
924 0.22399999999999998
925 0.22399999999999998
926 0.22399999999999998
927 0.22399999999999998
928 0.22399999999999998
929 0.22399999999999998
930 0.22399999999999998
931 0.22399999999999998
932 0.22399999999999998
933 0.22399999999999998
934 0.22399999999999998
935 0.22399999999999998
936 0.22399999999999998
937 0.22399999999999998
938 0.22399999999999998
939 0.22359999999999997
940 0.22359999999999997
941 0.22359999999999997
942 0.22359999999999997
943 0.22359999999999997
944 0.22359999999999997
945 0.22359999999999997
946 0.22359999999999997
947 0.22359999999999997
948 0.22359999999999997
949 0.22319999999999993
950 0.22319999999999993
951 0.22319999999999993
952 0.22319999999999993
953 0.22319999999999993
954 0.22319999999999993
955 0.22279999999999994
956 0.22279999999999994
957 0.22279999999999994
958 0.22279999999999994
959 0.22279999999999994
960 0.22279999999999994
961 0.22279999999999994
962 0.22279999999999994
963 0.22279999999999994
964 0.22279999999999994
965 0.22239999999999996
966 0.22239999999999996
967 0.22199999999999995
968 0.22199999999999995
969 0.22199999999999995
970 0.22199999999999995
971 0.22199999999999995
972 0.22199999999999995
973 0.22199999999999995
974 0.22199999999999995
975 0.22199999999999995
976 0.22199999999999995
977 0.22199999999999995
978 0.22199999999999995
979 0.22199999999999995
980 0.22199999999999995
981 0.22199999999999995
982 0.22199999999999995
983 0.22199999999999995
984 0.22199999999999995
985 0.22199999999999995
986 0.22199999999999995
987 0.22199999999999995
988 0.22199999999999995
989 0.22199999999999995
990 0.22199999999999995
991 0.22199999999999995
992 0.22199999999999995
993 0.22199999999999995
994 0.22199999999999995
995 0.22199999999999995
996 0.22199999999999995
997 0.22159999999999996
998 0.22159999999999996
999 0.22119999999999998
1000 0.22119999999999998
1001 0.22119999999999998
1002 0.22119999999999998
1003 0.22119999999999998
1004 0.22119999999999998
1005 0.22119999999999998
1006 0.22119999999999998
1007 0.22079999999999994
1008 0.22079999999999994
1009 0.22079999999999994
1010 0.22079999999999994
1011 0.22079999999999994
1012 0.22079999999999994
1013 0.22079999999999994
1014 0.22079999999999994
1015 0.22079999999999994
1016 0.22079999999999994
1017 0.22079999999999994
1018 0.22079999999999994
1019 0.22079999999999994
1020 0.22079999999999994
1021 0.22079999999999994
1022 0.22079999999999994
1023 0.22079999999999994
1024 0.22079999999999994
1025 0.22079999999999994
1026 0.22039999999999996
1027 0.22039999999999996
1028 0.21999999999999997
1029 0.21999999999999997
1030 0.21999999999999997
1031 0.21959999999999996
1032 0.21959999999999996
1033 0.21959999999999996
1034 0.21959999999999996
1035 0.21959999999999996
1036 0.21959999999999996
1037 0.21959999999999996
1038 0.21959999999999996
1039 0.21959999999999996
1040 0.21959999999999996
1041 0.21959999999999996
1042 0.21959999999999996
1043 0.21959999999999996
1044 0.21919999999999995
1045 0.21919999999999995
1046 0.21879999999999997
1047 0.21879999999999997
1048 0.21879999999999997
1049 0.21879999999999997
1050 0.21839999999999996
1051 0.21839999999999996
1052 0.21839999999999996
1053 0.21839999999999996
1054 0.21839999999999996
1055 0.21839999999999996
1056 0.21839999999999996
1057 0.21839999999999996
1058 0.21799999999999997
1059 0.21799999999999997
1060 0.21799999999999997
1061 0.21799999999999997
1062 0.21799999999999997
1063 0.2176
1064 0.2176
1065 0.2176
1066 0.2176
1067 0.2176
1068 0.21719999999999995
1069 0.21679999999999996
1070 0.21679999999999996
1071 0.21679999999999996
1072 0.21679999999999996
1073 0.21679999999999996
1074 0.21679999999999996
1075 0.21679999999999996
1076 0.21679999999999996
1077 0.21639999999999998
1078 0.21639999999999998
1079 0.21639999999999998
1080 0.21639999999999998
1081 0.21639999999999998
1082 0.21639999999999998
1083 0.21639999999999998
1084 0.21639999999999998
1085 0.21639999999999998
1086 0.21639999999999998
1087 0.21639999999999998
1088 0.21639999999999998
1089 0.21639999999999998
1090 0.21639999999999998
1091 0.21639999999999998
1092 0.21639999999999998
1093 0.21639999999999998
1094 0.21639999999999998
1095 0.21639999999999998
1096 0.21639999999999998
1097 0.21599999999999997
1098 0.21599999999999997
1099 0.21599999999999997
1100 0.21599999999999997
1101 0.21599999999999997
1102 0.21599999999999997
1103 0.21599999999999997
1104 0.21599999999999997
1105 0.21599999999999997
1106 0.21599999999999997
1107 0.21599999999999997
1108 0.21599999999999997
1109 0.21599999999999997
1110 0.21559999999999996
1111 0.21559999999999996
1112 0.21559999999999996
1113 0.21559999999999996
1114 0.21559999999999996
1115 0.21559999999999996
1116 0.21559999999999996
1117 0.21559999999999996
1118 0.21559999999999996
1119 0.21559999999999996
1120 0.21559999999999996
1121 0.21559999999999996
1122 0.21559999999999996
1123 0.21559999999999996
1124 0.21559999999999996
1125 0.21559999999999996
1126 0.21519999999999995
1127 0.21519999999999995
1128 0.21519999999999995
1129 0.21519999999999995
1130 0.21519999999999995
1131 0.21519999999999995
1132 0.21519999999999995
1133 0.21519999999999995
1134 0.21519999999999995
1135 0.21519999999999995
1136 0.21519999999999995
1137 0.21519999999999995
1138 0.21519999999999995
1139 0.21519999999999995
1140 0.21519999999999995
1141 0.21519999999999995
1142 0.21519999999999995
1143 0.21519999999999995
1144 0.21519999999999995
1145 0.21519999999999995
1146 0.21519999999999995
1147 0.21519999999999995
1148 0.21439999999999995
1149 0.21439999999999995
1150 0.21439999999999995
1151 0.21439999999999995
1152 0.21439999999999995
1153 0.21399999999999994
1154 0.21399999999999994
1155 0.21399999999999994
1156 0.21399999999999994
1157 0.21399999999999994
1158 0.21399999999999994
1159 0.21399999999999994
1160 0.21399999999999994
1161 0.21399999999999994
1162 0.21399999999999994
1163 0.21359999999999996
1164 0.21359999999999996
1165 0.21319999999999997
1166 0.21319999999999997
1167 0.21319999999999997
1168 0.21319999999999997
1169 0.21319999999999997
1170 0.21319999999999997
1171 0.21319999999999997
1172 0.21319999999999997
1173 0.2128
1174 0.2128
1175 0.21239999999999998
1176 0.21239999999999998
1177 0.21239999999999998
1178 0.21239999999999998
1179 0.21239999999999998
1180 0.21239999999999998
1181 0.21239999999999998
1182 0.21239999999999998
1183 0.21239999999999998
1184 0.21239999999999998
1185 0.21239999999999998
1186 0.21239999999999998
1187 0.21239999999999998
1188 0.21239999999999998
1189 0.21239999999999998
1190 0.21239999999999998
1191 0.21239999999999998
1192 0.21239999999999998
1193 0.21199999999999997
1194 0.21159999999999995
1195 0.21159999999999995
1196 0.21159999999999995
1197 0.21159999999999995
1198 0.21159999999999995
1199 0.21159999999999995
1200 0.21159999999999995
1201 0.21119999999999997
1202 0.2108
1203 0.2108
1204 0.2108
1205 0.2108
1206 0.2108
1207 0.2108
1208 0.2108
1209 0.2108
1210 0.2108
1211 0.2108
1212 0.2108
1213 0.2108
1214 0.2108
1215 0.2108
1216 0.2108
1217 0.2108
1218 0.2108
1219 0.2108
1220 0.2108
1221 0.2108
1222 0.2108
1223 0.2108
1224 0.2104
1225 0.2104
1226 0.2104
1227 0.2104
1228 0.2104
1229 0.2104
1230 0.20999999999999996
1231 0.20999999999999996
1232 0.20999999999999996
1233 0.20999999999999996
1234 0.20999999999999996
1235 0.20999999999999996
1236 0.20999999999999996
1237 0.20999999999999996
1238 0.20999999999999996
1239 0.20999999999999996
1240 0.20999999999999996
1241 0.20999999999999996
1242 0.20999999999999996
1243 0.20999999999999996
1244 0.20959999999999998
1245 0.20959999999999998
1246 0.20959999999999998
1247 0.20959999999999998
1248 0.20959999999999998
1249 0.20959999999999998
1250 0.20959999999999998
1251 0.20959999999999998
1252 0.20959999999999998
1253 0.20959999999999998
1254 0.20959999999999998
1255 0.20959999999999998
1256 0.20959999999999998
1257 0.20919999999999994
1258 0.20919999999999994
1259 0.20919999999999994
1260 0.20919999999999994
1261 0.20919999999999994
1262 0.20919999999999994
1263 0.20919999999999994
1264 0.20919999999999994
1265 0.20919999999999994
1266 0.20839999999999997
1267 0.20839999999999997
1268 0.20839999999999997
1269 0.20839999999999997
1270 0.20839999999999997
1271 0.20839999999999997
1272 0.20839999999999997
1273 0.20839999999999997
1274 0.20839999999999997
1275 0.20839999999999997
1276 0.20839999999999997
1277 0.20839999999999997
1278 0.20839999999999997
1279 0.20839999999999997
1280 0.20839999999999997
1281 0.20839999999999997
1282 0.20839999999999997
1283 0.20839999999999997
1284 0.20839999999999997
1285 0.20839999999999997
1286 0.20799999999999996
1287 0.20799999999999996
1288 0.20799999999999996
1289 0.20799999999999996
1290 0.20799999999999996
1291 0.20799999999999996
1292 0.20799999999999996
1293 0.20799999999999996
1294 0.20799999999999996
1295 0.20799999999999996
1296 0.20799999999999996
1297 0.20799999999999996
1298 0.20799999999999996
1299 0.20799999999999996
1300 0.20799999999999996
1301 0.20799999999999996
1302 0.20799999999999996
1303 0.20799999999999996
1304 0.20799999999999996
1305 0.20759999999999998
1306 0.20759999999999998
1307 0.20759999999999998
1308 0.20759999999999998
1309 0.20759999999999998
1310 0.20759999999999998
1311 0.20759999999999998
1312 0.20759999999999998
1313 0.20759999999999998
1314 0.20759999999999998
1315 0.20759999999999998
1316 0.20759999999999998
1317 0.20759999999999998
1318 0.20759999999999998
1319 0.2072
1320 0.2072
1321 0.2072
1322 0.2072
1323 0.2072
1324 0.2072
1325 0.2072
1326 0.2072
1327 0.20679999999999998
1328 0.20679999999999998
1329 0.20679999999999998
1330 0.20679999999999998
1331 0.20679999999999998
1332 0.20679999999999998
1333 0.20679999999999998
1334 0.20679999999999998
1335 0.20679999999999998
1336 0.20679999999999998
1337 0.20679999999999998
1338 0.20679999999999998
1339 0.20679999999999998
1340 0.20679999999999998
1341 0.20679999999999998
1342 0.20679999999999998
1343 0.20679999999999998
1344 0.20679999999999998
1345 0.20679999999999998
1346 0.20679999999999998
1347 0.20679999999999998
1348 0.2064
1349 0.2064
1350 0.2064
1351 0.20600000000000002
1352 0.20600000000000002
1353 0.20600000000000002
1354 0.20560000000000003
1355 0.20560000000000003
1356 0.20560000000000003
1357 0.20560000000000003
1358 0.20560000000000003
1359 0.20560000000000003
1360 0.20560000000000003
1361 0.20560000000000003
1362 0.20560000000000003
1363 0.20520000000000002
1364 0.20520000000000002
1365 0.20480000000000004
1366 0.20480000000000004
1367 0.20480000000000004
1368 0.20480000000000004
1369 0.20480000000000004
1370 0.20480000000000004
1371 0.20480000000000004
1372 0.20480000000000004
1373 0.20480000000000004
1374 0.20480000000000004
1375 0.20480000000000004
1376 0.20440000000000005
1377 0.20440000000000005
1378 0.20440000000000005
1379 0.20440000000000005
1380 0.20440000000000005
1381 0.20440000000000005
1382 0.20440000000000005
1383 0.20440000000000005
1384 0.20440000000000005
1385 0.20440000000000005
1386 0.20440000000000005
1387 0.20440000000000005
1388 0.20440000000000005
1389 0.20440000000000005
1390 0.20440000000000005
1391 0.20440000000000005
1392 0.20400000000000007
1393 0.20400000000000007
1394 0.20400000000000007
1395 0.20400000000000007
1396 0.20400000000000007
1397 0.20400000000000007
1398 0.20400000000000007
1399 0.20400000000000007
1400 0.20400000000000007
1401 0.20400000000000007
1402 0.20400000000000007
1403 0.20400000000000007
1404 0.20360000000000003
1405 0.20360000000000003
1406 0.20360000000000003
1407 0.20360000000000003
1408 0.20360000000000003
1409 0.20360000000000003
1410 0.20360000000000003
1411 0.20360000000000003
1412 0.20360000000000003
1413 0.20360000000000003
1414 0.20360000000000003
1415 0.20360000000000003
1416 0.20360000000000003
1417 0.20360000000000003
1418 0.20360000000000003
1419 0.20360000000000003
1420 0.20360000000000003
1421 0.20360000000000003
1422 0.20360000000000003
1423 0.20360000000000003
1424 0.20320000000000005
1425 0.20320000000000005
1426 0.20320000000000005
1427 0.20320000000000005
1428 0.20320000000000005
1429 0.20240000000000005
1430 0.20240000000000005
1431 0.20240000000000005
1432 0.20240000000000005
1433 0.20240000000000005
1434 0.20240000000000005
1435 0.20240000000000005
1436 0.20200000000000004
1437 0.20200000000000004
1438 0.20200000000000004
1439 0.20200000000000004
1440 0.20200000000000004
1441 0.20200000000000004
1442 0.20200000000000004
1443 0.20200000000000004
1444 0.20200000000000004
1445 0.20200000000000004
1446 0.20200000000000004
1447 0.20200000000000004
1448 0.20200000000000004
1449 0.20200000000000004
1450 0.20200000000000004
1451 0.20200000000000004
1452 0.20200000000000004
1453 0.20160000000000003
1454 0.20160000000000003
1455 0.20160000000000003
1456 0.20160000000000003
1457 0.20160000000000003
1458 0.20160000000000003
1459 0.20160000000000003
1460 0.20160000000000003
1461 0.20160000000000003
1462 0.20160000000000003
1463 0.20160000000000003
1464 0.20120000000000002
1465 0.20120000000000002
1466 0.20120000000000002
1467 0.20120000000000002
1468 0.20120000000000002
1469 0.20120000000000002
1470 0.20120000000000002
1471 0.20120000000000002
1472 0.20120000000000002
1473 0.20120000000000002
1474 0.20120000000000002
1475 0.2008
1476 0.2008
1477 0.2008
1478 0.2008
1479 0.2008
1480 0.2008
1481 0.2008
1482 0.2008
1483 0.2008
1484 0.2008
1485 0.2008
1486 0.2008
1487 0.2008
1488 0.2008
1489 0.2008
1490 0.2008
1491 0.2008
1492 0.2004
1493 0.2
1494 0.2
1495 0.1996
1496 0.1996
1497 0.1996
1498 0.1996
1499 0.1996
1500 0.19879999999999998
1501 0.1984
1502 0.1984
1503 0.198
1504 0.198
1505 0.198
1506 0.198
1507 0.198
1508 0.198
1509 0.198
1510 0.198
1511 0.198
1512 0.198
1513 0.198
1514 0.198
1515 0.198
1516 0.198
1517 0.198
1518 0.198
1519 0.198
1520 0.198
1521 0.198
1522 0.198
1523 0.198
1524 0.198
1525 0.198
1526 0.198
1527 0.198
1528 0.198
1529 0.198
1530 0.198
1531 0.198
1532 0.198
1533 0.198
1534 0.198
1535 0.198
1536 0.19760000000000003
1537 0.19760000000000003
1538 0.19760000000000003
1539 0.19720000000000001
1540 0.19720000000000001
1541 0.19720000000000001
1542 0.19720000000000001
1543 0.19720000000000001
1544 0.19720000000000001
1545 0.19720000000000001
1546 0.19720000000000001
1547 0.19720000000000001
1548 0.19720000000000001
1549 0.19720000000000001
1550 0.19720000000000001
1551 0.19720000000000001
1552 0.19720000000000001
1553 0.19720000000000001
1554 0.19720000000000001
1555 0.19720000000000001
1556 0.19720000000000001
1557 0.19720000000000001
1558 0.19720000000000001
1559 0.19720000000000001
1560 0.19720000000000001
1561 0.19720000000000001
1562 0.19720000000000001
1563 0.19720000000000001
1564 0.19720000000000001
1565 0.19720000000000001
1566 0.19720000000000001
1567 0.19720000000000001
1568 0.19720000000000001
1569 0.19720000000000001
1570 0.19720000000000001
1571 0.19720000000000001
1572 0.19720000000000001
1573 0.19720000000000001
1574 0.19720000000000001
1575 0.19720000000000001
1576 0.19720000000000001
1577 0.19720000000000001
1578 0.19720000000000001
1579 0.19720000000000001
1580 0.19720000000000001
1581 0.19720000000000001
1582 0.19720000000000001
1583 0.19720000000000001
1584 0.19720000000000001
1585 0.19720000000000001
1586 0.19720000000000001
1587 0.19720000000000001
1588 0.19720000000000001
1589 0.19720000000000001
1590 0.19720000000000001
1591 0.19720000000000001
1592 0.19720000000000001
1593 0.19720000000000001
1594 0.19720000000000001
1595 0.19720000000000001
1596 0.19720000000000001
1597 0.19720000000000001
1598 0.19720000000000001
1599 0.1968
1600 0.1968
1601 0.1968
1602 0.1968
1603 0.1968
1604 0.1968
1605 0.1968
1606 0.1968
1607 0.1968
1608 0.1968
1609 0.1968
1610 0.1968
1611 0.1968
1612 0.1968
1613 0.1968
1614 0.1968
1615 0.1968
1616 0.1968
1617 0.1968
1618 0.1968
1619 0.1968
1620 0.1968
1621 0.1968
1622 0.1968
1623 0.1968
1624 0.19640000000000002
1625 0.19640000000000002
1626 0.19640000000000002
1627 0.19640000000000002
1628 0.19640000000000002
1629 0.19640000000000002
1630 0.19640000000000002
1631 0.19640000000000002
1632 0.19640000000000002
1633 0.19640000000000002
1634 0.19640000000000002
1635 0.19640000000000002
1636 0.19640000000000002
1637 0.19640000000000002
1638 0.19640000000000002
1639 0.19640000000000002
1640 0.19640000000000002
1641 0.19640000000000002
1642 0.19640000000000002
1643 0.19640000000000002
1644 0.196
1645 0.196
1646 0.196
1647 0.196
1648 0.196
1649 0.196
1650 0.196
1651 0.19560000000000002
1652 0.19560000000000002
1653 0.19560000000000002
1654 0.19560000000000002
1655 0.19560000000000002
1656 0.19560000000000002
1657 0.19560000000000002
1658 0.19560000000000002
1659 0.19560000000000002
1660 0.19560000000000002
1661 0.19560000000000002
1662 0.19560000000000002
1663 0.19560000000000002
1664 0.19560000000000002
1665 0.19560000000000002
1666 0.19560000000000002
1667 0.19560000000000002
1668 0.19560000000000002
1669 0.19560000000000002
1670 0.19520000000000004
1671 0.19520000000000004
1672 0.19520000000000004
1673 0.19520000000000004
1674 0.19520000000000004
1675 0.19520000000000004
1676 0.19480000000000003
1677 0.19480000000000003
1678 0.19480000000000003
1679 0.19480000000000003
1680 0.19480000000000003
1681 0.19480000000000003
1682 0.19480000000000003
1683 0.19480000000000003
1684 0.19480000000000003
1685 0.19480000000000003
1686 0.19480000000000003
1687 0.19480000000000003
1688 0.19480000000000003
1689 0.19480000000000003
1690 0.19480000000000003
1691 0.19480000000000003
1692 0.19480000000000003
1693 0.19480000000000003
1694 0.19480000000000003
1695 0.19480000000000003
1696 0.19480000000000003
1697 0.19480000000000003
1698 0.19480000000000003
1699 0.19480000000000003
1700 0.19480000000000003
1701 0.19480000000000003
1702 0.19480000000000003
1703 0.19480000000000003
1704 0.19480000000000003
1705 0.19480000000000003
1706 0.19480000000000003
1707 0.19480000000000003
1708 0.19480000000000003
1709 0.19480000000000003
1710 0.19440000000000004
1711 0.19440000000000004
1712 0.19440000000000004
1713 0.19440000000000004
1714 0.19440000000000004
1715 0.19440000000000004
1716 0.19440000000000004
1717 0.19440000000000004
1718 0.19440000000000004
1719 0.19440000000000004
1720 0.19440000000000004
1721 0.19440000000000004
1722 0.19440000000000004
1723 0.19440000000000004
1724 0.19440000000000004
1725 0.19440000000000004
1726 0.19440000000000004
1727 0.19440000000000004
1728 0.19440000000000004
1729 0.19440000000000004
1730 0.19400000000000003
1731 0.19400000000000003
1732 0.19400000000000003
1733 0.19400000000000003
1734 0.19400000000000003
1735 0.19400000000000003
1736 0.19400000000000003
1737 0.19360000000000002
1738 0.19360000000000002
1739 0.19360000000000002
1740 0.19360000000000002
1741 0.19360000000000002
1742 0.19360000000000002
1743 0.19360000000000002
1744 0.19360000000000002
1745 0.19360000000000002
1746 0.19360000000000002
1747 0.19360000000000002
1748 0.19320000000000004
1749 0.19320000000000004
1750 0.19320000000000004
1751 0.19240000000000004
1752 0.19240000000000004
1753 0.19240000000000004
1754 0.19240000000000004
1755 0.19240000000000004
1756 0.19240000000000004
1757 0.19240000000000004
1758 0.19240000000000004
1759 0.19200000000000003
1760 0.19200000000000003
1761 0.19200000000000003
1762 0.19200000000000003
1763 0.19200000000000003
1764 0.19200000000000003
1765 0.19200000000000003
1766 0.19200000000000003
1767 0.19200000000000003
1768 0.19200000000000003
1769 0.19200000000000003
1770 0.19200000000000003
1771 0.19200000000000003
1772 0.19200000000000003
1773 0.19200000000000003
1774 0.19200000000000003
1775 0.19200000000000003
1776 0.19160000000000005
1777 0.19160000000000005
1778 0.19160000000000005
1779 0.19160000000000005
1780 0.19160000000000005
1781 0.19160000000000005
1782 0.19160000000000005
1783 0.19160000000000005
1784 0.19160000000000005
1785 0.19160000000000005
1786 0.19160000000000005
1787 0.19160000000000005
1788 0.19160000000000005
1789 0.19160000000000005
1790 0.19160000000000005
1791 0.19160000000000005
1792 0.19160000000000005
1793 0.19160000000000005
1794 0.19160000000000005
1795 0.19160000000000005
1796 0.19160000000000005
1797 0.19160000000000005
1798 0.19160000000000005
1799 0.19160000000000005
1800 0.19160000000000005
1801 0.19160000000000005
1802 0.19160000000000005
1803 0.19160000000000005
1804 0.19160000000000005
1805 0.19160000000000005
1806 0.19160000000000005
1807 0.1912
1808 0.1912
1809 0.1912
1810 0.1912
1811 0.1912
1812 0.1912
1813 0.1912
1814 0.1912
1815 0.1912
1816 0.1912
1817 0.1912
1818 0.1912
1819 0.1912
1820 0.1912
1821 0.1912
1822 0.1912
1823 0.1912
1824 0.1912
1825 0.1912
1826 0.1912
1827 0.1912
1828 0.1912
1829 0.1912
1830 0.1912
1831 0.1912
1832 0.1912
1833 0.19080000000000003
1834 0.19080000000000003
1835 0.19080000000000003
1836 0.19080000000000003
1837 0.19080000000000003
1838 0.19080000000000003
1839 0.19080000000000003
1840 0.19080000000000003
1841 0.19080000000000003
1842 0.19080000000000003
1843 0.19080000000000003
1844 0.19080000000000003
1845 0.19080000000000003
1846 0.19080000000000003
1847 0.19080000000000003
1848 0.19080000000000003
1849 0.19080000000000003
1850 0.19080000000000003
1851 0.19080000000000003
1852 0.19080000000000003
1853 0.19080000000000003
1854 0.19080000000000003
1855 0.19080000000000003
1856 0.19080000000000003
1857 0.19039999999999999
1858 0.19039999999999999
1859 0.19
1860 0.19
1861 0.19
1862 0.19
1863 0.19
1864 0.19
1865 0.19
1866 0.19
1867 0.19
1868 0.19
1869 0.19
1870 0.19
1871 0.19
1872 0.19
1873 0.19
1874 0.19
1875 0.19
1876 0.19
1877 0.19
1878 0.18960000000000002
1879 0.18960000000000002
1880 0.18960000000000002
1881 0.18960000000000002
1882 0.18960000000000002
1883 0.18960000000000002
1884 0.18960000000000002
1885 0.18960000000000002
1886 0.18960000000000002
1887 0.18960000000000002
1888 0.18960000000000002
1889 0.18960000000000002
1890 0.18960000000000002
1891 0.18960000000000002
1892 0.18960000000000002
1893 0.18960000000000002
1894 0.18960000000000002
1895 0.18960000000000002
1896 0.18960000000000002
1897 0.18960000000000002
1898 0.18960000000000002
1899 0.18960000000000002
1900 0.18960000000000002
1901 0.18960000000000002
1902 0.18960000000000002
1903 0.1892
1904 0.1892
1905 0.1892
1906 0.1892
1907 0.1888
1908 0.1888
1909 0.1888
1910 0.1888
1911 0.1888
1912 0.1888
1913 0.1888
1914 0.1884
1915 0.1884
1916 0.1884
1917 0.188
1918 0.188
1919 0.188
1920 0.188
1921 0.188
1922 0.188
1923 0.188
1924 0.188
1925 0.188
1926 0.188
1927 0.188
1928 0.188
1929 0.188
1930 0.188
1931 0.188
1932 0.188
1933 0.188
1934 0.188
1935 0.188
1936 0.188
1937 0.188
1938 0.188
1939 0.18760000000000002
1940 0.18760000000000002
1941 0.18760000000000002
1942 0.18760000000000002
1943 0.18760000000000002
1944 0.18760000000000002
1945 0.18760000000000002
1946 0.18760000000000002
1947 0.18760000000000002
1948 0.18760000000000002
1949 0.18760000000000002
1950 0.18760000000000002
1951 0.18760000000000002
1952 0.18760000000000002
1953 0.18760000000000002
1954 0.18760000000000002
1955 0.18760000000000002
1956 0.18760000000000002
1957 0.18760000000000002
1958 0.18760000000000002
1959 0.18760000000000002
1960 0.18760000000000002
1961 0.18760000000000002
1962 0.18719999999999998
1963 0.18719999999999998
1964 0.18719999999999998
1965 0.18719999999999998
1966 0.18719999999999998
1967 0.18719999999999998
1968 0.18719999999999998
1969 0.18719999999999998
1970 0.1868
1971 0.1864
1972 0.1864
1973 0.1864
1974 0.1864
1975 0.1864
1976 0.1864
1977 0.1864
1978 0.1864
1979 0.1864
1980 0.1864
1981 0.1864
1982 0.1864
1983 0.1864
1984 0.1864
1985 0.1864
1986 0.1864
1987 0.1864
1988 0.1864
1989 0.1864
1990 0.1864
1991 0.1864
1992 0.1864
1993 0.1864
1994 0.1864
1995 0.1864
1996 0.1864
1997 0.1864
1998 0.1864
1999 0.1864
