1 1.0
2 1.0
3 1.0
4 0.9940000000000001
5 0.986
6 0.9819999999999999
7 0.978
8 0.9739999999999999
9 0.9739999999999999
10 0.9719999999999999
11 0.9719999999999999
12 0.97
13 0.97
14 0.968
15 0.962
16 0.962
17 0.962
18 0.9560000000000001
19 0.9520000000000002
20 0.9460000000000001
21 0.9440000000000002
22 0.942
23 0.942
24 0.9380000000000001
25 0.9339999999999999
26 0.93
27 0.9199999999999999
28 0.9139999999999999
29 0.9139999999999999
30 0.9139999999999999
31 0.9139999999999999
32 0.9119999999999999
33 0.908
34 0.908
35 0.908
36 0.906
37 0.8980000000000002
38 0.892
39 0.8899999999999999
40 0.884
41 0.884
42 0.8800000000000001
43 0.8779999999999999
44 0.8739999999999999
45 0.8719999999999999
46 0.868
47 0.868
48 0.866
49 0.8619999999999999
50 0.8619999999999999
51 0.86
52 0.8560000000000001
53 0.852
54 0.852
55 0.852
56 0.8480000000000001
57 0.844
58 0.842
59 0.8400000000000001
60 0.8380000000000001
61 0.8380000000000001
62 0.8380000000000001
63 0.836
64 0.834
65 0.834
66 0.8319999999999999
67 0.828
68 0.828
69 0.826
70 0.826
71 0.8219999999999998
72 0.82
73 0.818
74 0.818
75 0.818
76 0.8160000000000001
77 0.8160000000000001
78 0.8140000000000001
79 0.8140000000000001
80 0.8140000000000001
81 0.8140000000000001
82 0.8119999999999999
83 0.8099999999999999
84 0.808
85 0.808
86 0.808
87 0.806
88 0.804
89 0.8019999999999999
90 0.8019999999999999
91 0.8019999999999999
92 0.8019999999999999
93 0.8
94 0.798
95 0.798
96 0.798
97 0.7940000000000002
98 0.7940000000000002
99 0.7940000000000002
100 0.792
101 0.79
102 0.79
103 0.79
104 0.788
105 0.788
106 0.788
107 0.788
108 0.788
109 0.788
110 0.784
111 0.78
112 0.78
113 0.7780000000000001
114 0.7780000000000001
115 0.7760000000000001
116 0.7760000000000001
117 0.774
118 0.774
119 0.772
120 0.768
121 0.766
122 0.764
123 0.762
124 0.76
125 0.758
126 0.758
127 0.758
128 0.7540000000000001
129 0.7540000000000001
130 0.7500000000000001
131 0.7500000000000001
132 0.7500000000000001
133 0.7460000000000001
134 0.7460000000000001
135 0.744
136 0.742
137 0.74
138 0.74
139 0.738
140 0.738
141 0.734
142 0.73
143 0.728
144 0.724
145 0.7220000000000001
146 0.7220000000000001
147 0.7220000000000001
148 0.7200000000000001
149 0.7200000000000001
150 0.7200000000000001
151 0.7200000000000001
152 0.7200000000000001
153 0.7180000000000001
154 0.7180000000000001
155 0.7180000000000001
156 0.7180000000000001
157 0.7180000000000001
158 0.714
159 0.714
160 0.712
161 0.712
162 0.712
163 0.712
164 0.712
165 0.7100000000000001
166 0.7100000000000001
167 0.7100000000000001
168 0.7100000000000001
169 0.7100000000000001
170 0.7100000000000001
171 0.7100000000000001
172 0.7100000000000001
173 0.708
174 0.708
175 0.708
176 0.708
177 0.708
178 0.708
179 0.706
180 0.706
181 0.706
182 0.704
183 0.704
184 0.704
185 0.704
186 0.704
187 0.704
188 0.704
189 0.704
190 0.704
191 0.704
192 0.7000000000000001
193 0.7000000000000001
194 0.7000000000000001
195 0.6980000000000001
196 0.6940000000000001
197 0.6940000000000001
198 0.692
199 0.69
200 0.686
201 0.686
202 0.686
203 0.686
204 0.686
205 0.686
206 0.686
207 0.686
208 0.686
209 0.686
210 0.686
211 0.686
212 0.686
213 0.686
214 0.686
215 0.684
216 0.684
217 0.684
218 0.684
219 0.682
220 0.682
221 0.68
222 0.678
223 0.674
224 0.674
225 0.674
226 0.674
227 0.674
228 0.674
229 0.674
230 0.672
231 0.672
232 0.672
233 0.67
234 0.67
235 0.67
236 0.67
237 0.67
238 0.666
239 0.666
240 0.666
241 0.666
242 0.666
243 0.664
244 0.664
245 0.664
246 0.664
247 0.664
248 0.664
249 0.662
250 0.662
251 0.6599999999999999
252 0.6599999999999999
253 0.658
254 0.658
255 0.656
256 0.656
257 0.656
258 0.656
259 0.654
260 0.654
261 0.654
262 0.654
263 0.652
264 0.652
265 0.65
266 0.65
267 0.646
268 0.6439999999999999
269 0.6439999999999999
270 0.642
271 0.642
272 0.642
273 0.642
274 0.642
275 0.642
276 0.6399999999999999
277 0.6399999999999999
278 0.638
279 0.636
280 0.636
281 0.636
282 0.636
283 0.636
284 0.636
285 0.636
286 0.634
287 0.634
288 0.6319999999999999
289 0.6319999999999999
290 0.6319999999999999
291 0.6319999999999999
292 0.6319999999999999
293 0.6319999999999999
294 0.6319999999999999
295 0.63
296 0.63
297 0.628
298 0.626
299 0.626
300 0.626
301 0.626
302 0.624
303 0.624
304 0.622
305 0.622
306 0.622
307 0.622
308 0.622
309 0.622
310 0.622
311 0.6180000000000001
312 0.6180000000000001
313 0.6140000000000001
314 0.6140000000000001
315 0.6140000000000001
316 0.6140000000000001
317 0.6120000000000001
318 0.6120000000000001
319 0.6120000000000001
320 0.6100000000000001
321 0.6100000000000001
322 0.6080000000000001
323 0.6060000000000001
324 0.6060000000000001
325 0.6060000000000001
326 0.6060000000000001
327 0.6060000000000001
328 0.6060000000000001
329 0.6060000000000001
330 0.6020000000000001
331 0.6020000000000001
332 0.6020000000000001
333 0.6020000000000001
334 0.6000000000000001
335 0.6000000000000001
336 0.596
337 0.596
338 0.596
339 0.596
340 0.5940000000000001
341 0.5940000000000001
342 0.5920000000000001
343 0.5900000000000001
344 0.588
345 0.5860000000000001
346 0.5860000000000001
347 0.5840000000000001
348 0.5840000000000001
349 0.5820000000000001
350 0.58
351 0.578
352 0.576
353 0.576
354 0.5740000000000001
355 0.5740000000000001
356 0.572
357 0.5700000000000001
358 0.5700000000000001
359 0.5700000000000001
360 0.568
361 0.568
362 0.568
363 0.568
364 0.568
365 0.5660000000000001
366 0.5640000000000001
367 0.562
368 0.562
369 0.562
370 0.562
371 0.562
372 0.562
373 0.562
374 0.562
375 0.558
376 0.556
377 0.556
378 0.554
379 0.554
380 0.554
381 0.554
382 0.55
383 0.55
384 0.55
385 0.55
386 0.548
387 0.548
388 0.548
389 0.548
390 0.548
391 0.548
392 0.548
393 0.544
394 0.544
395 0.544
396 0.544
397 0.544
398 0.544
399 0.544
400 0.544
401 0.544
402 0.544
403 0.544
404 0.544
405 0.544
406 0.544
407 0.544
408 0.542
409 0.542
410 0.542
411 0.542
412 0.542
413 0.542
414 0.542
415 0.542
416 0.5399999999999999
417 0.536
418 0.536
419 0.536
420 0.536
421 0.536
422 0.536
423 0.536
424 0.534
425 0.534
426 0.534
427 0.534
428 0.534
429 0.534
430 0.534
431 0.534
432 0.534
433 0.532
434 0.532
435 0.53
436 0.53
437 0.53
438 0.53
439 0.53
440 0.53
441 0.528
442 0.528
443 0.528
444 0.524
445 0.52
446 0.52
447 0.52
448 0.516
449 0.516
450 0.516
451 0.514
452 0.514
453 0.51
454 0.51
455 0.51
456 0.51
457 0.51
458 0.51
459 0.51
460 0.51
461 0.508
462 0.508
463 0.508
464 0.508
465 0.508
466 0.508
467 0.508
468 0.506
469 0.506
470 0.506
471 0.504
472 0.504
473 0.49799999999999994
474 0.496
475 0.496
476 0.496
477 0.496
478 0.496
479 0.496
480 0.496
481 0.496
482 0.496
483 0.496
484 0.496
485 0.496
486 0.496
487 0.496
488 0.496
489 0.496
490 0.496
491 0.496
492 0.496
493 0.496
494 0.49399999999999994
495 0.49399999999999994
496 0.49399999999999994
497 0.49399999999999994
498 0.49399999999999994
499 0.492
500 0.48999999999999994
501 0.48999999999999994
502 0.48999999999999994
503 0.48999999999999994
504 0.48999999999999994
505 0.48999999999999994
506 0.48999999999999994
507 0.48999999999999994
508 0.48999999999999994
509 0.48999999999999994
510 0.48999999999999994
511 0.48999999999999994
512 0.48999999999999994
513 0.48999999999999994
514 0.48999999999999994
515 0.48999999999999994
516 0.48999999999999994
517 0.48999999999999994
518 0.48999999999999994
519 0.48999999999999994
520 0.48999999999999994
521 0.48999999999999994
522 0.48999999999999994
523 0.48999999999999994
524 0.48999999999999994
525 0.48999999999999994
526 0.48999999999999994
527 0.48999999999999994
528 0.48999999999999994
529 0.48999999999999994
530 0.48999999999999994
531 0.48999999999999994
532 0.48999999999999994
533 0.48999999999999994
534 0.48999999999999994
535 0.48999999999999994
536 0.48999999999999994
537 0.48999999999999994
538 0.48999999999999994
539 0.48999999999999994
540 0.48999999999999994
541 0.48999999999999994
542 0.48999999999999994
543 0.48999999999999994
544 0.48999999999999994
545 0.488
546 0.488
547 0.48599999999999993
548 0.48599999999999993
549 0.48599999999999993
550 0.48599999999999993
551 0.48599999999999993
552 0.48599999999999993
553 0.48599999999999993
554 0.48599999999999993
555 0.48599999999999993
556 0.48599999999999993
557 0.48599999999999993
558 0.48599999999999993
559 0.48599999999999993
560 0.48599999999999993
561 0.48599999999999993
562 0.48599999999999993
563 0.48599999999999993
564 0.484
565 0.484
566 0.484
567 0.484
568 0.484
569 0.484
570 0.48199999999999993
571 0.48199999999999993
572 0.48199999999999993
573 0.48199999999999993
574 0.48
575 0.48
576 0.48
577 0.48
578 0.48
579 0.48
580 0.48
581 0.48
582 0.48
583 0.476
584 0.476
585 0.476
586 0.476
587 0.4739999999999999
588 0.4739999999999999
589 0.4739999999999999
590 0.4739999999999999
591 0.4739999999999999
592 0.4739999999999999
593 0.4739999999999999
594 0.4739999999999999
595 0.4739999999999999
596 0.4739999999999999
597 0.4739999999999999
598 0.4739999999999999
599 0.472
600 0.472
601 0.472
602 0.472
603 0.472
604 0.472
605 0.472
606 0.47000000000000003
607 0.47000000000000003
608 0.47000000000000003
609 0.47000000000000003
610 0.47000000000000003
611 0.47000000000000003
612 0.47000000000000003
613 0.466
614 0.466
615 0.466
616 0.466
617 0.466
618 0.466
619 0.466
620 0.466
621 0.466
622 0.466
623 0.466
624 0.466
625 0.46399999999999997
626 0.46399999999999997
627 0.46399999999999997
628 0.46399999999999997
629 0.46399999999999997
630 0.46399999999999997
631 0.46399999999999997
632 0.46399999999999997
633 0.46399999999999997
634 0.46399999999999997
635 0.462
636 0.462
637 0.462
638 0.462
639 0.462
640 0.45999999999999996
641 0.45999999999999996
642 0.45999999999999996
643 0.45999999999999996
644 0.45999999999999996
645 0.45999999999999996
646 0.45999999999999996
647 0.45999999999999996
648 0.45999999999999996
649 0.45999999999999996
650 0.45999999999999996
651 0.45999999999999996
652 0.45999999999999996
653 0.4579999999999999
654 0.4579999999999999
655 0.4579999999999999
656 0.4579999999999999
657 0.4579999999999999
658 0.4579999999999999
659 0.4579999999999999
660 0.4579999999999999
661 0.4579999999999999
662 0.4579999999999999
663 0.4579999999999999
664 0.45599999999999996
665 0.45599999999999996
666 0.45599999999999996
667 0.45599999999999996
668 0.45599999999999996
669 0.45599999999999996
670 0.45599999999999996
671 0.45599999999999996
672 0.45599999999999996
673 0.45599999999999996
674 0.45599999999999996
675 0.45599999999999996
676 0.45599999999999996
677 0.45599999999999996
678 0.45599999999999996
679 0.45599999999999996
680 0.45599999999999996
681 0.454
682 0.45199999999999996
683 0.4499999999999999
684 0.4499999999999999
685 0.4499999999999999
686 0.4499999999999999
687 0.4499999999999999
688 0.4499999999999999
689 0.4499999999999999
690 0.4499999999999999
691 0.44799999999999995
692 0.44799999999999995
693 0.44799999999999995
694 0.44799999999999995
695 0.44799999999999995
696 0.44799999999999995
697 0.44799999999999995
698 0.44799999999999995
699 0.44799999999999995
700 0.44399999999999995
701 0.44399999999999995
702 0.44399999999999995
703 0.44399999999999995
704 0.44399999999999995
705 0.44399999999999995
706 0.44399999999999995
707 0.44399999999999995
708 0.44399999999999995
709 0.44399999999999995
710 0.44399999999999995
711 0.44399999999999995
712 0.44399999999999995
713 0.43999999999999995
714 0.43999999999999995
715 0.43999999999999995
716 0.43999999999999995
717 0.438
718 0.438
719 0.43599999999999994
720 0.43599999999999994
721 0.43599999999999994
722 0.43599999999999994
723 0.43599999999999994
724 0.43599999999999994
725 0.43599999999999994
726 0.43599999999999994
727 0.43599999999999994
728 0.43599999999999994
729 0.43599999999999994
730 0.43599999999999994
731 0.43599999999999994
732 0.43599999999999994
733 0.43599999999999994
734 0.43599999999999994
735 0.43599999999999994
736 0.43599999999999994
737 0.43599999999999994
738 0.434
739 0.434
740 0.434
741 0.434
742 0.43199999999999994
743 0.4299999999999999
744 0.4299999999999999
745 0.4299999999999999
746 0.4299999999999999
747 0.4299999999999999
748 0.4299999999999999
749 0.4299999999999999
750 0.42799999999999994
751 0.42799999999999994
752 0.42799999999999994
753 0.42799999999999994
754 0.42799999999999994
755 0.42799999999999994
756 0.42799999999999994
757 0.42799999999999994
758 0.42799999999999994
759 0.42799999999999994
760 0.42799999999999994
761 0.42799999999999994
762 0.42799999999999994
763 0.42799999999999994
764 0.42799999999999994
765 0.42799999999999994
766 0.42799999999999994
767 0.42799999999999994
768 0.426
769 0.426
770 0.426
771 0.426
772 0.426
773 0.426
774 0.426
775 0.42400000000000004
776 0.42400000000000004
777 0.42400000000000004
778 0.42400000000000004
779 0.42400000000000004
780 0.42400000000000004
781 0.42400000000000004
782 0.42400000000000004
783 0.42400000000000004
784 0.42400000000000004
785 0.42400000000000004
786 0.42200000000000004
787 0.42200000000000004
788 0.42200000000000004
789 0.42200000000000004
790 0.42200000000000004
791 0.42200000000000004
792 0.42200000000000004
793 0.42200000000000004
794 0.42200000000000004
795 0.42200000000000004
796 0.42200000000000004
797 0.42200000000000004
798 0.42200000000000004
799 0.42200000000000004
800 0.42200000000000004
801 0.42200000000000004
802 0.42200000000000004
803 0.42200000000000004
804 0.42200000000000004
805 0.42200000000000004
806 0.42200000000000004
807 0.42200000000000004
808 0.42000000000000004
809 0.42000000000000004
810 0.42000000000000004
811 0.41800000000000004
812 0.41800000000000004
813 0.41800000000000004
814 0.41800000000000004
815 0.41800000000000004
816 0.41600000000000004
817 0.41600000000000004
818 0.41600000000000004
819 0.41600000000000004
820 0.41600000000000004
821 0.41600000000000004
822 0.41600000000000004
823 0.41600000000000004
824 0.41600000000000004
825 0.41600000000000004
826 0.41600000000000004
827 0.41600000000000004
828 0.41600000000000004
829 0.41600000000000004
830 0.41600000000000004
831 0.41600000000000004
832 0.41600000000000004
833 0.41600000000000004
834 0.414
835 0.414
836 0.414
837 0.414
838 0.414
839 0.414
840 0.414
841 0.414
842 0.414
843 0.414
844 0.414
845 0.414
846 0.414
847 0.414
848 0.414
849 0.414
850 0.414
851 0.414
852 0.414
853 0.414
854 0.41200000000000003
855 0.41200000000000003
856 0.41200000000000003
857 0.41200000000000003
858 0.41200000000000003
859 0.41200000000000003
860 0.41200000000000003
861 0.41200000000000003
862 0.41200000000000003
863 0.41200000000000003
864 0.41200000000000003
865 0.41200000000000003
866 0.41200000000000003
867 0.41200000000000003
868 0.41200000000000003
869 0.41200000000000003
870 0.41200000000000003
871 0.41200000000000003
872 0.41200000000000003
873 0.41200000000000003
874 0.41200000000000003
875 0.41200000000000003
876 0.41200000000000003
877 0.41200000000000003
878 0.41200000000000003
879 0.41200000000000003
880 0.41
881 0.41
882 0.41
883 0.41
884 0.41
885 0.41
886 0.41
887 0.41
888 0.41
889 0.41
890 0.41
891 0.41
892 0.40800000000000003
893 0.40800000000000003
894 0.40800000000000003
895 0.40800000000000003
896 0.40800000000000003
897 0.40800000000000003
898 0.40800000000000003
899 0.40800000000000003
900 0.40800000000000003
901 0.40800000000000003
902 0.40800000000000003
903 0.40800000000000003
904 0.40800000000000003
905 0.40800000000000003
906 0.40800000000000003
907 0.40800000000000003
908 0.40800000000000003
909 0.40800000000000003
910 0.40800000000000003
911 0.40800000000000003
912 0.40800000000000003
913 0.40800000000000003
914 0.40800000000000003
915 0.40800000000000003
916 0.40800000000000003
917 0.40800000000000003
918 0.406
919 0.406
920 0.406
921 0.406
922 0.406
923 0.406
924 0.406
925 0.406
926 0.406
927 0.406
928 0.406
929 0.406
930 0.406
931 0.406
932 0.406
933 0.406
934 0.406
935 0.406
936 0.406
937 0.406
938 0.406
939 0.406
940 0.406
941 0.406
942 0.406
943 0.406
944 0.406
945 0.406
946 0.406
947 0.406
948 0.406
949 0.406
950 0.406
951 0.406
952 0.406
953 0.406
954 0.406
955 0.404
956 0.404
957 0.404
958 0.402
959 0.402
960 0.402
961 0.402
962 0.402
963 0.402
964 0.402
965 0.402
966 0.402
967 0.402
968 0.402
969 0.402
970 0.402
971 0.402
972 0.402
973 0.4
974 0.4
975 0.4
976 0.4
977 0.4
978 0.4
979 0.4
980 0.4
981 0.4
982 0.4
983 0.4
984 0.3980000000000001
985 0.3980000000000001
986 0.3980000000000001
987 0.3980000000000001
988 0.3980000000000001
989 0.3980000000000001
990 0.3980000000000001
991 0.3980000000000001
992 0.3980000000000001
993 0.3980000000000001
994 0.3980000000000001
995 0.3980000000000001
996 0.3980000000000001
997 0.3980000000000001
998 0.3960000000000001
999 0.3960000000000001
