1 1.0
2 1.0
3 1.0
4 1.0
5 1.0
6 1.0
7 1.0
8 1.0
9 1.0
10 0.9943887662876065
11 0.9943887662876065
12 0.9943887662876065
13 0.9943887662876065
14 0.9943887662876065
15 0.9943887662876065
16 0.9943887662876065
17 0.9943887662876065
18 0.9943887662876065
19 0.9943887662876065
20 0.9943887662876065
21 0.9943887662876065
22 0.9943887662876065
23 0.9943887662876065
24 0.9943887662876065
25 0.9943887662876065
26 0.9943887662876065
27 0.9943887662876065
28 0.9943887662876065
29 0.9943887662876065
30 0.9943887662876065
31 0.9943887662876065
32 0.9943887662876065
33 0.9943887662876065
34 0.9943887662876065
35 0.9943887662876065
36 0.9943887662876065
37 0.9943887662876065
38 0.9943887662876065
39 0.9943887662876065
40 0.9943887662876065
41 0.9943887662876065
42 0.9943887662876065
43 0.9943887662876065
44 0.9943887662876065
45 0.9943887662876065
46 0.9943887662876065
47 0.9943887662876065
48 0.9943887662876065
49 0.9943887662876065
50 0.9943887662876065
51 0.9943887662876065
52 0.9943887662876065
53 0.9943887662876065
54 0.9943887662876065
55 0.9943887662876065
56 0.9943887662876065
57 0.9943887662876065
58 0.9943887662876065
59 0.9943887662876065
60 0.9943887662876065
61 0.9943887662876065
62 0.9943887662876065
63 0.9943887662876065
64 0.9943887662876065
65 0.9943887662876065
66 0.9943887662876065
67 0.9943887662876065
68 0.9943887662876065
69 0.9943887662876065
70 0.9943887662876065
71 0.9943887662876065
72 0.9943887662876065
73 0.9943887662876065
74 0.9943887662876065
75 0.9943887662876065
76 0.9943887662876065
77 0.9943887662876065
78 0.9943887662876065
79 0.9943887662876065
80 0.9943887662876065
81 0.9943887662876065
82 0.9943887662876065
83 0.9943887662876065
84 0.9943887662876065
85 0.9943887662876065
86 0.9943887662876065
87 0.9943887662876065
88 0.9943887662876065
89 0.9943887662876065
90 0.9943887662876065
91 0.9943887662876065
92 0.9943887662876065
93 0.9943887662876065
94 0.9943887662876065
95 0.9943887662876065
96 0.9943887662876065
97 0.9943887662876065
98 0.9943887662876065
99 0.9943887662876065
100 0.9943887662876065
101 0.9943887662876065
102 0.9943887662876065
103 0.9943887662876065
104 0.9943887662876065
105 0.9943887662876065
106 0.9943887662876065
107 0.9943887662876065
108 0.9943887662876065
109 0.9943887662876065
110 0.9943887662876065
111 0.9943887662876065
112 0.9943887662876065
113 0.9943887662876065
114 0.9943887662876065
115 0.9943887662876065
116 0.9943887662876065
117 0.9943887662876065
118 0.9943887662876065
119 0.9943887662876065
120 0.9943887662876065
121 0.9943887662876065
122 0.9943887662876065
123 0.9943887662876065
124 0.9943887662876065
125 0.9943887662876065
126 0.9943887662876065
127 0.9943887662876065
128 0.9943887662876065
129 0.9943887662876065
130 0.9943887662876065
131 0.9943887662876065
132 0.9943887662876065
133 0.9943887662876065
134 0.9943887662876065
135 0.9943887662876065
136 0.9943887662876065
137 0.9943887662876065
138 0.9943887662876065
139 0.9943887662876065
140 0.9943887662876065
141 0.9943887662876065
142 0.9943887662876065
143 0.9943887662876065
144 0.9943887662876065
145 0.9943887662876065
146 0.9943887662876065
147 0.9943887662876065
148 0.9943887662876065
149 0.9943887662876065
150 0.9943887662876065
151 0.9943887662876065
152 0.9943887662876065
153 0.9943887662876065
154 0.9943887662876065
155 0.9943887662876065
156 0.9943887662876065
157 0.9943887662876065
158 0.9943887662876065
159 0.9943887662876065
160 0.9943887662876065
161 0.9943887662876065
162 0.9943887662876065
163 0.9943887662876065
164 0.9943887662876065
165 0.9943887662876065
166 0.9943887662876065
167 0.9943887662876065
168 0.9943887662876065
169 0.9943887662876065
170 0.9943887662876065
171 0.9943887662876065
172 0.9943887662876065
173 0.9943887662876065
174 0.9943887662876065
175 0.9943887662876065
176 0.9943887662876065
177 0.9943887662876065
178 0.9943887662876065
179 0.9943887662876065
180 0.9943887662876065
181 0.9943887662876065
182 0.9943887662876065
183 0.9943887662876065
184 0.9943887662876065
185 0.9943887662876065
186 0.9943887662876065
187 0.9943887662876065
188 0.9943887662876065
189 0.9943887662876065
190 0.9943887662876065
191 0.9943887662876065
192 0.9943887662876065
193 0.9943887662876065
194 0.9943887662876065
195 0.9943887662876065
196 0.9943887662876065
197 0.9943887662876065
198 0.9943887662876065
199 0.9943887662876065
200 0.9943887662876065
201 0.9943887662876065
202 0.9943887662876065
203 0.9943887662876065
204 0.9943887662876065
205 0.9943887662876065
206 0.9943887662876065
207 0.9943887662876065
208 0.9943887662876065
209 0.9943887662876065
210 0.9943887662876065
211 0.9943887662876065
212 0.9943887662876065
213 0.9943887662876065
214 0.9943887662876065
215 0.9943887662876065
216 0.9943887662876065
217 0.9943887662876065
218 0.9943887662876065
219 0.9943887662876065
220 0.9943887662876065
221 0.9943887662876065
222 0.9943887662876065
223 0.9943887662876065
224 0.9943887662876065
225 0.9943887662876065
226 0.9943887662876065
227 0.9943887662876065
228 0.9943887662876065
229 0.9943887662876065
230 0.9943887662876065
231 0.9943887662876065
232 0.9943887662876065
233 0.9943887662876065
234 0.9943887662876065
235 0.9943887662876065
236 0.9943887662876065
237 0.9943887662876065
238 0.9943887662876065
239 0.9943887662876065
240 0.9943887662876065
241 0.9943887662876065
242 0.9943887662876065
243 0.9943887662876065
244 0.9943887662876065
245 0.9943887662876065
246 0.9943887662876065
247 0.9943887662876065
248 0.9943887662876065
249 0.9943887662876065
250 0.9943887662876065
251 0.9943887662876065
252 0.9943887662876065
253 0.9943887662876065
254 0.9943887662876065
255 0.9943887662876065
256 0.9943887662876065
257 0.9943887662876065
258 0.9943887662876065
259 0.9943887662876065
260 0.9943887662876065
261 0.9943887662876065
262 0.9943887662876065
263 0.9943887662876065
264 0.9943887662876065
265 0.9943887662876065
266 0.9943887662876065
267 0.9943887662876065
268 0.9943887662876065
269 0.9943887662876065
270 0.9943887662876065
271 0.9943887662876065
272 0.9943887662876065
273 0.9943887662876065
274 0.9943887662876065
275 0.9943887662876065
276 0.9943887662876065
277 0.9943887662876065
278 0.9943887662876065
279 0.9943887662876065
280 0.9943887662876065
281 0.9943887662876065
282 0.9943887662876065
283 0.9943887662876065
284 0.9943887662876065
285 0.9943887662876065
286 0.9943887662876065
287 0.9943887662876065
288 0.9943887662876065
289 0.9943887662876065
290 0.9943887662876065
291 0.9943887662876065
292 0.9943887662876065
293 0.9943887662876065
294 0.9943887662876065
295 0.9943887662876065
296 0.9943887662876065
297 0.9943887662876065
298 0.9943887662876065
299 0.9943887662876065
300 0.9943887662876065
301 0.9943887662876065
302 0.9943887662876065
303 0.9943887662876065
304 0.9943887662876065
305 0.9943887662876065
306 0.9943887662876065
307 0.9943887662876065
308 0.9943887662876065
309 0.9943887662876065
310 0.9943887662876065
311 0.9943887662876065
312 0.9943887662876065
313 0.9943887662876065
314 0.9943887662876065
315 0.9943887662876065
316 0.9943887662876065
317 0.9943887662876065
318 0.9943887662876065
319 0.9943887662876065
320 0.9943887662876065
321 0.9943887662876065
322 0.9943887662876065
323 0.9943887662876065
324 0.9943887662876065
325 0.9943887662876065
326 0.9943887662876065
327 0.9943887662876065
328 0.9943887662876065
329 0.9943887662876065
330 0.9943887662876065
331 0.9943887662876065
332 0.9943887662876065
333 0.9943887662876065
334 0.9943887662876065
335 0.9943887662876065
336 0.9943887662876065
337 0.9943887662876065
338 0.9943887662876065
339 0.9943887662876065
340 0.9943887662876065
341 0.9943887662876065
342 0.9943887662876065
343 0.9943887662876065
344 0.9943887662876065
345 0.9943887662876065
346 0.9943887662876065
347 0.9943887662876065
348 0.9943887662876065
349 0.9943887662876065
350 0.9943887662876065
351 0.9943887662876065
352 0.9943887662876065
353 0.9943887662876065
354 0.9943887662876065
355 0.9943887662876065
356 0.9943887662876065
357 0.9943887662876065
358 0.9943887662876065
359 0.9943887662876065
360 0.9943887662876065
361 0.9943887662876065
362 0.9943887662876065
363 0.9943887662876065
364 0.9943887662876065
365 0.9943887662876065
366 0.9943887662876065
367 0.9943887662876065
368 0.9943887662876065
369 0.9943887662876065
370 0.9943887662876065
371 0.9943887662876065
372 0.9943887662876065
373 0.9943887662876065
374 0.9943887662876065
375 0.9943887662876065
376 0.9943887662876065
377 0.9943887662876065
378 0.9943887662876065
379 0.9943887662876065
380 0.9943887662876065
381 0.9943887662876065
382 0.9943887662876065
383 0.9943887662876065
384 0.9943887662876065
385 0.9943887662876065
386 0.9943887662876065
387 0.9943887662876065
388 0.9943887662876065
389 0.9943887662876065
390 0.9943887662876065
391 0.9943887662876065
392 0.9943887662876065
393 0.9943887662876065
394 0.9943887662876065
395 0.9943887662876065
396 0.9943887662876065
397 0.9943887662876065
398 0.9943887662876065
399 0.9943887662876065
400 0.9943887662876065
401 0.9943887662876065
402 0.9943887662876065
403 0.9943887662876065
404 0.9943887662876065
405 0.9943887662876065
406 0.9943887662876065
407 0.9943887662876065
408 0.9943887662876065
409 0.9943887662876065
410 0.9943887662876065
411 0.9943887662876065
412 0.9943887662876065
413 0.9943887662876065
414 0.9943887662876065
415 0.9943887662876065
416 0.9943887662876065
417 0.9943887662876065
418 0.9943887662876065
419 0.9943887662876065
420 0.9943887662876065
421 0.9943887662876065
422 0.9943887662876065
423 0.9943887662876065
424 0.9943887662876065
425 0.9943887662876065
426 0.9943887662876065
427 0.9943887662876065
428 0.9943887662876065
429 0.9943887662876065
430 0.9943887662876065
431 0.9943887662876065
432 0.9943887662876065
433 0.9943887662876065
434 0.9943887662876065
435 0.9943887662876065
436 0.9943887662876065
437 0.9943887662876065
438 0.9943887662876065
439 0.9943887662876065
440 0.9943887662876065
441 0.9943887662876065
442 0.9943887662876065
443 0.9943887662876065
444 0.9943887662876065
445 0.9943887662876065
446 0.9943887662876065
447 0.9943887662876065
448 0.9943887662876065
449 0.9943887662876065
450 0.9943887662876065
451 0.9943887662876065
452 0.9943887662876065
453 0.9943887662876065
454 0.9943887662876065
455 0.9943887662876065
456 0.9943887662876065
457 0.9943887662876065
458 0.9943887662876065
459 0.9943887662876065
460 0.9943887662876065
461 0.9943887662876065
462 0.9943887662876065
463 0.9943887662876065
464 0.9943887662876065
465 0.9943887662876065
466 0.9943887662876065
467 0.9943887662876065
468 0.9943887662876065
469 0.9943887662876065
470 0.9943887662876065
471 0.9943887662876065
472 0.9943887662876065
473 0.9943887662876065
474 0.9943887662876065
475 0.9943887662876065
476 0.9943887662876065
477 0.9943887662876065
478 0.9943887662876065
479 0.9943887662876065
480 0.9943887662876065
481 0.9943887662876065
482 0.9943887662876065
483 0.9943887662876065
484 0.9943887662876065
485 0.9943887662876065
486 0.9943887662876065
487 0.9943887662876065
488 0.9943887662876065
489 0.9943887662876065
490 0.9943887662876065
491 0.9943887662876065
492 0.9943887662876065
493 0.9943887662876065
494 0.9943887662876065
495 0.9943887662876065
496 0.9943887662876065
497 0.9943887662876065
498 0.9943887662876065
499 0.9943887662876065
500 0.9943887662876065
501 0.9943887662876065
502 0.9943887662876065
503 0.9943887662876065
504 0.9943887662876065
505 0.9943887662876065
506 0.9943887662876065
507 0.9943887662876065
508 0.9943887662876065
509 0.9943887662876065
510 0.9943887662876065
511 0.9943887662876065
512 0.9943887662876065
513 0.9943887662876065
514 0.9943887662876065
515 0.9943887662876065
516 0.9943887662876065
517 0.9943887662876065
518 0.9943887662876065
519 0.9943887662876065
520 0.9943887662876065
521 0.9943887662876065
522 0.9943887662876065
523 0.9943887662876065
524 0.9943887662876065
525 0.9943887662876065
526 0.9943887662876065
527 0.9943887662876065
528 0.9943887662876065
529 0.9943887662876065
530 0.9943887662876065
531 0.9943887662876065
532 0.9943887662876065
533 0.9943887662876065
534 0.9943887662876065
535 0.9943887662876065
536 0.9943887662876065
537 0.9943887662876065
538 0.9943887662876065
539 0.9943887662876065
540 0.9943887662876065
541 0.9943887662876065
542 0.9943887662876065
543 0.9943887662876065
544 0.9943887662876065
545 0.9943887662876065
546 0.9943887662876065
547 0.9943887662876065
548 0.9943887662876065
549 0.9943887662876065
550 0.9943887662876065
551 0.9943887662876065
552 0.9943887662876065
553 0.9943887662876065
554 0.9943887662876065
555 0.9943887662876065
556 0.9943887662876065
557 0.9943887662876065
558 0.9943887662876065
559 0.9943887662876065
560 0.9943887662876065
561 0.9943887662876065
562 0.9943887662876065
563 0.9943887662876065
564 0.9943887662876065
565 0.9943887662876065
566 0.9943887662876065
567 0.9943887662876065
568 0.9943887662876065
569 0.9943887662876065
570 0.9943887662876065
571 0.9943887662876065
572 0.9943887662876065
573 0.9943887662876065
574 0.9943887662876065
575 0.9943887662876065
576 0.9943887662876065
577 0.9943887662876065
578 0.9943887662876065
579 0.9943887662876065
580 0.9943887662876065
581 0.9943887662876065
582 0.9943887662876065
583 0.9943887662876065
584 0.9943887662876065
585 0.9943887662876065
586 0.9943887662876065
587 0.9943887662876065
588 0.9943887662876065
589 0.9943887662876065
590 0.9943887662876065
591 0.9943887662876065
592 0.9943887662876065
593 0.9943887662876065
594 0.9943887662876065
595 0.9943887662876065
596 0.9943887662876065
597 0.9943887662876065
598 0.9943887662876065
599 0.9943887662876065
600 0.9943887662876065
601 0.9943887662876065
602 0.9943887662876065
603 0.9943887662876065
604 0.9943887662876065
605 0.9943887662876065
606 0.9943887662876065
607 0.9943887662876065
608 0.9943887662876065
609 0.9943887662876065
610 0.9943887662876065
611 0.9943887662876065
612 0.9943887662876065
613 0.9943887662876065
614 0.9943887662876065
615 0.9943887662876065
616 0.9943887662876065
617 0.9943887662876065
618 0.9943887662876065
619 0.9943887662876065
620 0.9943887662876065
621 0.9943887662876065
622 0.9943887662876065
623 0.9943887662876065
624 0.9943887662876065
625 0.9943887662876065
626 0.9943887662876065
627 0.9943887662876065
628 0.9943887662876065
629 0.9943887662876065
630 0.9943887662876065
631 0.9943887662876065
632 0.9943887662876065
633 0.9943887662876065
634 0.9943887662876065
635 0.9943887662876065
636 0.9943887662876065
637 0.9943887662876065
638 0.9943887662876065
639 0.9943887662876065
640 0.9943887662876065
641 0.9943887662876065
642 0.9943887662876065
643 0.9943887662876065
644 0.9943887662876065
645 0.9943887662876065
646 0.9943887662876065
647 0.9943887662876065
648 0.9943887662876065
649 0.9943887662876065
650 0.9943887662876065
651 0.9943887662876065
652 0.9943887662876065
653 0.9943887662876065
654 0.9943887662876065
655 0.9943887662876065
656 0.9943887662876065
657 0.9943887662876065
658 0.9943887662876065
659 0.9943887662876065
660 0.9943887662876065
661 0.9943887662876065
662 0.9943887662876065
663 0.9943887662876065
664 0.9943887662876065
665 0.9943887662876065
666 0.9943887662876065
667 0.9943887662876065
668 0.9943887662876065
669 0.9943887662876065
670 0.9943887662876065
671 0.9943887662876065
672 0.9943887662876065
673 0.9943887662876065
674 0.9943887662876065
675 0.9943887662876065
676 0.9943887662876065
677 0.9943887662876065
678 0.9943887662876065
679 0.9943887662876065
680 0.9943887662876065
681 0.9943887662876065
682 0.9943887662876065
683 0.9943887662876065
684 0.9943887662876065
685 0.9943887662876065
686 0.9943887662876065
687 0.9943887662876065
688 0.9943887662876065
689 0.9943887662876065
690 0.9943887662876065
691 0.9943887662876065
692 0.9943887662876065
693 0.9943887662876065
694 0.9943887662876065
695 0.9943887662876065
696 0.9943887662876065
697 0.9943887662876065
698 0.9943887662876065
699 0.9943887662876065
700 0.9943887662876065
701 0.9943887662876065
702 0.9943887662876065
703 0.9943887662876065
704 0.9943887662876065
705 0.9943887662876065
706 0.9943887662876065
707 0.9943887662876065
708 0.9943887662876065
709 0.9943887662876065
710 0.9943887662876065
711 0.9943887662876065
712 0.9943887662876065
713 0.9943887662876065
714 0.9943887662876065
715 0.9943887662876065
716 0.9943887662876065
717 0.9943887662876065
718 0.9943887662876065
719 0.9943887662876065
720 0.9943887662876065
721 0.9943887662876065
722 0.9943887662876065
723 0.9943887662876065
724 0.9943887662876065
725 0.9943887662876065
726 0.9943887662876065
727 0.9943887662876065
728 0.9943887662876065
729 0.9943887662876065
730 0.9943887662876065
731 0.9943887662876065
732 0.9943887662876065
733 0.9943887662876065
734 0.9943887662876065
735 0.9943887662876065
736 0.9943887662876065
737 0.9943887662876065
738 0.9943887662876065
739 0.9943887662876065
740 0.9943887662876065
741 0.9943887662876065
742 0.9943887662876065
743 0.9943887662876065
744 0.9943887662876065
745 0.9943887662876065
746 0.9943887662876065
747 0.9943887662876065
748 0.9943887662876065
749 0.9943887662876065
750 0.9943887662876065
751 0.9943887662876065
752 0.9943887662876065
753 0.9943887662876065
754 0.9943887662876065
755 0.9943887662876065
756 0.9943887662876065
757 0.9943887662876065
758 0.9943887662876065
759 0.9943887662876065
760 0.9943887662876065
761 0.9943887662876065
762 0.9943887662876065
763 0.9943887662876065
764 0.9943887662876065
765 0.9943887662876065
766 0.9943887662876065
767 0.9943887662876065
768 0.9943887662876065
769 0.9943887662876065
770 0.9943887662876065
771 0.9943887662876065
772 0.9943887662876065
773 0.9943887662876065
774 0.9943887662876065
775 0.9943887662876065
776 0.9943887662876065
777 0.9943887662876065
778 0.9943887662876065
779 0.9943887662876065
780 0.9943887662876065
781 0.9943887662876065
782 0.9943887662876065
783 0.9943887662876065
784 0.9943887662876065
785 0.9943887662876065
786 0.9943887662876065
787 0.9943887662876065
788 0.9943887662876065
789 0.9943887662876065
790 0.9943887662876065
791 0.9943887662876065
792 0.9943887662876065
793 0.9943887662876065
794 0.9943887662876065
795 0.9943887662876065
796 0.9943887662876065
797 0.9943887662876065
798 0.9943887662876065
799 0.9943887662876065
800 0.9943887662876065
801 0.9943887662876065
802 0.9943887662876065
803 0.9943887662876065
804 0.9943887662876065
805 0.9943887662876065
806 0.9943887662876065
807 0.9943887662876065
808 0.9943887662876065
809 0.9943887662876065
810 0.9943887662876065
811 0.9943887662876065
812 0.9943887662876065
813 0.9943887662876065
814 0.9943887662876065
815 0.9943887662876065
816 0.9943887662876065
817 0.9943887662876065
818 0.9943887662876065
819 0.9943887662876065
820 0.9943887662876065
821 0.9943887662876065
822 0.9943887662876065
823 0.9943887662876065
824 0.9943887662876065
825 0.9943887662876065
826 0.9943887662876065
827 0.9943887662876065
828 0.9943887662876065
829 0.9943887662876065
830 0.9943887662876065
831 0.9943887662876065
832 0.9943887662876065
833 0.9943887662876065
834 0.9943887662876065
835 0.9943887662876065
836 0.9943887662876065
837 0.9943887662876065
838 0.9943887662876065
839 0.9943887662876065
840 0.9943887662876065
841 0.9943887662876065
842 0.9943887662876065
843 0.9943887662876065
844 0.9943887662876065
845 0.9943887662876065
846 0.9943887662876065
847 0.9943887662876065
848 0.9943887662876065
849 0.9943887662876065
850 0.9943887662876065
851 0.9943887662876065
852 0.9943887662876065
853 0.9943887662876065
854 0.9943887662876065
855 0.9943887662876065
856 0.9943887662876065
857 0.9943887662876065
858 0.9943887662876065
859 0.9943887662876065
860 0.9943887662876065
861 0.9943887662876065
862 0.9943887662876065
863 0.9943887662876065
864 0.9943887662876065
865 0.9943887662876065
866 0.9943887662876065
867 0.9943887662876065
868 0.9943887662876065
869 0.9943887662876065
870 0.9943887662876065
871 0.9943887662876065
872 0.9943887662876065
873 0.9943887662876065
874 0.9943887662876065
875 0.9943887662876065
876 0.9943887662876065
877 0.9943887662876065
878 0.9943887662876065
879 0.9943887662876065
880 0.9943887662876065
881 0.9943887662876065
882 0.9943887662876065
883 0.9943887662876065
884 0.9943887662876065
885 0.9943887662876065
886 0.9943887662876065
887 0.9943887662876065
888 0.9943887662876065
889 0.9943887662876065
890 0.9943887662876065
891 0.9943887662876065
892 0.9943887662876065
893 0.9943887662876065
894 0.9943887662876065
895 0.9943887662876065
896 0.9943887662876065
897 0.9943887662876065
898 0.9943887662876065
899 0.9943887662876065
900 0.9943887662876065
901 0.9943887662876065
902 0.9943887662876065
903 0.9943887662876065
904 0.9943887662876065
905 0.9943887662876065
906 0.9943887662876065
907 0.9943887662876065
908 0.9943887662876065
909 0.9943887662876065
910 0.992145908901219
911 0.992145908901219
912 0.992145908901219
913 0.992145908901219
914 0.992145908901219
915 0.992145908901219
916 0.992145908901219
917 0.992145908901219
918 0.992145908901219
919 0.992145908901219
920 0.992145908901219
921 0.992145908901219
922 0.992145908901219
923 0.992145908901219
924 0.992145908901219
925 0.992145908901219
926 0.992145908901219
927 0.992145908901219
928 0.992145908901219
929 0.992145908901219
930 0.992145908901219
931 0.992145908901219
932 0.992145908901219
933 0.992145908901219
934 0.992145908901219
935 0.992145908901219
936 0.992145908901219
937 0.992145908901219
938 0.992145908901219
939 0.992145908901219
940 0.992145908901219
941 0.992145908901219
942 0.992145908901219
943 0.992145908901219
944 0.992145908901219
945 0.992145908901219
946 0.992145908901219
947 0.992145908901219
948 0.992145908901219
949 0.992145908901219
950 0.992145908901219
951 0.992145908901219
952 0.992145908901219
953 0.992145908901219
954 0.992145908901219
955 0.992145908901219
956 0.992145908901219
957 0.992145908901219
958 0.992145908901219
959 0.992145908901219
960 0.992145908901219
961 0.992145908901219
962 0.992145908901219
963 0.992145908901219
964 0.992145908901219
965 0.992145908901219
966 0.992145908901219
967 0.992145908901219
968 0.992145908901219
969 0.992145908901219
970 0.992145908901219
971 0.992145908901219
972 0.992145908901219
973 0.992145908901219
974 0.992145908901219
975 0.992145908901219
976 0.992145908901219
977 0.992145908901219
978 0.992145908901219
979 0.992145908901219
980 0.992145908901219
981 0.992145908901219
982 0.992145908901219
983 0.992145908901219
984 0.992145908901219
985 0.992145908901219
986 0.992145908901219
987 0.992145908901219
988 0.992145908901219
989 0.992145908901219
990 0.992145908901219
991 0.992145908901219
992 0.992145908901219
993 0.992145908901219
994 0.992145908901219
995 0.992145908901219
996 0.992145908901219
997 0.992145908901219
998 0.992145908901219
999 0.992145908901219
1000 0.992145908901219
1001 0.992145908901219
1002 0.992145908901219
1003 0.992145908901219
1004 0.992145908901219
1005 0.992145908901219
1006 0.992145908901219
1007 0.992145908901219
1008 0.992145908901219
1009 0.992145908901219
1010 0.992145908901219
1011 0.992145908901219
1012 0.992145908901219
1013 0.992145908901219
1014 0.992145908901219
1015 0.992145908901219
1016 0.992145908901219
1017 0.992145908901219
1018 0.992145908901219
1019 0.992145908901219
1020 0.992145908901219
1021 0.992145908901219
1022 0.992145908901219
1023 0.992145908901219
1024 0.992145908901219
1025 0.992145908901219
1026 0.992145908901219
1027 0.992145908901219
1028 0.992145908901219
1029 0.992145908901219
1030 0.992145908901219
1031 0.992145908901219
1032 0.992145908901219
1033 0.992145908901219
1034 0.992145908901219
1035 0.992145908901219
1036 0.992145908901219
1037 0.992145908901219
1038 0.992145908901219
1039 0.992145908901219
1040 0.992145908901219
1041 0.992145908901219
1042 0.992145908901219
1043 0.992145908901219
1044 0.992145908901219
1045 0.992145908901219
1046 0.992145908901219
1047 0.992145908901219
1048 0.992145908901219
1049 0.992145908901219
1050 0.992145908901219
1051 0.992145908901219
1052 0.992145908901219
1053 0.992145908901219
1054 0.992145908901219
1055 0.992145908901219
1056 0.992145908901219
1057 0.992145908901219
1058 0.992145908901219
1059 0.992145908901219
1060 0.992145908901219
1061 0.992145908901219
1062 0.992145908901219
1063 0.992145908901219
1064 0.992145908901219
1065 0.992145908901219
1066 0.992145908901219
1067 0.992145908901219
1068 0.992145908901219
1069 0.992145908901219
1070 0.992145908901219
1071 0.992145908901219
1072 0.992145908901219
1073 0.992145908901219
1074 0.992145908901219
1075 0.992145908901219
1076 0.992145908901219
1077 0.992145908901219
1078 0.992145908901219
1079 0.992145908901219
1080 0.992145908901219
1081 0.992145908901219
1082 0.992145908901219
1083 0.992145908901219
1084 0.992145908901219
1085 0.992145908901219
1086 0.992145908901219
1087 0.992145908901219
1088 0.992145908901219
1089 0.992145908901219
1090 0.992145908901219
1091 0.992145908901219
1092 0.992145908901219
1093 0.992145908901219
1094 0.992145908901219
1095 0.992145908901219
1096 0.992145908901219
1097 0.992145908901219
1098 0.992145908901219
1099 0.992145908901219
1100 0.992145908901219
1101 0.992145908901219
1102 0.992145908901219
1103 0.992145908901219
1104 0.992145908901219
1105 0.992145908901219
1106 0.992145908901219
1107 0.992145908901219
1108 0.992145908901219
1109 0.992145908901219
1110 0.992145908901219
1111 0.992145908901219
1112 0.992145908901219
1113 0.992145908901219
1114 0.992145908901219
1115 0.992145908901219
1116 0.992145908901219
1117 0.992145908901219
1118 0.992145908901219
1119 0.992145908901219
1120 0.992145908901219
1121 0.992145908901219
1122 0.992145908901219
1123 0.992145908901219
1124 0.992145908901219
1125 0.992145908901219
1126 0.992145908901219
1127 0.992145908901219
1128 0.992145908901219
1129 0.992145908901219
1130 0.992145908901219
1131 0.992145908901219
1132 0.992145908901219
1133 0.992145908901219
1134 0.992145908901219
1135 0.992145908901219
1136 0.992145908901219
1137 0.992145908901219
1138 0.992145908901219
1139 0.992145908901219
1140 0.992145908901219
1141 0.992145908901219
1142 0.992145908901219
1143 0.992145908901219
1144 0.992145908901219
1145 0.992145908901219
1146 0.992145908901219
1147 0.992145908901219
1148 0.992145908901219
1149 0.992145908901219
1150 0.992145908901219
1151 0.992145908901219
1152 0.992145908901219
1153 0.992145908901219
1154 0.992145908901219
1155 0.992145908901219
1156 0.992145908901219
1157 0.992145908901219
1158 0.992145908901219
1159 0.992145908901219
1160 0.992145908901219
1161 0.992145908901219
1162 0.992145908901219
1163 0.992145908901219
1164 0.992145908901219
1165 0.992145908901219
1166 0.992145908901219
1167 0.992145908901219
1168 0.992145908901219
1169 0.992145908901219
1170 0.992145908901219
1171 0.992145908901219
1172 0.992145908901219
1173 0.992145908901219
1174 0.992145908901219
1175 0.992145908901219
1176 0.992145908901219
1177 0.992145908901219
1178 0.992145908901219
1179 0.992145908901219
1180 0.992145908901219
1181 0.992145908901219
1182 0.992145908901219
1183 0.992145908901219
1184 0.992145908901219
1185 0.992145908901219
1186 0.992145908901219
1187 0.992145908901219
1188 0.992145908901219
1189 0.992145908901219
1190 0.992145908901219
1191 0.992145908901219
1192 0.992145908901219
1193 0.992145908901219
1194 0.992145908901219
1195 0.992145908901219
1196 0.992145908901219
1197 0.992145908901219
1198 0.992145908901219
1199 0.992145908901219
1200 0.992145908901219
1201 0.992145908901219
1202 0.992145908901219
1203 0.992145908901219
1204 0.992145908901219
1205 0.992145908901219
1206 0.992145908901219
1207 0.992145908901219
1208 0.992145908901219
1209 0.992145908901219
1210 0.992145908901219
1211 0.992145908901219
1212 0.992145908901219
1213 0.992145908901219
1214 0.992145908901219
1215 0.992145908901219
1216 0.992145908901219
1217 0.992145908901219
1218 0.992145908901219
1219 0.992145908901219
1220 0.992145908901219
1221 0.992145908901219
1222 0.992145908901219
1223 0.992145908901219
1224 0.992145908901219
1225 0.992145908901219
1226 0.992145908901219
1227 0.992145908901219
1228 0.992145908901219
1229 0.992145908901219
1230 0.992145908901219
1231 0.992145908901219
1232 0.992145908901219
1233 0.992145908901219
1234 0.992145908901219
1235 0.992145908901219
1236 0.992145908901219
1237 0.992145908901219
1238 0.992145908901219
1239 0.992145908901219
1240 0.992145908901219
1241 0.992145908901219
1242 0.992145908901219
1243 0.992145908901219
1244 0.992145908901219
1245 0.992145908901219
1246 0.992145908901219
1247 0.992145908901219
1248 0.992145908901219
1249 0.992145908901219
1250 0.992145908901219
1251 0.992145908901219
1252 0.992145908901219
1253 0.992145908901219
1254 0.992145908901219
1255 0.992145908901219
1256 0.992145908901219
1257 0.992145908901219
1258 0.992145908901219
1259 0.992145908901219
1260 0.992145908901219
1261 0.992145908901219
1262 0.992145908901219
1263 0.992145908901219
1264 0.992145908901219
1265 0.992145908901219
1266 0.992145908901219
1267 0.992145908901219
1268 0.992145908901219
1269 0.992145908901219
1270 0.992145908901219
1271 0.992145908901219
1272 0.992145908901219
1273 0.992145908901219
1274 0.992145908901219
1275 0.992145908901219
1276 0.992145908901219
1277 0.992145908901219
1278 0.992145908901219
1279 0.992145908901219
1280 0.992145908901219
1281 0.992145908901219
1282 0.992145908901219
1283 0.992145908901219
1284 0.992145908901219
1285 0.992145908901219
1286 0.992145908901219
1287 0.992145908901219
1288 0.992145908901219
1289 0.992145908901219
1290 0.992145908901219
1291 0.992145908901219
1292 0.992145908901219
1293 0.992145908901219
1294 0.992145908901219
1295 0.992145908901219
1296 0.992145908901219
1297 0.992145908901219
1298 0.992145908901219
1299 0.992145908901219
1300 0.992145908901219
1301 0.992145908901219
1302 0.992145908901219
1303 0.992145908901219
1304 0.992145908901219
1305 0.992145908901219
1306 0.992145908901219
1307 0.992145908901219
1308 0.992145908901219
1309 0.992145908901219
1310 0.992145908901219
1311 0.992145908901219
1312 0.992145908901219
1313 0.992145908901219
1314 0.992145908901219
1315 0.992145908901219
1316 0.992145908901219
1317 0.992145908901219
1318 0.992145908901219
1319 0.992145908901219
1320 0.992145908901219
1321 0.992145908901219
1322 0.992145908901219
1323 0.992145908901219
1324 0.992145908901219
1325 0.992145908901219
1326 0.992145908901219
1327 0.992145908901219
1328 0.992145908901219
1329 0.992145908901219
1330 0.992145908901219
1331 0.992145908901219
1332 0.992145908901219
1333 0.992145908901219
1334 0.992145908901219
1335 0.992145908901219
1336 0.992145908901219
1337 0.992145908901219
1338 0.992145908901219
1339 0.992145908901219
1340 0.992145908901219
1341 0.992145908901219
1342 0.9904814701955316
1343 0.9904814701955316
1344 0.9904814701955316
1345 0.9904814701955316
1346 0.9904814701955316
1347 0.9904814701955316
1348 0.9904814701955316
1349 0.9904814701955316
1350 0.9904814701955316
1351 0.9904814701955316
1352 0.9904814701955316
1353 0.9904814701955316
1354 0.9904814701955316
1355 0.9904814701955316
1356 0.9904814701955316
1357 0.9904814701955316
1358 0.9904814701955316
1359 0.9904814701955316
1360 0.9904814701955316
1361 0.9904814701955316
1362 0.9904814701955316
1363 0.9904814701955316
1364 0.9904814701955316
1365 0.9904814701955316
1366 0.9904814701955316
1367 0.9904814701955316
1368 0.9904814701955316
1369 0.9904814701955316
1370 0.9904814701955316
1371 0.9904814701955316
1372 0.9904814701955316
1373 0.9904814701955316
1374 0.9904814701955316
1375 0.9904814701955316
1376 0.9904814701955316
1377 0.9904814701955316
1378 0.9891265032428888
1379 0.9891265032428888
1380 0.9891265032428888
1381 0.9891265032428888
1382 0.9891265032428888
1383 0.9891265032428888
1384 0.9891265032428888
1385 0.9891265032428888
1386 0.9891265032428888
1387 0.9891265032428888
1388 0.9891265032428888
1389 0.9891265032428888
1390 0.9891265032428888
1391 0.9891265032428888
1392 0.9891265032428888
1393 0.9891265032428888
1394 0.9891265032428888
1395 0.9891265032428888
1396 0.9891265032428888
1397 0.9891265032428888
1398 0.9891265032428888
1399 0.9891265032428888
1400 0.9891265032428888
1401 0.9891265032428888
1402 0.9891265032428888
1403 0.9891265032428888
1404 0.9891265032428888
1405 0.9891265032428888
1406 0.9891265032428888
1407 0.9891265032428888
1408 0.9891265032428888
1409 0.9891265032428888
1410 0.9891265032428888
1411 0.9891265032428888
1412 0.9891265032428888
1413 0.9891265032428888
1414 0.9891265032428888
1415 0.9891265032428888
1416 0.9891265032428888
1417 0.9891265032428888
1418 0.9891265032428888
1419 0.9891265032428888
1420 0.9891265032428888
1421 0.9891265032428888
1422 0.9891265032428888
1423 0.9891265032428888
1424 0.9891265032428888
1425 0.9891265032428888
1426 0.9891265032428888
1427 0.9891265032428888
1428 0.9891265032428888
1429 0.9891265032428888
1430 0.9891265032428888
1431 0.9891265032428888
1432 0.9891265032428888
1433 0.9891265032428888
1434 0.9891265032428888
1435 0.9891265032428888
1436 0.9891265032428888
1437 0.9891265032428888
1438 0.9891265032428888
1439 0.9891265032428888
1440 0.9891265032428888
1441 0.9891265032428888
1442 0.9891265032428888
1443 0.9891265032428888
1444 0.9891265032428888
1445 0.9891265032428888
1446 0.9891265032428888
1447 0.9891265032428888
1448 0.9891265032428888
1449 0.9891265032428888
1450 0.9891265032428888
1451 0.9891265032428888
1452 0.9891265032428888
1453 0.9891265032428888
1454 0.9891265032428888
1455 0.9891265032428888
1456 0.9891265032428888
1457 0.9891265032428888
1458 0.9891265032428888
1459 0.9891265032428888
1460 0.9891265032428888
1461 0.9891265032428888
1462 0.9891265032428888
1463 0.9891265032428888
1464 0.9891265032428888
1465 0.9891265032428888
1466 0.9891265032428888
1467 0.9891265032428888
1468 0.9891265032428888
1469 0.9891265032428888
1470 0.9891265032428888
1471 0.9891265032428888
1472 0.9891265032428888
1473 0.9891265032428888
1474 0.9891265032428888
1475 0.9891265032428888
1476 0.9891265032428888
1477 0.9891265032428888
1478 0.9891265032428888
1479 0.9891265032428888
1480 0.9891265032428888
1481 0.9891265032428888
1482 0.9891265032428888
1483 0.9891265032428888
1484 0.9891265032428888
1485 0.9891265032428888
1486 0.9891265032428888
1487 0.9891265032428888
1488 0.9891265032428888
1489 0.9891265032428888
1490 0.9891265032428888
1491 0.9891265032428888
1492 0.9891265032428888
1493 0.9891265032428888
1494 0.9891265032428888
1495 0.9891265032428888
1496 0.9891265032428888
1497 0.9891265032428888
1498 0.9891265032428888
1499 0.9891265032428888
1500 0.9891265032428888
1501 0.9891265032428888
1502 0.9891265032428888
1503 0.9891265032428888
1504 0.9891265032428888
1505 0.9891265032428888
1506 0.9891265032428888
1507 0.9891265032428888
1508 0.9891265032428888
1509 0.9891265032428888
1510 0.9891265032428888
1511 0.9891265032428888
1512 0.9891265032428888
1513 0.9891265032428888
1514 0.9891265032428888
1515 0.9891265032428888
1516 0.9891265032428888
1517 0.9891265032428888
1518 0.9891265032428888
1519 0.9891265032428888
1520 0.9891265032428888
1521 0.9891265032428888
1522 0.9891265032428888
1523 0.9891265032428888
1524 0.9891265032428888
1525 0.9891265032428888
1526 0.9891265032428888
1527 0.9891265032428888
1528 0.9891265032428888
1529 0.9891265032428888
1530 0.9891265032428888
1531 0.9891265032428888
1532 0.9891265032428888
1533 0.9891265032428888
1534 0.9891265032428888
1535 0.9891265032428888
1536 0.9891265032428888
1537 0.9891265032428888
1538 0.9891265032428888
1539 0.9891265032428888
1540 0.9891265032428888
1541 0.9891265032428888
1542 0.9891265032428888
1543 0.9891265032428888
1544 0.9891265032428888
1545 0.9891265032428888
1546 0.9891265032428888
1547 0.9891265032428888
1548 0.9891265032428888
1549 0.9891265032428888
1550 0.9891265032428888
1551 0.9891265032428888
1552 0.9891265032428888
1553 0.9891265032428888
1554 0.9891265032428888
1555 0.9891265032428888
1556 0.9891265032428888
1557 0.9891265032428888
1558 0.9891265032428888
1559 0.9891265032428888
1560 0.9891265032428888
1561 0.9891265032428888
1562 0.9891265032428888
1563 0.9891265032428888
1564 0.9891265032428888
1565 0.9891265032428888
1566 0.9891265032428888
1567 0.9891265032428888
1568 0.9891265032428888
1569 0.9891265032428888
1570 0.9891265032428888
1571 0.9891265032428888
1572 0.9891265032428888
1573 0.9891265032428888
1574 0.9891265032428888
1575 0.9891265032428888
1576 0.9891265032428888
1577 0.9891265032428888
1578 0.9891265032428888
1579 0.9891265032428888
1580 0.9891265032428888
1581 0.9891265032428888
1582 0.9891265032428888
1583 0.9891265032428888
1584 0.9891265032428888
1585 0.9891265032428888
1586 0.9891265032428888
1587 0.9891265032428888
1588 0.9891265032428888
1589 0.9891265032428888
1590 0.9891265032428888
1591 0.9891265032428888
1592 0.9891265032428888
1593 0.9891265032428888
1594 0.9891265032428888
1595 0.9891265032428888
1596 0.9891265032428888
1597 0.9891265032428888
1598 0.9891265032428888
1599 0.9891265032428888
1600 0.9891265032428888
1601 0.9891265032428888
1602 0.9891265032428888
1603 0.9891265032428888
1604 0.9891265032428888
1605 0.9891265032428888
1606 0.9891265032428888
1607 0.9891265032428888
1608 0.9891265032428888
1609 0.9891265032428888
1610 0.9891265032428888
1611 0.9891265032428888
1612 0.9891265032428888
1613 0.9891265032428888
1614 0.9891265032428888
1615 0.9891265032428888
1616 0.9891265032428888
1617 0.9891265032428888
1618 0.9891265032428888
1619 0.9891265032428888
1620 0.9891265032428888
1621 0.9891265032428888
1622 0.9891265032428888
1623 0.9891265032428888
1624 0.9891265032428888
1625 0.9891265032428888
1626 0.9891265032428888
1627 0.9891265032428888
1628 0.9891265032428888
1629 0.9891265032428888
1630 0.9891265032428888
1631 0.9891265032428888
1632 0.9891265032428888
1633 0.9891265032428888
1634 0.9891265032428888
1635 0.9891265032428888
1636 0.9891265032428888
1637 0.9891265032428888
1638 0.9891265032428888
1639 0.9891265032428888
1640 0.9891265032428888
1641 0.9891265032428888
1642 0.9891265032428888
1643 0.9891265032428888
1644 0.9891265032428888
1645 0.9891265032428888
1646 0.9891265032428888
1647 0.9891265032428888
1648 0.9891265032428888
1649 0.9891265032428888
1650 0.9891265032428888
1651 0.9891265032428888
1652 0.9891265032428888
1653 0.9891265032428888
1654 0.9891265032428888
1655 0.9891265032428888
1656 0.9891265032428888
1657 0.9891265032428888
1658 0.9891265032428888
1659 0.9891265032428888
1660 0.9891265032428888
1661 0.9891265032428888
1662 0.9891265032428888
1663 0.9891265032428888
1664 0.9891265032428888
1665 0.9891265032428888
1666 0.9891265032428888
1667 0.9891265032428888
1668 0.9891265032428888
1669 0.9891265032428888
1670 0.9891265032428888
1671 0.9891265032428888
1672 0.9891265032428888
1673 0.9891265032428888
1674 0.9891265032428888
1675 0.9891265032428888
1676 0.9891265032428888
1677 0.9891265032428888
1678 0.9891265032428888
1679 0.9891265032428888
1680 0.9891265032428888
1681 0.9891265032428888
1682 0.9891265032428888
1683 0.9891265032428888
1684 0.9891265032428888
1685 0.9891265032428888
1686 0.9891265032428888
1687 0.9891265032428888
1688 0.9891265032428888
1689 0.9891265032428888
1690 0.9891265032428888
1691 0.9891265032428888
1692 0.9891265032428888
1693 0.9891265032428888
1694 0.9891265032428888
1695 0.9891265032428888
1696 0.9891265032428888
1697 0.9891265032428888
1698 0.9891265032428888
1699 0.9891265032428888
1700 0.9891265032428888
1701 0.9891265032428888
1702 0.9891265032428888
1703 0.9891265032428888
1704 0.9891265032428888
1705 0.9891265032428888
1706 0.9891265032428888
1707 0.9891265032428888
1708 0.9891265032428888
1709 0.9891265032428888
1710 0.9891265032428888
1711 0.9891265032428888
1712 0.9891265032428888
1713 0.9891265032428888
1714 0.9891265032428888
1715 0.9891265032428888
1716 0.9891265032428888
1717 0.9891265032428888
1718 0.9891265032428888
1719 0.9891265032428888
1720 0.9891265032428888
1721 0.9891265032428888
1722 0.9891265032428888
1723 0.9891265032428888
1724 0.9891265032428888
1725 0.9891265032428888
1726 0.9891265032428888
1727 0.9891265032428888
1728 0.9891265032428888
1729 0.9891265032428888
1730 0.9891265032428888
1731 0.9891265032428888
1732 0.9891265032428888
1733 0.9891265032428888
1734 0.9891265032428888
1735 0.9891265032428888
1736 0.9891265032428888
1737 0.9891265032428888
1738 0.9891265032428888
1739 0.9891265032428888
1740 0.9891265032428888
1741 0.9891265032428888
1742 0.9891265032428888
1743 0.9891265032428888
1744 0.9891265032428888
1745 0.9891265032428888
1746 0.9891265032428888
1747 0.9891265032428888
1748 0.9891265032428888
1749 0.9891265032428888
1750 0.9891265032428888
1751 0.9891265032428888
1752 0.9891265032428888
1753 0.9891265032428888
1754 0.9891265032428888
1755 0.9891265032428888
1756 0.9891265032428888
1757 0.9891265032428888
1758 0.9891265032428888
1759 0.9891265032428888
1760 0.9891265032428888
1761 0.9891265032428888
1762 0.9891265032428888
1763 0.9891265032428888
1764 0.9891265032428888
1765 0.9891265032428888
1766 0.9891265032428888
1767 0.9891265032428888
1768 0.9891265032428888
1769 0.9891265032428888
1770 0.9891265032428888
1771 0.9891265032428888
1772 0.9891265032428888
1773 0.9891265032428888
1774 0.9891265032428888
1775 0.9891265032428888
1776 0.9891265032428888
1777 0.9891265032428888
1778 0.9891265032428888
1779 0.9891265032428888
1780 0.9891265032428888
1781 0.9891265032428888
1782 0.9891265032428888
1783 0.9891265032428888
1784 0.9891265032428888
1785 0.9891265032428888
1786 0.9891265032428888
1787 0.9891265032428888
1788 0.9891265032428888
1789 0.9891265032428888
1790 0.9891265032428888
1791 0.9891265032428888
1792 0.9891265032428888
1793 0.9891265032428888
1794 0.9891265032428888
1795 0.9891265032428888
1796 0.9891265032428888
1797 0.9891265032428888
1798 0.9891265032428888
1799 0.9891265032428888
1800 0.9891265032428888
1801 0.9891265032428888
1802 0.9891265032428888
1803 0.9891265032428888
1804 0.9891265032428888
1805 0.9891265032428888
1806 0.9891265032428888
1807 0.9891265032428888
1808 0.9891265032428888
1809 0.9891265032428888
1810 0.9891265032428888
1811 0.9891265032428888
1812 0.9891265032428888
1813 0.9891265032428888
1814 0.9891265032428888
1815 0.9891265032428888
1816 0.9891265032428888
1817 0.9891265032428888
1818 0.9891265032428888
1819 0.9891265032428888
1820 0.9891265032428888
1821 0.9891265032428888
1822 0.9891265032428888
1823 0.9891265032428888
1824 0.9891265032428888
1825 0.9891265032428888
1826 0.9891265032428888
1827 0.9891265032428888
1828 0.9891265032428888
1829 0.9891265032428888
1830 0.9891265032428888
1831 0.9891265032428888
1832 0.9891265032428888
1833 0.9891265032428888
1834 0.9891265032428888
1835 0.9891265032428888
1836 0.9891265032428888
1837 0.9891265032428888
1838 0.9891265032428888
1839 0.9891265032428888
1840 0.9891265032428888
1841 0.9891265032428888
1842 0.9891265032428888
1843 0.9891265032428888
1844 0.9891265032428888
1845 0.9891265032428888
1846 0.9891265032428888
1847 0.9891265032428888
1848 0.9891265032428888
1849 0.9891265032428888
1850 0.9891265032428888
1851 0.9891265032428888
1852 0.9891265032428888
1853 0.9891265032428888
1854 0.9891265032428888
1855 0.9891265032428888
1856 0.9891265032428888
1857 0.9891265032428888
1858 0.9891265032428888
1859 0.9891265032428888
1860 0.9891265032428888
1861 0.9891265032428888
1862 0.9891265032428888
1863 0.9891265032428888
1864 0.9891265032428888
1865 0.9891265032428888
1866 0.9891265032428888
1867 0.9891265032428888
1868 0.9891265032428888
1869 0.9891265032428888
1870 0.9891265032428888
1871 0.9891265032428888
1872 0.9891265032428888
1873 0.9891265032428888
1874 0.9891265032428888
1875 0.9891265032428888
1876 0.9891265032428888
1877 0.9891265032428888
1878 0.9891265032428888
1879 0.9891265032428888
1880 0.9891265032428888
1881 0.9891265032428888
1882 0.9891265032428888
1883 0.9891265032428888
1884 0.9891265032428888
1885 0.9891265032428888
1886 0.9891265032428888
1887 0.9891265032428888
1888 0.9891265032428888
1889 0.9891265032428888
1890 0.9891265032428888
1891 0.9891265032428888
1892 0.9891265032428888
1893 0.9891265032428888
1894 0.9891265032428888
1895 0.9891265032428888
1896 0.9891265032428888
1897 0.9891265032428888
1898 0.9891265032428888
1899 0.9891265032428888
1900 0.9891265032428888
1901 0.9891265032428888
1902 0.9891265032428888
1903 0.9891265032428888
1904 0.9891265032428888
1905 0.9891265032428888
1906 0.9891265032428888
1907 0.9891265032428888
1908 0.9891265032428888
1909 0.9891265032428888
1910 0.9891265032428888
1911 0.9891265032428888
1912 0.9891265032428888
1913 0.9891265032428888
1914 0.9891265032428888
1915 0.9891265032428888
1916 0.9891265032428888
1917 0.9891265032428888
1918 0.9891265032428888
1919 0.9891265032428888
1920 0.9891265032428888
1921 0.9891265032428888
1922 0.9891265032428888
1923 0.9891265032428888
1924 0.9891265032428888
1925 0.9891265032428888
1926 0.9891265032428888
1927 0.9891265032428888
1928 0.9891265032428888
1929 0.9891265032428888
1930 0.9891265032428888
1931 0.9891265032428888
1932 0.9891265032428888
1933 0.9891265032428888
1934 0.9891265032428888
1935 0.9891265032428888
1936 0.9891265032428888
1937 0.9891265032428888
1938 0.9891265032428888
1939 0.9891265032428888
1940 0.9891265032428888
1941 0.9891265032428888
1942 0.9891265032428888
1943 0.9891265032428888
1944 0.9891265032428888
1945 0.9891265032428888
1946 0.9891265032428888
1947 0.9891265032428888
1948 0.9891265032428888
1949 0.9891265032428888
1950 0.9891265032428888
1951 0.9891265032428888
1952 0.9891265032428888
1953 0.9891265032428888
1954 0.9891265032428888
1955 0.9891265032428888
1956 0.9891265032428888
1957 0.9891265032428888
1958 0.9891265032428888
1959 0.9891265032428888
1960 0.9891265032428888
1961 0.9891265032428888
1962 0.9891265032428888
1963 0.9891265032428888
1964 0.9891265032428888
1965 0.9891265032428888
1966 0.9891265032428888
1967 0.9891265032428888
1968 0.9891265032428888
1969 0.9891265032428888
1970 0.9891265032428888
1971 0.9891265032428888
1972 0.9891265032428888
1973 0.9891265032428888
1974 0.9891265032428888
1975 0.9891265032428888
1976 0.9891265032428888
1977 0.9891265032428888
1978 0.9891265032428888
1979 0.9891265032428888
1980 0.9891265032428888
1981 0.9891265032428888
1982 0.9891265032428888
1983 0.9891265032428888
1984 0.9891265032428888
1985 0.9891265032428888
1986 0.9891265032428888
1987 0.9891265032428888
1988 0.9891265032428888
1989 0.9891265032428888
1990 0.9891265032428888
1991 0.9891265032428888
1992 0.9891265032428888
1993 0.9891265032428888
1994 0.9891265032428888
1995 0.9891265032428888
1996 0.9891265032428888
1997 0.9891265032428888
1998 0.9891265032428888
1999 0.9891265032428888
