1 1.0
2 1.0
3 1.0
4 1.0
5 0.998
6 0.994
7 0.994
8 0.994
9 0.992
10 0.99
11 0.99
12 0.99
13 0.9880000000000001
14 0.9880000000000001
15 0.9880000000000001
16 0.9880000000000001
17 0.99
18 0.992
19 0.992
20 0.992
21 0.99
22 0.99
23 0.99
24 0.99
25 0.99
26 0.99
27 0.99
28 0.99
29 0.9880000000000001
30 0.9880000000000001
31 0.9880000000000001
32 0.9880000000000001
33 0.9880000000000001
34 0.9880000000000001
35 0.9880000000000001
36 0.9880000000000001
37 0.99
38 0.994
39 0.994
40 0.9960000000000001
41 0.998
42 0.998
43 0.998
44 0.9960000000000001
45 0.9960000000000001
46 0.9960000000000001
47 0.994
48 0.994
49 0.994
50 0.994
51 0.994
52 0.994
53 0.992
54 0.992
55 0.992
56 0.992
57 0.992
58 0.992
59 0.992
60 0.994
61 0.994
62 0.994
63 0.994
64 0.9960000000000001
65 0.9960000000000001
66 0.9960000000000001
67 0.9960000000000001
68 0.9960000000000001
69 0.9960000000000001
70 0.9960000000000001
71 0.9960000000000001
72 0.9960000000000001
73 0.9960000000000001
74 0.9960000000000001
75 0.994
76 0.994
77 0.994
78 0.994
79 0.994
80 0.994
81 0.994
82 0.994
83 0.9960000000000001
84 0.9960000000000001
85 0.9960000000000001
86 0.9960000000000001
87 0.9960000000000001
88 0.9960000000000001
89 0.9960000000000001
90 0.9960000000000001
91 1.0
92 1.0
93 1.0
94 1.0
95 1.0
96 1.0
97 1.0
98 1.0
99 1.0
100 1.0
101 1.0
102 1.0
103 1.0
104 1.0
105 1.0
106 1.0
107 1.0
108 1.0
109 1.0
110 1.0
111 1.0
112 1.0
113 1.0
114 1.0
115 1.0
116 1.0
117 1.0
118 1.0
119 1.0
120 1.0
121 1.0
122 1.0
123 1.0
124 1.0
125 1.0
126 1.0
127 1.0
128 1.0
129 1.0
130 1.0
131 1.0
132 1.0
133 1.0
134 1.0
135 1.0
136 1.0
137 0.998
138 0.998
139 0.998
140 0.998
141 0.998
142 0.998
143 0.998
144 0.998
145 0.998
146 0.998
147 0.998
148 0.998
149 0.998
150 0.998
151 0.998
152 0.998
153 0.998
154 0.998
155 0.998
156 0.998
157 0.998
158 0.998
159 1.0
160 1.0
161 1.0
162 1.0
163 1.0
164 1.0
165 1.0
166 1.0
167 1.0
168 1.0
169 1.0
170 1.0
171 1.0
172 1.0
173 1.0
174 1.0
175 1.0
176 1.0
177 1.0
178 1.0
179 0.998
180 0.998
181 0.998
182 0.998
183 0.998
184 0.998
185 0.998
186 0.998
187 0.998
188 0.998
189 0.998
190 0.998
191 0.998
192 0.998
193 0.998
194 0.998
195 0.998
196 0.998
197 0.998
198 0.998
199 0.998
200 1.0
201 1.0
202 1.0
203 1.0
204 1.0
205 1.0
206 1.0
207 1.0
208 1.0
209 1.0
210 1.0
211 1.0
212 1.0
213 1.0
214 1.0
215 1.0
216 1.0
217 1.0
218 1.0
219 1.0
220 1.0
221 1.0
222 1.0
223 1.0
224 0.998
225 0.998
226 0.998
227 0.998
228 0.998
229 0.998
230 0.998
231 0.998
232 0.998
233 0.998
234 0.998
235 0.998
236 0.998
237 0.998
238 0.998
239 0.998
240 0.998
241 0.998
242 0.998
243 0.998
244 0.998
245 0.998
246 0.998
247 0.9960000000000001
248 0.9960000000000001
249 0.9960000000000001
250 0.9960000000000001
251 0.9960000000000001
252 0.9960000000000001
253 0.9960000000000001
254 0.998
255 0.998
256 0.998
257 0.998
258 0.998
259 0.998
260 0.998
261 0.998
262 0.998
263 0.998
264 0.998
265 0.998
266 0.998
267 0.998
268 0.998
269 0.998
270 0.998
271 0.998
272 0.998
273 0.998
274 0.998
275 1.0
276 1.0
277 1.0
278 1.0
279 1.0
280 1.0
281 1.0
282 1.0
283 1.0
284 1.0
285 1.0
286 1.0
287 1.0
288 1.0
289 1.0
290 1.0
291 1.0
292 1.0
293 1.0
294 1.0
295 1.0
296 1.0
297 1.0
298 1.0
299 1.0
300 1.0
301 1.0
302 1.0
303 1.0
304 1.0
305 1.0
306 1.0
307 1.0
308 1.0
309 1.0
310 1.0
311 1.0
312 1.0
313 1.0
314 1.0
315 1.0
316 1.0
317 1.0
318 1.0
319 1.0
320 1.0
321 1.0
322 1.0
323 1.0
324 1.0
325 1.0
326 1.0
327 1.0
328 1.0
329 1.0
330 1.0
331 1.0
332 1.0
333 1.0
334 1.0
335 1.0
336 1.0
337 1.0
338 1.0
339 1.0
340 1.0
341 1.0
342 1.0
343 1.0
344 1.0
345 1.0
346 1.0
347 1.0
348 1.0
349 1.0
350 1.0
351 1.0
352 1.0
353 1.0
354 1.0
355 1.0
356 1.0
357 1.0
358 1.0
359 1.0
360 1.0
361 1.0
362 1.0
363 1.0
364 1.0
365 1.0
366 0.998
367 0.998
368 0.998
369 0.998
370 0.998
371 0.998
372 0.998
373 0.998
374 0.998
375 0.998
376 0.998
377 1.0
378 1.0
379 1.0
380 1.0
381 1.0
382 1.0
383 1.0
384 1.0
385 1.0
386 1.0
387 1.0
388 1.0
389 1.0
390 1.0
391 1.0
392 1.0
393 1.0
394 1.0
395 1.0
396 1.0
397 1.0
398 1.0
399 1.0
400 1.0
401 1.0
402 1.0
403 1.0
404 1.0
405 1.0
406 1.0
407 1.0
408 1.0
409 1.0
410 1.0
411 1.0
412 1.0
413 1.0
414 1.0
415 1.0
416 1.0
417 1.0
418 1.0
419 1.0
420 1.0
421 1.0
422 1.0
423 1.0
424 1.0
425 1.0
426 1.0
427 1.0
428 1.0
429 1.0
430 1.0
431 1.0
432 1.0
433 1.0
434 1.0
435 1.0
436 1.0
437 1.0
438 1.0
439 1.0
440 1.0
441 1.0
442 1.0
443 1.0
444 1.0
445 1.0
446 1.0
447 1.0
448 1.0
449 1.0
450 1.0
451 1.0
452 1.0
453 1.0
454 1.0
455 1.0
456 1.0
457 1.0
458 1.0
459 1.0
460 1.0
461 1.0
462 1.0
463 1.0
464 1.0
465 1.0
466 1.0
467 1.0
468 1.0
469 1.0
470 1.0
471 1.0
472 1.0
473 1.0
474 1.0
475 1.0
476 1.0
477 1.0
478 1.0
479 1.0
480 1.0
481 1.0
482 1.0
483 1.0
484 1.0
485 1.0
486 1.0
487 1.0
488 1.0
489 1.0
490 1.0
491 1.0
492 1.0
493 1.0
494 1.0
495 1.0
496 1.0
497 1.0
498 1.0
499 1.0
500 1.0
501 1.0
502 1.0
503 1.0
504 1.0
505 1.0
506 1.0
507 1.0
508 1.0
509 0.9960000000000001
510 0.9960000000000001
511 0.9960000000000001
512 0.9960000000000001
513 0.9960000000000001
514 0.9960000000000001
515 0.9960000000000001
516 0.9960000000000001
517 0.9960000000000001
518 0.9960000000000001
519 0.9960000000000001
520 0.9960000000000001
521 0.9960000000000001
522 0.9960000000000001
523 0.9960000000000001
524 0.9960000000000001
525 0.998
526 0.998
527 0.998
528 0.998
529 0.998
530 0.998
531 0.998
532 0.998
533 0.998
534 0.998
535 0.998
536 0.998
537 0.998
538 0.998
539 0.998
540 0.998
541 1.0
542 1.0
543 1.0
544 1.0
545 1.0
546 1.0
547 1.0
548 1.0
549 1.0
550 1.0
551 1.0
552 1.0
553 1.0
554 0.998
555 0.998
556 0.998
557 0.998
558 0.998
559 0.998
560 0.998
561 0.998
562 0.998
563 0.998
564 0.998
565 0.998
566 0.998
567 0.998
568 0.998
569 0.998
570 0.998
571 1.0
572 1.0
573 1.0
574 1.0
575 1.0
576 1.0
577 1.0
578 0.998
579 0.998
580 0.998
581 0.998
582 0.998
583 0.998
584 0.998
585 0.998
586 0.998
587 0.998
588 0.998
589 0.998
590 0.998
591 0.998
592 0.998
593 0.998
594 0.998
595 0.998
596 0.998
597 0.998
598 0.998
599 0.998
600 0.998
601 0.998
602 0.9960000000000001
603 0.9960000000000001
604 0.9960000000000001
605 0.9960000000000001
606 0.9960000000000001
607 0.994
608 0.994
609 0.994
610 0.994
611 0.994
612 0.9960000000000001
613 0.9960000000000001
614 0.9960000000000001
615 0.9960000000000001
616 0.998
617 0.998
618 1.0
619 1.0
620 1.0
621 1.0
622 1.0
623 1.0
624 1.0
625 1.0
626 1.0
627 1.0
628 1.0
629 1.0
630 1.0
631 1.0
632 1.0
633 1.0
634 1.0
635 1.0
636 1.0
637 1.0
638 1.0
639 1.0
640 1.0
641 1.0
642 1.0
643 1.0
644 1.0
645 1.0
646 1.0
647 1.0
648 1.0
649 1.0
650 1.0
651 1.0
652 1.0
653 1.0
654 1.0
655 1.0
656 1.0
657 1.0
658 1.0
659 1.0
660 1.0
661 1.0
662 1.0
663 1.0
664 1.0
665 1.0
666 1.0
667 1.0
668 1.0
669 1.0
670 1.0
671 0.998
672 0.998
673 0.998
674 0.9960000000000001
675 0.9960000000000001
676 0.9960000000000001
677 0.9960000000000001
678 0.9960000000000001
679 0.9960000000000001
680 0.9960000000000001
681 0.9960000000000001
682 0.9960000000000001
683 0.9960000000000001
684 0.9960000000000001
685 0.9960000000000001
686 0.9960000000000001
687 0.9960000000000001
688 0.9960000000000001
689 0.9960000000000001
690 0.9960000000000001
691 0.9960000000000001
692 0.9960000000000001
693 0.9960000000000001
694 0.9960000000000001
695 0.9960000000000001
696 0.9960000000000001
697 0.9960000000000001
698 0.9960000000000001
699 0.9960000000000001
700 0.9960000000000001
701 0.9960000000000001
702 0.9960000000000001
703 0.9960000000000001
704 0.9960000000000001
705 0.9960000000000001
706 0.9960000000000001
707 0.998
708 0.998
709 1.0
710 1.0
711 1.0
712 1.0
713 1.0
714 1.0
715 1.0
716 0.9960000000000001
717 0.9960000000000001
718 0.9960000000000001
719 0.9960000000000001
720 0.9960000000000001
721 0.9960000000000001
722 0.9960000000000001
723 0.9960000000000001
724 0.9960000000000001
725 0.9960000000000001
726 0.9960000000000001
727 0.9960000000000001
728 0.9960000000000001
729 0.9960000000000001
730 0.9960000000000001
731 0.9960000000000001
732 0.9960000000000001
733 0.9960000000000001
734 0.9960000000000001
735 0.9960000000000001
736 0.9960000000000001
737 0.998
738 1.0
739 1.0
740 1.0
741 1.0
742 1.0
743 1.0
744 1.0
745 1.0
746 1.0
747 1.0
748 1.0
749 1.0
750 1.0
751 1.0
752 1.0
753 1.0
754 1.0
755 1.0
756 1.0
757 1.0
758 1.0
759 1.0
760 1.0
761 1.0
762 1.0
763 1.0
764 1.0
765 1.0
766 1.0
767 1.0
768 1.0
769 1.0
770 1.0
771 1.0
772 1.0
773 1.0
774 1.0
775 1.0
776 1.0
777 0.998
778 0.998
779 0.998
780 0.998
781 0.998
782 0.998
783 0.998
784 0.998
785 0.998
786 0.998
787 0.998
788 0.998
789 0.998
790 0.998
791 0.998
792 0.998
793 0.998
794 0.998
795 0.998
796 0.998
797 0.998
798 0.998
799 0.998
800 0.998
801 0.998
802 0.998
803 0.998
804 1.0
805 1.0
806 1.0
807 1.0
808 1.0
809 1.0
810 1.0
811 1.0
812 1.0
813 1.0
814 1.0
815 1.0
816 1.0
817 1.0
818 1.0
819 1.0
820 1.0
821 1.0
822 1.0
823 1.0
824 1.0
825 1.0
826 1.0
827 1.0
828 1.0
829 1.0
830 1.0
831 1.0
832 1.0
833 1.0
834 1.0
835 1.0
836 1.0
837 1.0
838 1.0
839 1.0
840 1.0
841 1.0
842 1.0
843 1.0
844 1.0
845 1.0
846 1.0
847 1.0
848 1.0
849 1.0
850 1.0
851 1.0
852 1.0
853 1.0
854 1.0
855 1.0
856 1.0
857 1.0
858 1.0
859 1.0
860 1.0
861 1.0
862 1.0
863 1.0
864 1.0
865 1.0
866 1.0
867 1.0
868 1.0
869 1.0
870 1.0
871 1.0
872 1.0
873 1.0
874 1.0
875 1.0
876 1.0
877 1.0
878 1.0
879 1.0
880 1.0
881 1.0
882 0.998
883 0.998
884 0.998
885 0.998
886 0.998
887 0.998
888 0.998
889 0.998
890 0.998
891 0.998
892 0.998
893 0.998
894 0.998
895 0.998
896 0.998
897 0.998
898 0.998
899 0.998
900 0.998
901 0.998
902 0.998
903 0.998
904 0.998
905 0.998
906 1.0
907 1.0
908 1.0
909 1.0
910 1.0
911 1.0
912 1.0
913 1.0
914 1.0
915 1.0
916 1.0
917 1.0
918 1.0
919 1.0
920 1.0
921 1.0
922 1.0
923 1.0
924 1.0
925 1.0
926 1.0
927 1.0
928 1.0
929 1.0
930 1.0
931 1.0
932 1.0
933 1.0
934 1.0
935 1.0
936 1.0
937 1.0
938 1.0
939 1.0
940 1.0
941 1.0
942 1.0
943 1.0
944 1.0
945 1.0
946 1.0
947 1.0
948 1.0
949 1.0
950 1.0
951 1.0
952 1.0
953 1.0
954 1.0
955 1.0
956 1.0
957 1.0
958 1.0
959 1.0
960 1.0
961 0.998
962 0.998
963 0.998
964 0.998
965 0.998
966 0.998
967 0.9960000000000001
968 0.9960000000000001
969 0.9960000000000001
970 0.9960000000000001
971 0.9960000000000001
972 0.9960000000000001
973 0.9960000000000001
974 0.9960000000000001
975 0.9960000000000001
976 0.9960000000000001
977 0.998
978 0.998
979 0.998
980 0.9960000000000001
981 0.9960000000000001
982 0.9960000000000001
983 0.9960000000000001
984 0.9960000000000001
985 0.9960000000000001
986 0.9960000000000001
987 0.9960000000000001
988 0.9960000000000001
989 0.9960000000000001
990 0.994
991 0.994
992 0.994
993 0.994
994 0.994
995 0.9960000000000001
996 0.9960000000000001
997 0.9960000000000001
998 0.9960000000000001
999 0.9960000000000001
