1 1.0
2 1.0
3 1.0
4 0.9996
5 0.9983999999999998
6 0.9975999999999998
7 0.9967999999999999
8 0.9959999999999998
9 0.9943999999999997
10 0.9923999999999998
11 0.9915999999999998
12 0.9907999999999998
13 0.9899999999999999
14 0.9879999999999999
15 0.9884
16 0.9879999999999999
17 0.9887999999999998
18 0.9899999999999999
19 0.9895999999999999
20 0.9887999999999999
21 0.9888000000000001
22 0.9875999999999999
23 0.9871999999999999
24 0.9871999999999999
25 0.9848
26 0.9839999999999999
27 0.9839999999999999
28 0.9827999999999999
29 0.9823999999999998
30 0.9815999999999997
31 0.9811999999999997
32 0.9811999999999997
33 0.9807999999999999
34 0.9807999999999999
35 0.9803999999999999
36 0.9807999999999999
37 0.9827999999999999
38 0.9827999999999999
39 0.9843999999999999
40 0.9863999999999998
41 0.9887999999999999
42 0.99
43 0.9908
44 0.9915999999999999
45 0.9912000000000001
46 0.9904
47 0.9907999999999998
48 0.9899999999999999
49 0.9895999999999999
50 0.9895999999999999
51 0.9887999999999999
52 0.988
53 0.9875999999999999
54 0.988
55 0.9867999999999999
56 0.986
57 0.9847999999999999
58 0.9843999999999998
59 0.9831999999999997
60 0.9831999999999997
61 0.9831999999999997
62 0.9823999999999998
63 0.9835999999999997
64 0.9839999999999998
65 0.9863999999999997
66 0.9887999999999998
67 0.9899999999999999
68 0.9908
69 0.9911999999999999
70 0.9903999999999997
71 0.9891999999999997
72 0.9879999999999999
73 0.9875999999999998
74 0.9875999999999998
75 0.9867999999999997
76 0.9867999999999997
77 0.9863999999999997
78 0.9851999999999996
79 0.9847999999999998
80 0.9835999999999997
81 0.9835999999999997
82 0.9835999999999997
83 0.9847999999999996
84 0.9839999999999995
85 0.9847999999999996
86 0.9847999999999998
87 0.9847999999999996
88 0.9859999999999998
89 0.9879999999999999
90 0.9887999999999999
91 0.9891999999999997
92 0.9891999999999999
93 0.9895999999999998
94 0.9879999999999999
95 0.9875999999999998
96 0.9879999999999997
97 0.9871999999999997
98 0.9863999999999997
99 0.9855999999999997
100 0.9851999999999996
101 0.9819999999999997
102 0.9803999999999995
103 0.9795999999999995
104 0.9795999999999995
105 0.9791999999999996
106 0.9779999999999995
107 0.9779999999999996
108 0.9803999999999999
109 0.9807999999999999
110 0.9811999999999997
111 0.9803999999999998
112 0.9835999999999997
113 0.9851999999999999
114 0.9875999999999999
115 0.9887999999999999
116 0.9887999999999998
117 0.9891999999999997
118 0.9891999999999997
119 0.9891999999999997
120 0.9887999999999998
121 0.9884
122 0.9879999999999999
123 0.9871999999999999
124 0.9855999999999997
125 0.9835999999999998
126 0.9827999999999999
127 0.9823999999999998
128 0.9815999999999998
129 0.9815999999999998
130 0.9823999999999998
131 0.9815999999999999
132 0.9832
133 0.9843999999999999
134 0.9843999999999998
135 0.9839999999999998
136 0.986
137 0.9872
138 0.9875999999999999
139 0.9884
140 0.9887999999999999
141 0.9887999999999999
142 0.988
143 0.9875999999999999
144 0.9867999999999999
145 0.9864
146 0.9864
147 0.9856
148 0.9852
149 0.9847999999999999
150 0.9839999999999999
151 0.9823999999999999
152 0.9823999999999999
153 0.982
154 0.9823999999999999
155 0.9828
156 0.9828
157 0.9832
158 0.9832
159 0.9839999999999999
160 0.9836
161 0.9860000000000001
162 0.9875999999999999
163 0.9892
164 0.9896
165 0.9900000000000001
166 0.9887999999999999
167 0.9876
168 0.9872
169 0.9872
170 0.9864
171 0.9848
172 0.9840000000000001
173 0.9832
174 0.9827999999999999
175 0.9819999999999999
176 0.9807999999999999
177 0.98
178 0.9787999999999998
179 0.9791999999999998
180 0.9803999999999999
181 0.98
182 0.9811999999999999
183 0.9815999999999999
184 0.9832
185 0.9843999999999999
186 0.9867999999999999
187 0.9876
188 0.9884
189 0.9887999999999999
190 0.9887999999999999
191 0.9887999999999999
192 0.9887999999999999
193 0.988
194 0.9875999999999999
195 0.9867999999999999
196 0.9863999999999998
197 0.986
198 0.9847999999999998
199 0.9835999999999997
200 0.9819999999999998
201 0.9815999999999998
202 0.9815999999999997
203 0.9811999999999997
204 0.9827999999999997
205 0.9843999999999998
206 0.986
207 0.9875999999999999
208 0.9887999999999999
209 0.9911999999999999
210 0.9915999999999999
211 0.9915999999999999
212 0.9911999999999999
213 0.99
214 0.9896
215 0.9892000000000002
216 0.9880000000000001
217 0.9880000000000001
218 0.9872000000000001
219 0.9872000000000001
220 0.986
221 0.9852000000000001
222 0.9852000000000001
223 0.9836
224 0.9836
225 0.9836
226 0.9827999999999999
227 0.9815999999999999
228 0.9815999999999999
229 0.9827999999999999
230 0.9832
231 0.9828
232 0.9836
233 0.9852
234 0.9852
235 0.9871999999999999
236 0.9875999999999999
237 0.9867999999999999
238 0.986
239 0.9847999999999999
240 0.9847999999999999
241 0.9836
242 0.9827999999999999
243 0.9796
244 0.9788000000000001
245 0.9784
246 0.9788
247 0.9788000000000001
248 0.9780000000000001
249 0.9764000000000002
250 0.9772
251 0.9775999999999999
252 0.9792000000000001
253 0.9795999999999999
254 0.9803999999999999
255 0.9828
256 0.9848
257 0.9852000000000001
258 0.9872000000000001
259 0.9876
260 0.9876
261 0.9876
262 0.9864000000000002
263 0.9852000000000001
264 0.9844000000000002
265 0.9840000000000001
266 0.9832000000000001
267 0.9824
268 0.9803999999999999
269 0.98
270 0.9795999999999999
271 0.9779999999999999
272 0.9775999999999998
273 0.9771999999999998
274 0.9763999999999998
275 0.9767999999999998
276 0.9783999999999997
277 0.9783999999999997
278 0.9783999999999997
279 0.9787999999999998
280 0.9791999999999997
281 0.9807999999999999
282 0.9819999999999999
283 0.9815999999999998
284 0.9819999999999999
285 0.9819999999999999
286 0.9811999999999999
287 0.9811999999999999
288 0.9803999999999999
289 0.9791999999999998
290 0.9783999999999999
291 0.978
292 0.9772
293 0.9772
294 0.9767999999999999
295 0.9752
296 0.9756
297 0.976
298 0.9768000000000001
299 0.9775999999999999
300 0.9796
301 0.9808
302 0.9828
303 0.9852
304 0.9868000000000001
305 0.9884000000000001
306 0.9903999999999997
307 0.9903999999999997
308 0.9903999999999997
309 0.9899999999999999
310 0.9899999999999999
311 0.9891999999999999
312 0.9879999999999999
313 0.9871999999999997
314 0.9867999999999998
315 0.9855999999999997
316 0.9851999999999999
317 0.9839999999999999
318 0.9839999999999999
319 0.9832
320 0.9823999999999999
321 0.9811999999999999
322 0.9803999999999999
323 0.9807999999999999
324 0.9811999999999996
325 0.9811999999999997
326 0.9815999999999998
327 0.9819999999999999
328 0.9832
329 0.9847999999999999
330 0.9868000000000001
331 0.9864
332 0.9867999999999999
333 0.9872
334 0.9872
335 0.9872
336 0.9867999999999999
337 0.9863999999999998
338 0.986
339 0.9852
340 0.9847999999999999
341 0.9839999999999999
342 0.9827999999999999
343 0.9819999999999998
344 0.9795999999999998
345 0.9788
346 0.978
347 0.9784
348 0.98
349 0.9811999999999999
350 0.9835999999999998
351 0.9855999999999999
352 0.9863999999999998
353 0.9883999999999997
354 0.9895999999999998
355 0.9899999999999999
356 0.9892
357 0.9887999999999999
358 0.988
359 0.9871999999999999
360 0.9875999999999999
361 0.9871999999999999
362 0.9871999999999999
363 0.9863999999999998
364 0.986
365 0.986
366 0.986
367 0.9867999999999999
368 0.986
369 0.986
370 0.9848
371 0.9848
372 0.9847999999999998
373 0.9847999999999998
374 0.9835999999999998
375 0.9839999999999998
376 0.9835999999999997
377 0.9852
378 0.9852
379 0.9872
380 0.9856
381 0.9856
382 0.9848
383 0.9843999999999999
384 0.9839999999999999
385 0.9828
386 0.9823999999999999
387 0.9815999999999999
388 0.9795999999999999
389 0.9795999999999999
390 0.9788
391 0.978
392 0.9772
393 0.9748
394 0.9760000000000001
395 0.9756
396 0.9748
397 0.9756
398 0.9760000000000001
399 0.9764
400 0.9767999999999999
401 0.978
402 0.98
403 0.9811999999999997
404 0.9819999999999999
405 0.9823999999999999
406 0.9835999999999998
407 0.9827999999999997
408 0.9831999999999997
409 0.9823999999999998
410 0.9819999999999998
411 0.9815999999999998
412 0.9803999999999998
413 0.9799999999999998
414 0.9799999999999998
415 0.9787999999999998
416 0.9783999999999999
417 0.9771999999999998
418 0.978
419 0.978
420 0.9784
421 0.9803999999999999
422 0.9828
423 0.9839999999999999
424 0.9867999999999999
425 0.9868000000000001
426 0.9868000000000001
427 0.988
428 0.9879999999999999
429 0.9879999999999999
430 0.9875999999999999
431 0.9875999999999999
432 0.9863999999999997
433 0.9847999999999998
434 0.9839999999999997
435 0.9827999999999997
436 0.9803999999999998
437 0.9787999999999997
438 0.9779999999999996
439 0.9767999999999997
440 0.9755999999999999
441 0.9755999999999999
442 0.9747999999999998
443 0.9751999999999998
444 0.9739999999999999
445 0.9752
446 0.9759999999999998
447 0.9779999999999999
448 0.9788
449 0.9799999999999999
450 0.9823999999999997
451 0.9847999999999996
452 0.9843999999999998
453 0.9847999999999998
454 0.9839999999999998
455 0.9827999999999997
456 0.9823999999999998
457 0.9815999999999997
458 0.9811999999999997
459 0.9807999999999997
460 0.9803999999999998
461 0.9791999999999997
462 0.9791999999999996
463 0.9787999999999996
464 0.9779999999999995
465 0.9775999999999998
466 0.9775999999999998
467 0.9775999999999998
468 0.9795999999999998
469 0.9783999999999999
470 0.9799999999999998
471 0.9815999999999997
472 0.9839999999999997
473 0.9855999999999997
474 0.9863999999999998
475 0.986
476 0.9864
477 0.9864000000000002
478 0.9856
479 0.9848
480 0.9848
481 0.9840000000000001
482 0.9832
483 0.9819999999999999
484 0.9811999999999999
485 0.9803999999999999
486 0.9792000000000001
487 0.9791999999999998
488 0.9783999999999999
489 0.9767999999999999
490 0.9771999999999998
491 0.978
492 0.9788
493 0.9792000000000001
494 0.9788000000000002
495 0.9812000000000002
496 0.9832000000000001
497 0.9867999999999999
498 0.988
499 0.9887999999999999
500 0.9875999999999999
501 0.9867999999999999
502 0.9867999999999999
503 0.9852
504 0.9856
505 0.9856
506 0.9848
507 0.9836
508 0.9828
509 0.9811999999999999
510 0.9808
511 0.9808
512 0.9791999999999998
513 0.9788
514 0.9771999999999998
515 0.9767999999999998
516 0.9775999999999999
517 0.9795999999999999
518 0.9795999999999999
519 0.9803999999999998
520 0.9791999999999998
521 0.9807999999999997
522 0.9819999999999999
523 0.9839999999999999
524 0.9843999999999998
525 0.9839999999999999
526 0.9827999999999999
527 0.9823999999999999
528 0.9808
529 0.9808
530 0.9803999999999999
531 0.9791999999999998
532 0.9783999999999999
533 0.9776
534 0.9772
535 0.9767999999999999
536 0.9768000000000002
537 0.9776
538 0.9772000000000002
539 0.9768000000000001
540 0.9764
541 0.9784000000000002
542 0.98
543 0.9808
544 0.9823999999999999
545 0.9828
546 0.9836
547 0.9840000000000001
548 0.9840000000000001
549 0.9835999999999998
550 0.9832
551 0.9823999999999999
552 0.9815999999999998
553 0.9815999999999998
554 0.9803999999999998
555 0.9803999999999998
556 0.9787999999999997
557 0.9783999999999997
558 0.9771999999999997
559 0.9763999999999997
560 0.9751999999999998
561 0.9743999999999997
562 0.9743999999999997
563 0.9755999999999997
564 0.9771999999999997
565 0.9799999999999998
566 0.9823999999999997
567 0.9835999999999997
568 0.9843999999999997
569 0.9867999999999998
570 0.9884
571 0.9887999999999998
572 0.9883999999999997
573 0.9887999999999998
574 0.9883999999999997
575 0.9883999999999997
576 0.9875999999999998
577 0.9875999999999999
578 0.9871999999999999
579 0.9863999999999998
580 0.9855999999999999
581 0.9847999999999999
582 0.9839999999999998
583 0.9835999999999998
584 0.9839999999999999
585 0.9827999999999999
586 0.9835999999999998
587 0.9831999999999997
588 0.9843999999999998
589 0.9855999999999999
590 0.9839999999999997
591 0.9851999999999996
592 0.9855999999999997
593 0.9855999999999997
594 0.9867999999999998
595 0.9871999999999999
596 0.9871999999999999
597 0.9863999999999998
598 0.9863999999999998
599 0.9855999999999999
600 0.9855999999999999
601 0.9832
602 0.9827999999999999
603 0.9815999999999998
604 0.9795999999999998
605 0.9783999999999999
606 0.9775999999999998
607 0.9775999999999999
608 0.9771999999999998
609 0.9763999999999998
610 0.976
611 0.9772
612 0.9767999999999999
613 0.9775999999999999
614 0.9788
615 0.9787999999999998
616 0.9791999999999997
617 0.9819999999999999
618 0.9823999999999999
619 0.9839999999999999
620 0.9847999999999999
621 0.9847999999999999
622 0.9847999999999999
623 0.9839999999999999
624 0.9835999999999998
625 0.9831999999999997
626 0.9831999999999997
627 0.9827999999999997
628 0.9819999999999998
629 0.9811999999999999
630 0.9795999999999998
631 0.9791999999999997
632 0.9787999999999998
633 0.9783999999999997
634 0.9779999999999999
635 0.9771999999999998
636 0.9775999999999999
637 0.9808
638 0.9799999999999999
639 0.9811999999999999
640 0.9823999999999999
641 0.9836
642 0.9839999999999999
643 0.9847999999999999
644 0.9843999999999999
645 0.9848
646 0.9836
647 0.9839999999999999
648 0.9836
649 0.9836
650 0.9836
651 0.9823999999999999
652 0.9803999999999999
653 0.9795999999999999
654 0.9795999999999999
655 0.9771999999999998
656 0.9775999999999999
657 0.9771999999999998
658 0.9771999999999998
659 0.9775999999999998
660 0.9779999999999999
661 0.9791999999999998
662 0.9799999999999999
663 0.9788
664 0.9807999999999999
665 0.9811999999999999
666 0.9823999999999999
667 0.9831999999999997
668 0.9823999999999999
669 0.9811999999999999
670 0.9807999999999999
671 0.9799999999999999
672 0.9791999999999998
673 0.9791999999999998
674 0.9791999999999998
675 0.9788
676 0.9775999999999999
677 0.9772
678 0.9767999999999999
679 0.9764
680 0.9756
681 0.9736
682 0.9716
683 0.9719999999999999
684 0.9760000000000001
685 0.9767999999999998
686 0.9772
687 0.9787999999999998
688 0.9807999999999999
689 0.9847999999999999
690 0.9867999999999999
691 0.9887999999999999
692 0.9891999999999999
693 0.9884
694 0.9875999999999999
695 0.9867999999999999
696 0.9863999999999998
697 0.986
698 0.9852
699 0.9852
700 0.9852
701 0.9828
702 0.9808
703 0.9803999999999999
704 0.9788
705 0.978
706 0.978
707 0.9775999999999999
708 0.9775999999999999
709 0.9788
710 0.9791999999999998
711 0.9823999999999998
712 0.9823999999999998
713 0.9843999999999999
714 0.9863999999999998
715 0.988
716 0.988
717 0.9875999999999999
718 0.988
719 0.9864
720 0.9864
721 0.9864
722 0.9864
723 0.9843999999999999
724 0.9827999999999999
725 0.9815999999999999
726 0.9811999999999999
727 0.9799999999999999
728 0.9792000000000001
729 0.9788000000000001
730 0.9796
731 0.9784
732 0.9792000000000001
733 0.9812000000000001
734 0.9803999999999999
735 0.9812000000000001
736 0.9832000000000001
737 0.9840000000000001
738 0.9863999999999998
739 0.9871999999999999
740 0.9852
741 0.9852
742 0.9843999999999999
743 0.9843999999999999
744 0.9839999999999999
745 0.9811999999999999
746 0.9803999999999999
747 0.9788
748 0.9775999999999999
749 0.9767999999999999
750 0.9763999999999998
751 0.9751999999999998
752 0.9743999999999998
753 0.9739999999999998
754 0.9739999999999998
755 0.9735999999999998
756 0.9736
757 0.9747999999999999
758 0.9783999999999999
759 0.9784
760 0.9796
761 0.9811999999999999
762 0.9815999999999999
763 0.9832
764 0.9832
765 0.9839999999999999
766 0.9847999999999999
767 0.9832000000000001
768 0.9824
769 0.9816000000000001
770 0.9792000000000001
771 0.9784
772 0.9772
773 0.9764
774 0.9756
775 0.9740000000000001
776 0.9736000000000001
777 0.9728000000000001
778 0.9736
779 0.9736000000000001
780 0.9748
781 0.9768000000000001
782 0.9772000000000002
783 0.98
784 0.9811999999999999
785 0.9835999999999998
786 0.9852
787 0.986
788 0.9872
789 0.9872
790 0.9884
791 0.9879999999999999
792 0.9879999999999999
793 0.9871999999999999
794 0.9863999999999998
795 0.9852
796 0.9843999999999999
797 0.9836
798 0.9832
799 0.9823999999999998
800 0.9827999999999999
801 0.9831999999999997
802 0.9835999999999998
803 0.9855999999999997
804 0.9851999999999996
805 0.9859999999999997
806 0.9867999999999999
807 0.9867999999999999
808 0.9872
809 0.9887999999999999
810 0.9891999999999999
811 0.9895999999999999
812 0.9884
813 0.9867999999999999
814 0.9855999999999999
815 0.9855999999999999
816 0.9847999999999998
817 0.9839999999999998
818 0.9831999999999997
819 0.9815999999999997
820 0.9799999999999998
821 0.9787999999999997
822 0.9771999999999997
823 0.9759999999999998
824 0.9751999999999998
825 0.9751999999999998
826 0.9751999999999998
827 0.9759999999999998
828 0.9771999999999998
829 0.978
830 0.9783999999999999
831 0.9791999999999998
832 0.9795999999999998
833 0.9807999999999997
834 0.9827999999999999
835 0.9839999999999999
836 0.9843999999999999
837 0.9848
838 0.9844000000000002
839 0.9832000000000001
840 0.9824
841 0.9808
842 0.9791999999999998
843 0.9787999999999998
844 0.9775999999999999
845 0.9775999999999999
846 0.978
847 0.978
848 0.9772
849 0.9756
850 0.9764
851 0.9756
852 0.9747999999999999
853 0.976
854 0.9764
855 0.9772
856 0.9792000000000001
857 0.9792000000000001
858 0.98
859 0.9807999999999999
860 0.9811999999999999
861 0.9832000000000001
862 0.9828000000000001
863 0.9832000000000001
864 0.9824
865 0.9820000000000002
866 0.9804
867 0.9788000000000001
868 0.9788000000000001
869 0.9768000000000001
870 0.9768000000000001
871 0.9756000000000001
872 0.9748000000000002
873 0.9740000000000001
874 0.9723999999999999
875 0.9732
876 0.9735999999999998
877 0.9783999999999999
878 0.9772
879 0.9779999999999999
880 0.9799999999999999
881 0.9808
882 0.9819999999999999
883 0.982
884 0.9815999999999999
885 0.9815999999999999
886 0.9803999999999999
887 0.9783999999999999
888 0.9775999999999999
889 0.9755999999999999
890 0.9751999999999998
891 0.9735999999999998
892 0.9727999999999999
893 0.9715999999999998
894 0.9695999999999999
895 0.9684
896 0.9672
897 0.9663999999999998
898 0.9672
899 0.9688000000000001
900 0.9708000000000001
901 0.9724
902 0.9739999999999999
903 0.9743999999999999
904 0.9776
905 0.9823999999999999
906 0.9851999999999999
907 0.9867999999999999
908 0.9867999999999999
909 0.9855999999999999
910 0.9843999999999998
911 0.9847999999999999
912 0.9839999999999999
913 0.9832
914 0.9819999999999999
915 0.9807999999999999
916 0.9787999999999998
917 0.9760000000000001
918 0.9752
919 0.9747999999999999
920 0.9743999999999998
921 0.9732
922 0.9739999999999999
923 0.9739999999999999
924 0.9743999999999999
925 0.9752
926 0.9776
927 0.9803999999999999
928 0.9808
929 0.9843999999999999
930 0.9839999999999999
931 0.9839999999999999
932 0.9847999999999999
933 0.9847999999999999
934 0.9839999999999998
935 0.9835999999999997
936 0.9823999999999997
937 0.9815999999999998
938 0.9815999999999998
939 0.9807999999999999
940 0.9799999999999999
941 0.9783999999999999
942 0.9779999999999999
943 0.9771999999999998
944 0.9771999999999998
945 0.9743999999999999
946 0.9747999999999999
947 0.9755999999999999
948 0.9763999999999997
949 0.9772
950 0.9783999999999999
951 0.9799999999999999
952 0.9815999999999999
953 0.9831999999999997
954 0.9839999999999999
955 0.9847999999999998
956 0.9847999999999998
957 0.9835999999999998
958 0.9819999999999998
959 0.9795999999999998
960 0.9791999999999997
961 0.9779999999999999
962 0.9779999999999999
963 0.9775999999999998
964 0.9771999999999998
965 0.9763999999999998
966 0.9759999999999998
967 0.9751999999999998
968 0.9747999999999998
969 0.9747999999999998
970 0.9747999999999998
971 0.9751999999999998
972 0.9767999999999998
973 0.9779999999999996
974 0.98
975 0.9799999999999999
976 0.9832
977 0.9864
978 0.9884
979 0.9884
980 0.9887999999999999
981 0.9887999999999999
982 0.9884
983 0.988
984 0.988
985 0.9875999999999999
986 0.9863999999999998
987 0.986
988 0.9847999999999999
989 0.9832
990 0.9824
991 0.9816000000000001
992 0.98
993 0.9784
994 0.978
995 0.9767999999999999
996 0.9755999999999999
997 0.976
998 0.9772
999 0.9775999999999999
1000 0.9788
1001 0.9808
1002 0.9839999999999999
1003 0.9843999999999998
1004 0.9827999999999999
1005 0.9832
1006 0.9828
1007 0.9832
1008 0.9827999999999999
1009 0.9823999999999998
1010 0.9819999999999999
1011 0.98
1012 0.9792000000000001
1013 0.9776
1014 0.9760000000000001
1015 0.9764000000000002
1016 0.9764000000000002
1017 0.9760000000000001
1018 0.9763999999999998
1019 0.9767999999999999
1020 0.9776
1021 0.978
1022 0.9792000000000001
1023 0.9795999999999999
1024 0.9811999999999999
1025 0.9851999999999999
1026 0.9863999999999998
1027 0.986
1028 0.9847999999999999
1029 0.982
1030 0.9811999999999999
1031 0.9811999999999999
1032 0.9811999999999999
1033 0.9799999999999999
1034 0.9795999999999999
1035 0.9795999999999999
1036 0.9791999999999998
1037 0.9788
1038 0.9783999999999999
1039 0.978
1040 0.9783999999999999
1041 0.9775999999999999
1042 0.9764
1043 0.9764
1044 0.9779999999999999
1045 0.9775999999999999
1046 0.978
1047 0.9768000000000001
1048 0.9792000000000001
1049 0.9812000000000001
1050 0.982
1051 0.9808
1052 0.982
1053 0.9812000000000001
1054 0.98
1055 0.9791999999999998
1056 0.9791999999999998
1057 0.9788
1058 0.9783999999999999
1059 0.9779999999999999
1060 0.9763999999999998
1061 0.9747999999999999
1062 0.9732
1063 0.9695999999999999
1064 0.9684
1065 0.9684
1066 0.9688
1067 0.9692000000000001
1068 0.9707999999999999
1069 0.9707999999999999
1070 0.9727999999999999
1071 0.9739999999999999
1072 0.9803999999999999
1073 0.9803999999999999
1074 0.9843999999999998
1075 0.9855999999999999
1076 0.9863999999999997
1077 0.9859999999999998
1078 0.9855999999999999
1079 0.9843999999999999
1080 0.9836
1081 0.9828
1082 0.9811999999999999
1083 0.9811999999999999
1084 0.98
1085 0.9792000000000001
1086 0.9783999999999999
1087 0.9775999999999999
1088 0.9767999999999999
1089 0.976
1090 0.9767999999999999
1091 0.978
1092 0.98
1093 0.9819999999999999
1094 0.9835999999999998
1095 0.9843999999999999
1096 0.986
1097 0.9887999999999998
1098 0.9899999999999999
1099 0.9904
1100 0.9908
1101 0.988
1102 0.9875999999999999
1103 0.9867999999999999
1104 0.9867999999999999
1105 0.9859999999999998
1106 0.9847999999999999
1107 0.9835999999999998
1108 0.9835999999999998
1109 0.9807999999999999
1110 0.9783999999999999
1111 0.9775999999999999
1112 0.9775999999999996
1113 0.9763999999999997
1114 0.9759999999999998
1115 0.9755999999999997
1116 0.9779999999999999
1117 0.9799999999999999
1118 0.9795999999999998
1119 0.9799999999999999
1120 0.9799999999999999
1121 0.9828
1122 0.9847999999999999
1123 0.9864
1124 0.9868000000000001
1125 0.9868000000000001
1126 0.9872
1127 0.9860000000000001
1128 0.9860000000000001
1129 0.9860000000000001
1130 0.9860000000000001
1131 0.9860000000000001
1132 0.9856
1133 0.9848
1134 0.9844000000000002
1135 0.9836000000000001
1136 0.9828
1137 0.9828
1138 0.9828
1139 0.9815999999999999
1140 0.9832
1141 0.9847999999999999
1142 0.9847999999999999
1143 0.9852
1144 0.9852
1145 0.9884000000000001
1146 0.9884000000000001
1147 0.9875999999999999
1148 0.9864
1149 0.9848
1150 0.9828
1151 0.9828
1152 0.9823999999999999
1153 0.9816000000000001
1154 0.9812000000000001
1155 0.9803999999999999
1156 0.9791999999999998
1157 0.9772
1158 0.9772
1159 0.9755999999999999
1160 0.976
1161 0.9752
1162 0.9756
1163 0.9771999999999998
1164 0.9779999999999999
1165 0.9803999999999999
1166 0.9803999999999998
1167 0.9815999999999998
1168 0.9832
1169 0.9835999999999998
1170 0.9839999999999998
1171 0.9847999999999999
1172 0.986
1173 0.9855999999999999
1174 0.9851999999999999
1175 0.9839999999999998
1176 0.9831999999999996
1177 0.9831999999999996
1178 0.9823999999999998
1179 0.9815999999999997
1180 0.9791999999999997
1181 0.9775999999999998
1182 0.9775999999999998
1183 0.9755999999999997
1184 0.9739999999999999
1185 0.9739999999999999
1186 0.9739999999999999
1187 0.9759999999999998
1188 0.9783999999999997
1189 0.9791999999999997
1190 0.9795999999999997
1191 0.9811999999999997
1192 0.9823999999999998
1193 0.9835999999999997
1194 0.9855999999999997
1195 0.9859999999999998
1196 0.9855999999999997
1197 0.9851999999999999
1198 0.9847999999999999
1199 0.9847999999999999
1200 0.9843999999999998
1201 0.9827999999999999
1202 0.9819999999999999
1203 0.9811999999999997
1204 0.9803999999999998
1205 0.9803999999999998
1206 0.9803999999999998
1207 0.9803999999999998
1208 0.9807999999999999
1209 0.9799999999999999
1210 0.9799999999999999
1211 0.9803999999999999
1212 0.982
1213 0.9836
1214 0.9839999999999999
1215 0.9843999999999999
1216 0.9855999999999999
1217 0.9864
1218 0.986
1219 0.986
1220 0.986
1221 0.986
1222 0.986
1223 0.9856
1224 0.9852000000000001
1225 0.9852000000000001
1226 0.9828
1227 0.9824
1228 0.9803999999999999
1229 0.9796
1230 0.978
1231 0.9767999999999999
1232 0.976
1233 0.9752
1234 0.9755999999999999
1235 0.9771999999999998
1236 0.9771999999999998
1237 0.9767999999999999
1238 0.9788
1239 0.9795999999999999
1240 0.9803999999999999
1241 0.9832
1242 0.9847999999999999
1243 0.9867999999999999
1244 0.9867999999999999
1245 0.9863999999999998
1246 0.9867999999999998
1247 0.9855999999999997
1248 0.9855999999999997
1249 0.9827999999999997
1250 0.9815999999999998
1251 0.9811999999999997
1252 0.9799999999999998
1253 0.9779999999999999
1254 0.9771999999999998
1255 0.9763999999999998
1256 0.9767999999999999
1257 0.9756
1258 0.9743999999999999
1259 0.9772
1260 0.9772
1261 0.9772000000000002
1262 0.9768000000000001
1263 0.9776
1264 0.9816000000000001
1265 0.9839999999999999
1266 0.9839999999999999
1267 0.9827999999999999
1268 0.9832
1269 0.9831999999999997
1270 0.9839999999999999
1271 0.9839999999999999
1272 0.9832
1273 0.9815999999999998
1274 0.9807999999999997
1275 0.9791999999999998
1276 0.9787999999999998
1277 0.9787999999999998
1278 0.9787999999999998
1279 0.9775999999999998
1280 0.9763999999999998
1281 0.9759999999999998
1282 0.9759999999999998
1283 0.9755999999999999
1284 0.9767999999999998
1285 0.9775999999999998
1286 0.9808
1287 0.9808000000000001
1288 0.9832000000000001
1289 0.9856
1290 0.9856
1291 0.9868000000000002
1292 0.9864000000000002
1293 0.9856000000000003
1294 0.9856000000000003
1295 0.9856000000000003
1296 0.9848000000000002
1297 0.9840000000000001
1298 0.9836
1299 0.9823999999999999
1300 0.9823999999999999
1301 0.9823999999999999
1302 0.9788000000000001
1303 0.9784
1304 0.9768000000000001
1305 0.9768000000000001
1306 0.9743999999999999
1307 0.976
1308 0.9752
1309 0.9767999999999999
1310 0.9796
1311 0.9791999999999998
1312 0.9803999999999998
1313 0.9811999999999997
1314 0.9807999999999999
1315 0.9815999999999999
1316 0.9823999999999999
1317 0.9819999999999999
1318 0.9819999999999999
1319 0.9803999999999999
1320 0.9795999999999998
1321 0.9791999999999998
1322 0.9791999999999998
1323 0.9783999999999999
1324 0.9772
1325 0.9752
1326 0.9727999999999999
1327 0.9719999999999999
1328 0.9719999999999999
1329 0.9712000000000001
1330 0.9708
1331 0.9708
1332 0.972
1333 0.9723999999999999
1334 0.9760000000000001
1335 0.9788000000000001
1336 0.9816000000000001
1337 0.9835999999999998
1338 0.9852
1339 0.9852000000000001
1340 0.9860000000000001
1341 0.9856000000000001
1342 0.9852000000000001
1343 0.9848
1344 0.9824
1345 0.982
1346 0.9808
1347 0.9795999999999999
1348 0.978
1349 0.9775999999999999
1350 0.9764
1351 0.9752
1352 0.9747999999999999
1353 0.9739999999999999
1354 0.9723999999999999
1355 0.9732
1356 0.9756
1357 0.9787999999999998
1358 0.9791999999999997
1359 0.9783999999999997
1360 0.9807999999999999
1361 0.9819999999999999
1362 0.9827999999999999
1363 0.9848
1364 0.9843999999999999
1365 0.9836
1366 0.9839999999999999
1367 0.9819999999999999
1368 0.9815999999999999
1369 0.9808
1370 0.9803999999999999
1371 0.9791999999999998
1372 0.9775999999999999
1373 0.9767999999999998
1374 0.9747999999999998
1375 0.9743999999999998
1376 0.9735999999999998
1377 0.9731999999999996
1378 0.9723999999999997
1379 0.9723999999999997
1380 0.9743999999999997
1381 0.9747999999999998
1382 0.9763999999999997
1383 0.9779999999999996
1384 0.9791999999999998
1385 0.9791999999999998
1386 0.9811999999999999
1387 0.9815999999999999
1388 0.9836
1389 0.9836
1390 0.9828
1391 0.9824
1392 0.982
1393 0.9804
1394 0.9800000000000001
1395 0.9784
1396 0.9764
1397 0.9755999999999999
1398 0.9743999999999998
1399 0.9735999999999998
1400 0.9723999999999999
1401 0.9723999999999999
1402 0.9719999999999999
1403 0.9708
1404 0.9723999999999999
1405 0.9736
1406 0.9752
1407 0.9776
1408 0.9768000000000001
1409 0.98
1410 0.982
1411 0.9819999999999999
1412 0.9811999999999999
1413 0.9807999999999999
1414 0.9799999999999999
1415 0.9787999999999998
1416 0.9775999999999998
1417 0.9771999999999997
1418 0.9759999999999998
1419 0.9747999999999999
1420 0.9743999999999998
1421 0.9735999999999998
1422 0.9735999999999998
1423 0.9727999999999998
1424 0.9727999999999998
1425 0.9723999999999998
1426 0.9723999999999998
1427 0.9743999999999998
1428 0.9747999999999999
1429 0.9759999999999998
1430 0.9779999999999999
1431 0.9795999999999998
1432 0.9827999999999999
1433 0.9867999999999999
1434 0.9864
1435 0.9856
1436 0.9855999999999999
1437 0.986
1438 0.9843999999999998
1439 0.9839999999999999
1440 0.9835999999999998
1441 0.9827999999999999
1442 0.9815999999999999
1443 0.9807999999999999
1444 0.978
1445 0.9767999999999999
1446 0.9764
1447 0.9756
1448 0.9752
1449 0.9752
1450 0.9756
1451 0.9739999999999999
1452 0.9752
1453 0.9772
1454 0.976
1455 0.9767999999999999
1456 0.976
1457 0.9795999999999998
1458 0.9807999999999997
1459 0.9807999999999997
1460 0.9811999999999997
1461 0.9811999999999996
1462 0.9803999999999996
1463 0.9803999999999996
1464 0.9811999999999996
1465 0.9799999999999995
1466 0.9779999999999994
1467 0.9767999999999994
1468 0.9767999999999994
1469 0.9755999999999996
1470 0.9727999999999996
1471 0.9711999999999997
1472 0.9703999999999998
1473 0.9707999999999997
1474 0.9695999999999998
1475 0.9703999999999998
1476 0.9715999999999997
1477 0.9731999999999998
1478 0.9743999999999998
1479 0.9763999999999998
1480 0.9783999999999999
1481 0.9808
1482 0.9815999999999999
1483 0.9811999999999999
1484 0.98
1485 0.9795999999999999
1486 0.98
1487 0.9787999999999998
1488 0.9783999999999999
1489 0.9775999999999999
1490 0.9755999999999999
1491 0.9747999999999999
1492 0.9739999999999999
1493 0.9712
1494 0.9703999999999999
1495 0.9688
1496 0.9683999999999999
1497 0.9676
1498 0.9663999999999998
1499 0.9692000000000001
1500 0.9708
1501 0.9708
1502 0.972
1503 0.9728
1504 0.9735999999999998
1505 0.9763999999999997
1506 0.9771999999999998
1507 0.9771999999999998
1508 0.9767999999999998
1509 0.9767999999999999
1510 0.9763999999999998
1511 0.9767999999999998
1512 0.9763999999999998
1513 0.9759999999999998
1514 0.9739999999999999
1515 0.9727999999999999
1516 0.9716
1517 0.9716
1518 0.9707999999999999
1519 0.9707999999999999
1520 0.9715999999999998
1521 0.9703999999999999
1522 0.9712
1523 0.9740000000000001
1524 0.9755999999999999
1525 0.9775999999999998
1526 0.9795999999999997
1527 0.9819999999999998
1528 0.9831999999999997
1529 0.9835999999999997
1530 0.9843999999999997
1531 0.9851999999999996
1532 0.9843999999999997
1533 0.9839999999999998
1534 0.9843999999999998
1535 0.9832
1536 0.9819999999999999
1537 0.9819999999999999
1538 0.9807999999999999
1539 0.9799999999999999
1540 0.9795999999999999
1541 0.978
1542 0.9771999999999998
1543 0.9763999999999998
1544 0.9748
1545 0.9743999999999999
1546 0.9739999999999999
1547 0.9727999999999999
1548 0.9748
1549 0.9755999999999999
1550 0.9783999999999999
1551 0.9779999999999999
1552 0.9788
1553 0.9808
1554 0.9836000000000001
1555 0.9836000000000001
1556 0.9840000000000001
1557 0.9836
1558 0.9832000000000001
1559 0.9836000000000001
1560 0.9824
1561 0.9828
1562 0.982
1563 0.9803999999999999
1564 0.9779999999999999
1565 0.9771999999999998
1566 0.9767999999999999
1567 0.9764
1568 0.9767999999999999
1569 0.9752000000000001
1570 0.9744000000000002
1571 0.9752000000000001
1572 0.9736
1573 0.9760000000000001
1574 0.9788000000000001
1575 0.9792000000000001
1576 0.98
1577 0.9812000000000001
1578 0.9815999999999998
1579 0.9823999999999998
1580 0.9831999999999997
1581 0.9815999999999997
1582 0.9787999999999997
1583 0.9779999999999999
1584 0.9779999999999999
1585 0.9775999999999998
1586 0.9755999999999999
1587 0.9743999999999999
1588 0.9732000000000001
1589 0.9716
1590 0.9716
1591 0.9684
1592 0.9672
1593 0.966
1594 0.9648
1595 0.9648
1596 0.9672
1597 0.9667999999999998
1598 0.9671999999999998
1599 0.9679999999999999
1600 0.9727999999999998
1601 0.9735999999999997
1602 0.9751999999999996
1603 0.9771999999999998
1604 0.9779999999999996
1605 0.9779999999999996
1606 0.9775999999999998
1607 0.9763999999999997
1608 0.9747999999999997
1609 0.9735999999999997
1610 0.9735999999999997
1611 0.9735999999999997
1612 0.9727999999999998
1613 0.9719999999999998
1614 0.9703999999999998
1615 0.9699999999999999
1616 0.9695999999999998
1617 0.9687999999999998
1618 0.9691999999999998
1619 0.9695999999999999
1620 0.9719999999999999
1621 0.976
1622 0.976
1623 0.9784
1624 0.9811999999999997
1625 0.9828
1626 0.9847999999999999
1627 0.9843999999999997
1628 0.9855999999999996
1629 0.9831999999999996
1630 0.9839999999999997
1631 0.9839999999999997
1632 0.9839999999999997
1633 0.9831999999999997
1634 0.9811999999999999
1635 0.9795999999999999
1636 0.978
1637 0.978
1638 0.9767999999999999
1639 0.976
1640 0.9743999999999999
1641 0.9732000000000001
1642 0.9728
1643 0.9728000000000001
1644 0.9736000000000001
1645 0.9748
1646 0.9752
1647 0.9772
1648 0.9788
1649 0.9815999999999999
1650 0.982
1651 0.9840000000000001
1652 0.9832
1653 0.9823999999999999
1654 0.9819999999999999
1655 0.9815999999999998
1656 0.9807999999999999
1657 0.98
1658 0.9795999999999999
1659 0.9787999999999998
1660 0.9779999999999999
1661 0.9775999999999999
1662 0.9767999999999998
1663 0.9771999999999998
1664 0.9763999999999997
1665 0.9747999999999998
1666 0.9739999999999998
1667 0.9731999999999998
1668 0.9743999999999997
1669 0.9767999999999998
1670 0.978
1671 0.9791999999999998
1672 0.9816000000000001
1673 0.9835999999999998
1674 0.9839999999999999
1675 0.9843999999999999
1676 0.9839999999999999
1677 0.9835999999999998
1678 0.9807999999999999
1679 0.9799999999999999
1680 0.9783999999999997
1681 0.9767999999999998
1682 0.9739999999999999
1683 0.9727999999999999
1684 0.9723999999999999
1685 0.9716
1686 0.97
1687 0.9691999999999998
1688 0.9676
1689 0.9680000000000001
1690 0.968
1691 0.9696000000000001
1692 0.9704
1693 0.9692000000000002
1694 0.97
1695 0.972
1696 0.9736000000000001
1697 0.9744000000000002
1698 0.9764
1699 0.9784
1700 0.9784
1701 0.9788
1702 0.9783999999999999
1703 0.9764
1704 0.9752000000000001
1705 0.9752000000000001
1706 0.9736
1707 0.9724
1708 0.9724
1709 0.9708000000000001
1710 0.9708000000000001
1711 0.9695999999999999
1712 0.9688
1713 0.9684
1714 0.9684
1715 0.9672000000000002
1716 0.968
1717 0.9703999999999999
1718 0.9732000000000001
1719 0.9736
1720 0.9767999999999999
1721 0.9823999999999998
1722 0.9835999999999998
1723 0.9855999999999999
1724 0.9839999999999999
1725 0.9835999999999998
1726 0.9827999999999999
1727 0.9823999999999998
1728 0.9815999999999998
1729 0.9807999999999999
1730 0.9807999999999999
1731 0.9803999999999998
1732 0.9783999999999999
1733 0.976
1734 0.9755999999999997
1735 0.9743999999999998
1736 0.9739999999999999
1737 0.9732
1738 0.9723999999999998
1739 0.9732
1740 0.9728
1741 0.9748
1742 0.9775999999999998
1743 0.9795999999999998
1744 0.9823999999999997
1745 0.9839999999999998
1746 0.9847999999999999
1747 0.9847999999999998
1748 0.9855999999999999
1749 0.9839999999999999
1750 0.9835999999999998
1751 0.9832
1752 0.9812000000000001
1753 0.9784
1754 0.9775999999999999
1755 0.9767999999999999
1756 0.9755999999999999
1757 0.9747999999999998
1758 0.9723999999999998
1759 0.9719999999999999
1760 0.9719999999999999
1761 0.9712
1762 0.9703999999999998
1763 0.9703999999999998
1764 0.9716
1765 0.9739999999999998
1766 0.9739999999999998
1767 0.9743999999999999
1768 0.9751999999999998
1769 0.9775999999999999
1770 0.9767999999999999
1771 0.9788
1772 0.9791999999999998
1773 0.978
1774 0.9775999999999999
1775 0.9771999999999998
1776 0.9767999999999999
1777 0.9771999999999998
1778 0.9748
1779 0.9720000000000002
1780 0.9712000000000001
1781 0.9703999999999999
1782 0.9700000000000002
1783 0.9696000000000001
1784 0.9692000000000002
1785 0.9680000000000003
1786 0.9680000000000003
1787 0.9688000000000001
1788 0.9696000000000001
1789 0.9716
1790 0.9739999999999999
1791 0.9764
1792 0.9787999999999998
1793 0.9808
1794 0.982
1795 0.9839999999999999
1796 0.9827999999999999
1797 0.9823999999999999
1798 0.9827999999999999
1799 0.9823999999999998
1800 0.9803999999999999
1801 0.9788
1802 0.9788
1803 0.9783999999999999
1804 0.9763999999999998
1805 0.9752
1806 0.9752
1807 0.9732
1808 0.9712000000000001
1809 0.9703999999999999
1810 0.9699999999999999
1811 0.9712
1812 0.9732
1813 0.9739999999999999
1814 0.9743999999999999
1815 0.9756
1816 0.9755999999999997
1817 0.9791999999999997
1818 0.9819999999999999
1819 0.9815999999999998
1820 0.9815999999999998
1821 0.9815999999999998
1822 0.9811999999999999
1823 0.9787999999999998
1824 0.9771999999999998
1825 0.976
1826 0.9752
1827 0.9736
1828 0.9723999999999999
1829 0.9716
1830 0.9703999999999999
1831 0.9699999999999999
1832 0.9699999999999999
1833 0.9691999999999998
1834 0.9683999999999999
1835 0.9703999999999999
1836 0.9716
1837 0.9708
1838 0.9704
1839 0.9703999999999999
1840 0.9736
1841 0.9747999999999999
1842 0.9723999999999999
1843 0.9727999999999999
1844 0.9732000000000001
1845 0.9736
1846 0.9736
1847 0.9736
1848 0.9736
1849 0.9728000000000001
1850 0.9716000000000001
1851 0.9716000000000001
1852 0.9708
1853 0.9695999999999999
1854 0.9695999999999999
1855 0.9684
1856 0.9675999999999999
1857 0.9659999999999997
1858 0.9659999999999997
1859 0.9671999999999998
1860 0.9687999999999998
1861 0.9719999999999998
1862 0.9735999999999998
1863 0.9752
1864 0.9768000000000001
1865 0.9796
1866 0.982
1867 0.9823999999999999
1868 0.9832
1869 0.9823999999999999
1870 0.9831999999999997
1871 0.9815999999999998
1872 0.9799999999999998
1873 0.9795999999999998
1874 0.9783999999999997
1875 0.9775999999999998
1876 0.9771999999999997
1877 0.9759999999999998
1878 0.9743999999999998
1879 0.9751999999999998
1880 0.9743999999999997
1881 0.9747999999999997
1882 0.9747999999999997
1883 0.9747999999999998
1884 0.9755999999999996
1885 0.9779999999999996
1886 0.9799999999999998
1887 0.9803999999999998
1888 0.9811999999999997
1889 0.9839999999999999
1890 0.9843999999999999
1891 0.9852
1892 0.9855999999999999
1893 0.986
1894 0.986
1895 0.9847999999999999
1896 0.9835999999999997
1897 0.9835999999999997
1898 0.9823999999999998
1899 0.9819999999999998
1900 0.9815999999999997
1901 0.9811999999999996
1902 0.9787999999999998
1903 0.9787999999999998
1904 0.978
1905 0.978
1906 0.9752
1907 0.9743999999999998
1908 0.9759999999999998
1909 0.9767999999999998
1910 0.9779999999999999
1911 0.9788
1912 0.9808
1913 0.9824
1914 0.9824
1915 0.9816000000000001
1916 0.9808
1917 0.9804
1918 0.9803999999999999
1919 0.98
1920 0.9796
1921 0.9776
1922 0.9764000000000002
1923 0.9747999999999999
1924 0.9736
1925 0.9712000000000001
1926 0.9708
1927 0.9700000000000002
1928 0.9700000000000002
1929 0.968
1930 0.968
1931 0.9695999999999999
1932 0.9695999999999998
1933 0.9699999999999999
1934 0.9707999999999999
1935 0.9727999999999999
1936 0.9767999999999999
1937 0.978
1938 0.9799999999999999
1939 0.9815999999999998
1940 0.9819999999999999
1941 0.9815999999999998
1942 0.9795999999999998
1943 0.9787999999999997
1944 0.9771999999999997
1945 0.9759999999999998
1946 0.9747999999999998
1947 0.9723999999999998
1948 0.9719999999999999
1949 0.9711999999999997
1950 0.9703999999999998
1951 0.9691999999999997
1952 0.9683999999999997
1953 0.9687999999999997
1954 0.9687999999999997
1955 0.9691999999999997
1956 0.9703999999999996
1957 0.9735999999999998
1958 0.9763999999999998
1959 0.9775999999999999
1960 0.9807999999999999
1961 0.9831999999999997
1962 0.9859999999999998
1963 0.9859999999999998
1964 0.9851999999999999
1965 0.9823999999999997
1966 0.9823999999999997
1967 0.9807999999999997
1968 0.9795999999999997
1969 0.9791999999999997
1970 0.9767999999999997
1971 0.9747999999999998
1972 0.9747999999999998
1973 0.9739999999999998
1974 0.9727999999999998
1975 0.9715999999999998
1976 0.9712
1977 0.9703999999999999
1978 0.9695999999999999
1979 0.9675999999999999
1980 0.9691999999999998
1981 0.9723999999999999
1982 0.9732
1983 0.9739999999999999
1984 0.9752
1985 0.9787999999999998
1986 0.9819999999999998
1987 0.9819999999999998
1988 0.9823999999999998
1989 0.9811999999999997
1990 0.9823999999999998
1991 0.9823999999999998
1992 0.9819999999999998
1993 0.9815999999999998
1994 0.9803999999999998
1995 0.9795999999999998
1996 0.9787999999999998
1997 0.9767999999999998
1998 0.9763999999999998
1999 0.976
