1 1.0
2 1.0
3 1.0
4 0.998
5 0.9960000000000001
6 0.9920000000000002
7 0.9920000000000002
8 0.99
9 0.9780000000000001
10 0.9780000000000001
11 0.9760000000000002
12 0.9739999999999999
13 0.9739999999999999
14 0.9719999999999999
15 0.9719999999999999
16 0.974
17 0.9780000000000001
18 0.984
19 0.9800000000000001
20 0.9739999999999999
21 0.9640000000000001
22 0.96
23 0.952
24 0.942
25 0.9380000000000001
26 0.9280000000000002
27 0.9240000000000002
28 0.9179999999999999
29 0.914
30 0.9100000000000001
31 0.9040000000000001
32 0.8940000000000001
33 0.8880000000000001
34 0.884
35 0.8779999999999999
36 0.876
37 0.8720000000000001
38 0.8700000000000001
39 0.874
40 0.8780000000000001
41 0.8939999999999999
42 0.9019999999999999
43 0.9060000000000002
44 0.8979999999999999
45 0.892
46 0.8879999999999999
47 0.876
48 0.8719999999999999
49 0.868
50 0.858
51 0.8540000000000001
52 0.8460000000000001
53 0.8380000000000001
54 0.8320000000000001
55 0.826
56 0.8299999999999998
57 0.826
58 0.8300000000000001
59 0.8320000000000001
60 0.852
61 0.858
62 0.8539999999999999
63 0.858
64 0.8640000000000001
65 0.8919999999999998
66 0.9100000000000001
67 0.9200000000000002
68 0.916
69 0.9019999999999999
70 0.898
71 0.8900000000000002
72 0.8800000000000001
73 0.8719999999999999
74 0.8619999999999999
75 0.8540000000000001
76 0.85
77 0.8440000000000001
78 0.834
79 0.8320000000000001
80 0.826
81 0.8180000000000002
82 0.808
83 0.8140000000000001
84 0.826
85 0.8280000000000001
86 0.8300000000000001
87 0.8380000000000001
88 0.842
89 0.8720000000000001
90 0.884
91 0.89
92 0.882
93 0.8800000000000001
94 0.8640000000000001
95 0.858
96 0.8380000000000001
97 0.8300000000000001
98 0.82
99 0.8039999999999999
100 0.784
101 0.784
102 0.772
103 0.768
104 0.764
105 0.758
106 0.76
107 0.766
108 0.7839999999999999
109 0.794
110 0.7979999999999999
111 0.808
112 0.8320000000000001
113 0.8540000000000001
114 0.884
115 0.8800000000000001
116 0.874
117 0.866
118 0.8560000000000001
119 0.8480000000000001
120 0.836
121 0.826
122 0.8140000000000001
123 0.798
124 0.784
125 0.776
126 0.768
127 0.764
128 0.764
129 0.7500000000000001
130 0.74
131 0.7459999999999999
132 0.748
133 0.754
134 0.7620000000000001
135 0.776
136 0.804
137 0.842
138 0.8619999999999999
139 0.8780000000000001
140 0.8700000000000001
141 0.8680000000000001
142 0.8640000000000001
143 0.844
144 0.8380000000000001
145 0.82
146 0.808
147 0.798
148 0.776
149 0.772
150 0.768
151 0.7540000000000001
152 0.7500000000000001
153 0.752
154 0.748
155 0.762
156 0.768
157 0.774
158 0.78
159 0.7819999999999999
160 0.8059999999999998
161 0.8560000000000001
162 0.8699999999999999
163 0.8720000000000001
164 0.8779999999999999
165 0.876
166 0.866
167 0.8520000000000001
168 0.8400000000000001
169 0.826
170 0.8099999999999999
171 0.8019999999999999
172 0.792
173 0.784
174 0.7719999999999999
175 0.7639999999999999
176 0.748
177 0.7380000000000001
178 0.74
179 0.746
180 0.772
181 0.7819999999999999
182 0.79
183 0.7859999999999999
184 0.8320000000000001
185 0.8540000000000001
186 0.8720000000000001
187 0.8720000000000001
188 0.8700000000000001
189 0.8680000000000001
190 0.8560000000000001
191 0.8380000000000001
192 0.8220000000000001
193 0.804
194 0.794
195 0.7819999999999999
196 0.776
197 0.7739999999999999
198 0.764
199 0.75
200 0.74
201 0.738
202 0.732
203 0.7340000000000001
204 0.752
205 0.768
206 0.7839999999999999
207 0.798
208 0.834
209 0.8559999999999999
210 0.8779999999999999
211 0.892
212 0.8799999999999999
213 0.876
214 0.85
215 0.8380000000000001
216 0.82
217 0.804
218 0.794
219 0.772
220 0.766
221 0.76
222 0.752
223 0.742
224 0.7419999999999999
225 0.738
226 0.738
227 0.7479999999999999
228 0.754
229 0.77
230 0.7779999999999999
231 0.7959999999999999
232 0.8160000000000001
233 0.8420000000000002
234 0.8640000000000001
235 0.882
236 0.874
237 0.8699999999999999
238 0.8539999999999999
239 0.8400000000000001
240 0.834
241 0.8219999999999998
242 0.8140000000000001
243 0.794
244 0.778
245 0.774
246 0.76
247 0.752
248 0.75
249 0.744
250 0.746
251 0.7540000000000001
252 0.7539999999999999
253 0.7699999999999999
254 0.786
255 0.804
256 0.8239999999999998
257 0.844
258 0.8539999999999999
259 0.8640000000000001
260 0.8560000000000001
261 0.852
262 0.8400000000000002
263 0.8280000000000001
264 0.8100000000000002
265 0.796
266 0.79
267 0.7779999999999999
268 0.764
269 0.752
270 0.75
271 0.744
272 0.74
273 0.734
274 0.728
275 0.7379999999999999
276 0.762
277 0.7819999999999999
278 0.794
279 0.8020000000000002
280 0.8240000000000001
281 0.8600000000000001
282 0.8800000000000001
283 0.9059999999999999
284 0.908
285 0.8960000000000001
286 0.866
287 0.8700000000000001
288 0.8619999999999999
289 0.834
290 0.8160000000000001
291 0.798
292 0.7799999999999999
293 0.764
294 0.748
295 0.744
296 0.736
297 0.734
298 0.7219999999999999
299 0.73
300 0.738
301 0.756
302 0.758
303 0.7720000000000001
304 0.8099999999999999
305 0.8400000000000001
306 0.858
307 0.8640000000000001
308 0.8680000000000001
309 0.8620000000000001
310 0.85
311 0.836
312 0.828
313 0.8160000000000001
314 0.794
315 0.78
316 0.7700000000000001
317 0.7500000000000001
318 0.736
319 0.7300000000000001
320 0.7240000000000001
321 0.718
322 0.726
323 0.7379999999999999
324 0.742
325 0.756
326 0.768
327 0.794
328 0.812
329 0.844
330 0.8600000000000001
331 0.8560000000000001
332 0.8540000000000001
333 0.8500000000000002
334 0.8320000000000001
335 0.8180000000000002
336 0.804
337 0.788
338 0.774
339 0.76
340 0.752
341 0.732
342 0.72
343 0.708
344 0.7
345 0.6940000000000001
346 0.7060000000000001
347 0.714
348 0.716
349 0.732
350 0.732
351 0.744
352 0.772
353 0.806
354 0.8300000000000001
355 0.8360000000000001
356 0.828
357 0.8240000000000001
358 0.8220000000000001
359 0.8100000000000002
360 0.804
361 0.798
362 0.786
363 0.7700000000000001
364 0.7580000000000001
365 0.742
366 0.7179999999999999
367 0.712
368 0.7
369 0.6900000000000002
370 0.692
371 0.6940000000000001
372 0.708
373 0.718
374 0.744
375 0.774
376 0.786
377 0.8099999999999999
378 0.8379999999999999
379 0.85
380 0.844
381 0.8240000000000001
382 0.8200000000000001
383 0.798
384 0.7859999999999999
385 0.768
386 0.756
387 0.748
388 0.7460000000000001
389 0.732
390 0.72
391 0.716
392 0.7000000000000001
393 0.6920000000000001
394 0.6920000000000001
395 0.6920000000000001
396 0.698
397 0.712
398 0.72
399 0.75
400 0.784
401 0.828
402 0.852
403 0.86
404 0.858
405 0.8480000000000001
406 0.834
407 0.826
408 0.8019999999999999
409 0.778
410 0.772
411 0.748
412 0.73
413 0.72
414 0.704
415 0.6940000000000001
416 0.696
417 0.696
418 0.6880000000000001
419 0.6900000000000001
420 0.704
421 0.7180000000000001
422 0.734
423 0.74
424 0.772
425 0.784
426 0.808
427 0.8160000000000002
428 0.8200000000000001
429 0.812
430 0.788
431 0.774
432 0.758
433 0.748
434 0.744
435 0.726
436 0.712
437 0.696
438 0.696
439 0.6859999999999999
440 0.6799999999999999
441 0.6759999999999999
442 0.674
443 0.6839999999999999
444 0.6859999999999999
445 0.71
446 0.734
447 0.758
448 0.7959999999999999
449 0.8300000000000001
450 0.8480000000000001
451 0.8620000000000001
452 0.868
453 0.866
454 0.8600000000000001
455 0.8420000000000002
456 0.8280000000000001
457 0.812
458 0.796
459 0.78
460 0.74
461 0.73
462 0.718
463 0.704
464 0.694
465 0.688
466 0.696
467 0.702
468 0.7220000000000001
469 0.732
470 0.74
471 0.762
472 0.8
473 0.8220000000000001
474 0.8539999999999999
475 0.8620000000000001
476 0.8680000000000001
477 0.8560000000000001
478 0.842
479 0.8280000000000001
480 0.8099999999999999
481 0.79
482 0.788
483 0.7779999999999999
484 0.764
485 0.7559999999999999
486 0.74
487 0.736
488 0.734
489 0.724
490 0.728
491 0.726
492 0.74
493 0.756
494 0.7599999999999999
495 0.7739999999999999
496 0.79
497 0.828
498 0.842
499 0.8240000000000001
500 0.8099999999999999
501 0.8020000000000002
502 0.796
503 0.784
504 0.762
505 0.756
506 0.742
507 0.728
508 0.712
509 0.704
510 0.6940000000000001
511 0.6839999999999999
512 0.6799999999999999
513 0.67
514 0.67
515 0.6780000000000002
516 0.688
517 0.7
518 0.708
519 0.718
520 0.756
521 0.8019999999999999
522 0.8240000000000001
523 0.8260000000000002
524 0.8360000000000001
525 0.8280000000000001
526 0.8220000000000001
527 0.7939999999999999
528 0.774
529 0.75
530 0.742
531 0.724
532 0.7060000000000001
533 0.6980000000000001
534 0.6900000000000001
535 0.678
536 0.6659999999999999
537 0.6679999999999999
538 0.6679999999999999
539 0.672
540 0.6799999999999999
541 0.694
542 0.708
543 0.728
544 0.756
545 0.8
546 0.8320000000000001
547 0.836
548 0.8340000000000002
549 0.8320000000000001
550 0.8220000000000001
551 0.8140000000000001
552 0.796
553 0.782
554 0.77
555 0.7459999999999999
556 0.74
557 0.7140000000000001
558 0.7
559 0.6859999999999999
560 0.6659999999999999
561 0.6439999999999999
562 0.6519999999999999
563 0.6559999999999999
564 0.668
565 0.692
566 0.706
567 0.716
568 0.752
569 0.7959999999999999
570 0.8320000000000001
571 0.844
572 0.8360000000000001
573 0.8320000000000001
574 0.808
575 0.798
576 0.776
577 0.7559999999999999
578 0.7379999999999999
579 0.7260000000000001
580 0.708
581 0.698
582 0.6839999999999999
583 0.6739999999999999
584 0.6659999999999999
585 0.646
586 0.6519999999999999
587 0.6619999999999999
588 0.674
589 0.7059999999999998
590 0.718
591 0.7420000000000001
592 0.784
593 0.826
594 0.8379999999999999
595 0.8560000000000001
596 0.85
597 0.8380000000000001
598 0.8160000000000001
599 0.794
600 0.784
601 0.778
602 0.7540000000000001
603 0.736
604 0.718
605 0.7040000000000001
606 0.69
607 0.676
608 0.6659999999999999
609 0.654
610 0.6599999999999999
611 0.66
612 0.674
613 0.6839999999999999
614 0.694
615 0.716
616 0.7540000000000001
617 0.7939999999999999
618 0.82
619 0.8219999999999998
620 0.8219999999999998
621 0.8100000000000002
622 0.798
623 0.78
624 0.7659999999999999
625 0.7599999999999999
626 0.7459999999999999
627 0.724
628 0.7100000000000001
629 0.7
630 0.6980000000000001
631 0.6839999999999999
632 0.676
633 0.668
634 0.6759999999999999
635 0.694
636 0.7100000000000001
637 0.718
638 0.724
639 0.7459999999999999
640 0.776
641 0.8160000000000001
642 0.842
643 0.8460000000000001
644 0.8480000000000001
645 0.8380000000000001
646 0.8260000000000002
647 0.804
648 0.788
649 0.776
650 0.76
651 0.732
652 0.7179999999999999
653 0.71
654 0.686
655 0.6719999999999999
656 0.6600000000000001
657 0.6539999999999999
658 0.6519999999999999
659 0.6599999999999999
660 0.6659999999999999
661 0.6759999999999999
662 0.6719999999999999
663 0.6839999999999999
664 0.7260000000000001
665 0.76
666 0.78
667 0.794
668 0.8119999999999999
669 0.7919999999999999
670 0.776
671 0.766
672 0.7400000000000001
673 0.7260000000000001
674 0.716
675 0.692
676 0.674
677 0.6540000000000001
678 0.644
679 0.638
680 0.6359999999999999
681 0.6319999999999999
682 0.638
683 0.6460000000000001
684 0.6599999999999999
685 0.6839999999999999
686 0.698
687 0.732
688 0.774
689 0.8140000000000001
690 0.842
691 0.85
692 0.8480000000000001
693 0.844
694 0.834
695 0.818
696 0.798
697 0.78
698 0.7520000000000001
699 0.726
700 0.704
701 0.6939999999999998
702 0.69
703 0.6719999999999999
704 0.6579999999999999
705 0.6599999999999999
706 0.6539999999999999
707 0.6559999999999999
708 0.658
709 0.6719999999999999
710 0.686
711 0.706
712 0.734
713 0.774
714 0.82
715 0.8320000000000001
716 0.826
717 0.8220000000000001
718 0.806
719 0.8
720 0.774
721 0.764
722 0.7499999999999999
723 0.73
724 0.714
725 0.7
726 0.6980000000000001
727 0.68
728 0.68
729 0.6759999999999999
730 0.686
731 0.7080000000000001
732 0.7160000000000001
733 0.724
734 0.736
735 0.744
736 0.776
737 0.8220000000000001
738 0.85
739 0.852
740 0.8580000000000002
741 0.8480000000000001
742 0.8160000000000001
743 0.792
744 0.7699999999999999
745 0.756
746 0.74
747 0.708
748 0.6900000000000001
749 0.674
750 0.6659999999999999
751 0.662
752 0.6559999999999999
753 0.648
754 0.66
755 0.6659999999999999
756 0.668
757 0.686
758 0.6900000000000001
759 0.6980000000000001
760 0.7320000000000001
761 0.766
762 0.808
763 0.8219999999999998
764 0.834
765 0.818
766 0.798
767 0.782
768 0.76
769 0.742
770 0.724
771 0.708
772 0.6920000000000001
773 0.678
774 0.662
775 0.6560000000000001
776 0.646
777 0.652
778 0.656
779 0.658
780 0.6839999999999999
781 0.6940000000000001
782 0.712
783 0.7379999999999999
784 0.77
785 0.8039999999999999
786 0.8300000000000001
787 0.8480000000000002
788 0.8520000000000001
789 0.8380000000000001
790 0.808
791 0.784
792 0.756
793 0.736
794 0.7100000000000001
795 0.7
796 0.692
797 0.688
798 0.6759999999999999
799 0.6599999999999999
800 0.658
801 0.654
802 0.654
803 0.6619999999999999
804 0.6799999999999999
805 0.692
806 0.698
807 0.704
808 0.742
809 0.78
810 0.8119999999999999
811 0.8280000000000001
812 0.8240000000000001
813 0.8080000000000002
814 0.796
815 0.776
816 0.7499999999999999
817 0.7419999999999999
818 0.718
819 0.71
820 0.696
821 0.6799999999999999
822 0.6759999999999999
823 0.6719999999999999
824 0.672
825 0.67
826 0.6639999999999999
827 0.6719999999999999
828 0.6799999999999999
829 0.7
830 0.7139999999999999
831 0.738
832 0.748
833 0.786
834 0.8220000000000001
835 0.8300000000000001
836 0.8360000000000001
837 0.8220000000000001
838 0.8119999999999999
839 0.7979999999999999
840 0.786
841 0.7699999999999999
842 0.76
843 0.7439999999999999
844 0.718
845 0.7020000000000001
846 0.6940000000000001
847 0.682
848 0.666
849 0.662
850 0.6739999999999999
851 0.6659999999999999
852 0.678
853 0.6900000000000001
854 0.71
855 0.716
856 0.742
857 0.784
858 0.8160000000000001
859 0.8100000000000002
860 0.806
861 0.792
862 0.766
863 0.758
864 0.748
865 0.73
866 0.708
867 0.7
868 0.688
869 0.6759999999999999
870 0.6659999999999999
871 0.66
872 0.658
873 0.6540000000000001
874 0.646
875 0.658
876 0.67
877 0.686
878 0.702
879 0.7260000000000001
880 0.76
881 0.7939999999999999
882 0.8099999999999999
883 0.8240000000000001
884 0.8240000000000001
885 0.8160000000000001
886 0.808
887 0.7779999999999999
888 0.754
889 0.748
890 0.7379999999999999
891 0.722
892 0.714
893 0.6939999999999998
894 0.688
895 0.674
896 0.656
897 0.648
898 0.652
899 0.656
900 0.6839999999999999
901 0.69
902 0.7
903 0.7060000000000001
904 0.7500000000000001
905 0.776
906 0.784
907 0.782
908 0.772
909 0.7659999999999999
910 0.7539999999999999
911 0.736
912 0.73
913 0.7120000000000001
914 0.6960000000000001
915 0.6599999999999999
916 0.6479999999999999
917 0.6399999999999999
918 0.64
919 0.6359999999999999
920 0.6260000000000001
921 0.622
922 0.634
923 0.6420000000000001
924 0.6579999999999999
925 0.68
926 0.69
927 0.712
928 0.7539999999999999
929 0.7859999999999999
930 0.7879999999999999
931 0.796
932 0.788
933 0.78
934 0.7699999999999999
935 0.764
936 0.7499999999999999
937 0.7359999999999999
938 0.7160000000000001
939 0.6960000000000001
940 0.6799999999999999
941 0.6599999999999999
942 0.6360000000000001
943 0.622
944 0.6220000000000001
945 0.6220000000000001
946 0.6340000000000001
947 0.642
948 0.658
949 0.68
950 0.6839999999999999
951 0.704
952 0.7380000000000001
953 0.778
954 0.788
955 0.7819999999999999
956 0.7739999999999999
957 0.756
958 0.748
959 0.73
960 0.72
961 0.716
962 0.704
963 0.6859999999999999
964 0.6599999999999999
965 0.656
966 0.644
967 0.6279999999999999
968 0.616
969 0.626
970 0.618
971 0.6319999999999999
972 0.656
973 0.682
974 0.6980000000000001
975 0.7179999999999999
976 0.756
977 0.7979999999999999
978 0.8240000000000001
979 0.828
980 0.8200000000000001
981 0.798
982 0.79
983 0.764
984 0.75
985 0.742
986 0.7339999999999999
987 0.724
988 0.708
989 0.6980000000000001
990 0.6759999999999999
991 0.6639999999999999
992 0.6539999999999999
993 0.6479999999999999
994 0.646
995 0.656
996 0.678
997 0.708
998 0.73
999 0.744
