1 1.0
2 1.0
3 1.0
4 0.9995999999999999
5 0.9975999999999999
6 0.9955999999999999
7 0.9924
8 0.9875999999999998
9 0.9855999999999997
10 0.9811999999999996
11 0.9771999999999997
12 0.9747999999999997
13 0.9731999999999996
14 0.9699999999999998
15 0.9675999999999998
16 0.9672
17 0.9684
18 0.9688000000000001
19 0.9675999999999999
20 0.9675999999999998
21 0.9619999999999999
22 0.9551999999999999
23 0.9520000000000001
24 0.9492000000000002
25 0.9435999999999999
26 0.9415999999999998
27 0.9388
28 0.9352000000000001
29 0.93
30 0.9248000000000001
31 0.9212
32 0.9188000000000001
33 0.9152000000000001
34 0.9136
35 0.9112
36 0.9112000000000002
37 0.9087999999999998
38 0.9087999999999999
39 0.9143999999999999
40 0.9176000000000001
41 0.9216
42 0.9303999999999999
43 0.9272
44 0.9232000000000002
45 0.9204000000000001
46 0.9168000000000005
47 0.9112000000000003
48 0.9076000000000003
49 0.9036000000000003
50 0.8992000000000001
51 0.8964000000000002
52 0.8920000000000001
53 0.8876000000000001
54 0.8876000000000002
55 0.8868
56 0.8844
57 0.8832
58 0.8832000000000001
59 0.8852000000000002
60 0.8884000000000004
61 0.8932000000000003
62 0.8976000000000002
63 0.9044000000000001
64 0.9092
65 0.9152000000000001
66 0.9164000000000001
67 0.9179999999999999
68 0.9144
69 0.9096000000000002
70 0.9052000000000001
71 0.902
72 0.8952000000000002
73 0.8904000000000002
74 0.8876000000000001
75 0.8847999999999999
76 0.88
77 0.8740000000000002
78 0.8720000000000002
79 0.8696000000000003
80 0.8664000000000002
81 0.862
82 0.8628
83 0.8648000000000002
84 0.8684000000000003
85 0.8716000000000002
86 0.8748000000000001
87 0.8836000000000002
88 0.8932000000000002
89 0.9052000000000002
90 0.9112000000000002
91 0.9124000000000001
92 0.9088
93 0.9044
94 0.898
95 0.8951999999999998
96 0.8907999999999998
97 0.8860000000000001
98 0.8767999999999999
99 0.8727999999999999
100 0.8695999999999997
101 0.8667999999999997
102 0.8663999999999997
103 0.8627999999999996
104 0.8603999999999998
105 0.8587999999999998
106 0.8603999999999999
107 0.8652000000000002
108 0.8747999999999999
109 0.8772
110 0.8819999999999999
111 0.8904000000000005
112 0.9068
113 0.9124000000000001
114 0.9216
115 0.9199999999999998
116 0.9131999999999999
117 0.9072
118 0.8984000000000001
119 0.892
120 0.8860000000000001
121 0.8812000000000002
122 0.8772000000000001
123 0.8740000000000003
124 0.8700000000000004
125 0.8672000000000003
126 0.8636000000000003
127 0.8624000000000004
128 0.8608000000000002
129 0.8600000000000001
130 0.8608000000000001
131 0.8672000000000003
132 0.8716000000000003
133 0.8772000000000004
134 0.8832000000000002
135 0.8847999999999999
136 0.8980000000000002
137 0.9076000000000005
138 0.9140000000000001
139 0.9116000000000001
140 0.9084000000000003
141 0.9040000000000002
142 0.8976000000000003
143 0.8916000000000001
144 0.8876000000000001
145 0.8815999999999998
146 0.8763999999999998
147 0.8716000000000002
148 0.8667999999999999
149 0.8655999999999999
150 0.8631999999999997
151 0.8611999999999999
152 0.8599999999999999
153 0.8596
154 0.8612000000000002
155 0.8652000000000001
156 0.8732
157 0.878
158 0.884
159 0.8896000000000001
160 0.9003999999999999
161 0.9079999999999998
162 0.9096
163 0.9092
164 0.9024000000000002
165 0.8960000000000002
166 0.8912000000000002
167 0.8860000000000001
168 0.8811999999999999
169 0.8748000000000001
170 0.8672
171 0.8615999999999999
172 0.8571999999999999
173 0.8532
174 0.8507999999999997
175 0.8459999999999996
176 0.8451999999999995
177 0.8439999999999996
178 0.8411999999999997
179 0.8443999999999999
180 0.8515999999999998
181 0.8551999999999996
182 0.8599999999999998
183 0.8652
184 0.8819999999999999
185 0.8988
186 0.9016
187 0.898
188 0.8916
189 0.8839999999999998
190 0.8791999999999999
191 0.8715999999999998
192 0.8652
193 0.8615999999999998
194 0.8591999999999999
195 0.8547999999999998
196 0.8499999999999999
197 0.8460000000000001
198 0.8432
199 0.8403999999999999
200 0.8400000000000002
201 0.8352
202 0.8356000000000001
203 0.8392000000000002
204 0.8456
205 0.8564
206 0.862
207 0.8727999999999999
208 0.8899999999999999
209 0.9012000000000002
210 0.9044000000000003
211 0.9008000000000004
212 0.8936000000000003
213 0.884
214 0.8788000000000002
215 0.8720000000000002
216 0.8632
217 0.8567999999999999
218 0.852
219 0.8456000000000001
220 0.8404
221 0.8380000000000001
222 0.8343999999999998
223 0.8343999999999998
224 0.8336000000000001
225 0.8316000000000001
226 0.8319999999999999
227 0.8384000000000001
228 0.8456
229 0.8556
230 0.8603999999999999
231 0.8676
232 0.8772000000000001
233 0.8952000000000002
234 0.8964000000000004
235 0.8948
236 0.8896
237 0.8832000000000002
238 0.8740000000000001
239 0.8648000000000003
240 0.8604000000000004
241 0.8532000000000001
242 0.8467999999999999
243 0.8403999999999999
244 0.8364
245 0.8296000000000001
246 0.8283999999999999
247 0.8255999999999999
248 0.826
249 0.8223999999999999
250 0.8244000000000001
251 0.8275999999999999
252 0.836
253 0.8476
254 0.8576000000000001
255 0.8652000000000004
256 0.8744000000000003
257 0.8860000000000003
258 0.8888000000000001
259 0.8924000000000002
260 0.8860000000000003
261 0.8792000000000004
262 0.8744000000000003
263 0.8696
264 0.8596
265 0.8552000000000001
266 0.8499999999999999
267 0.8436000000000002
268 0.8392000000000002
269 0.8360000000000001
270 0.8315999999999998
271 0.8275999999999999
272 0.8224000000000001
273 0.8220000000000001
274 0.8223999999999999
275 0.8299999999999998
276 0.8347999999999999
277 0.8403999999999999
278 0.8515999999999998
279 0.8644
280 0.8795999999999998
281 0.8964000000000002
282 0.8964
283 0.8904000000000002
284 0.8868000000000004
285 0.8812000000000002
286 0.8732000000000002
287 0.8664000000000001
288 0.8592000000000002
289 0.8552
290 0.8496000000000002
291 0.8448000000000002
292 0.8371999999999999
293 0.8335999999999999
294 0.8295999999999998
295 0.8259999999999998
296 0.826
297 0.8223999999999999
298 0.8260000000000001
299 0.8319999999999997
300 0.8395999999999999
301 0.8432
302 0.8523999999999997
303 0.8651999999999999
304 0.8752000000000002
305 0.8892000000000002
306 0.8940000000000003
307 0.8924000000000002
308 0.8820000000000001
309 0.8712000000000003
310 0.8656000000000001
311 0.8560000000000001
312 0.8488000000000001
313 0.8452
314 0.8416
315 0.8384
316 0.8351999999999998
317 0.8303999999999998
318 0.8267999999999998
319 0.826
320 0.8247999999999999
321 0.8227999999999999
322 0.8255999999999999
323 0.8312
324 0.8412000000000002
325 0.8496000000000001
326 0.8596000000000003
327 0.8644000000000003
328 0.8780000000000002
329 0.8912000000000002
330 0.9016000000000003
331 0.9020000000000004
332 0.8920000000000003
333 0.8820000000000001
334 0.8756
335 0.8675999999999999
336 0.8591999999999999
337 0.8527999999999999
338 0.8475999999999999
339 0.8423999999999999
340 0.8356
341 0.8312
342 0.8300000000000002
343 0.8260000000000001
344 0.8240000000000001
345 0.8248000000000002
346 0.8271999999999999
347 0.8291999999999998
348 0.8396000000000001
349 0.8444000000000003
350 0.8492000000000002
351 0.8519999999999999
352 0.8668000000000002
353 0.882
354 0.8892
355 0.8891999999999999
356 0.8796000000000003
357 0.8688000000000001
358 0.8588
359 0.8516000000000001
360 0.8448000000000002
361 0.8384000000000001
362 0.8320000000000002
363 0.8260000000000001
364 0.8212
365 0.8184000000000001
366 0.8164000000000001
367 0.8148000000000001
368 0.8147999999999999
369 0.8156
370 0.8180000000000001
371 0.8248000000000001
372 0.8323999999999998
373 0.8352
374 0.8408
375 0.8488000000000003
376 0.8700000000000003
377 0.8868000000000004
378 0.8952000000000006
379 0.8919999999999999
380 0.8800000000000001
381 0.8732000000000002
382 0.8664000000000002
383 0.8604000000000002
384 0.8536000000000002
385 0.8436000000000002
386 0.8380000000000003
387 0.8340000000000003
388 0.8288000000000002
389 0.8248000000000001
390 0.8208
391 0.8200000000000002
392 0.8208000000000003
393 0.8164000000000001
394 0.818
395 0.8239999999999997
396 0.8324000000000001
397 0.8396000000000001
398 0.8424000000000003
399 0.8500000000000003
400 0.8720000000000003
401 0.8856000000000002
402 0.8812000000000002
403 0.8776
404 0.8731999999999998
405 0.8663999999999998
406 0.8587999999999998
407 0.8448000000000002
408 0.8396000000000002
409 0.8336000000000002
410 0.8284000000000004
411 0.8204000000000002
412 0.8148000000000003
413 0.8096000000000002
414 0.8076000000000002
415 0.8068000000000001
416 0.8051999999999999
417 0.8048000000000001
418 0.8068000000000004
419 0.8136000000000003
420 0.8248000000000001
421 0.8340000000000001
422 0.8428000000000001
423 0.8600000000000004
424 0.8756000000000002
425 0.8843999999999997
426 0.8903999999999997
427 0.8887999999999999
428 0.8844000000000001
429 0.8768
430 0.8692000000000004
431 0.8596000000000004
432 0.8464000000000003
433 0.8428000000000003
434 0.8360000000000002
435 0.8304000000000002
436 0.8264000000000001
437 0.8188000000000001
438 0.8184
439 0.8148000000000002
440 0.8072
441 0.8047999999999998
442 0.8087999999999999
443 0.8135999999999997
444 0.8231999999999996
445 0.8283999999999998
446 0.8300000000000002
447 0.8412000000000001
448 0.8576
449 0.8732000000000002
450 0.8784000000000002
451 0.8760000000000002
452 0.8716000000000002
453 0.8608000000000001
454 0.8536000000000002
455 0.8476000000000002
456 0.8400000000000002
457 0.8316000000000002
458 0.8260000000000001
459 0.8228
460 0.8172000000000001
461 0.8124000000000001
462 0.8079999999999999
463 0.8088
464 0.8076000000000002
465 0.804
466 0.8072000000000001
467 0.8148000000000002
468 0.8268000000000002
469 0.8308000000000001
470 0.8424
471 0.8520000000000002
472 0.8648
473 0.8808000000000002
474 0.8884000000000003
475 0.8828000000000001
476 0.8812000000000003
477 0.8760000000000002
478 0.8664000000000003
479 0.856
480 0.8495999999999999
481 0.8404000000000003
482 0.8344000000000003
483 0.8296000000000003
484 0.8252000000000003
485 0.8216
486 0.8151999999999997
487 0.8131999999999998
488 0.8115999999999999
489 0.8091999999999997
490 0.8111999999999998
491 0.8179999999999998
492 0.8252000000000002
493 0.8320000000000001
494 0.8384000000000004
495 0.8456000000000004
496 0.8644000000000003
497 0.8812000000000001
498 0.8900000000000001
499 0.8852000000000001
500 0.8808000000000002
501 0.8728000000000002
502 0.8624000000000003
503 0.8560000000000001
504 0.8492000000000002
505 0.8420000000000002
506 0.8360000000000002
507 0.8276000000000002
508 0.8244000000000002
509 0.8184
510 0.8104
511 0.8076000000000001
512 0.8076000000000001
513 0.8068000000000001
514 0.8112000000000001
515 0.8164000000000001
516 0.8263999999999999
517 0.8328
518 0.8392000000000003
519 0.8504
520 0.8692000000000002
521 0.8816000000000002
522 0.8891999999999999
523 0.8916000000000001
524 0.8796000000000004
525 0.8740000000000001
526 0.8652000000000001
527 0.8608000000000001
528 0.8552
529 0.8508
530 0.8436
531 0.8371999999999999
532 0.8308
533 0.8235999999999997
534 0.8215999999999997
535 0.8175999999999997
536 0.8143999999999997
537 0.8155999999999999
538 0.8156000000000002
539 0.8248000000000002
540 0.83
541 0.84
542 0.8436000000000001
543 0.8536000000000001
544 0.8660000000000003
545 0.8776000000000004
546 0.8864000000000004
547 0.8904000000000003
548 0.8852
549 0.8728
550 0.8652000000000001
551 0.8588000000000002
552 0.8479999999999999
553 0.8412000000000001
554 0.8340000000000001
555 0.8276
556 0.8215999999999998
557 0.8192
558 0.8164
559 0.8128000000000002
560 0.8127999999999999
561 0.8119999999999997
562 0.8131999999999998
563 0.8155999999999999
564 0.8268
565 0.8344
566 0.8424
567 0.8516000000000001
568 0.8652
569 0.8796000000000003
570 0.8876000000000001
571 0.8859999999999999
572 0.8783999999999998
573 0.8748
574 0.866
575 0.8487999999999997
576 0.8427999999999998
577 0.8379999999999999
578 0.8311999999999997
579 0.8235999999999999
580 0.8183999999999996
581 0.8163999999999997
582 0.8143999999999997
583 0.8135999999999999
584 0.81
585 0.8104
586 0.8116
587 0.8119999999999998
588 0.8216000000000002
589 0.8324000000000003
590 0.8420000000000001
591 0.8500000000000003
592 0.8628000000000001
593 0.8804000000000001
594 0.8872
595 0.8852
596 0.8775999999999999
597 0.8684000000000002
598 0.8576
599 0.8500000000000003
600 0.8436000000000001
601 0.8380000000000003
602 0.8300000000000002
603 0.8240000000000001
604 0.8164
605 0.8132
606 0.8080000000000002
607 0.8088000000000001
608 0.8060000000000003
609 0.8048000000000003
610 0.8088000000000002
611 0.8144000000000001
612 0.8191999999999997
613 0.8260000000000001
614 0.8336
615 0.8423999999999998
616 0.8592
617 0.8768
618 0.8823999999999999
619 0.8808
620 0.8767999999999998
621 0.8647999999999999
622 0.8548000000000002
623 0.8476000000000002
624 0.8416000000000001
625 0.8371999999999998
626 0.8308
627 0.8236000000000001
628 0.8172
629 0.8148000000000001
630 0.8104
631 0.8080000000000003
632 0.8048000000000002
633 0.8031999999999999
634 0.8048000000000001
635 0.8083999999999998
636 0.812
637 0.8268000000000001
638 0.8388000000000002
639 0.8539999999999999
640 0.8684000000000001
641 0.8840000000000002
642 0.8888000000000001
643 0.8872
644 0.8832000000000002
645 0.8744000000000003
646 0.8632000000000002
647 0.8503999999999998
648 0.8419999999999999
649 0.8343999999999998
650 0.8280000000000001
651 0.8188
652 0.8148000000000001
653 0.81
654 0.8096
655 0.8056000000000002
656 0.804
657 0.8044
658 0.8051999999999999
659 0.8092000000000001
660 0.8160000000000003
661 0.8284000000000001
662 0.8384000000000001
663 0.8452000000000001
664 0.8607999999999998
665 0.8784000000000001
666 0.8876000000000002
667 0.8931999999999999
668 0.8872000000000001
669 0.8764000000000002
670 0.8656
671 0.8591999999999999
672 0.8547999999999999
673 0.8471999999999998
674 0.8384
675 0.8348
676 0.8292000000000002
677 0.8232000000000003
678 0.8184000000000001
679 0.8140000000000002
680 0.8100000000000002
681 0.8080000000000003
682 0.8063999999999999
683 0.8107999999999997
684 0.8159999999999998
685 0.8244000000000002
686 0.8308
687 0.8423999999999999
688 0.8596
689 0.8752000000000001
690 0.8876
691 0.8863999999999999
692 0.8804000000000001
693 0.8712000000000001
694 0.8588000000000001
695 0.8503999999999996
696 0.8419999999999997
697 0.8339999999999997
698 0.8256
699 0.8191999999999999
700 0.8131999999999999
701 0.8088
702 0.8059999999999998
703 0.8043999999999998
704 0.8008
705 0.7979999999999999
706 0.8028000000000002
707 0.8103999999999999
708 0.8212
709 0.8288
710 0.8348
711 0.8475999999999998
712 0.8615999999999999
713 0.8712000000000003
714 0.8795999999999999
715 0.8819999999999999
716 0.8791999999999999
717 0.8707999999999997
718 0.8572
719 0.8483999999999999
720 0.8388
721 0.8292
722 0.8216
723 0.8195999999999999
724 0.8131999999999999
725 0.8096
726 0.8068000000000001
727 0.8063999999999999
728 0.8079999999999998
729 0.8048000000000001
730 0.8036000000000001
731 0.81
732 0.8191999999999997
733 0.8303999999999998
734 0.8360000000000001
735 0.8464000000000002
736 0.8615999999999998
737 0.8791999999999999
738 0.8844000000000001
739 0.8788000000000001
740 0.8744000000000003
741 0.8639999999999999
742 0.8587999999999998
743 0.8491999999999998
744 0.8456
745 0.8383999999999999
746 0.8336
747 0.8291999999999998
748 0.8251999999999999
749 0.8204
750 0.8144000000000001
751 0.8120000000000003
752 0.8112
753 0.8104
754 0.8132
755 0.8180000000000001
756 0.8268000000000002
757 0.8360000000000001
758 0.8420000000000001
759 0.8483999999999999
760 0.8636000000000004
761 0.8860000000000001
762 0.8968
763 0.8948
764 0.8807999999999998
765 0.872
766 0.8624
767 0.8536000000000001
768 0.8480000000000001
769 0.838
770 0.8292000000000002
771 0.8228000000000002
772 0.8160000000000001
773 0.8116000000000001
774 0.8072
775 0.8055999999999999
776 0.8011999999999999
777 0.8015999999999999
778 0.8024
779 0.8072000000000001
780 0.8152000000000003
781 0.8224000000000001
782 0.8319999999999999
783 0.8383999999999999
784 0.8576000000000001
785 0.8764000000000002
786 0.8908
787 0.8872000000000001
788 0.8808000000000002
789 0.8700000000000001
790 0.8580000000000002
791 0.8520000000000002
792 0.8448000000000002
793 0.8351999999999999
794 0.8279999999999998
795 0.8211999999999999
796 0.8132
797 0.8088
798 0.8051999999999999
799 0.8036000000000001
800 0.8008000000000002
801 0.7992000000000004
802 0.8012000000000001
803 0.8032000000000002
804 0.8136000000000001
805 0.8184000000000001
806 0.8300000000000002
807 0.8376000000000002
808 0.8576
809 0.8744000000000004
810 0.8844000000000001
811 0.8776000000000002
812 0.8728000000000002
813 0.8664000000000002
814 0.8580000000000004
815 0.8504000000000004
816 0.8412
817 0.8360000000000001
818 0.8292000000000002
819 0.8232000000000003
820 0.8164000000000001
821 0.812
822 0.8076000000000002
823 0.8048000000000002
824 0.8032000000000004
825 0.8028000000000003
826 0.8048000000000001
827 0.812
828 0.8227999999999999
829 0.8331999999999999
830 0.8376
831 0.8471999999999998
832 0.8572
833 0.8707999999999998
834 0.8848
835 0.8816000000000002
836 0.8784000000000003
837 0.8688000000000002
838 0.8596
839 0.8508000000000001
840 0.8403999999999999
841 0.8319999999999996
842 0.8271999999999997
843 0.8231999999999998
844 0.8188
845 0.8132000000000003
846 0.8076000000000002
847 0.8068000000000002
848 0.8068000000000001
849 0.8056
850 0.8044
851 0.8120000000000002
852 0.8216000000000002
853 0.8320000000000001
854 0.8396000000000003
855 0.8504
856 0.8592
857 0.8744000000000001
858 0.8748000000000001
859 0.8700000000000001
860 0.8644
861 0.8588
862 0.8500000000000001
863 0.8432000000000004
864 0.8344000000000003
865 0.8300000000000002
866 0.8224000000000001
867 0.8160000000000001
868 0.8108000000000001
869 0.8072000000000001
870 0.8024000000000001
871 0.8008000000000003
872 0.8016000000000002
873 0.8004000000000002
874 0.8016000000000001
875 0.8083999999999999
876 0.8151999999999999
877 0.8284
878 0.8383999999999997
879 0.8496000000000001
880 0.8655999999999999
881 0.8752000000000002
882 0.8772
883 0.8832000000000001
884 0.8764000000000002
885 0.8676000000000001
886 0.8604000000000004
887 0.8484
888 0.8372000000000003
889 0.8280000000000001
890 0.8184
891 0.8124000000000002
892 0.8088000000000002
893 0.8032000000000002
894 0.8012000000000001
895 0.7972000000000001
896 0.7924000000000001
897 0.7916000000000001
898 0.7896000000000001
899 0.7912
900 0.7975999999999999
901 0.8036000000000001
902 0.8128
903 0.8219999999999998
904 0.84
905 0.8547999999999999
906 0.8731999999999996
907 0.8695999999999999
908 0.8655999999999997
909 0.8571999999999999
910 0.8455999999999997
911 0.8391999999999997
912 0.8323999999999999
913 0.8220000000000001
914 0.8140000000000002
915 0.8048000000000001
916 0.7983999999999999
917 0.7943999999999999
918 0.7936
919 0.7924000000000001
920 0.792
921 0.7932000000000002
922 0.7968
923 0.8032
924 0.8152000000000004
925 0.8240000000000002
926 0.8319999999999999
927 0.8388
928 0.8560000000000001
929 0.8675999999999999
930 0.8704
931 0.8711999999999999
932 0.8624
933 0.8560000000000002
934 0.8452
935 0.8371999999999998
936 0.8315999999999997
937 0.8199999999999998
938 0.8135999999999999
939 0.8076000000000001
940 0.802
941 0.7988000000000001
942 0.7996
943 0.7959999999999999
944 0.7932000000000001
945 0.7948000000000001
946 0.7976000000000002
947 0.804
948 0.8123999999999998
949 0.8219999999999998
950 0.8291999999999998
951 0.8392000000000003
952 0.8547999999999999
953 0.8779999999999997
954 0.8871999999999997
955 0.8856000000000003
956 0.8756000000000002
957 0.8672000000000003
958 0.8580000000000001
959 0.846
960 0.8416000000000001
961 0.8328000000000002
962 0.8260000000000001
963 0.8196000000000001
964 0.8136000000000001
965 0.8096000000000001
966 0.806
967 0.8031999999999999
968 0.8000000000000002
969 0.7992000000000001
970 0.8
971 0.8084
972 0.8131999999999998
973 0.8216
974 0.8288
975 0.8343999999999997
976 0.8503999999999998
977 0.8627999999999999
978 0.8739999999999999
979 0.8752
980 0.8672
981 0.8524000000000003
982 0.8440000000000002
983 0.8363999999999997
984 0.8295999999999998
985 0.8227999999999999
986 0.8155999999999999
987 0.8075999999999999
988 0.8011999999999999
989 0.7972000000000001
990 0.7944
991 0.7924000000000001
992 0.7908000000000002
993 0.7896000000000001
994 0.7924000000000001
995 0.8028
996 0.8096
997 0.8171999999999998
998 0.8240000000000001
999 0.8324000000000001
1000 0.8472000000000002
1001 0.8592000000000002
1002 0.8711999999999999
1003 0.8695999999999998
1004 0.8636000000000001
1005 0.8551999999999998
1006 0.8431999999999998
1007 0.8367999999999997
1008 0.8275999999999999
1009 0.8219999999999998
1010 0.8164
1011 0.8112
1012 0.8044000000000001
1013 0.802
1014 0.8016
1015 0.8004000000000002
1016 0.7984000000000002
1017 0.7944000000000001
1018 0.7960000000000003
1019 0.8044000000000004
1020 0.8136000000000004
1021 0.8292
1022 0.8395999999999999
1023 0.8484
1024 0.8656
1025 0.8812000000000001
1026 0.8895999999999998
1027 0.8847999999999998
1028 0.8767999999999999
1029 0.8688000000000003
1030 0.8592
1031 0.8472
1032 0.8375999999999999
1033 0.8308
1034 0.8251999999999998
1035 0.8203999999999998
1036 0.8155999999999999
1037 0.8096
1038 0.8056
1039 0.8016000000000001
1040 0.7992
1041 0.7971999999999998
1042 0.8
1043 0.8051999999999999
1044 0.8120000000000003
1045 0.8224000000000001
1046 0.8316000000000001
1047 0.8432000000000001
1048 0.8572000000000002
1049 0.8768
1050 0.8888000000000003
1051 0.8880000000000001
1052 0.8795999999999999
1053 0.8683999999999998
1054 0.8603999999999998
1055 0.8488
1056 0.8371999999999998
1057 0.8319999999999997
1058 0.8271999999999998
1059 0.8203999999999999
1060 0.8164
1061 0.8124000000000001
1062 0.8100000000000002
1063 0.8072000000000003
1064 0.8028
1065 0.8008000000000002
1066 0.7999999999999998
1067 0.81
1068 0.8216
1069 0.828
1070 0.8364
1071 0.8432000000000002
1072 0.8567999999999997
1073 0.8719999999999999
1074 0.8848
1075 0.8772
1076 0.8656
1077 0.8511999999999997
1078 0.8404
1079 0.8343999999999998
1080 0.8279999999999997
1081 0.824
1082 0.8192
1083 0.8135999999999999
1084 0.8064
1085 0.8024
1086 0.7976000000000002
1087 0.7948000000000002
1088 0.7948000000000001
1089 0.7968000000000002
1090 0.7988
1091 0.8052000000000001
1092 0.812
1093 0.8220000000000003
1094 0.8316000000000001
1095 0.8444000000000004
1096 0.8535999999999998
1097 0.8736000000000002
1098 0.8835999999999999
1099 0.8803999999999997
1100 0.8707999999999998
1101 0.8611999999999996
1102 0.8523999999999998
1103 0.8412000000000001
1104 0.8367999999999999
1105 0.8280000000000001
1106 0.8224000000000001
1107 0.8140000000000001
1108 0.8116000000000001
1109 0.8100000000000002
1110 0.8064
1111 0.8059999999999999
1112 0.8056000000000002
1113 0.8051999999999999
1114 0.8096
1115 0.8128
1116 0.8236
1117 0.8304
1118 0.8379999999999999
1119 0.8408
1120 0.8555999999999999
1121 0.8672000000000001
1122 0.8760000000000001
1123 0.8672000000000001
1124 0.8600000000000003
1125 0.8512000000000002
1126 0.8448000000000002
1127 0.8379999999999999
1128 0.8284
1129 0.8211999999999999
1130 0.8140000000000001
1131 0.806
1132 0.8020000000000002
1133 0.7996000000000001
1134 0.7984
1135 0.7968000000000001
1136 0.7952000000000001
1137 0.7932000000000001
1138 0.7948000000000001
1139 0.7980000000000002
1140 0.8064
1141 0.8219999999999998
1142 0.8323999999999998
1143 0.8407999999999999
1144 0.8508000000000001
1145 0.8704000000000002
1146 0.8804000000000002
1147 0.8768
1148 0.8748000000000001
1149 0.8656
1150 0.8495999999999999
1151 0.8428
1152 0.8328
1153 0.8260000000000004
1154 0.8184000000000001
1155 0.8136000000000003
1156 0.8072000000000001
1157 0.8
1158 0.7963999999999999
1159 0.794
1160 0.7919999999999999
1161 0.7903999999999998
1162 0.7895999999999996
1163 0.7979999999999998
1164 0.8072000000000001
1165 0.8192
1166 0.8264000000000001
1167 0.8408000000000001
1168 0.8544000000000004
1169 0.8740000000000002
1170 0.8804000000000002
1171 0.8840000000000003
1172 0.8760000000000002
1173 0.8660000000000001
1174 0.8543999999999999
1175 0.8467999999999999
1176 0.8395999999999999
1177 0.8331999999999999
1178 0.8235999999999999
1179 0.8179999999999998
1180 0.8103999999999998
1181 0.8019999999999997
1182 0.7979999999999999
1183 0.7948000000000003
1184 0.7928000000000003
1185 0.7896000000000002
1186 0.7904000000000001
1187 0.7931999999999999
1188 0.8020000000000002
1189 0.8120000000000002
1190 0.8276
1191 0.8408
1192 0.8536
1193 0.8695999999999999
1194 0.8844
1195 0.8819999999999999
1196 0.8783999999999998
1197 0.8692
1198 0.8608
1199 0.852
1200 0.8432
1201 0.838
1202 0.8316
1203 0.8224000000000001
1204 0.8160000000000001
1205 0.8084
1206 0.8048000000000001
1207 0.8036000000000001
1208 0.7992
1209 0.7964000000000001
1210 0.7983999999999998
1211 0.8059999999999998
1212 0.8131999999999998
1213 0.8207999999999998
1214 0.8295999999999998
1215 0.8359999999999999
1216 0.8540000000000002
1217 0.8636000000000003
1218 0.878
1219 0.8779999999999998
1220 0.8728000000000001
1221 0.8624
1222 0.8548
1223 0.8452000000000003
1224 0.8404
1225 0.8323999999999999
1226 0.8248000000000001
1227 0.8163999999999999
1228 0.8084
1229 0.802
1230 0.7979999999999999
1231 0.792
1232 0.7944
1233 0.7931999999999999
1234 0.7936000000000001
1235 0.7968000000000002
1236 0.8028
1237 0.812
1238 0.8156000000000003
1239 0.828
1240 0.8456000000000001
1241 0.8615999999999999
1242 0.8736
1243 0.8735999999999998
1244 0.8691999999999998
1245 0.8619999999999998
1246 0.8519999999999999
1247 0.8408000000000001
1248 0.8340000000000001
1249 0.8268
1250 0.8180000000000003
1251 0.8140000000000002
1252 0.8092
1253 0.8056
1254 0.7988000000000001
1255 0.7932000000000001
1256 0.7916
1257 0.7916000000000001
1258 0.792
1259 0.7996000000000001
1260 0.8067999999999997
1261 0.8176000000000002
1262 0.8244000000000001
1263 0.8304000000000002
1264 0.8428
1265 0.8572000000000002
1266 0.8684000000000002
1267 0.8660000000000001
1268 0.8595999999999998
1269 0.8536000000000001
1270 0.8440000000000001
1271 0.8327999999999999
1272 0.8271999999999999
1273 0.8199999999999998
1274 0.8096
1275 0.8064
1276 0.8011999999999999
1277 0.794
1278 0.7903999999999999
1279 0.7911999999999999
1280 0.7896000000000001
1281 0.7876000000000001
1282 0.7904000000000002
1283 0.7972
1284 0.8116000000000001
1285 0.8220000000000001
1286 0.834
1287 0.8424000000000003
1288 0.8540000000000001
1289 0.8696000000000003
1290 0.8772000000000004
1291 0.8728000000000002
1292 0.8672000000000003
1293 0.8604
1294 0.8480000000000001
1295 0.8392000000000003
1296 0.8336000000000001
1297 0.8264000000000005
1298 0.8224000000000002
1299 0.8128000000000002
1300 0.8076000000000004
1301 0.8024000000000002
1302 0.7992000000000001
1303 0.7955999999999999
1304 0.7951999999999997
1305 0.7931999999999997
1306 0.7947999999999997
1307 0.8016
1308 0.8079999999999998
1309 0.8231999999999999
1310 0.8280000000000001
1311 0.8372000000000002
1312 0.8472
1313 0.8692000000000002
1314 0.8760000000000001
1315 0.8736000000000003
1316 0.8664000000000002
1317 0.8584000000000006
1318 0.8528000000000004
1319 0.8440000000000001
1320 0.8355999999999999
1321 0.8271999999999999
1322 0.8203999999999999
1323 0.8147999999999999
1324 0.8116
1325 0.806
1326 0.8040000000000002
1327 0.7988000000000003
1328 0.7964000000000003
1329 0.7940000000000002
1330 0.7956000000000002
1331 0.8040000000000002
1332 0.8128000000000002
1333 0.8228
1334 0.8320000000000001
1335 0.8428000000000003
1336 0.8555999999999999
1337 0.8708
1338 0.8783999999999998
1339 0.8804000000000003
1340 0.8748000000000001
1341 0.8608000000000005
1342 0.8508000000000001
1343 0.8412000000000003
1344 0.8340000000000003
1345 0.8232000000000004
1346 0.8152000000000003
1347 0.8076000000000001
1348 0.8008
1349 0.7984
1350 0.794
1351 0.7924
1352 0.7924
1353 0.792
1354 0.7927999999999998
1355 0.7988
1356 0.8120000000000002
1357 0.8244000000000001
1358 0.8283999999999999
1359 0.8343999999999996
1360 0.8475999999999996
1361 0.8675999999999999
1362 0.8760000000000002
1363 0.8800000000000001
1364 0.8756
1365 0.8600000000000001
1366 0.85
1367 0.8395999999999998
1368 0.8320000000000001
1369 0.8231999999999999
1370 0.8151999999999999
1371 0.8088000000000001
1372 0.8028000000000002
1373 0.7968000000000002
1374 0.7912000000000002
1375 0.7896000000000002
1376 0.7864000000000003
1377 0.7868
1378 0.7896
1379 0.7944
1380 0.8040000000000004
1381 0.8120000000000002
1382 0.8171999999999998
1383 0.8268000000000005
1384 0.8372000000000004
1385 0.8572
1386 0.8708
1387 0.8695999999999999
1388 0.8588
1389 0.8495999999999997
1390 0.8407999999999997
1391 0.8292
1392 0.8199999999999998
1393 0.814
1394 0.8044000000000001
1395 0.7960000000000003
1396 0.7884000000000002
1397 0.7807999999999998
1398 0.7772
1399 0.7747999999999999
1400 0.7748
1401 0.7739999999999999
1402 0.7787999999999998
1403 0.7876000000000002
1404 0.7988000000000003
1405 0.8052000000000002
1406 0.8160000000000001
1407 0.8260000000000001
1408 0.8448000000000002
1409 0.8656000000000001
1410 0.8715999999999999
1411 0.8720000000000002
1412 0.8624
1413 0.8531999999999997
1414 0.8412
1415 0.8347999999999999
1416 0.8224000000000002
1417 0.8147999999999999
1418 0.8063999999999999
1419 0.8
1420 0.7956
1421 0.7884
1422 0.7844
1423 0.7807999999999999
1424 0.7792
1425 0.7760000000000004
1426 0.7784000000000002
1427 0.7888000000000001
1428 0.7984000000000002
1429 0.81
1430 0.8192000000000002
1431 0.8236000000000001
1432 0.8344000000000003
1433 0.8548
1434 0.8644
1435 0.862
1436 0.8568000000000001
1437 0.8496000000000004
1438 0.8384000000000001
1439 0.8268000000000001
1440 0.8196000000000001
1441 0.8104000000000002
1442 0.8020000000000003
1443 0.7960000000000004
1444 0.7900000000000001
1445 0.7844000000000002
1446 0.7816000000000003
1447 0.7816000000000001
1448 0.782
1449 0.7808000000000002
1450 0.7867999999999998
1451 0.7955999999999999
1452 0.8036
1453 0.8180000000000001
1454 0.8268000000000001
1455 0.8372000000000002
1456 0.8483999999999997
1457 0.8620000000000002
1458 0.8688000000000001
1459 0.8732000000000001
1460 0.8672000000000001
1461 0.8576000000000001
1462 0.8468000000000002
1463 0.8360000000000001
1464 0.8283999999999999
1465 0.8219999999999997
1466 0.8139999999999997
1467 0.8083999999999999
1468 0.8039999999999999
1469 0.7980000000000002
1470 0.7920000000000001
1471 0.7908
1472 0.7904000000000001
1473 0.7904000000000001
1474 0.7888000000000001
1475 0.7944000000000002
1476 0.8044
1477 0.8163999999999999
1478 0.8211999999999999
1479 0.8352
1480 0.8492000000000002
1481 0.8716000000000004
1482 0.8748000000000005
1483 0.8776
1484 0.8740000000000002
1485 0.8680000000000002
1486 0.8548000000000002
1487 0.8480000000000003
1488 0.8384
1489 0.83
1490 0.8220000000000001
1491 0.8140000000000002
1492 0.8088000000000002
1493 0.8028000000000003
1494 0.8008000000000003
1495 0.7988000000000003
1496 0.7996000000000002
1497 0.796
1498 0.7980000000000002
1499 0.8012
1500 0.8104
1501 0.8184000000000001
1502 0.8260000000000004
1503 0.8371999999999999
1504 0.8536
1505 0.8672
1506 0.8779999999999997
1507 0.8815999999999998
1508 0.8695999999999998
1509 0.8627999999999997
1510 0.8511999999999996
1511 0.8427999999999995
1512 0.8323999999999998
1513 0.8247999999999996
1514 0.818
1515 0.8128
1516 0.8075999999999999
1517 0.7996000000000001
1518 0.7976000000000001
1519 0.7956
1520 0.7904000000000002
1521 0.7900000000000001
1522 0.7932000000000002
1523 0.7968000000000002
1524 0.8068000000000002
1525 0.8164000000000001
1526 0.8247999999999998
1527 0.8268000000000001
1528 0.8431999999999998
1529 0.8612000000000003
1530 0.866
1531 0.8660000000000002
1532 0.8544000000000004
1533 0.8464000000000005
1534 0.8364000000000003
1535 0.8280000000000001
1536 0.8148000000000002
1537 0.8064000000000001
1538 0.8000000000000002
1539 0.7940000000000002
1540 0.7868000000000002
1541 0.7844000000000001
1542 0.7828
1543 0.7828
1544 0.7804000000000001
1545 0.7792
1546 0.7784
1547 0.7824
1548 0.7935999999999998
1549 0.8088
1550 0.8220000000000002
1551 0.8307999999999999
1552 0.8484000000000003
1553 0.8664000000000002
1554 0.8712000000000004
1555 0.8748000000000005
1556 0.8720000000000002
1557 0.8608000000000006
1558 0.8452000000000004
1559 0.8376000000000002
1560 0.8288000000000001
1561 0.8256000000000003
1562 0.8176000000000003
1563 0.8128000000000003
1564 0.8064
1565 0.8
1566 0.7968000000000001
1567 0.7948000000000001
1568 0.7939999999999999
1569 0.7911999999999999
1570 0.7931999999999998
1571 0.7979999999999998
1572 0.8063999999999999
1573 0.8136000000000001
1574 0.8251999999999998
1575 0.8304000000000002
1576 0.8467999999999999
1577 0.8672
1578 0.8687999999999999
1579 0.8687999999999998
1580 0.8632
1581 0.8552
1582 0.8440000000000001
1583 0.8356
1584 0.8252000000000002
1585 0.8172
1586 0.8091999999999999
1587 0.8028
1588 0.7968000000000001
1589 0.7908000000000003
1590 0.7892000000000001
1591 0.786
1592 0.7860000000000003
1593 0.7876000000000002
1594 0.7924000000000002
1595 0.7984
1596 0.8076000000000003
1597 0.8160000000000004
1598 0.8260000000000001
1599 0.8379999999999999
1600 0.8496000000000001
1601 0.8692000000000002
1602 0.8824000000000004
1603 0.8792
1604 0.8724000000000004
1605 0.8660000000000002
1606 0.8560000000000002
1607 0.8448000000000002
1608 0.8368000000000002
1609 0.8304000000000002
1610 0.8228000000000002
1611 0.8172000000000003
1612 0.8124000000000002
1613 0.8064000000000001
1614 0.8016000000000001
1615 0.7968
1616 0.7932000000000001
1617 0.7908
1618 0.7900000000000001
1619 0.7988000000000001
1620 0.8071999999999997
1621 0.8200000000000002
1622 0.8284000000000001
1623 0.8388000000000001
1624 0.8556000000000004
1625 0.8632000000000004
1626 0.8692000000000002
1627 0.8688000000000002
1628 0.8632000000000004
1629 0.8512000000000002
1630 0.8412
1631 0.8343999999999998
1632 0.8288
1633 0.8212
1634 0.8152000000000001
1635 0.8104
1636 0.8031999999999999
1637 0.8012
1638 0.8000000000000002
1639 0.7996000000000001
1640 0.7976000000000002
1641 0.7956000000000002
1642 0.7988000000000004
1643 0.8044
1644 0.8123999999999999
1645 0.8204
1646 0.8248000000000002
1647 0.8380000000000001
1648 0.8548000000000003
1649 0.8731999999999998
1650 0.8856000000000003
1651 0.8884000000000004
1652 0.8776000000000002
1653 0.8651999999999999
1654 0.8555999999999999
1655 0.8448
1656 0.8336
1657 0.8272000000000002
1658 0.8240000000000001
1659 0.8160000000000001
1660 0.8116000000000002
1661 0.8088000000000002
1662 0.8072000000000001
1663 0.8028000000000002
1664 0.7980000000000002
1665 0.7968000000000001
1666 0.7992
1667 0.8024000000000001
1668 0.8132000000000003
1669 0.8188000000000002
1670 0.8308
1671 0.8376
1672 0.8552000000000001
1673 0.8747999999999999
1674 0.8800000000000003
1675 0.8732000000000001
1676 0.862
1677 0.8552000000000001
1678 0.8444000000000002
1679 0.8316000000000003
1680 0.8220000000000005
1681 0.8128000000000003
1682 0.8068000000000001
1683 0.8008000000000002
1684 0.7952000000000002
1685 0.7904000000000003
1686 0.7876000000000002
1687 0.7876000000000001
1688 0.7872000000000001
1689 0.7867999999999999
1690 0.7908
1691 0.7952000000000001
1692 0.8036000000000001
1693 0.8132
1694 0.8240000000000003
1695 0.8427999999999999
1696 0.8575999999999999
1697 0.8720000000000002
1698 0.8756
1699 0.8768
1700 0.8756000000000002
1701 0.8691999999999999
1702 0.8571999999999997
1703 0.8524000000000003
1704 0.8416000000000001
1705 0.8340000000000001
1706 0.824
1707 0.8159999999999998
1708 0.8107999999999999
1709 0.8088
1710 0.8056
1711 0.8048000000000001
1712 0.8040000000000002
1713 0.8012000000000001
1714 0.804
1715 0.8076000000000001
1716 0.8172000000000003
1717 0.8296000000000002
1718 0.8355999999999999
1719 0.8459999999999998
1720 0.8584
1721 0.8779999999999998
1722 0.8816000000000005
1723 0.8784000000000003
1724 0.8760000000000001
1725 0.8700000000000001
1726 0.8624000000000003
1727 0.8543999999999999
1728 0.848
1729 0.8404
1730 0.8355999999999999
1731 0.8291999999999998
1732 0.8243999999999998
1733 0.8171999999999998
1734 0.8111999999999999
1735 0.8079999999999999
1736 0.8047999999999997
1737 0.8015999999999996
1738 0.8023999999999996
1739 0.8103999999999997
1740 0.8172
1741 0.8344000000000001
1742 0.8436000000000002
1743 0.8543999999999999
1744 0.8664000000000003
1745 0.8795999999999999
1746 0.8835999999999997
1747 0.8787999999999999
1748 0.8740000000000001
1749 0.8648000000000005
1750 0.8548000000000004
1751 0.8483999999999999
1752 0.8403999999999999
1753 0.8336
1754 0.8232000000000003
1755 0.8172000000000001
1756 0.8124000000000002
1757 0.806
1758 0.8024000000000001
1759 0.7968000000000002
1760 0.7960000000000003
1761 0.7976000000000002
1762 0.7960000000000003
1763 0.8004000000000001
1764 0.8103999999999999
1765 0.8184
1766 0.8223999999999999
1767 0.8220000000000002
1768 0.8392000000000003
1769 0.8627999999999999
1770 0.8732000000000001
1771 0.8716000000000003
1772 0.8652000000000001
1773 0.8515999999999999
1774 0.8400000000000003
1775 0.8292000000000003
1776 0.8192000000000002
1777 0.8148000000000001
1778 0.8096000000000002
1779 0.804
1780 0.8000000000000002
1781 0.7924000000000002
1782 0.7892000000000001
1783 0.7868000000000002
1784 0.7852000000000002
1785 0.7840000000000003
1786 0.7888000000000001
1787 0.7944000000000001
1788 0.8044
1789 0.8088
1790 0.8187999999999999
1791 0.8332
1792 0.8504
1793 0.8692
1794 0.8764
1795 0.8780000000000002
1796 0.8747999999999999
1797 0.8623999999999999
1798 0.8519999999999998
1799 0.8467999999999998
1800 0.8379999999999996
1801 0.8239999999999995
1802 0.8147999999999999
1803 0.8076000000000001
1804 0.7996
1805 0.7939999999999999
1806 0.7908
1807 0.7883999999999999
1808 0.7856000000000001
1809 0.7827999999999998
1810 0.7831999999999999
1811 0.7875999999999999
1812 0.7968000000000001
1813 0.8039999999999999
1814 0.8123999999999999
1815 0.8256000000000001
1816 0.8447999999999999
1817 0.8592
1818 0.8736
1819 0.8736000000000003
1820 0.8700000000000001
1821 0.8623999999999998
1822 0.8488
1823 0.8440000000000002
1824 0.8355999999999999
1825 0.8280000000000001
1826 0.8204
1827 0.8148000000000002
1828 0.8096000000000002
1829 0.8052000000000001
1830 0.8024000000000002
1831 0.7976000000000001
1832 0.7980000000000002
1833 0.7979999999999999
1834 0.8012
1835 0.8092000000000001
1836 0.8196000000000002
1837 0.8295999999999999
1838 0.8376
1839 0.8436
1840 0.8571999999999999
1841 0.8684000000000001
1842 0.8747999999999998
1843 0.8715999999999998
1844 0.8667999999999999
1845 0.8612000000000001
1846 0.8468000000000001
1847 0.8388000000000001
1848 0.8288000000000001
1849 0.8200000000000002
1850 0.8116000000000002
1851 0.8088000000000001
1852 0.8044000000000001
1853 0.8000000000000002
1854 0.796
1855 0.7940000000000002
1856 0.7916000000000003
1857 0.794
1858 0.7932000000000001
1859 0.7972000000000001
1860 0.8027999999999998
1861 0.812
1862 0.8208000000000001
1863 0.8328
1864 0.8512000000000002
1865 0.8708
1866 0.8775999999999996
1867 0.8752
1868 0.8644000000000003
1869 0.8548
1870 0.8464
1871 0.8344
1872 0.8267999999999998
1873 0.8203999999999999
1874 0.816
1875 0.8096
1876 0.8051999999999998
1877 0.7983999999999999
1878 0.7951999999999999
1879 0.7916
1880 0.7908
1881 0.7896
1882 0.7928000000000001
1883 0.7996000000000001
1884 0.8124000000000001
1885 0.8235999999999999
1886 0.8315999999999998
1887 0.8411999999999997
1888 0.8571999999999999
1889 0.8732000000000002
1890 0.8776000000000002
1891 0.882
1892 0.8739999999999999
1893 0.8615999999999999
1894 0.8504
1895 0.8423999999999999
1896 0.8327999999999999
1897 0.8224000000000001
1898 0.8123999999999999
1899 0.8039999999999998
1900 0.7975999999999998
1901 0.7915999999999999
1902 0.7852
1903 0.7844
1904 0.7812
1905 0.7804000000000001
1906 0.7840000000000003
1907 0.7904000000000001
1908 0.7991999999999999
1909 0.8040000000000002
1910 0.8128000000000002
1911 0.8272000000000002
1912 0.8427999999999998
1913 0.8615999999999998
1914 0.8731999999999996
1915 0.8747999999999996
1916 0.8675999999999996
1917 0.8559999999999997
1918 0.8491999999999998
1919 0.8371999999999999
1920 0.8276
1921 0.8183999999999999
1922 0.8052000000000001
1923 0.7951999999999999
1924 0.7848000000000002
1925 0.7816000000000001
1926 0.7824000000000001
1927 0.7784
1928 0.7752
1929 0.7744
1930 0.7763999999999999
1931 0.782
1932 0.7916000000000001
1933 0.7988
1934 0.8096
1935 0.8231999999999999
1936 0.838
1937 0.8640000000000002
1938 0.8756000000000003
1939 0.8760000000000001
1940 0.8652000000000002
1941 0.8584
1942 0.8520000000000002
1943 0.8408
1944 0.8308000000000001
1945 0.8248000000000002
1946 0.8180000000000001
1947 0.8132000000000003
1948 0.8064
1949 0.802
1950 0.7984000000000002
1951 0.7936000000000001
1952 0.7883999999999999
1953 0.7863999999999999
1954 0.7875999999999999
1955 0.7964000000000001
1956 0.806
1957 0.8175999999999998
1958 0.8248000000000001
1959 0.8320000000000002
1960 0.8500000000000003
1961 0.8708000000000002
1962 0.8784000000000003
1963 0.8728000000000006
1964 0.8620000000000002
1965 0.8528000000000001
1966 0.8456
1967 0.8360000000000001
1968 0.826
1969 0.8176000000000002
1970 0.8104
1971 0.8048000000000001
1972 0.7992
1973 0.7944
1974 0.792
1975 0.7880000000000001
1976 0.7871999999999999
1977 0.7839999999999998
1978 0.7888
1979 0.7920000000000001
1980 0.7976000000000001
1981 0.8108
1982 0.8247999999999996
1983 0.8371999999999999
1984 0.8516000000000002
1985 0.8683999999999998
1986 0.8840000000000002
1987 0.8796000000000003
1988 0.8708000000000002
1989 0.8588000000000002
1990 0.8480000000000003
1991 0.8344000000000003
1992 0.8280000000000003
1993 0.8220000000000002
1994 0.8128000000000002
1995 0.8068000000000001
1996 0.8012
1997 0.7964
1998 0.7931999999999999
1999 0.7908
