1 1.0
2 1.0
3 1.0
4 0.9992
5 0.9992
6 0.9979999999999998
7 0.99688
8 0.9963999999999998
9 0.996
10 0.996
11 0.9958400000000001
12 0.99544
13 0.99512
14 0.9948
15 0.9948
16 0.9948
17 0.9948
18 0.9948
19 0.9948
20 0.9948
21 0.9948
22 0.9948
23 0.9948
24 0.9948
25 0.9948
26 0.9948
27 0.9948
28 0.9948
29 0.9948
30 0.9948
31 0.9948
32 0.9948
33 0.9948
34 0.9948
35 0.9948
36 0.99456
37 0.99456
38 0.99456
39 0.99456
40 0.99456
41 0.99456
42 0.99456
43 0.99424
44 0.99424
45 0.99424
46 0.99424
47 0.99424
48 0.99424
49 0.99424
50 0.99424
51 0.99424
52 0.99424
53 0.99424
54 0.9938400000000001
55 0.9938400000000001
56 0.9934400000000001
57 0.9934400000000001
58 0.9934400000000001
59 0.9934400000000001
60 0.9934400000000001
61 0.9934400000000001
62 0.9934400000000001
63 0.9934400000000001
64 0.9934400000000001
65 0.9934400000000001
66 0.9934400000000001
67 0.9934400000000001
68 0.9934400000000001
69 0.9934400000000001
70 0.9934400000000001
71 0.9934400000000001
72 0.9934400000000001
73 0.99304
74 0.99304
75 0.99304
76 0.99304
77 0.99304
78 0.99304
79 0.99304
80 0.99304
81 0.99304
82 0.99304
83 0.99304
84 0.99304
85 0.99264
86 0.99264
87 0.99264
88 0.99264
89 0.99264
90 0.99264
91 0.99264
92 0.99264
93 0.99264
94 0.99264
95 0.99264
96 0.99264
97 0.99264
98 0.99264
99 0.99264
100 0.99264
101 0.99264
102 0.99264
103 0.99264
104 0.99264
105 0.99264
106 0.99264
107 0.99264
108 0.99264
109 0.99264
110 0.99264
111 0.99264
112 0.99264
113 0.99264
114 0.99264
115 0.99264
116 0.99264
117 0.99264
118 0.99232
119 0.99232
120 0.99232
121 0.99232
122 0.99232
123 0.99232
124 0.99232
125 0.99232
126 0.99232
127 0.99232
128 0.99232
129 0.99232
130 0.99232
131 0.99232
132 0.99232
133 0.99232
134 0.99232
135 0.99232
136 0.99232
137 0.99232
138 0.99232
139 0.99232
140 0.99232
141 0.99232
142 0.99232
143 0.99232
144 0.99232
145 0.99232
146 0.99232
147 0.99232
148 0.99232
149 0.99232
150 0.99232
151 0.99192
152 0.99192
153 0.99192
154 0.99192
155 0.99192
156 0.99192
157 0.99192
158 0.99192
159 0.99192
160 0.99192
161 0.99192
162 0.99192
163 0.99192
164 0.99192
165 0.99192
166 0.99192
167 0.99192
168 0.99192
169 0.99192
170 0.99192
171 0.99192
172 0.99192
173 0.99192
174 0.99192
175 0.99192
176 0.99192
177 0.99192
178 0.99192
179 0.99192
180 0.99192
181 0.99192
182 0.99192
183 0.99192
184 0.99192
185 0.99192
186 0.99192
187 0.99192
188 0.99192
189 0.9915999999999999
190 0.99128
191 0.99128
192 0.99128
193 0.99128
194 0.99128
195 0.99128
196 0.99128
197 0.99128
198 0.99128
199 0.99128
200 0.99128
201 0.99128
202 0.99128
203 0.9909600000000001
204 0.9909600000000001
205 0.9909600000000001
206 0.9909600000000001
207 0.9909600000000001
208 0.9909600000000001
209 0.9909600000000001
210 0.9909600000000001
211 0.9909600000000001
212 0.9909600000000001
213 0.9909600000000001
214 0.9909600000000001
215 0.9909600000000001
216 0.9909600000000001
217 0.9909600000000001
218 0.9909600000000001
219 0.9909600000000001
220 0.9909600000000001
221 0.9909600000000001
222 0.9909600000000001
223 0.9906400000000001
224 0.9906400000000001
225 0.9906400000000001
226 0.9906400000000001
227 0.9906400000000001
228 0.9906400000000001
229 0.9906400000000001
230 0.9906400000000001
231 0.9906400000000001
232 0.9906400000000001
233 0.9906400000000001
234 0.9906400000000001
235 0.9906400000000001
236 0.9906400000000001
237 0.9906400000000001
238 0.9906400000000001
239 0.9906400000000001
240 0.9906400000000001
241 0.9906400000000001
242 0.9906400000000001
243 0.9906400000000001
244 0.9906400000000001
245 0.9906400000000001
246 0.9906400000000001
247 0.9906400000000001
248 0.9906400000000001
249 0.9906400000000001
250 0.9906400000000001
251 0.9906400000000001
252 0.9906400000000001
253 0.9906400000000001
254 0.9906400000000001
255 0.9906400000000001
256 0.9906400000000001
257 0.9906400000000001
258 0.9906400000000001
259 0.9906400000000001
260 0.9906400000000001
261 0.9906400000000001
262 0.9906400000000001
263 0.9906400000000001
264 0.9906400000000001
265 0.9906400000000001
266 0.9906400000000001
267 0.9906400000000001
268 0.9906400000000001
269 0.9900000000000001
270 0.9900000000000001
271 0.9900000000000001
272 0.9900000000000001
273 0.9900000000000001
274 0.9900000000000001
275 0.9900000000000001
276 0.9900000000000001
277 0.9900000000000001
278 0.9900000000000001
279 0.9900000000000001
280 0.9900000000000001
281 0.9900000000000001
282 0.9900000000000001
283 0.9900000000000001
284 0.9900000000000001
285 0.9900000000000001
286 0.9900000000000001
287 0.9900000000000001
288 0.9896
289 0.9892800000000002
290 0.9892800000000002
291 0.9892800000000002
292 0.9892800000000002
293 0.9892800000000002
294 0.9892800000000002
295 0.9892800000000002
296 0.9892800000000002
297 0.9892800000000002
298 0.9892800000000002
299 0.9892800000000002
300 0.9892800000000002
301 0.9892800000000002
302 0.9892800000000002
303 0.9892800000000002
304 0.9892800000000002
305 0.9892800000000002
306 0.9892800000000002
307 0.9892800000000002
308 0.9888800000000001
309 0.9888800000000001
310 0.9888800000000001
311 0.9888800000000001
312 0.9888800000000001
313 0.9888800000000001
314 0.9888800000000001
315 0.9888800000000001
316 0.9888800000000001
317 0.9888800000000001
318 0.9888800000000001
319 0.9888800000000001
320 0.9888800000000001
321 0.9888800000000001
322 0.9888800000000001
323 0.9888800000000001
324 0.9888800000000001
325 0.9888800000000001
326 0.9888800000000001
327 0.9888800000000001
328 0.9888800000000001
329 0.9888800000000001
330 0.9888800000000001
331 0.9888800000000001
332 0.9888800000000001
333 0.9888800000000001
334 0.9888800000000001
335 0.9888800000000001
336 0.9888800000000001
337 0.9888800000000001
338 0.9888800000000001
339 0.9888800000000001
340 0.9888800000000001
341 0.9888800000000001
342 0.9888800000000001
343 0.9888800000000001
344 0.9888800000000001
345 0.9888800000000001
346 0.9888800000000001
347 0.9888800000000001
348 0.9888800000000001
349 0.9888800000000001
350 0.9888800000000001
351 0.9888800000000001
352 0.9888800000000001
353 0.9888800000000001
354 0.9888800000000001
355 0.9888800000000001
356 0.9888800000000001
357 0.98848
358 0.98848
359 0.98848
360 0.98848
361 0.98808
362 0.98808
363 0.98808
364 0.98808
365 0.98808
366 0.98808
367 0.98808
368 0.98808
369 0.98808
370 0.98808
371 0.98808
372 0.98808
373 0.98768
374 0.98768
375 0.98768
376 0.98768
377 0.98768
378 0.98768
379 0.98768
380 0.98768
381 0.98768
382 0.98768
383 0.98768
384 0.98768
385 0.98768
386 0.98768
387 0.98768
388 0.98768
389 0.98768
390 0.98768
391 0.98768
392 0.98768
393 0.98768
394 0.98768
395 0.98768
396 0.98768
397 0.98768
398 0.98768
399 0.98768
400 0.98768
401 0.98768
402 0.98768
403 0.98744
404 0.98744
405 0.98744
406 0.98744
407 0.98744
408 0.98744
409 0.98744
410 0.98744
411 0.98744
412 0.98744
413 0.98744
414 0.98744
415 0.98744
416 0.98744
417 0.98704
418 0.98704
419 0.9867200000000002
420 0.9867200000000002
421 0.9867200000000002
422 0.9867200000000002
423 0.9867200000000002
424 0.9867200000000002
425 0.9867200000000002
426 0.9867200000000002
427 0.9867200000000002
428 0.9867200000000002
429 0.9867200000000002
430 0.9867200000000002
431 0.9867200000000002
432 0.9867200000000002
433 0.9867200000000002
434 0.9867200000000002
435 0.9867200000000002
436 0.9867200000000002
437 0.9867200000000002
438 0.9867200000000002
439 0.9867200000000002
440 0.9867200000000002
441 0.9867200000000002
442 0.9867200000000002
443 0.9867200000000002
444 0.9867200000000002
445 0.9863200000000001
446 0.9863200000000001
447 0.9863200000000001
448 0.9863200000000001
449 0.9863200000000001
450 0.9863200000000001
451 0.9863200000000001
452 0.9863200000000001
453 0.9863200000000001
454 0.9863200000000001
455 0.9863200000000001
456 0.9863200000000001
457 0.9863200000000001
458 0.9863200000000001
459 0.9863200000000001
460 0.9863200000000001
461 0.9863200000000001
462 0.9863200000000001
463 0.9863200000000001
464 0.9863200000000001
465 0.9863200000000001
466 0.9863200000000001
467 0.9863200000000001
468 0.9863200000000001
469 0.9863200000000001
470 0.9860000000000001
471 0.9860000000000001
472 0.9860000000000001
473 0.9860000000000001
474 0.9860000000000001
475 0.9860000000000001
476 0.9856800000000001
477 0.9856800000000001
478 0.9856800000000001
479 0.9856800000000001
480 0.9856800000000001
481 0.9856800000000001
482 0.9856800000000001
483 0.9856800000000001
484 0.9856800000000001
485 0.9856800000000001
486 0.9856800000000001
487 0.9856800000000001
488 0.9856800000000001
489 0.98528
490 0.98528
491 0.98528
492 0.98528
493 0.98528
494 0.98528
495 0.98528
496 0.98528
497 0.98528
498 0.98528
499 0.98528
500 0.98528
501 0.98528
502 0.98528
503 0.98528
504 0.98528
505 0.98528
506 0.98528
507 0.98528
508 0.98528
509 0.9849600000000001
510 0.9849600000000001
511 0.9849600000000001
512 0.9849600000000001
513 0.9849600000000001
514 0.9849600000000001
515 0.9849600000000001
516 0.9849600000000001
517 0.98464
518 0.98464
519 0.98464
520 0.98464
521 0.98464
522 0.98464
523 0.98464
524 0.98464
525 0.98464
526 0.98464
527 0.98464
528 0.98464
529 0.98464
530 0.98464
531 0.98464
532 0.98464
533 0.98464
534 0.98432
535 0.98432
536 0.9839199999999999
537 0.9839199999999999
538 0.9831200000000001
539 0.9831200000000001
540 0.9831200000000001
541 0.9828800000000001
542 0.9828800000000001
543 0.9828800000000001
544 0.9828800000000001
545 0.9828800000000001
546 0.9828800000000001
547 0.9828800000000001
548 0.9828800000000001
549 0.9828800000000001
550 0.9828800000000001
551 0.9826400000000001
552 0.9826400000000001
553 0.9826400000000001
554 0.9826400000000001
555 0.9826400000000001
556 0.9826400000000001
557 0.9826400000000001
558 0.9826400000000001
559 0.9826400000000001
560 0.9826400000000001
561 0.9826400000000001
562 0.9826400000000001
563 0.9826400000000001
564 0.9826400000000001
565 0.9826400000000001
566 0.9826400000000001
567 0.9826400000000001
568 0.9826400000000001
569 0.9826400000000001
570 0.9826400000000001
571 0.9826400000000001
572 0.9826400000000001
573 0.9826400000000001
574 0.9826400000000001
575 0.9826400000000001
576 0.9826400000000001
577 0.9826400000000001
578 0.9826400000000001
579 0.9826400000000001
580 0.9826400000000001
581 0.9826400000000001
582 0.9826400000000001
583 0.9826400000000001
584 0.9826400000000001
585 0.9826400000000001
586 0.98232
587 0.98232
588 0.98232
589 0.9819200000000001
590 0.9819200000000001
591 0.9819200000000001
592 0.9815200000000001
593 0.9815200000000001
594 0.9815200000000001
595 0.9815200000000001
596 0.9815200000000001
597 0.9815200000000001
598 0.9815200000000001
599 0.9815200000000001
600 0.9815200000000001
601 0.9815200000000001
602 0.9815200000000001
603 0.9815200000000001
604 0.9815200000000001
605 0.9815200000000001
606 0.9815200000000001
607 0.9815200000000001
608 0.9815200000000001
609 0.9815200000000001
610 0.9815200000000001
611 0.9815200000000001
612 0.9815200000000001
613 0.9815200000000001
614 0.9815200000000001
615 0.9815200000000001
616 0.9812000000000001
617 0.9812000000000001
618 0.9808
619 0.9808
620 0.9808
621 0.9808
622 0.9808
623 0.9803999999999999
624 0.9803999999999999
625 0.9803999999999999
626 0.9803999999999999
627 0.9803999999999999
628 0.9803999999999999
629 0.9803999999999999
630 0.9803999999999999
631 0.9803999999999999
632 0.9803999999999999
633 0.9803999999999999
634 0.9803999999999999
635 0.9803999999999999
636 0.9803999999999999
637 0.9801599999999999
638 0.9801599999999999
639 0.9801599999999999
640 0.9801599999999999
641 0.9801599999999999
642 0.9801599999999999
643 0.9799199999999999
644 0.9799199999999999
645 0.9799199999999999
646 0.9799199999999999
647 0.9799199999999999
648 0.9799199999999999
649 0.9799199999999999
650 0.9799199999999999
651 0.9799199999999999
652 0.9799199999999999
653 0.9799199999999999
654 0.9799199999999999
655 0.97952
656 0.97952
657 0.97952
658 0.97952
659 0.9791200000000001
660 0.9791200000000001
661 0.9791200000000001
662 0.9788000000000001
663 0.9784800000000001
664 0.9784800000000001
665 0.9784800000000001
666 0.9780800000000001
667 0.9780800000000001
668 0.9780800000000001
669 0.9780800000000001
670 0.9776800000000001
671 0.9774400000000001
672 0.9770400000000001
673 0.9766400000000001
674 0.97296
675 0.97296
676 0.97296
677 0.97296
678 0.97296
679 0.97296
680 0.97296
681 0.97296
682 0.97296
683 0.97296
684 0.97296
685 0.97296
686 0.97296
687 0.97296
688 0.97296
689 0.97296
690 0.97296
691 0.97296
692 0.97296
693 0.97296
694 0.97296
695 0.97296
696 0.97296
697 0.97296
698 0.97296
699 0.97296
700 0.97296
701 0.97296
702 0.97296
703 0.97296
704 0.97296
705 0.97296
706 0.97296
707 0.97296
708 0.97296
709 0.97296
710 0.97296
711 0.97296
712 0.97296
713 0.97296
714 0.97296
715 0.97296
716 0.97296
717 0.97296
718 0.97296
719 0.97296
720 0.97296
721 0.97296
722 0.97296
723 0.97296
724 0.97296
725 0.97296
726 0.97296
727 0.97296
728 0.97296
729 0.97296
730 0.97296
731 0.97296
732 0.97296
733 0.97296
734 0.97296
735 0.97296
736 0.97296
737 0.97296
738 0.97296
739 0.97296
740 0.97296
741 0.97296
742 0.97296
743 0.97296
744 0.97296
745 0.97264
746 0.97264
747 0.97264
748 0.97264
749 0.97264
750 0.97264
751 0.97224
752 0.97224
753 0.97224
754 0.97224
755 0.97224
756 0.97224
757 0.97224
758 0.97224
759 0.97224
760 0.97224
761 0.97224
762 0.97224
763 0.97224
764 0.97224
765 0.97224
766 0.9719200000000001
767 0.9719200000000001
768 0.9719200000000001
769 0.9719200000000001
770 0.9719200000000001
771 0.9719200000000001
772 0.9719200000000001
773 0.9719200000000001
774 0.9719200000000001
775 0.9719200000000001
776 0.9719200000000001
777 0.9719200000000001
778 0.9719200000000001
779 0.9719200000000001
780 0.9719200000000001
781 0.9719200000000001
782 0.9719200000000001
783 0.9719200000000001
784 0.9719200000000001
785 0.9719200000000001
786 0.9719200000000001
787 0.9719200000000001
788 0.9719200000000001
789 0.9719200000000001
790 0.9719200000000001
791 0.9719200000000001
792 0.9719200000000001
793 0.9719200000000001
794 0.9719200000000001
795 0.9719200000000001
796 0.9719200000000001
797 0.9719200000000001
798 0.9719200000000001
799 0.9719200000000001
800 0.9719200000000001
801 0.9719200000000001
802 0.9719200000000001
803 0.9719200000000001
804 0.9719200000000001
805 0.9719200000000001
806 0.9719200000000001
807 0.9719200000000001
808 0.9719200000000001
809 0.9719200000000001
810 0.9719200000000001
811 0.9719200000000001
812 0.9719200000000001
813 0.97152
814 0.97152
815 0.97152
816 0.97152
817 0.97152
818 0.97152
819 0.97152
820 0.97152
821 0.97152
822 0.97152
823 0.97152
824 0.97152
825 0.97152
826 0.97152
827 0.97152
828 0.97152
829 0.97152
830 0.97152
831 0.97152
832 0.97152
833 0.97152
834 0.97152
835 0.97152
836 0.97152
837 0.97152
838 0.97152
839 0.97152
840 0.97152
841 0.97152
842 0.97152
843 0.97152
844 0.97152
845 0.97152
846 0.97152
847 0.97152
848 0.97152
849 0.97152
850 0.97152
851 0.97152
852 0.97152
853 0.9712000000000001
854 0.9712000000000001
855 0.9712000000000001
856 0.9712000000000001
857 0.9712000000000001
858 0.9712000000000001
859 0.9712000000000001
860 0.9712000000000001
861 0.9712000000000001
862 0.9712000000000001
863 0.9712000000000001
864 0.9712000000000001
865 0.9712000000000001
866 0.9712000000000001
867 0.97088
868 0.97088
869 0.97088
870 0.97088
871 0.97088
872 0.97088
873 0.97088
874 0.97088
875 0.97088
876 0.97088
877 0.97088
878 0.97088
879 0.97088
880 0.97088
881 0.9705600000000001
882 0.9705600000000001
883 0.9705600000000001
884 0.9705600000000001
885 0.9705600000000001
886 0.9705600000000001
887 0.9705600000000001
888 0.9705600000000001
889 0.9705600000000001
890 0.9705600000000001
891 0.9705600000000001
892 0.9705600000000001
893 0.9705600000000001
894 0.9705600000000001
895 0.9705600000000001
896 0.9705600000000001
897 0.9705600000000001
898 0.9705600000000001
899 0.9705600000000001
900 0.9705600000000001
901 0.9705600000000001
902 0.9705600000000001
903 0.9705600000000001
904 0.9705600000000001
905 0.9705600000000001
906 0.9705600000000001
907 0.9705600000000001
908 0.9705600000000001
909 0.9705600000000001
910 0.9705600000000001
911 0.9705600000000001
912 0.9705600000000001
913 0.9705600000000001
914 0.9705600000000001
915 0.9705600000000001
916 0.9705600000000001
917 0.9705600000000001
918 0.9705600000000001
919 0.9705600000000001
920 0.9705600000000001
921 0.9705600000000001
922 0.9701599999999999
923 0.9701599999999999
924 0.9701599999999999
925 0.9701599999999999
926 0.9701599999999999
927 0.9701599999999999
928 0.9701599999999999
929 0.9701599999999999
930 0.9701599999999999
931 0.9701599999999999
932 0.9701599999999999
933 0.9701599999999999
934 0.9701599999999999
935 0.9701599999999999
936 0.9701599999999999
937 0.9701599999999999
938 0.9701599999999999
939 0.9701599999999999
940 0.9701599999999999
941 0.9701599999999999
942 0.9701599999999999
943 0.9701599999999999
944 0.9701599999999999
945 0.9701599999999999
946 0.9701599999999999
947 0.9701599999999999
948 0.9701599999999999
949 0.9701599999999999
950 0.9701599999999999
951 0.9701599999999999
952 0.9701599999999999
953 0.9701599999999999
954 0.9701599999999999
955 0.9701599999999999
956 0.9701599999999999
957 0.9701599999999999
958 0.9701599999999999
959 0.9701599999999999
960 0.9701599999999999
961 0.9701599999999999
962 0.9701599999999999
963 0.9701599999999999
964 0.9701599999999999
965 0.9701599999999999
966 0.9701599999999999
967 0.9701599999999999
968 0.9701599999999999
969 0.9701599999999999
970 0.9701599999999999
971 0.9701599999999999
972 0.9701599999999999
973 0.9701599999999999
974 0.9701599999999999
975 0.9701599999999999
976 0.9701599999999999
977 0.9701599999999999
978 0.9701599999999999
979 0.9701599999999999
980 0.9701599999999999
981 0.9701599999999999
982 0.9701599999999999
983 0.9701599999999999
984 0.9701599999999999
985 0.9701599999999999
986 0.9701599999999999
987 0.9701599999999999
988 0.9701599999999999
989 0.9701599999999999
990 0.9701599999999999
991 0.9701599999999999
992 0.9701599999999999
993 0.9701599999999999
994 0.9701599999999999
995 0.9701599999999999
996 0.9698399999999999
997 0.9698399999999999
998 0.9698399999999999
999 0.9698399999999999
1000 0.9698399999999999
1001 0.9698399999999999
1002 0.9698399999999999
1003 0.9698399999999999
1004 0.9698399999999999
1005 0.9698399999999999
1006 0.9698399999999999
1007 0.9698399999999999
1008 0.9698399999999999
1009 0.9698399999999999
1010 0.9698399999999999
1011 0.9698399999999999
1012 0.9698399999999999
1013 0.9698399999999999
1014 0.9698399999999999
1015 0.9698399999999999
1016 0.9698399999999999
1017 0.9698399999999999
1018 0.9698399999999999
1019 0.9698399999999999
1020 0.9698399999999999
1021 0.9698399999999999
1022 0.9698399999999999
1023 0.9698399999999999
1024 0.9696799999999999
1025 0.9696799999999999
1026 0.9696799999999999
1027 0.9696799999999999
1028 0.9696799999999999
1029 0.9696799999999999
1030 0.9696799999999999
1031 0.9696799999999999
1032 0.9696799999999999
1033 0.9696799999999999
1034 0.9696799999999999
1035 0.9696799999999999
1036 0.9696799999999999
1037 0.9696799999999999
1038 0.9696799999999999
1039 0.9696799999999999
1040 0.9696799999999999
1041 0.9696799999999999
1042 0.9693600000000001
1043 0.9693600000000001
1044 0.9693600000000001
1045 0.9693600000000001
1046 0.9693600000000001
1047 0.9693600000000001
1048 0.9693600000000001
1049 0.9693600000000001
1050 0.9693600000000001
1051 0.9693600000000001
1052 0.9693600000000001
1053 0.96904
1054 0.96904
1055 0.96904
1056 0.96904
1057 0.9687199999999998
1058 0.9684799999999999
1059 0.9684799999999999
1060 0.9684799999999999
1061 0.9684799999999999
1062 0.9684799999999999
1063 0.9684799999999999
1064 0.9684799999999999
1065 0.9684799999999999
1066 0.9684799999999999
1067 0.9684799999999999
1068 0.9684799999999999
1069 0.9684799999999999
1070 0.9684799999999999
1071 0.9684799999999999
1072 0.9684799999999999
1073 0.9684799999999999
1074 0.9684799999999999
1075 0.9684799999999999
1076 0.9684799999999999
1077 0.9684799999999999
1078 0.9684799999999999
1079 0.9684799999999999
1080 0.9684799999999999
1081 0.9684799999999999
1082 0.9684799999999999
1083 0.9684799999999999
1084 0.96832
1085 0.96832
1086 0.96832
1087 0.96832
1088 0.96832
1089 0.96832
1090 0.96832
1091 0.96832
1092 0.96832
1093 0.96832
1094 0.96792
1095 0.96792
1096 0.9675999999999999
1097 0.9675999999999999
1098 0.9675999999999999
1099 0.9675999999999999
1100 0.9675999999999999
1101 0.9675999999999999
1102 0.9675999999999999
1103 0.9675999999999999
1104 0.9675999999999999
1105 0.9675999999999999
1106 0.9675999999999999
1107 0.9675999999999999
1108 0.9675999999999999
1109 0.9672799999999998
1110 0.9672799999999998
1111 0.9672799999999998
1112 0.9669599999999999
1113 0.9669599999999999
1114 0.96672
1115 0.96672
1116 0.9665599999999999
1117 0.9665599999999999
1118 0.9665599999999999
1119 0.96616
1120 0.9655999999999999
1121 0.9652
1122 0.9647999999999998
1123 0.9644799999999999
1124 0.9644799999999999
1125 0.9644799999999999
1126 0.9644799999999999
1127 0.9644799999999999
1128 0.9644799999999999
1129 0.9644799999999999
1130 0.9640799999999998
1131 0.96376
1132 0.96376
1133 0.96376
1134 0.96376
1135 0.96376
1136 0.96376
1137 0.96376
1138 0.96376
1139 0.96376
1140 0.96376
1141 0.96376
1142 0.96376
1143 0.96376
1144 0.96376
1145 0.96376
1146 0.96376
1147 0.9633599999999999
1148 0.9633599999999999
1149 0.9633599999999999
1150 0.9633599999999999
1151 0.9633599999999999
1152 0.9633599999999999
1153 0.9633599999999999
1154 0.9633599999999999
1155 0.9633599999999999
1156 0.9595199999999998
1157 0.9595199999999998
1158 0.9595199999999998
1159 0.9595199999999998
1160 0.9595199999999998
1161 0.9595199999999998
1162 0.9595199999999998
1163 0.9595199999999998
1164 0.95912
1165 0.95912
1166 0.95912
1167 0.95912
1168 0.95912
1169 0.95912
1170 0.95912
1171 0.95912
1172 0.95912
1173 0.95912
1174 0.95912
1175 0.95912
1176 0.95912
1177 0.95912
1178 0.95912
1179 0.95912
1180 0.95912
1181 0.95912
1182 0.95912
1183 0.95912
1184 0.95912
1185 0.95912
1186 0.95912
1187 0.95912
1188 0.95872
1189 0.95872
1190 0.95872
1191 0.95872
1192 0.95872
1193 0.95872
1194 0.95872
1195 0.95872
1196 0.95872
1197 0.95872
1198 0.95872
1199 0.95872
1200 0.95872
1201 0.95872
1202 0.95872
1203 0.95872
1204 0.95872
1205 0.9583199999999998
1206 0.9583199999999998
1207 0.9583199999999998
1208 0.9583199999999998
1209 0.9583199999999998
1210 0.9583199999999998
1211 0.9583199999999998
1212 0.9583199999999998
1213 0.9583199999999998
1214 0.9583199999999998
1215 0.9583199999999998
1216 0.9583199999999998
1217 0.9583199999999998
1218 0.9583199999999998
1219 0.9583199999999998
1220 0.9583199999999998
1221 0.9583199999999998
1222 0.9583199999999998
1223 0.9583199999999998
1224 0.9583199999999998
1225 0.9583199999999998
1226 0.9583199999999998
1227 0.9583199999999998
1228 0.9583199999999998
1229 0.9583199999999998
1230 0.9583199999999998
1231 0.9583199999999998
1232 0.9583199999999998
1233 0.9583199999999998
1234 0.9583199999999998
1235 0.9583199999999998
1236 0.9583199999999998
1237 0.9583199999999998
1238 0.9583199999999998
1239 0.9583199999999998
1240 0.9583199999999998
1241 0.9583199999999998
1242 0.9583199999999998
1243 0.9583199999999998
1244 0.9583199999999998
1245 0.9583199999999998
1246 0.9583199999999998
1247 0.9583199999999998
1248 0.9583199999999998
1249 0.9583199999999998
1250 0.9583199999999998
1251 0.9583199999999998
1252 0.9583199999999998
1253 0.9583199999999998
1254 0.9583199999999998
1255 0.9583199999999998
1256 0.9583199999999998
1257 0.9583199999999998
1258 0.9583199999999998
1259 0.9583199999999998
1260 0.9583199999999998
1261 0.9583199999999998
1262 0.9583199999999998
1263 0.9583199999999998
1264 0.9583199999999998
1265 0.9583199999999998
1266 0.9583199999999998
1267 0.9583199999999998
1268 0.9583199999999998
1269 0.9583199999999998
1270 0.9583199999999998
1271 0.9583199999999998
1272 0.9583199999999998
1273 0.9583199999999998
1274 0.9583199999999998
1275 0.9583199999999998
1276 0.9583199999999998
1277 0.9583199999999998
1278 0.9583199999999998
1279 0.9583199999999998
1280 0.9583199999999998
1281 0.9583199999999998
1282 0.9583199999999998
1283 0.9583199999999998
1284 0.9583199999999998
1285 0.9583199999999998
1286 0.9583199999999998
1287 0.9583199999999998
1288 0.9583199999999998
1289 0.9583199999999998
1290 0.9583199999999998
1291 0.9583199999999998
1292 0.9583199999999998
1293 0.9583199999999998
1294 0.9583199999999998
1295 0.9583199999999998
1296 0.9583199999999998
1297 0.9583199999999998
1298 0.9583199999999998
1299 0.9583199999999998
1300 0.9583199999999998
1301 0.9583199999999998
1302 0.9583199999999998
1303 0.9583199999999998
1304 0.9583199999999998
1305 0.9583199999999998
1306 0.9583199999999998
1307 0.9583199999999998
1308 0.9579199999999999
1309 0.9579199999999999
1310 0.9579199999999999
1311 0.9579199999999999
1312 0.9579199999999999
1313 0.9579199999999999
1314 0.9579199999999999
1315 0.9579199999999999
1316 0.9579199999999999
1317 0.9579199999999999
1318 0.9579199999999999
1319 0.9579199999999999
1320 0.9579199999999999
1321 0.9579199999999999
1322 0.9579199999999999
1323 0.9579199999999999
1324 0.9579199999999999
1325 0.9579199999999999
1326 0.9579199999999999
1327 0.9579199999999999
1328 0.9579199999999999
1329 0.9579199999999999
1330 0.9579199999999999
1331 0.9579199999999999
1332 0.9579199999999999
1333 0.9579199999999999
1334 0.9579199999999999
1335 0.9579199999999999
1336 0.9579199999999999
1337 0.9579199999999999
1338 0.9579199999999999
1339 0.9579199999999999
1340 0.9579199999999999
1341 0.9579199999999999
1342 0.9579199999999999
1343 0.9579199999999999
1344 0.9579199999999999
1345 0.9579199999999999
1346 0.9579199999999999
1347 0.9579199999999999
1348 0.9579199999999999
1349 0.9579199999999999
1350 0.9579199999999999
1351 0.9579199999999999
1352 0.9579199999999999
1353 0.9579199999999999
1354 0.9579199999999999
1355 0.9579199999999999
1356 0.9579199999999999
1357 0.9579199999999999
1358 0.9579199999999999
1359 0.9579199999999999
1360 0.9579199999999999
1361 0.9579199999999999
1362 0.9579199999999999
1363 0.9579199999999999
1364 0.9579199999999999
1365 0.9579199999999999
1366 0.9579199999999999
1367 0.9579199999999999
1368 0.9579199999999999
1369 0.9579199999999999
1370 0.9579199999999999
1371 0.9579199999999999
1372 0.9579199999999999
1373 0.9579199999999999
1374 0.9579199999999999
1375 0.9579199999999999
1376 0.9579199999999999
1377 0.9579199999999999
1378 0.9579199999999999
1379 0.9579199999999999
1380 0.9579199999999999
1381 0.9579199999999999
1382 0.9579199999999999
1383 0.9579199999999999
1384 0.9579199999999999
1385 0.9579199999999999
1386 0.9579199999999999
1387 0.9579199999999999
1388 0.9579199999999999
1389 0.9579199999999999
1390 0.9579199999999999
1391 0.9579199999999999
1392 0.9577599999999998
1393 0.9577599999999998
1394 0.9577599999999998
1395 0.9577599999999998
1396 0.9577599999999998
1397 0.9577599999999998
1398 0.9577599999999998
1399 0.9577599999999998
1400 0.9577599999999998
1401 0.9577599999999998
1402 0.9577599999999998
1403 0.9577599999999998
1404 0.9577599999999998
1405 0.9577599999999998
1406 0.9577599999999998
1407 0.9577599999999998
1408 0.9577599999999998
1409 0.9577599999999998
1410 0.9577599999999998
1411 0.9577599999999998
1412 0.9577599999999998
1413 0.9577599999999998
1414 0.9577599999999998
1415 0.9577599999999998
1416 0.9577599999999998
1417 0.9577599999999998
1418 0.9577599999999998
1419 0.9577599999999998
1420 0.9577599999999998
1421 0.9577599999999998
1422 0.9577599999999998
1423 0.9577599999999998
1424 0.9577599999999998
1425 0.9577599999999998
1426 0.9577599999999998
1427 0.9577599999999998
1428 0.9577599999999998
1429 0.9577599999999998
1430 0.9577599999999998
1431 0.9577599999999998
1432 0.9577599999999998
1433 0.9577599999999998
1434 0.9577599999999998
1435 0.9577599999999998
1436 0.9577599999999998
1437 0.9577599999999998
1438 0.9577599999999998
1439 0.9577599999999998
1440 0.9577599999999998
1441 0.9577599999999998
1442 0.9577599999999998
1443 0.9577599999999998
1444 0.9577599999999998
1445 0.9577599999999998
1446 0.9577599999999998
1447 0.9577599999999998
1448 0.9577599999999998
1449 0.9577599999999998
1450 0.9577599999999998
1451 0.9577599999999998
1452 0.9577599999999998
1453 0.9577599999999998
1454 0.9577599999999998
1455 0.9577599999999998
1456 0.9577599999999998
1457 0.9577599999999998
1458 0.9577599999999998
1459 0.9577599999999998
1460 0.9577599999999998
1461 0.9577599999999998
1462 0.9577599999999998
1463 0.9577599999999998
1464 0.9577599999999998
1465 0.9577599999999998
1466 0.9577599999999998
1467 0.9577599999999998
1468 0.9577599999999998
1469 0.9577599999999998
1470 0.9577599999999998
1471 0.9577599999999998
1472 0.9577599999999998
1473 0.9577599999999998
1474 0.9577599999999998
1475 0.9577599999999998
1476 0.9577599999999998
1477 0.9577599999999998
1478 0.9577599999999998
1479 0.9577599999999998
1480 0.9577599999999998
1481 0.9577599999999998
1482 0.9577599999999998
1483 0.9577599999999998
1484 0.9577599999999998
1485 0.9577599999999998
1486 0.9577599999999998
1487 0.9577599999999998
1488 0.9577599999999998
1489 0.9577599999999998
1490 0.9577599999999998
1491 0.9577599999999998
1492 0.9577599999999998
1493 0.9577599999999998
1494 0.9577599999999998
1495 0.9577599999999998
1496 0.9577599999999998
1497 0.9577599999999998
1498 0.9577599999999998
1499 0.9577599999999998
1500 0.9577599999999998
1501 0.9577599999999998
1502 0.9577599999999998
1503 0.9577599999999998
1504 0.9577599999999998
1505 0.9577599999999998
1506 0.9577599999999998
1507 0.9577599999999998
1508 0.9577599999999998
1509 0.9577599999999998
1510 0.9577599999999998
1511 0.9577599999999998
1512 0.9577599999999998
1513 0.9577599999999998
1514 0.9577599999999998
1515 0.9577599999999998
1516 0.9577599999999998
1517 0.9577599999999998
1518 0.9577599999999998
1519 0.9577599999999998
1520 0.9577599999999998
1521 0.9577599999999998
1522 0.9577599999999998
1523 0.9577599999999998
1524 0.9577599999999998
1525 0.9577599999999998
1526 0.9577599999999998
1527 0.9577599999999998
1528 0.9577599999999998
1529 0.9577599999999998
1530 0.9577599999999998
1531 0.9577599999999998
1532 0.9577599999999998
1533 0.9574399999999998
1534 0.9574399999999998
1535 0.9574399999999998
1536 0.9574399999999998
1537 0.9574399999999998
1538 0.9574399999999998
1539 0.9574399999999998
1540 0.9571199999999997
1541 0.9571199999999997
1542 0.9571199999999997
1543 0.9571199999999997
1544 0.9571199999999997
1545 0.9571199999999997
1546 0.9571199999999997
1547 0.9571199999999997
1548 0.9571199999999997
1549 0.9571199999999997
1550 0.9571199999999997
1551 0.9571199999999997
1552 0.9571199999999997
1553 0.9571199999999997
1554 0.9571199999999997
1555 0.9571199999999997
1556 0.9571199999999997
1557 0.9571199999999997
1558 0.9571199999999997
1559 0.9571199999999997
1560 0.9571199999999997
1561 0.9571199999999997
1562 0.9571199999999997
1563 0.9571199999999997
1564 0.9571199999999997
1565 0.9571199999999997
1566 0.9571199999999997
1567 0.9571199999999997
1568 0.9571199999999997
1569 0.9571199999999997
1570 0.9571199999999997
1571 0.9571199999999997
1572 0.9571199999999997
1573 0.9571199999999997
1574 0.9571199999999997
1575 0.9571199999999997
1576 0.9571199999999997
1577 0.9571199999999997
1578 0.9571199999999997
1579 0.9571199999999997
1580 0.9571199999999997
1581 0.9571199999999997
1582 0.9571199999999997
1583 0.9571199999999997
1584 0.9571199999999997
1585 0.9571199999999997
1586 0.9571199999999997
1587 0.9571199999999997
1588 0.9571199999999997
1589 0.9571199999999997
1590 0.9567999999999998
1591 0.9567999999999998
1592 0.9567999999999998
1593 0.9567999999999998
1594 0.9567999999999998
1595 0.9567999999999998
1596 0.9567999999999998
1597 0.9567999999999998
1598 0.9567999999999998
1599 0.9567999999999998
1600 0.9567999999999998
1601 0.9567999999999998
1602 0.9567999999999998
1603 0.9567999999999998
1604 0.9567999999999998
1605 0.9563999999999999
1606 0.9563999999999999
1607 0.9563999999999999
1608 0.9563999999999999
1609 0.9563999999999999
1610 0.9563999999999999
1611 0.9563999999999999
1612 0.9563999999999999
1613 0.9563999999999999
1614 0.9563999999999999
1615 0.9563999999999999
1616 0.9563999999999999
1617 0.9563999999999999
1618 0.9563999999999999
1619 0.9563999999999999
1620 0.9563999999999999
1621 0.9563999999999999
1622 0.9563999999999999
1623 0.9563999999999999
1624 0.9563999999999999
1625 0.9560799999999997
1626 0.9560799999999997
1627 0.9560799999999997
1628 0.9560799999999997
1629 0.9560799999999997
1630 0.9560799999999997
1631 0.9560799999999997
1632 0.9560799999999997
1633 0.9560799999999997
1634 0.9560799999999997
1635 0.9560799999999997
1636 0.9560799999999997
1637 0.9560799999999997
1638 0.9560799999999997
1639 0.9560799999999997
1640 0.9560799999999997
1641 0.9560799999999997
1642 0.9560799999999997
1643 0.9560799999999997
1644 0.9560799999999997
1645 0.9560799999999997
1646 0.9560799999999997
1647 0.9560799999999997
1648 0.9560799999999997
1649 0.9560799999999997
1650 0.9560799999999997
1651 0.9560799999999997
1652 0.9560799999999997
1653 0.9560799999999997
1654 0.9560799999999997
1655 0.9560799999999997
1656 0.9560799999999997
1657 0.9560799999999997
1658 0.9560799999999997
1659 0.9560799999999997
1660 0.9560799999999997
1661 0.9560799999999997
1662 0.9560799999999997
1663 0.9560799999999997
1664 0.9560799999999997
1665 0.9560799999999997
1666 0.9560799999999997
1667 0.9560799999999997
1668 0.9560799999999997
1669 0.9558399999999998
1670 0.9558399999999998
1671 0.9558399999999998
1672 0.9558399999999998
1673 0.9558399999999998
1674 0.9558399999999998
1675 0.9558399999999998
1676 0.9558399999999998
1677 0.9558399999999998
1678 0.9558399999999998
1679 0.9558399999999998
1680 0.9558399999999998
1681 0.9558399999999998
1682 0.9558399999999998
1683 0.9558399999999998
1684 0.9558399999999998
1685 0.9558399999999998
1686 0.9558399999999998
1687 0.9558399999999998
1688 0.9558399999999998
1689 0.9554399999999998
1690 0.9554399999999998
1691 0.9554399999999998
1692 0.9554399999999998
1693 0.9554399999999998
1694 0.9554399999999998
1695 0.9554399999999998
1696 0.9554399999999998
1697 0.9554399999999998
1698 0.9554399999999998
1699 0.9554399999999998
1700 0.9554399999999998
1701 0.9554399999999998
1702 0.9554399999999998
1703 0.9554399999999998
1704 0.9554399999999998
1705 0.9554399999999998
1706 0.9554399999999998
1707 0.9554399999999998
1708 0.9554399999999998
1709 0.9554399999999998
1710 0.9554399999999998
1711 0.9554399999999998
1712 0.9551199999999999
1713 0.9551199999999999
1714 0.9551199999999999
1715 0.9548799999999998
1716 0.9548799999999998
1717 0.9547999999999999
1718 0.9547999999999999
1719 0.9547999999999999
1720 0.9547999999999999
1721 0.9547999999999999
1722 0.9547999999999999
1723 0.9547999999999999
1724 0.9547999999999999
1725 0.9547999999999999
1726 0.9547999999999999
1727 0.9547999999999999
1728 0.9547999999999999
1729 0.9547999999999999
1730 0.9547999999999999
1731 0.9547999999999999
1732 0.9547999999999999
1733 0.9547999999999999
1734 0.9547999999999999
1735 0.9547999999999999
1736 0.9547999999999999
1737 0.9547999999999999
1738 0.9547999999999999
1739 0.9547999999999999
1740 0.9547999999999999
1741 0.9547999999999999
1742 0.9547999999999999
1743 0.9547999999999999
1744 0.9547999999999999
1745 0.9543999999999998
1746 0.9543999999999998
1747 0.9543999999999998
1748 0.9543999999999998
1749 0.9543999999999998
1750 0.9543999999999998
1751 0.954
1752 0.954
1753 0.954
1754 0.9538399999999997
1755 0.9538399999999997
1756 0.9538399999999997
1757 0.9538399999999997
1758 0.9538399999999997
1759 0.9538399999999997
1760 0.9538399999999997
1761 0.9538399999999997
1762 0.9538399999999997
1763 0.9538399999999997
1764 0.9538399999999997
1765 0.9538399999999997
1766 0.9538399999999997
1767 0.9538399999999997
1768 0.9538399999999997
1769 0.9538399999999997
1770 0.9538399999999997
1771 0.9538399999999997
1772 0.9538399999999997
1773 0.9538399999999997
1774 0.9538399999999997
1775 0.9538399999999997
1776 0.9538399999999997
1777 0.9538399999999997
1778 0.9538399999999997
1779 0.9538399999999997
1780 0.9538399999999997
1781 0.9538399999999997
1782 0.9538399999999997
1783 0.9538399999999997
1784 0.9535199999999997
1785 0.9535199999999997
1786 0.9535199999999997
1787 0.9535199999999997
1788 0.9535199999999997
1789 0.9535199999999997
1790 0.9535199999999997
1791 0.9535199999999997
1792 0.9535199999999997
1793 0.9535199999999997
1794 0.9535199999999997
1795 0.9535199999999997
1796 0.9535199999999997
1797 0.9535199999999997
1798 0.9535199999999997
1799 0.9535199999999997
1800 0.9535199999999997
1801 0.9535199999999997
1802 0.9535199999999997
1803 0.9535199999999997
1804 0.9535199999999997
1805 0.9535199999999997
1806 0.9535199999999997
1807 0.9535199999999997
1808 0.9535199999999997
1809 0.9535199999999997
1810 0.9535199999999997
1811 0.9535199999999997
1812 0.9535199999999997
1813 0.9535199999999997
1814 0.9535199999999997
1815 0.9535199999999997
1816 0.9535199999999997
1817 0.9535199999999997
1818 0.9535199999999997
1819 0.9535199999999997
1820 0.9535199999999997
1821 0.9535199999999997
1822 0.9535199999999997
1823 0.9535199999999997
1824 0.9535199999999997
1825 0.9535199999999997
1826 0.9535199999999997
1827 0.9535199999999997
1828 0.9535199999999997
1829 0.9535199999999997
1830 0.9535199999999997
1831 0.9535199999999997
1832 0.9535199999999997
1833 0.9535199999999997
1834 0.95344
1835 0.95344
1836 0.95344
1837 0.95344
1838 0.95344
1839 0.95344
1840 0.95344
1841 0.95344
1842 0.95344
1843 0.95344
1844 0.95344
1845 0.95344
1846 0.95344
1847 0.95344
1848 0.95344
1849 0.95344
1850 0.95344
1851 0.95344
1852 0.95344
1853 0.95344
1854 0.95344
1855 0.95344
1856 0.95344
1857 0.95344
1858 0.95344
1859 0.95344
1860 0.95344
1861 0.95344
1862 0.95344
1863 0.9533599999999999
1864 0.9533599999999999
1865 0.9533599999999999
1866 0.9533599999999999
1867 0.9533599999999999
1868 0.9533599999999999
1869 0.9533599999999999
1870 0.9533599999999999
1871 0.9533599999999999
1872 0.9533599999999999
1873 0.9533599999999999
1874 0.9533599999999999
1875 0.9531199999999999
1876 0.9531199999999999
1877 0.9531199999999999
1878 0.9531199999999999
1879 0.9527199999999998
1880 0.9527199999999998
1881 0.9527199999999998
1882 0.9527199999999998
1883 0.9527199999999998
1884 0.9527199999999998
1885 0.9527199999999998
1886 0.9527199999999998
1887 0.9527199999999998
1888 0.9527199999999998
1889 0.9527199999999998
1890 0.9527199999999998
1891 0.9527199999999998
1892 0.9527199999999998
1893 0.9523999999999998
1894 0.9519999999999998
1895 0.9519999999999998
1896 0.9519999999999998
1897 0.9519999999999998
1898 0.9519999999999998
1899 0.9519999999999998
1900 0.9519999999999998
1901 0.9519999999999998
1902 0.9519999999999998
1903 0.9519999999999998
1904 0.9519999999999998
1905 0.9519999999999998
1906 0.9519999999999998
1907 0.9519999999999998
1908 0.9519999999999998
1909 0.9519999999999998
1910 0.9519999999999998
1911 0.9519999999999998
1912 0.9519999999999998
1913 0.9519999999999998
1914 0.9519999999999998
1915 0.9519999999999998
1916 0.95168
1917 0.95168
1918 0.95168
1919 0.95168
1920 0.95168
1921 0.95168
1922 0.95168
1923 0.95168
1924 0.95168
1925 0.95168
1926 0.95168
1927 0.95168
1928 0.95168
1929 0.95168
1930 0.95168
1931 0.95168
1932 0.95168
1933 0.95168
1934 0.95168
1935 0.95168
1936 0.95168
1937 0.95168
1938 0.95168
1939 0.95168
1940 0.95168
1941 0.95168
1942 0.95168
1943 0.95168
1944 0.95168
1945 0.95168
1946 0.95168
1947 0.95168
1948 0.95168
1949 0.95168
1950 0.95168
1951 0.95168
1952 0.95168
1953 0.95168
1954 0.95168
1955 0.95168
1956 0.95168
1957 0.95168
1958 0.95144
1959 0.95144
1960 0.95144
1961 0.95144
1962 0.95144
1963 0.95144
1964 0.95144
1965 0.95144
1966 0.9507200000000001
1967 0.9507200000000001
1968 0.9507200000000001
1969 0.9507200000000001
1970 0.9507200000000001
1971 0.9507200000000001
1972 0.9507200000000001
1973 0.9507200000000001
1974 0.9507200000000001
1975 0.9507200000000001
1976 0.9507200000000001
1977 0.9507200000000001
1978 0.9507200000000001
1979 0.9507200000000001
1980 0.9507200000000001
1981 0.9507200000000001
1982 0.9507200000000001
1983 0.9507200000000001
1984 0.9507200000000001
1985 0.9507200000000001
1986 0.9507200000000001
1987 0.9507200000000001
1988 0.9507200000000001
1989 0.9507200000000001
1990 0.9507200000000001
1991 0.9507200000000001
1992 0.9507200000000001
1993 0.9507200000000001
1994 0.9507200000000001
1995 0.9507200000000001
1996 0.9507200000000001
1997 0.9507200000000001
1998 0.9507200000000001
1999 0.9507200000000001
